
tpsa, NO = 8, NV = 7, INA = 48097
------------------------------------------------------------------

   |I|         a                i  i  i  i  i  i  i
                I                1  2  3  4  5  6  7

    3 -3.4588032886834159e-07   3  0  0  0  0  0  0
    3 -6.7014450066583366e-07   2  1  0  0  0  0  0
    3  6.7014450066583366e-07   1  2  0  0  0  0  0
    3  3.4588032886834159e-07   0  3  0  0  0  0  0
    3  4.0098216968875861e-07   1  0  2  0  0  0  0
    3 -1.9552321587800040e-07   0  1  2  0  0  0  0
    3 -4.3331942767124709e-07   1  0  1  1  0  0  0
    3  4.3331942767124709e-07   0  1  1  1  0  0  0
    3  1.9552321587800040e-07   1  0  0  2  0  0  0
    3 -4.0098216968875861e-07   0  1  0  2  0  0  0
    3 -4.7245395184134317e-07   2  0  0  0  1  0  0
    3  4.7245395184134317e-07   0  2  0  0  1  0  0
    3  1.7003774415230619e-07   0  0  2  0  1  0  0
    3 -1.7003774415230619e-07   0  0  0  2  1  0  0
    3  3.3429516452255096e-20   1  0  0  0  2  0  0
    3 -3.3429516452255096e-20   0  1  0  0  2  0  0
    4 -1.0572245266551497e-07   4  0  0  0  0  0  0
    4  1.5937907268256505e-07   3  1  0  0  0  0  0
    4 -1.5937907268256505e-07   1  3  0  0  0  0  0
    4  1.0572245266551497e-07   0  4  0  0  0  0  0
    4 -1.8419375516223818e-08   2  0  2  0  0  0  0
    4 -1.5759058347052328e-07   1  1  2  0  0  0  0
    4  1.5829933544749320e-07   0  2  2  0  0  0  0
    4  3.7633674053610489e-08   0  0  4  0  0  0  0
    4 -1.7810425229386019e-07   2  0  1  1  0  0  0
    4  1.7810425229386019e-07   0  2  1  1  0  0  0
    4 -1.2663110745562202e-07   0  0  3  1  0  0  0
    4 -1.5829933544749320e-07   2  0  0  2  0  0  0
    4  1.5759058347052328e-07   1  1  0  2  0  0  0
    4  1.8419375516223818e-08   0  2  0  2  0  0  0
    4  1.2663110745562202e-07   0  0  1  3  0  0  0
    4 -3.7633674053610489e-08   0  0  0  4  0  0  0
    4  3.7616993375229593e-08   3  0  0  0  1  0  0
    4 -2.2533729700831833e-07   2  1  0  0  1  0  0
    4  2.2533729700831833e-07   1  2  0  0  1  0  0
    4 -3.7616993375229593e-08   0  3  0  0  1  0  0
    4 -1.8534453831378486e-08   1  0  2  0  1  0  0
    4  1.8197142330938403e-07   0  1  2  0  1  0  0
    4 -3.1490779387145714e-07   1  0  1  1  1  0  0
    4  3.1490779387145714e-07   0  1  1  1  1  0  0
    4 -1.8197142330938403e-07   1  0  0  2  1  0  0
    4  1.8534453831378486e-08   0  1  0  2  1  0  0
    4 -2.3641264519799458e-07   2  0  0  0  2  0  0
    4  2.3641264519799458e-07   0  2  0  0  2  0  0
    4  2.7193227472946850e-07   0  0  2  0  2  0  0
    4 -2.7193227472946850e-07   0  0  0  2  2  0  0
    4 -2.3645022257513066e-20   1  0  0  0  3  0  0
    4  2.3645022257513066e-20   0  1  0  0  3  0  0
    5  5.1951188228755581e-08   5  0  0  0  0  0  0
    5  2.0124854536814353e-08   4  1  0  0  0  0  0
    5  6.0657320451881894e-08   3  2  0  0  0  0  0
    5 -6.0657320451881894e-08   2  3  0  0  0  0  0
    5 -2.0124854536814353e-08   1  4  0  0  0  0  0
    5 -5.1951188228755581e-08   0  5  0  0  0  0  0
    5  2.5296560102238389e-08   3  0  2  0  0  0  0
    5 -4.3715482307518520e-08   2  1  2  0  0  0  0
    5 -2.4991870033189371e-07   1  2  2  0  0  0  0
    5  2.3227776070516409e-09   0  3  2  0  0  0  0
    5  1.2883486577403689e-08   1  0  4  0  0  0  0
    5 -5.9327674823049708e-08   0  1  4  0  0  0  0
    5  5.6869356466170894e-08   3  0  1  1  0  0  0
    5  1.2955999928991765e-07   2  1  1  1  0  0  0
    5 -1.2955999928991765e-07   1  2  1  1  0  0  0
    5 -5.6869356466170894e-08   0  3  1  1  0  0  0
    5 -3.0552250000815681e-08   1  0  3  1  0  0  0
    5 -5.5711577861160971e-08   0  1  3  1  0  0  0
    5 -2.3227776070516409e-09   3  0  0  2  0  0  0
    5  2.4991870033189371e-07   2  1  0  2  0  0  0
    5  4.3715482307518520e-08   1  2  0  2  0  0  0
    5 -2.5296560102238389e-08   0  3  0  2  0  0  0
    5  1.3966494090225441e-07   1  0  2  2  0  0  0
    5 -1.3966494090225441e-07   0  1  2  2  0  0  0
    5  5.5711577861160971e-08   1  0  1  3  0  0  0
    5  3.0552250000815681e-08   0  1  1  3  0  0  0
    5  5.9327674823049708e-08   1  0  0  4  0  0  0
    5 -1.2883486577403689e-08   0  1  0  4  0  0  0
    5 -4.5127664349224092e-08   4  0  0  0  1  0  0
    5  1.4098964445076382e-08   3  1  0  0  1  0  0
    5 -1.4098964445076382e-08   1  3  0  0  1  0  0
    5  4.5127664349224092e-08   0  4  0  0  1  0  0
    5 -1.5417688285881878e-08   2  0  2  0  1  0  0
    5 -9.1222758769493041e-08   1  1  2  0  1  0  0
    5  1.1654806279020270e-08   0  2  2  0  1  0  0
    5 -1.1910977763542452e-08   0  0  4  0  1  0  0
    5  1.3932145700534409e-07   2  0  1  1  1  0  0
    5 -1.3932145700534409e-07   0  2  1  1  1  0  0
    5 -1.0409634165124214e-08   0  0  3  1  1  0  0
    5 -1.1654806279020270e-08   2  0  0  2  1  0  0
    5  9.1222758769493041e-08   1  1  0  2  1  0  0
    5  1.5417688285881878e-08   0  2  0  2  1  0  0
    5  1.0409634165124214e-08   0  0  1  3  1  0  0
    5  1.1910977763542452e-08   0  0  0  4  1  0  0
    5  1.6403513432019724e-08   3  0  0  0  2  0  0
    5 -4.1149278044857432e-08   2  1  0  0  2  0  0
    5  4.1149278044857432e-08   1  2  0  0  2  0  0
    5 -1.6403513432019724e-08   0  3  0  0  2  0  0
    5 -2.7068568961324092e-08   1  0  2  0  2  0  0
    5  1.2821861995068991e-07   0  1  2  0  2  0  0
    5 -9.8492218614381878e-08   1  0  1  1  2  0  0
    5  9.8492218614381878e-08   0  1  1  1  2  0  0
    5 -1.2821861995068991e-07   1  0  0  2  2  0  0
    5  2.7068568961324092e-08   0  1  0  2  2  0  0
    5  1.7741201283054202e-08   2  0  0  0  3  0  0
    5 -1.7741201283054202e-08   0  2  0  0  3  0  0
    5 -5.6752329241177425e-08   0  0  2  0  3  0  0
    5  5.6752329241177425e-08   0  0  0  2  3  0  0
    5 -5.0118187162285112e-21   1  0  0  0  4  0  0
    5  5.0118187162285112e-21   0  1  0  0  4  0  0
    6 -2.8233717566700338e-09   6  0  0  0  0  0  0
    6  4.3913361708823187e-08   5  1  0  0  0  0  0
    6  2.9973893433511656e-09   4  2  0  0  0  0  0
    6 -2.9973893433511656e-09   2  4  0  0  0  0  0
    6 -4.3913361708823187e-08   1  5  0  0  0  0  0
    6  2.8233717566700338e-09   0  6  0  0  0  0  0
    6 -4.7995477597300513e-08   4  0  2  0  0  0  0
    6  1.6255763787789991e-08   3  1  2  0  0  0  0
    6 -8.7661904415003081e-09   2  2  2  0  0  0  0
    6  7.0349978373336446e-09   1  3  2  0  0  0  0
    6  3.7810981667990919e-09   0  4  2  0  0  0  0
    6  1.2982596613800789e-08   2  0  4  0  0  0  0
    6  3.4265168730062670e-08   1  1  4  0  0  0  0
    6  2.1718274516299504e-08   0  2  4  0  0  0  0
    6  6.0550403706945319e-09   0  0  6  0  0  0  0
    6 -3.7240451430355367e-08   4  0  1  1  0  0  0
    6 -1.6241096822302695e-07   3  1  1  1  0  0  0
    6  1.6241096822302695e-07   1  3  1  1  0  0  0
    6  3.7240451430355367e-08   0  4  1  1  0  0  0
    6  1.3890804023080532e-08   2  0  3  1  0  0  0
    6  9.3946589669796854e-08   1  1  3  1  0  0  0
    6  9.7438981494321811e-09   0  2  3  1  0  0  0
    6  2.4641948205701457e-09   0  0  5  1  0  0  0
    6 -3.7810981667990919e-09   4  0  0  2  0  0  0
    6 -7.0349978373336446e-09   3  1  0  2  0  0  0
    6  8.7661904415003081e-09   2  2  0  2  0  0  0
    6 -1.6255763787789991e-08   1  3  0  2  0  0  0
    6  4.7995477597300513e-08   0  4  0  2  0  0  0
    6 -6.4281578067268125e-08   2  0  2  2  0  0  0
    6  6.4281578067268125e-08   0  2  2  2  0  0  0
    6 -1.6755630810079258e-09   0  0  4  2  0  0  0
    6 -9.7438981494321811e-09   2  0  1  3  0  0  0
    6 -9.3946589669796854e-08   1  1  1  3  0  0  0
    6 -1.3890804023080532e-08   0  2  1  3  0  0  0
    6 -2.1718274516299504e-08   2  0  0  4  0  0  0
    6 -3.4265168730062670e-08   1  1  0  4  0  0  0
    6 -1.2982596613800789e-08   0  2  0  4  0  0  0
    6  1.6755630810079258e-09   0  0  2  4  0  0  0
    6 -2.4641948205701457e-09   0  0  1  5  0  0  0
    6 -6.0550403706945319e-09   0  0  0  6  0  0  0
    6  8.5299593364799338e-08   5  0  0  0  1  0  0
    6 -3.1933343013000757e-08   4  1  0  0  1  0  0
    6  8.6595052386595173e-08   3  2  0  0  1  0  0
    6 -8.6595052386595173e-08   2  3  0  0  1  0  0
    6  3.1933343013000757e-08   1  4  0  0  1  0  0
    6 -8.5299593364799338e-08   0  5  0  0  1  0  0
    6 -1.9716267515882351e-09   3  0  2  0  1  0  0
    6  1.4192861264805156e-07   2  1  2  0  1  0  0
    6 -8.5104635355260540e-08   1  2  2  0  1  0  0
    6 -1.0601532799507007e-08   0  3  2  0  1  0  0
    6  1.0018439647590171e-08   1  0  4  0  1  0  0
    6 -1.7570294386840072e-08   0  1  4  0  1  0  0
    6 -1.8025058566259766e-08   3  0  1  1  1  0  0
    6 -1.6667633918770797e-07   2  1  1  1  1  0  0
    6  1.6667633918770797e-07   1  2  1  1  1  0  0
    6  1.8025058566259766e-08   0  3  1  1  1  0  0
    6  4.1187962653003519e-08   1  0  3  1  1  0  0
    6 -4.9027655007207364e-08   0  1  3  1  1  0  0
    6  1.0601532799507007e-08   3  0  0  2  1  0  0
    6  8.5104635355260540e-08   2  1  0  2  1  0  0
    6 -1.4192861264805156e-07   1  2  0  2  1  0  0
    6  1.9716267515882351e-09   0  3  0  2  1  0  0
    6  4.5229889916273755e-09   1  0  2  2  1  0  0
    6 -4.5229889916273755e-09   0  1  2  2  1  0  0
    6  4.9027655007207364e-08   1  0  1  3  1  0  0
    6 -4.1187962653003519e-08   0  1  1  3  1  0  0
    6  1.7570294386840072e-08   1  0  0  4  1  0  0
    6 -1.0018439647590171e-08   0  1  0  4  1  0  0
    6  6.7791188120220890e-08   4  0  0  0  2  0  0
    6 -4.7499257624471090e-08   3  1  0  0  2  0  0
    6  4.7499257624471090e-08   1  3  0  0  2  0  0
    6 -6.7791188120220890e-08   0  4  0  0  2  0  0
    6 -1.0280464178888199e-08   2  0  2  0  2  0  0
    6  2.3965807909970095e-08   1  1  2  0  2  0  0
    6 -1.0036477399587604e-08   0  2  2  0  2  0  0
    6 -8.6978485945497558e-09   0  0  4  0  2  0  0
    6  6.5163725449034475e-08   2  0  1  1  2  0  0
    6 -6.5163725449034475e-08   0  2  1  1  2  0  0
    6  1.9532112311629276e-08   0  0  3  1  2  0  0
    6  1.0036477399587604e-08   2  0  0  2  2  0  0
    6 -2.3965807909970095e-08   1  1  0  2  2  0  0
    6  1.0280464178888199e-08   0  2  0  2  2  0  0
    6 -1.9532112311629276e-08   0  0  1  3  2  0  0
    6  8.6978485945497558e-09   0  0  0  4  2  0  0
    6 -4.8156080823176248e-08   3  0  0  0  3  0  0
    6  2.0733613473688897e-07   2  1  0  0  3  0  0
    6 -2.0733613473688897e-07   1  2  0  0  3  0  0
    6  4.8156080823176248e-08   0  3  0  0  3  0  0
    6  5.0014562849389242e-08   1  0  2  0  3  0  0
    6  4.4986927940392063e-08   0  1  2  0  3  0  0
    6 -3.6917148475215705e-08   1  0  1  1  3  0  0
    6  3.6917148475215705e-08   0  1  1  1  3  0  0
    6 -4.4986927940392063e-08   1  0  0  2  3  0  0
    6 -5.0014562849389242e-08   0  1  0  2  3  0  0
    6 -1.3445565551178067e-08   2  0  0  0  4  0  0
    6  1.3445565551178067e-08   0  2  0  0  4  0  0
    6 -1.6081298976486286e-09   0  0  2  0  4  0  0
    6  1.6081298976486286e-09   0  0  0  2  4  0  0
    6  6.2826967282433693e-21   1  0  0  0  5  0  0
    6 -6.2826967282433693e-21   0  1  0  0  5  0  0
    7 -5.9794491783085974e-09   7  0  0  0  0  0  0
    7  2.8808954187452092e-08   6  1  0  0  0  0  0
    7 -3.9430155275532333e-09   5  2  0  0  0  0  0
    7  2.0226227856960969e-08   4  3  0  0  0  0  0
    7 -2.0226227856960969e-08   3  4  0  0  0  0  0
    7  3.9430155275532333e-09   2  5  0  0  0  0  0
    7 -2.8808954187452092e-08   1  6  0  0  0  0  0
    7  5.9794491783085974e-09   0  7  0  0  0  0  0
    7 -3.3942870366219333e-08   5  0  2  0  0  0  0
    7  1.2993946719498674e-08   4  1  2  0  0  0  0
    7 -1.3334935692866279e-07   3  2  2  0  0  0  0
    7 -5.5671399541211742e-08   2  3  2  0  0  0  0
    7  1.4237265447511215e-08   1  4  2  0  0  0  0
    7 -9.4589410941560202e-09   0  5  2  0  0  0  0
    7 -7.9962927134462575e-09   3  0  4  0  0  0  0
    7 -7.7160381602774321e-09   2  1  4  0  0  0  0
    7  2.4710014930797827e-08   1  2  4  0  0  0  0
    7  1.5591823696248289e-09   0  3  4  0  0  0  0
    7  2.2183430054183595e-10   1  0  6  0  0  0  0
    7 -1.6698018774646218e-09   0  1  6  0  0  0  0
    7 -3.4721056252223318e-08   5  0  1  1  0  0  0
    7  5.9657408900114808e-08   4  1  1  1  0  0  0
    7 -1.1680552377754036e-07   3  2  1  1  0  0  0
    7  1.1680552377754036e-07   2  3  1  1  0  0  0
    7 -5.9657408900114808e-08   1  4  1  1  0  0  0
    7  3.4721056252223318e-08   0  5  1  1  0  0  0
    7 -5.4456068521935134e-09   3  0  3  1  0  0  0
    7 -1.4818454830325831e-07   2  1  3  1  0  0  0
    7  7.0143275156904409e-08   1  2  3  1  0  0  0
    7 -1.8240390657614769e-09   0  3  3  1  0  0  0
    7 -3.6916492712613677e-10   1  0  5  1  0  0  0
    7 -3.6791497949967410e-10   0  1  5  1  0  0  0
    7  9.4589410941560202e-09   5  0  0  2  0  0  0
    7 -1.4237265447511215e-08   4  1  0  2  0  0  0
    7  5.5671399541211742e-08   3  2  0  2  0  0  0
    7  1.3334935692866279e-07   2  3  0  2  0  0  0
    7 -1.2993946719498674e-08   1  4  0  2  0  0  0
    7  3.3942870366219333e-08   0  5  0  2  0  0  0
    7 -1.9612737944516921e-08   3  0  2  2  0  0  0
    7  1.0363517755303322e-07   2  1  2  2  0  0  0
    7 -1.0363517755303322e-07   1  2  2  2  0  0  0
    7  1.9612737944516921e-08   0  3  2  2  0  0  0
    7 -1.9415853627903760e-08   1  0  4  2  0  0  0
    7  1.0977725385749897e-08   0  1  4  2  0  0  0
    7  1.8240390657614769e-09   3  0  1  3  0  0  0
    7 -7.0143275156904409e-08   2  1  1  3  0  0  0
    7  1.4818454830325831e-07   1  2  1  3  0  0  0
    7  5.4456068521935134e-09   0  3  1  3  0  0  0
    7  1.1700755268389498e-08   1  0  3  3  0  0  0
    7 -1.1700755268389498e-08   0  1  3  3  0  0  0
    7 -1.5591823696248289e-09   3  0  0  4  0  0  0
    7 -2.4710014930797827e-08   2  1  0  4  0  0  0
    7  7.7160381602774321e-09   1  2  0  4  0  0  0
    7  7.9962927134462575e-09   0  3  0  4  0  0  0
    7 -1.0977725385749897e-08   1  0  2  4  0  0  0
    7  1.9415853627903760e-08   0  1  2  4  0  0  0
    7  3.6791497949967410e-10   1  0  1  5  0  0  0
    7  3.6916492712613677e-10   0  1  1  5  0  0  0
    7  1.6698018774646218e-09   1  0  0  6  0  0  0
    7 -2.2183430054183595e-10   0  1  0  6  0  0  0
    7 -3.0243053356429976e-09   6  0  0  0  1  0  0
    7  3.3728791048945633e-08   5  1  0  0  1  0  0
    7  1.6149833919882001e-08   4  2  0  0  1  0  0
    7 -1.6149833919882001e-08   2  4  0  0  1  0  0
    7 -3.3728791048945633e-08   1  5  0  0  1  0  0
    7  3.0243053356429976e-09   0  6  0  0  1  0  0
    7 -1.4911822866995536e-08   4  0  2  0  1  0  0
    7  3.1043758735471381e-08   3  1  2  0  1  0  0
    7 -1.0631210910758533e-08   2  2  2  0  1  0  0
    7  2.7764126450269222e-08   1  3  2  0  1  0  0
    7  1.1258990639888933e-08   0  4  2  0  1  0  0
    7 -5.3023830992219843e-09   2  0  4  0  1  0  0
    7  7.0254517545876207e-09   1  1  4  0  1  0  0
    7  1.3812946455818860e-08   0  2  4  0  1  0  0
    7  7.1346046539119898e-10   0  0  6  0  1  0  0
    7 -3.0290218334200547e-08   4  0  1  1  1  0  0
    7 -5.7185920313283453e-09   3  1  1  1  1  0  0
    7  5.7185920313283453e-09   1  3  1  1  1  0  0
    7  3.0290218334200547e-08   0  4  1  1  1  0  0
    7 -2.7178918489280974e-09   2  0  3  1  1  0  0
    7 -4.2520063511985647e-08   1  1  3  1  1  0  0
    7  3.2314613992625630e-08   0  2  3  1  1  0  0
    7  3.9233018664108027e-09   0  0  5  1  1  0  0
    7 -1.1258990639888933e-08   4  0  0  2  1  0  0
    7 -2.7764126450269222e-08   3  1  0  2  1  0  0
    7  1.0631210910758533e-08   2  2  0  2  1  0  0
    7 -3.1043758735471381e-08   1  3  0  2  1  0  0
    7  1.4911822866995536e-08   0  4  0  2  1  0  0
    7 -1.0035152537821603e-07   2  0  2  2  1  0  0
    7  1.0035152537821603e-07   0  2  2  2  1  0  0
    7 -2.9158372192221327e-09   0  0  4  2  1  0  0
    7 -3.2314613992625630e-08   2  0  1  3  1  0  0
    7  4.2520063511985647e-08   1  1  1  3  1  0  0
    7  2.7178918489280974e-09   0  2  1  3  1  0  0
    7 -1.3812946455818860e-08   2  0  0  4  1  0  0
    7 -7.0254517545876207e-09   1  1  0  4  1  0  0
    7  5.3023830992219843e-09   0  2  0  4  1  0  0
    7  2.9158372192221327e-09   0  0  2  4  1  0  0
    7 -3.9233018664108027e-09   0  0  1  5  1  0  0
    7 -7.1346046539119898e-10   0  0  0  6  1  0  0
    7 -4.4679269353545063e-08   5  0  0  0  2  0  0
    7  2.8619107709395087e-08   4  1  0  0  2  0  0
    7 -1.7690633102092104e-07   3  2  0  0  2  0  0
    7  1.7690633102092104e-07   2  3  0  0  2  0  0
    7 -2.8619107709395087e-08   1  4  0  0  2  0  0
    7  4.4679269353545063e-08   0  5  0  0  2  0  0
    7  3.1979843620920826e-09   3  0  2  0  2  0  0
    7 -7.2674295391508770e-08   2  1  2  0  2  0  0
    7 -4.3234558647638984e-08   1  2  2  0  2  0  0
    7  1.5243763200128385e-09   0  3  2  0  2  0  0
    7 -6.7043735963248589e-09   1  0  4  0  2  0  0
    7  1.1003363769095592e-08   0  1  4  0  2  0  0
    7  2.5313315668049725e-08   3  0  1  1  2  0  0
    7 -1.5113024579505969e-07   2  1  1  1  2  0  0
    7  1.5113024579505969e-07   1  2  1  1  2  0  0
    7 -2.5313315668049725e-08   0  3  1  1  2  0  0
    7 -1.6508306519563127e-08   1  0  3  1  2  0  0
    7 -2.4212456482277596e-08   0  1  3  1  2  0  0
    7 -1.5243763200128385e-09   3  0  0  2  2  0  0
    7  4.3234558647638984e-08   2  1  0  2  2  0  0
    7  7.2674295391508770e-08   1  2  0  2  2  0  0
    7 -3.1979843620920826e-09   0  3  0  2  2  0  0
    7 -1.6059480928183342e-08   1  0  2  2  2  0  0
    7  1.6059480928183342e-08   0  1  2  2  2  0  0
    7  2.4212456482277596e-08   1  0  1  3  2  0  0
    7  1.6508306519563127e-08   0  1  1  3  2  0  0
    7 -1.1003363769095592e-08   1  0  0  4  2  0  0
    7  6.7043735963248589e-09   0  1  0  4  2  0  0
    7 -2.4403660838951640e-08   4  0  0  0  3  0  0
    7  2.4660926121110890e-08   3  1  0  0  3  0  0
    7 -2.4660926121110890e-08   1  3  0  0  3  0  0
    7  2.4403660838951640e-08   0  4  0  0  3  0  0
    7 -3.1494873178175618e-09   2  0  2  0  3  0  0
    7  5.9237322253471420e-08   1  1  2  0  3  0  0
    7 -1.0813520570105249e-08   0  2  2  0  3  0  0
    7 -2.0103154827713457e-09   0  0  4  0  3  0  0
    7 -5.6291624902327365e-09   2  0  1  1  3  0  0
    7  5.6291624902327365e-09   0  2  1  1  3  0  0
    7 -9.0443393847886337e-09   0  0  3  1  3  0  0
    7  1.0813520570105249e-08   2  0  0  2  3  0  0
    7 -5.9237322253471420e-08   1  1  0  2  3  0  0
    7  3.1494873178175618e-09   0  2  0  2  3  0  0
    7  9.0443393847886337e-09   0  0  1  3  3  0  0
    7  2.0103154827713457e-09   0  0  0  4  3  0  0
    7  2.8520002462401679e-08   3  0  0  0  4  0  0
    7 -1.3099787168596598e-07   2  1  0  0  4  0  0
    7  1.3099787168596598e-07   1  2  0  0  4  0  0
    7 -2.8520002462401679e-08   0  3  0  0  4  0  0
    7 -2.6549003010299596e-08   1  0  2  0  4  0  0
    7  6.2050091136213200e-09   0  1  2  0  4  0  0
    7 -1.1670172914307976e-07   1  0  1  1  4  0  0
    7  1.1670172914307976e-07   0  1  1  1  4  0  0
    7 -6.2050091136213200e-09   1  0  0  2  4  0  0
    7  2.6549003010299596e-08   0  1  0  2  4  0  0
    7 -4.9935046430280801e-09   2  0  0  0  5  0  0
    7  4.9935046430280801e-09   0  2  0  0  5  0  0
    7  6.5059273822306125e-09   0  0  2  0  5  0  0
    7 -6.5059273822306125e-09   0  0  0  2  5  0  0
    7 -1.0164809328249122e-20   1  0  0  0  6  0  0
    7  1.0164809328249122e-20   0  1  0  0  6  0  0
    8  7.5564799861661617e-10   8  0  0  0  0  0  0
    8  4.4480584127511190e-09   7  1  0  0  0  0  0
    8  3.1294557072565152e-08   6  2  0  0  0  0  0
    8 -2.1296981957158162e-09   5  3  0  0  0  0  0
    8  2.1296981957158162e-09   3  5  0  0  0  0  0
    8 -3.1294557072565152e-08   2  6  0  0  0  0  0
    8 -4.4480584127511190e-09   1  7  0  0  0  0  0
    8 -7.5564799861661617e-10   0  8  0  0  0  0  0
    8  9.0742611822269008e-09   6  0  2  0  0  0  0
    8  5.2993038251683455e-08   5  1  2  0  0  0  0
    8 -3.0489503462634104e-08   4  2  2  0  0  0  0
    8 -2.9369487228837243e-08   3  3  2  0  0  0  0
    8  8.0674327993174496e-09   2  4  2  0  0  0  0
    8 -6.4846732450479748e-10   1  5  2  0  0  0  0
    8  2.4235842046054461e-09   0  6  2  0  0  0  0
    8 -9.4729374109952803e-10   4  0  4  0  0  0  0
    8  9.4234594366303901e-09   3  1  4  0  0  0  0
    8 -1.1186124397400894e-08   2  2  4  0  0  0  0
    8  2.0364895421099395e-09   1  3  4  0  0  0  0
    8 -1.3453373828594235e-09   0  4  4  0  0  0  0
    8 -7.0496890587113149e-10   2  0  6  0  0  0  0
    8 -8.3210825563358523e-09   1  1  6  0  0  0  0
    8  3.7823822237340396e-10   0  2  6  0  0  0  0
    8 -2.3193041455153740e-10   0  0  8  0  0  0  0
    8  4.6427588936290771e-09   6  0  1  1  0  0  0
    8 -3.6925113558914228e-08   5  1  1  1  0  0  0
    8 -9.6417274558104739e-08   4  2  1  1  0  0  0
    8  9.6417274558104739e-08   2  4  1  1  0  0  0
    8  3.6925113558914228e-08   1  5  1  1  0  0  0
    8 -4.6427588936290771e-09   0  6  1  1  0  0  0
    8 -5.9902450565514513e-09   4  0  3  1  0  0  0
    8 -2.3464933900732157e-08   3  1  3  1  0  0  0
    8  6.5454072273925209e-08   2  2  3  1  0  0  0
    8 -1.2169158962606299e-08   1  3  3  1  0  0  0
    8 -3.4188390073932963e-09   0  4  3  1  0  0  0
    8  3.8335206140563529e-09   2  0  5  1  0  0  0
    8 -8.0479350448782551e-09   1  1  5  1  0  0  0
    8 -1.0267719666838969e-08   0  2  5  1  0  0  0
    8  2.0886979165584082e-09   0  0  7  1  0  0  0
    8 -2.4235842046054461e-09   6  0  0  2  0  0  0
    8  6.4846732450479748e-10   5  1  0  2  0  0  0
    8 -8.0674327993174496e-09   4  2  0  2  0  0  0
    8  2.9369487228837243e-08   3  3  0  2  0  0  0
    8  3.0489503462634104e-08   2  4  0  2  0  0  0
    8 -5.2993038251683455e-08   1  5  0  2  0  0  0
    8 -9.0742611822269008e-09   0  6  0  2  0  0  0
    8  1.9748976706729210e-09   4  0  2  2  0  0  0
    8  1.1797241992858921e-07   3  1  2  2  0  0  0
    8 -1.1797241992858921e-07   1  3  2  2  0  0  0
    8 -1.9748976706729210e-09   0  4  2  2  0  0  0
    8  6.1182726904162538e-09   2  0  4  2  0  0  0
    8  8.2396798334340086e-09   1  1  4  2  0  0  0
    8 -2.0235227386545188e-08   0  2  4  2  0  0  0
    8 -4.9855599937883901e-10   0  0  6  2  0  0  0
    8  3.4188390073932963e-09   4  0  1  3  0  0  0
    8  1.2169158962606299e-08   3  1  1  3  0  0  0
    8 -6.5454072273925209e-08   2  2  1  3  0  0  0
    8  2.3464933900732157e-08   1  3  1  3  0  0  0
    8  5.9902450565514513e-09   0  4  1  3  0  0  0
    8  3.8979527337081771e-08   2  0  3  3  0  0  0
    8 -3.8979527337081771e-08   0  2  3  3  0  0  0
    8  1.5572770766194132e-09   0  0  5  3  0  0  0
    8  1.3453373828594235e-09   4  0  0  4  0  0  0
    8 -2.0364895421099395e-09   3  1  0  4  0  0  0
    8  1.1186124397400894e-08   2  2  0  4  0  0  0
    8 -9.4234594366303901e-09   1  3  0  4  0  0  0
    8  9.4729374109952803e-10   0  4  0  4  0  0  0
    8  2.0235227386545188e-08   2  0  2  4  0  0  0
    8 -8.2396798334340086e-09   1  1  2  4  0  0  0
    8 -6.1182726904162538e-09   0  2  2  4  0  0  0
    8  1.0267719666838969e-08   2  0  1  5  0  0  0
    8  8.0479350448782551e-09   1  1  1  5  0  0  0
    8 -3.8335206140563529e-09   0  2  1  5  0  0  0
    8 -1.5572770766194132e-09   0  0  3  5  0  0  0
    8 -3.7823822237340396e-10   2  0  0  6  0  0  0
    8  8.3210825563358523e-09   1  1  0  6  0  0  0
    8  7.0496890587113149e-10   0  2  0  6  0  0  0
    8  4.9855599937883901e-10   0  0  2  6  0  0  0
    8 -2.0886979165584082e-09   0  0  1  7  0  0  0
    8  2.3193041455153740e-10   0  0  0  8  0  0  0
    8 -3.7199205429593346e-09   7  0  0  0  1  0  0
    8  5.0396955577107032e-08   6  1  0  0  1  0  0
    8 -2.8298978354955824e-08   5  2  0  0  1  0  0
    8  1.0782223697005832e-07   4  3  0  0  1  0  0
    8 -1.0782223697005832e-07   3  4  0  0  1  0  0
    8  2.8298978354955824e-08   2  5  0  0  1  0  0
    8 -5.0396955577107032e-08   1  6  0  0  1  0  0
    8  3.7199205429593346e-09   0  7  0  0  1  0  0
    8  4.4123934535209392e-08   5  0  2  0  1  0  0
    8 -3.9351124059574718e-09   4  1  2  0  1  0  0
    8  7.5017680553498002e-08   3  2  2  0  1  0  0
    8 -3.6158694565876512e-09   2  3  2  0  1  0  0
    8  1.5312617366948324e-08   1  4  2  0  1  0  0
    8 -9.2365828379766523e-09   0  5  2  0  1  0  0
    8  2.2428880441653481e-09   3  0  4  0  1  0  0
    8  2.1343561097284154e-08   2  1  4  0  1  0  0
    8 -5.2143530419404422e-09   1  2  4  0  1  0  0
    8 -1.0566768319209192e-09   0  3  4  0  1  0  0
    8  4.8779196345510454e-10   1  0  6  0  1  0  0
    8 -2.0649404805862086e-09   0  1  6  0  1  0  0
    8  4.9277491380474418e-09   5  0  1  1  1  0  0
    8 -2.6082536511165365e-09   4  1  1  1  1  0  0
    8  2.4424071429345569e-08   3  2  1  1  1  0  0
    8 -2.4424071429345569e-08   2  3  1  1  1  0  0
    8  2.6082536511165365e-09   1  4  1  1  1  0  0
    8 -4.9277491380474418e-09   0  5  1  1  1  0  0
    8 -1.3996373013760925e-08   3  0  3  1  1  0  0
    8  6.7736894408827922e-08   2  1  3  1  1  0  0
    8 -5.7933607734882872e-08   1  2  3  1  1  0  0
    8 -1.3406541208963053e-09   0  3  3  1  1  0  0
    8  3.3905310616393211e-09   1  0  5  1  1  0  0
    8 -1.2344598368224878e-08   0  1  5  1  1  0  0
    8  9.2365828379766523e-09   5  0  0  2  1  0  0
    8 -1.5312617366948324e-08   4  1  0  2  1  0  0
    8  3.6158694565876512e-09   3  2  0  2  1  0  0
    8 -7.5017680553498002e-08   2  3  0  2  1  0  0
    8  3.9351124059574718e-09   1  4  0  2  1  0  0
    8 -4.4123934535209392e-08   0  5  0  2  1  0  0
    8  1.8479856081556218e-08   3  0  2  2  1  0  0
    8  2.9127531245401769e-07   2  1  2  2  1  0  0
    8 -2.9127531245401769e-07   1  2  2  2  1  0  0
    8 -1.8479856081556218e-08   0  3  2  2  1  0  0
    8  1.5357125854440019e-08   1  0  4  2  1  0  0
    8 -1.8409659779045253e-08   0  1  4  2  1  0  0
    8  1.3406541208963053e-09   3  0  1  3  1  0  0
    8  5.7933607734882872e-08   2  1  1  3  1  0  0
    8 -6.7736894408827922e-08   1  2  1  3  1  0  0
    8  1.3996373013760925e-08   0  3  1  3  1  0  0
    8  2.7244999499773000e-08   1  0  3  3  1  0  0
    8 -2.7244999499773000e-08   0  1  3  3  1  0  0
    8  1.0566768319209192e-09   3  0  0  4  1  0  0
    8  5.2143530419404422e-09   2  1  0  4  1  0  0
    8 -2.1343561097284154e-08   1  2  0  4  1  0  0
    8 -2.2428880441653481e-09   0  3  0  4  1  0  0
    8  1.8409659779045253e-08   1  0  2  4  1  0  0
    8 -1.5357125854440019e-08   0  1  2  4  1  0  0
    8  1.2344598368224878e-08   1  0  1  5  1  0  0
    8 -3.3905310616393211e-09   0  1  1  5  1  0  0
    8  2.0649404805862086e-09   1  0  0  6  1  0  0
    8 -4.8779196345510454e-10   0  1  0  6  1  0  0
    8 -4.4555442579154780e-09   6  0  0  0  2  0  0
    8 -5.5342750323845552e-08   5  1  0  0  2  0  0
    8 -3.5111343767973515e-08   4  2  0  0  2  0  0
    8  3.5111343767973515e-08   2  4  0  0  2  0  0
    8  5.5342750323845552e-08   1  5  0  0  2  0  0
    8  4.4555442579154780e-09   0  6  0  0  2  0  0
    8  1.5232085416800565e-07   4  0  2  0  2  0  0
    8  2.6036754733849319e-08   3  1  2  0  2  0  0
    8 -2.3469438948881473e-08   2  2  2  0  2  0  0
    8 -3.6016887203021752e-09   1  3  2  0  2  0  0
    8 -1.4450195454373440e-10   0  4  2  0  2  0  0
    8  3.9574550261433714e-09   2  0  4  0  2  0  0
    8  5.0199432103650071e-09   1  1  4  0  2  0  0
    8  4.1940047793601059e-09   0  2  4  0  2  0  0
    8 -1.6950637298365818e-09   0  0  6  0  2  0  0
    8  6.7501605831879668e-09   4  0  1  1  2  0  0
    8  1.3761063472878481e-07   3  1  1  1  2  0  0
    8 -1.3761063472878481e-07   1  3  1  1  2  0  0
    8 -6.7501605831879668e-09   0  4  1  1  2  0  0
    8  9.5565219756225926e-09   2  0  3  1  2  0  0
    8 -2.8223951466112999e-08   1  1  3  1  2  0  0
    8  2.2248940558213758e-08   0  2  3  1  2  0  0
    8 -2.1692813513007256e-10   0  0  5  1  2  0  0
    8  1.4450195454373440e-10   4  0  0  2  2  0  0
    8  3.6016887203021752e-09   3  1  0  2  2  0  0
    8  2.3469438948881473e-08   2  2  0  2  2  0  0
    8 -2.6036754733849319e-08   1  3  0  2  2  0  0
    8 -1.5232085416800565e-07   0  4  0  2  2  0  0
    8 -5.8919736486074445e-09   2  0  2  2  2  0  0
    8  5.8919736486074445e-09   0  2  2  2  2  0  0
    8  6.8997755410861902e-09   0  0  4  2  2  0  0
    8 -2.2248940558213758e-08   2  0  1  3  2  0  0
    8  2.8223951466112999e-08   1  1  1  3  2  0  0
    8 -9.5565219756225926e-09   0  2  1  3  2  0  0
    8 -4.1940047793601059e-09   2  0  0  4  2  0  0
    8 -5.0199432103650071e-09   1  1  0  4  2  0  0
    8 -3.9574550261433714e-09   0  2  0  4  2  0  0
    8 -6.8997755410861902e-09   0  0  2  4  2  0  0
    8  2.1692813513007256e-10   0  0  1  5  2  0  0
    8  1.6950637298365818e-09   0  0  0  6  2  0  0
    8  1.8756140195061557e-08   5  0  0  0  3  0  0
    8 -2.7310274735163664e-08   4  1  0  0  3  0  0
    8  1.3537941448137489e-07   3  2  0  0  3  0  0
    8 -1.3537941448137489e-07   2  3  0  0  3  0  0
    8  2.7310274735163664e-08   1  4  0  0  3  0  0
    8 -1.8756140195061557e-08   0  5  0  0  3  0  0
    8  5.2188267137602831e-09   3  0  2  0  3  0  0
    8  3.2790300388898324e-08   2  1  2  0  3  0  0
    8  3.1100072180278069e-08   1  2  2  0  3  0  0
    8 -2.7720952812886263e-09   0  3  2  0  3  0  0
    8 -3.2672696416719844e-09   1  0  4  0  3  0  0
    8  7.0628006587485734e-09   0  1  4  0  3  0  0
    8  4.0912539495969496e-09   3  0  1  1  3  0  0
    8  9.4937417463614222e-08   2  1  1  1  3  0  0
    8 -9.4937417463614222e-08   1  2  1  1  3  0  0
    8 -4.0912539495969496e-09   0  3  1  1  3  0  0
    8 -4.9847432321959958e-10   1  0  3  1  3  0  0
    8  1.5056929626132559e-08   0  1  3  1  3  0  0
    8  2.7720952812886263e-09   3  0  0  2  3  0  0
    8 -3.1100072180278069e-08   2  1  0  2  3  0  0
    8 -3.2790300388898324e-08   1  2  0  2  3  0  0
    8 -5.2188267137602831e-09   0  3  0  2  3  0  0
    8  5.7330457414400852e-08   1  0  2  2  3  0  0
    8 -5.7330457414400852e-08   0  1  2  2  3  0  0
    8 -1.5056929626132559e-08   1  0  1  3  3  0  0
    8  4.9847432321959958e-10   0  1  1  3  3  0  0
    8 -7.0628006587485734e-09   1  0  0  4  3  0  0
    8  3.2672696416719844e-09   0  1  0  4  3  0  0
    8  7.4567330427456909e-09   4  0  0  0  4  0  0
    8 -1.0039839958015639e-09   3  1  0  0  4  0  0
    8  1.0039839958015639e-09   1  3  0  0  4  0  0
    8 -7.4567330427456909e-09   0  4  0  0  4  0  0
    8  8.7928417835631525e-09   2  0  2  0  4  0  0
    8 -2.8710000366516070e-08   1  1  2  0  4  0  0
    8 -8.7906093804194193e-09   0  2  2  0  4  0  0
    8  5.1113497685864217e-10   0  0  4  0  4  0  0
    8  7.0084800213271591e-08   2  0  1  1  4  0  0
    8 -7.0084800213271591e-08   0  2  1  1  4  0  0
    8 -9.5081945342592391e-09   0  0  3  1  4  0  0
    8  8.7906093804194193e-09   2  0  0  2  4  0  0
    8  2.8710000366516070e-08   1  1  0  2  4  0  0
    8 -8.7928417835631525e-09   0  2  0  2  4  0  0
    8  9.5081945342592391e-09   0  0  1  3  4  0  0
    8 -5.1113497685864217e-10   0  0  0  4  4  0  0
    8 -1.5643857899188123e-08   3  0  0  0  5  0  0
    8  8.0529955464686857e-08   2  1  0  0  5  0  0
    8 -8.0529955464686857e-08   1  2  0  0  5  0  0
    8  1.5643857899188123e-08   0  3  0  0  5  0  0
    8  2.5585032427854779e-08   1  0  2  0  5  0  0
    8 -2.0411818652034241e-09   0  1  2  0  5  0  0
    8 -4.3783703811773531e-09   1  0  1  1  5  0  0
    8  4.3783703811773531e-09   0  1  1  1  5  0  0
    8  2.0411818652034241e-09   1  0  0  2  5  0  0
    8 -2.5585032427854779e-08   0  1  0  2  5  0  0
    8  5.6566835566065408e-09   2  0  0  0  6  0  0
    8 -5.6566835566065408e-09   0  2  0  0  6  0  0
    8 -2.7453276321416120e-09   0  0  2  0  6  0  0
    8  2.7453276321416120e-09   0  0  0  2  6  0  0
    8  5.5337933647678175e-21   1  0  0  0  7  0  0
    8 -5.5337933647678175e-21   0  1  0  0  7  0  0
 -608  0.0000000000000000e+00   0  0  0  0  0  0  0

tpsa, NO = 8, NV = 7, INA = 58470
------------------------------------------------------------------

   |I|         a                i  i  i  i  i  i  i
                I                1  2  3  4  5  6  7

    3 -3.1564092508696250e-14   3  0  0  0  0  0  0
    3 -6.1155553663365669e-14   2  1  0  0  0  0  0
    3  6.1155553663365669e-14   1  2  0  0  0  0  0
    3  3.1564092508696250e-14   0  3  0  0  0  0  0
    3  2.9632295508113796e-14   1  0  2  0  0  0  0
    3 -1.4449025791073881e-14   0  1  2  0  0  0  0
    3 -3.2021995741425878e-14   1  0  1  1  0  0  0
    3  3.2021995741425878e-14   0  1  1  1  0  0  0
    3  1.4449025791073881e-14   1  0  0  2  0  0  0
    3 -2.9632295508113796e-14   0  1  0  2  0  0  0
    3 -2.8729343608328871e-13   2  0  0  0  1  0  0
    3  2.8729343608328871e-13   0  2  0  0  1  0  0
    3  8.3730626839064418e-14   0  0  2  0  1  0  0
    3 -8.3730626839064418e-14   0  0  0  2  1  0  0
    3  1.3545501402365435e-25   1  0  0  0  2  0  0
    3 -1.3545501402365435e-25   0  1  0  0  2  0  0
    4 -4.3436733228019971e-17   4  0  0  0  0  0  0
    4  6.5481892329385285e-17   3  1  0  0  0  0  0
    4 -6.5481892329385285e-17   1  3  0  0  0  0  0
    4  4.3436733228019971e-17   0  4  0  0  0  0  0
    4 -6.1282661437691292e-18   2  0  2  0  0  0  0
    4 -5.2431584144022162e-17   1  1  2  0  0  0  0
    4  5.2667391310284044e-17   0  2  2  0  0  0  0
    4  1.0139396943504058e-17   0  0  4  0  0  0  0
    4 -5.9256637578858729e-17   2  0  1  1  0  0  0
    4  5.9256637578858729e-17   0  2  1  1  0  0  0
    4 -3.4117398743981719e-17   0  0  3  1  0  0  0
    4 -5.2667391310284044e-17   2  0  0  2  0  0  0
    4  5.2431584144022162e-17   1  1  0  2  0  0  0
    4  6.1282661437691292e-18   0  2  0  2  0  0  0
    4  3.4117398743981719e-17   0  0  1  3  0  0  0
    4 -1.0139396943504058e-17   0  0  0  4  0  0  0
    4  1.0298471694064345e-16   3  0  0  0  1  0  0
    4 -6.1690995654778928e-16   2  1  0  0  1  0  0
    4  6.1690995654778928e-16   1  2  0  0  1  0  0
    4 -1.0298471694064345e-16   0  3  0  0  1  0  0
    4 -4.1090486400370464e-17   1  0  2  0  1  0  0
    4  4.0342674042497986e-16   0  1  2  0  1  0  0
    4 -6.9814382118663134e-16   1  0  1  1  1  0  0
    4  6.9814382118663134e-16   0  1  1  1  1  0  0
    4 -4.0342674042497986e-16   1  0  0  2  1  0  0
    4  4.1090486400370464e-17   0  1  0  2  1  0  0
    4 -4.3127886373535743e-15   2  0  0  0  2  0  0
    4  4.3127886373535743e-15   0  2  0  0  2  0  0
    4  4.0171774686347942e-15   0  0  2  0  2  0  0
    4 -4.0171774686347942e-15   0  0  0  2  2  0  0
    5  9.6096571290131039e-20   5  0  0  0  0  0  0
    5  3.7225895780956274e-20   4  1  0  0  0  0  0
    5  1.1220071605303910e-19   3  2  0  0  0  0  0
    5 -1.1220071605303910e-19   2  3  0  0  0  0  0
    5 -3.7225895780956274e-20   1  4  0  0  0  0  0
    5 -9.6096571290131039e-20   0  5  0  0  0  0  0
    5  3.7891924739869135e-20   3  0  2  0  0  0  0
    5 -6.5481779296031592e-20   2  1  2  0  0  0  0
    5 -3.7435526987813934e-19   1  2  2  0  0  0  0
    5  3.4793076180372068e-21   0  3  2  0  0  0  0
    5  1.5627567989890560e-20   1  0  4  0  0  0  0
    5 -7.1964003409251704e-20   0  1  4  0  0  0  0
    5  8.5185075224131374e-20   3  0  1  1  0  0  0
    5  1.9406898497462728e-19   2  1  1  1  0  0  0
    5 -1.9406898497462728e-19   1  2  1  1  0  0  0
    5 -8.5185075224131374e-20   0  3  1  1  0  0  0
    5 -3.7059639194974768e-20   1  0  3  1  0  0  0
    5 -6.7577706206981403e-20   0  1  3  1  0  0  0
    5 -3.4793076180372068e-21   3  0  0  2  0  0  0
    5  3.7435526987813934e-19   2  1  0  2  0  0  0
    5  6.5481779296031592e-20   1  2  0  2  0  0  0
    5 -3.7891924739869135e-20   0  3  0  2  0  0  0
    5  1.6941247593505668e-19   1  0  2  2  0  0  0
    5 -1.6941247593505668e-19   0  1  2  2  0  0  0
    5  6.7577706206981391e-20   1  0  1  3  0  0  0
    5  3.7059639194974762e-20   0  1  1  3  0  0  0
    5  7.1964003409251704e-20   1  0  0  4  0  0  0
    5 -1.5627567989890560e-20   0  1  0  4  0  0  0
    5 -5.5622952403759194e-19   4  0  0  0  1  0  0
    5  1.7377944096596267e-19   3  1  0  0  1  0  0
    5 -1.7377944096596267e-19   1  3  0  0  1  0  0
    5  5.5622952403759194e-19   0  4  0  0  1  0  0
    5 -1.5388746006236921e-19   2  0  2  0  1  0  0
    5 -9.1051514251810799e-19   1  1  2  0  1  0  0
    5  1.1632927729118332e-19   0  2  2  0  1  0  0
    5 -9.6272926760564903e-20   0  0  4  0  1  0  0
    5  1.3905992100238287e-18   2  0  1  1  1  0  0
    5 -1.3905992100238287e-18   0  2  1  1  1  0  0
    5 -8.4138008438798629e-20   0  0  3  1  1  0  0
    5 -1.1632927729118332e-19   2  0  0  2  1  0  0
    5  9.1051514251810799e-19   1  1  0  2  1  0  0
    5  1.5388746006236921e-19   0  2  0  2  1  0  0
    5  8.4138008438798629e-20   0  0  1  3  1  0  0
    5  9.6272926760564903e-20   0  0  0  4  1  0  0
    5  1.3472457812704843e-18   3  0  0  0  2  0  0
    5 -3.3796534796042391e-18   2  1  0  0  2  0  0
    5  3.3796534796042391e-18   1  2  0  0  2  0  0
    5 -1.3472457812704843e-18   0  3  0  0  2  0  0
    5 -1.8003130951176037e-18   1  0  2  0  2  0  0
    5  8.5277378669316542e-18   0  1  2  0  2  0  0
    5 -6.5506540516423310e-18   1  0  1  1  2  0  0
    5  6.5506540516423310e-18   0  1  1  1  2  0  0
    5 -8.5277378669316542e-18   1  0  0  2  2  0  0
    5  1.8003130951176037e-18   0  1  0  2  2  0  0
    5  9.7093856264514051e-18   2  0  0  0  3  0  0
    5 -9.7093856264514051e-18   0  2  0  0  3  0  0
    5 -2.5151576275417621e-17   0  0  2  0  3  0  0
    5  2.5151576275417621e-17   0  0  0  2  3  0  0
    6 -2.3512724465970681e-23   6  0  0  0  0  0  0
    6  3.6570556880963282e-22   5  1  0  0  0  0  0
    6  2.4961923480659558e-23   4  2  0  0  0  0  0
    6 -2.4961923480659558e-23   2  4  0  0  0  0  0
    6 -3.6570556880963282e-22   1  5  0  0  0  0  0
    6  2.3512724465970681e-23   0  6  0  0  0  0  0
    6 -3.2367413535942359e-22   4  0  2  0  0  0  0
    6  1.0962637631750306e-22   3  1  2  0  0  0  0
    6 -5.9117843046700799e-23   2  2  2  0  0  0  0
    6  4.7442945799177840e-23   1  3  2  0  0  0  0
    6  2.5499145776114381e-23   0  4  2  0  0  0  0
    6  7.0899313877694922e-23   2  0  4  0  0  0  0
    6  1.8712565946032774e-22   1  1  4  0  0  0  0
    6  1.1860576182242375e-22   0  2  4  0  0  0  0
    6  2.6777516923530491e-23   0  0  6  0  0  0  0
    6 -2.5114388939412999e-22   4  0  1  1  0  0  0
    6 -1.0952746455310146e-21   3  1  1  1  0  0  0
    6  1.0952746455310146e-21   1  3  1  1  0  0  0
    6  2.5114388939412999e-22   0  4  1  1  0  0  0
    6  7.5859129243761477e-23   2  0  3  1  0  0  0
    6  5.1305212253590438e-22   1  1  3  1  0  0  0
    6  5.3212443846133930e-23   0  2  3  1  0  0  0
    6  1.0897535684493640e-23   0  0  5  1  0  0  0
    6 -2.5499145776114381e-23   4  0  0  2  0  0  0
    6 -4.7442945799177840e-23   3  1  0  2  0  0  0
    6  5.9117843046700799e-23   2  2  0  2  0  0  0
    6 -1.0962637631750306e-22   1  3  0  2  0  0  0
    6  3.2367413535942359e-22   0  4  0  2  0  0  0
    6 -3.5104840083377841e-22   2  0  2  2  0  0  0
    6  3.5104840083377841e-22   0  2  2  2  0  0  0
    6 -7.4099289205872277e-24   0  0  4  2  0  0  0
    6 -5.3212443846133930e-23   2  0  1  3  0  0  0
    6 -5.1305212253590438e-22   1  1  1  3  0  0  0
    6 -7.5859129243761477e-23   0  2  1  3  0  0  0
    6 -1.1860576182242375e-22   2  0  0  4  0  0  0
    6 -1.8712565946032774e-22   1  1  0  4  0  0  0
    6 -7.0899313877694922e-23   0  2  0  4  0  0  0
    6  7.4099289205872277e-24   0  0  2  4  0  0  0
    6 -1.0897535684493640e-23   0  0  1  5  0  0  0
    6 -2.6777516923530491e-23   0  0  0  6  0  0  0
    6  4.7334808312983852e-21   5  0  0  0  1  0  0
    6 -1.7720584714263471e-21   4  1  0  0  1  0  0
    6  4.8053689869801882e-21   3  2  0  0  1  0  0
    6 -4.8053689869801882e-21   2  3  0  0  1  0  0
    6  1.7720584714263471e-21   1  4  0  0  1  0  0
    6 -4.7334808312983852e-21   0  5  0  0  1  0  0
    6 -8.8599476194808868e-23   3  0  2  0  1  0  0
    6  6.3778809693790771e-21   2  1  2  0  1  0  0
    6 -3.8243679277288663e-21   1  2  2  0  1  0  0
    6 -4.7640368652016179e-22   0  3  2  0  1  0  0
    6  3.6456865726066926e-22   1  0  4  0  1  0  0
    6 -6.3937887112248593e-22   0  1  4  0  1  0  0
    6 -8.0999648948002099e-22   3  0  1  1  1  0  0
    6 -7.4899756428053016e-21   2  1  1  1  1  0  0
    6  7.4899756428053016e-21   1  2  1  1  1  0  0
    6  8.0999648948002099e-22   0  3  1  1  1  0  0
    6  1.4988202522455669e-21   1  0  3  1  1  0  0
    6 -1.7841048090673789e-21   0  1  3  1  1  0  0
    6  4.7640368652016179e-22   3  0  0  2  1  0  0
    6  3.8243679277288663e-21   2  1  0  2  1  0  0
    6 -6.3778809693790771e-21   1  2  0  2  1  0  0
    6  8.8599476194808868e-23   0  3  0  2  1  0  0
    6  1.6459050326055674e-22   1  0  2  2  1  0  0
    6 -1.6459050326055674e-22   0  1  2  2  1  0  0
    6  1.7841048090673785e-21   1  0  1  3  1  0  0
    6 -1.4988202522455666e-21   0  1  1  3  1  0  0
    6  6.3937887112248593e-22   1  0  0  4  1  0  0
    6 -3.6456865726066926e-22   0  1  0  4  1  0  0
    6  2.5067191607957643e-20   4  0  0  0  2  0  0
    6 -1.7563831304989379e-20   3  1  0  0  2  0  0
    6  1.7563831304989379e-20   1  3  0  0  2  0  0
    6 -2.5067191607957643e-20   0  4  0  0  2  0  0
    6 -3.0783496684129208e-21   2  0  2  0  2  0  0
    6  7.1762456975831560e-21   1  1  2  0  2  0  0
    6 -3.0052910391440667e-21   0  2  2  0  2  0  0
    6 -2.1090644882587598e-21   0  0  4  0  2  0  0
    6  1.9512419783586057e-20   2  0  1  1  2  0  0
    6 -1.9512419783586057e-20   0  2  1  1  2  0  0
    6  4.7361694112440977e-21   0  0  3  1  2  0  0
    6  3.0052910391440667e-21   2  0  0  2  2  0  0
    6 -7.1762456975831560e-21   1  1  0  2  2  0  0
    6  3.0783496684129208e-21   0  2  0  2  2  0  0
    6 -4.7361694112440977e-21   0  0  1  3  2  0  0
    6  2.1090644882587598e-21   0  0  0  4  2  0  0
    6 -1.1865398897696342e-19   3  0  0  0  3  0  0
    6  5.1086506678004190e-19   2  1  0  0  3  0  0
    6 -5.1086506678004190e-19   1  2  0  0  3  0  0
    6  1.1865398897696342e-19   0  3  0  0  3  0  0
    6  9.9793091285679859e-20   1  0  2  0  3  0  0
    6  8.9761548454135289e-20   0  1  2  0  3  0  0
    6 -7.3660073344801546e-20   1  0  1  1  3  0  0
    6  7.3660073344801546e-20   0  1  1  1  3  0  0
    6 -8.9761548454135289e-20   1  0  0  2  3  0  0
    6 -9.9793091285679859e-20   0  1  0  2  3  0  0
    6 -2.2075424119134547e-19   2  0  0  0  4  0  0
    6  2.2075424119134547e-19   0  2  0  0  4  0  0
    6 -2.1380797399312100e-20   0  0  2  0  4  0  0
    6  2.1380797399312100e-20   0  0  0  2  4  0  0
    7 -2.2419119354109871e-25   7  0  0  0  0  0  0
    7  1.0801519724234347e-24   6  1  0  0  0  0  0
    7 -1.4783792468377459e-25   5  2  0  0  0  0  0
    7  7.5835449534985120e-25   4  3  0  0  0  0  0
    7 -7.5835449534985120e-25   3  4  0  0  0  0  0
    7  1.4783792468377459e-25   2  5  0  0  0  0  0
    7 -1.0801519724234347e-24   1  6  0  0  0  0  0
    7  2.2419119354109871e-25   0  7  0  0  0  0  0
    7 -1.0305729184279456e-24   5  0  2  0  0  0  0
    7  3.9452201443570879e-25   4  1  2  0  0  0  0
    7 -4.0487511650526553e-24   3  2  2  0  0  0  0
    7 -1.6902941937183378e-24   2  3  2  0  0  0  0
    7  4.3227163891470434e-25   1  4  2  0  0  0  0
    7 -2.8719222692326984e-25   0  5  2  0  0  0  0
    7 -1.9660367616634297e-25   3  0  4  0  0  0  0
    7 -1.8971309857121636e-25   2  1  4  0  0  0  0
    7  6.0754151300025775e-25   1  2  4  0  0  0  0
    7 -1.0542001865689660e-24   5  0  1  1  0  0  0
    7  1.8113173497910216e-24   4  1  1  1  0  0  0
    7 -3.5464475522885038e-24   3  2  1  1  0  0  0
    7  3.5464475522885038e-24   2  3  1  1  0  0  0
    7 -1.8113173497910216e-24   1  4  1  1  0  0  0
    7  1.0542001865689660e-24   0  5  1  1  0  0  0
    7 -1.3389033699298526e-25   3  0  3  1  0  0  0
    7 -3.6433917555918910e-24   2  1  3  1  0  0  0
    7  1.7246024186940128e-24   1  2  3  1  0  0  0
    7  2.8719222692326984e-25   5  0  0  2  0  0  0
    7 -4.3227163891470434e-25   4  1  0  2  0  0  0
    7  1.6902941937183378e-24   3  2  0  2  0  0  0
    7  4.0487511650526553e-24   2  3  0  2  0  0  0
    7 -3.9452201443570879e-25   1  4  0  2  0  0  0
    7  1.0305729184279456e-24   0  5  0  2  0  0  0
    7 -4.8221551133254011e-25   3  0  2  2  0  0  0
    7  2.5480629108056649e-24   2  1  2  2  0  0  0
    7 -2.5480629108056649e-24   1  2  2  2  0  0  0
    7  4.8221551133254011e-25   0  3  2  2  0  0  0
    7 -3.8657363416791686e-25   1  0  4  2  0  0  0
    7  2.1856876749255280e-25   0  1  4  2  0  0  0
    7 -1.7246024186940124e-24   2  1  1  3  0  0  0
    7  3.6433917555918903e-24   1  2  1  3  0  0  0
    7  1.3389033699298523e-25   0  3  1  3  0  0  0
    7  2.3296444098188625e-25   1  0  3  3  0  0  0
    7 -2.3296444098188625e-25   0  1  3  3  0  0  0
    7 -6.0754151300025775e-25   2  1  0  4  0  0  0
    7  1.8971309857121636e-25   1  2  0  4  0  0  0
    7  1.9660367616634297e-25   0  3  0  4  0  0  0
    7 -2.1856876749255276e-25   1  0  2  4  0  0  0
    7  3.8657363416791677e-25   0  1  2  4  0  0  0
    7 -7.5558230569474380e-25   6  0  0  0  1  0  0
    7  8.4266880756734962e-24   5  1  0  0  1  0  0
    7  4.0348203622030262e-24   4  2  0  0  1  0  0
    7 -4.0348203622030262e-24   2  4  0  0  1  0  0
    7 -8.4266880756734962e-24   1  5  0  0  1  0  0
    7  7.5558230569474380e-25   0  6  0  0  1  0  0
    7 -3.0168913498086306e-24   4  0  2  0  1  0  0
    7  6.2806303447902783e-24   3  1  2  0  1  0  0
    7 -2.1508576463610264e-24   2  2  2  0  1  0  0
    7  5.6171102399693822e-24   1  3  2  0  1  0  0
    7  2.2778671509193585e-24   0  4  2  0  1  0  0
    7 -8.6870601044146278e-25   2  0  4  0  1  0  0
    7  1.1510017384772301e-24   1  1  4  0  1  0  0
    7  2.2630182285087265e-24   0  2  4  0  1  0  0
    7 -6.1281775200349005e-24   4  0  1  1  1  0  0
    7 -1.1569592119139150e-24   3  1  1  1  1  0  0
    7  1.1569592119139150e-24   1  3  1  1  1  0  0
    7  6.1281775200349005e-24   0  4  1  1  1  0  0
    7 -4.4528072391452327e-25   2  0  3  1  1  0  0
    7 -6.9661950194874602e-24   1  1  3  1  1  0  0
    7  5.2942042993099953e-24   0  2  3  1  1  0  0
    7  5.2050659793644155e-25   0  0  5  1  1  0  0
    7 -2.2778671509193585e-24   4  0  0  2  1  0  0
    7 -5.6171102399693822e-24   3  1  0  2  1  0  0
    7  2.1508576463610264e-24   2  2  0  2  1  0  0
    7 -6.2806303447902783e-24   1  3  0  2  1  0  0
    7  3.0168913498086306e-24   0  4  0  2  1  0  0
    7 -1.6440904329567692e-23   2  0  2  2  1  0  0
    7  1.6440904329567692e-23   0  2  2  2  1  0  0
    7 -3.8684571383803102e-25   0  0  4  2  1  0  0
    7 -5.2942042993099939e-24   2  0  1  3  1  0  0
    7  6.9661950194874587e-24   1  1  1  3  1  0  0
    7  4.4528072391452327e-25   0  2  1  3  1  0  0
    7 -2.2630182285087265e-24   2  0  0  4  1  0  0
    7 -1.1510017384772301e-24   1  1  0  4  1  0  0
    7  8.6870601044146278e-25   0  2  0  4  1  0  0
    7  3.8684571383803102e-25   0  0  2  4  1  0  0
    7 -5.2050659793644155e-25   0  0  1  5  1  0  0
    7 -7.4380822943769655e-23   5  0  0  0  2  0  0
    7  4.7644306053816147e-23   4  1  0  0  2  0  0
    7 -2.9450881081283801e-22   3  2  0  0  2  0  0
    7  2.9450881081283801e-22   2  3  0  0  2  0  0
    7 -4.7644306053816147e-23   1  4  0  0  2  0  0
    7  7.4380822943769655e-23   0  5  0  0  2  0  0
    7  4.3112582916463078e-24   3  0  2  0  2  0  0
    7 -9.7973480517968085e-23   2  1  2  0  2  0  0
    7 -5.8285259823273365e-23   1  2  2  0  2  0  0
    7  2.0550382069239782e-24   0  3  2  0  2  0  0
    7 -7.3191172450910516e-24   1  0  4  0  2  0  0
    7  1.2012294416370905e-23   0  1  4  0  2  0  0
    7  3.4125320735323045e-23   3  0  1  1  2  0  0
    7 -2.0374131062862735e-22   2  1  1  1  2  0  0
    7  2.0374131062862735e-22   1  2  1  1  2  0  0
    7 -3.4125320735323045e-23   0  3  1  1  2  0  0
    7 -1.8022001488821709e-23   1  0  3  1  2  0  0
    7 -2.6432567523175920e-23   0  1  3  1  2  0  0
    7 -2.0550382069239782e-24   3  0  0  2  2  0  0
    7  5.8285259823273365e-23   2  1  0  2  2  0  0
    7  9.7973480517968085e-23   1  2  0  2  2  0  0
    7 -4.3112582916463078e-24   0  3  0  2  2  0  0
    7 -1.7532021764585170e-23   1  0  2  2  2  0  0
    7  1.7532021764585170e-23   0  1  2  2  2  0  0
    7  2.6432567523175917e-23   1  0  1  3  2  0  0
    7  1.8022001488821703e-23   0  1  1  3  2  0  0
    7 -1.2012294416370905e-23   1  0  0  4  2  0  0
    7  7.3191172450910516e-24   0  1  0  4  2  0  0
    7 -2.7071272497869588e-22   4  0  0  0  3  0  0
    7  2.7356659948692459e-22   3  1  0  0  3  0  0
    7 -2.7356659948692459e-22   1  3  0  0  3  0  0
    7  2.7071272497869588e-22   0  4  0  0  3  0  0
    7 -2.8292175543155966e-23   2  0  2  0  3  0  0
    7  5.3213509081950034e-22   1  1  2  0  3  0  0
    7 -9.7138991631484172e-23   0  2  2  0  3  0  0
    7 -1.4623909402952607e-23   0  0  4  0  3  0  0
    7 -5.0567358196245635e-23   2  0  1  1  3  0  0
    7  5.0567358196245635e-23   0  2  1  1  3  0  0
    7 -6.5792459395662347e-23   0  0  3  1  3  0  0
    7  9.7138991631484172e-23   2  0  0  2  3  0  0
    7 -5.3213509081950034e-22   1  1  0  2  3  0  0
    7  2.8292175543155966e-23   0  2  0  2  3  0  0
    7  6.5792459395662347e-23   0  0  1  3  3  0  0
    7  1.4623909402952607e-23   0  0  0  4  3  0  0
    7  2.1081524907866732e-21   3  0  0  0  4  0  0
    7 -9.6831509690994035e-21   2  1  0  0  4  0  0
    7  9.6831509690994035e-21   1  2  0  0  4  0  0
    7 -2.1081524907866732e-21   0  3  0  0  4  0  0
    7 -1.5891813883861452e-21   1  0  2  0  4  0  0
    7  3.7142204527634869e-22   0  1  2  0  4  0  0
    7 -6.9855811864089474e-21   1  0  1  1  4  0  0
    7  6.9855811864089474e-21   0  1  1  1  4  0  0
    7 -3.7142204527634869e-22   1  0  0  2  4  0  0
    7  1.5891813883861452e-21   0  1  0  2  4  0  0
    7 -2.4595558829294617e-21   2  0  0  0  5  0  0
    7  2.4595558829294617e-21   0  2  0  0  5  0  0
    7  2.5949753584738645e-21   0  0  2  0  5  0  0
    7 -2.5949753584738645e-21   0  0  0  2  5  0  0
    8  1.2127937846321637e-25   4  3  0  0  1  0  0
    8 -1.2127937846321637e-25   3  4  0  0  1  0  0
    8  2.1484630161923950e-25   2  1  2  2  1  0  0
    8 -2.1484630161923950e-25   1  2  2  2  1  0  0
    8 -4.1479941592229397e-25   5  1  0  0  2  0  0
    8 -2.6316301235442976e-25   4  2  0  0  2  0  0
    8  2.6316301235442976e-25   2  4  0  0  2  0  0
    8  4.1479941592229397e-25   1  5  0  0  2  0  0
    8  9.2450561832788109e-25   4  0  2  0  2  0  0
    8  1.5802909040884821e-25   3  1  2  0  2  0  0
    8 -1.4244686511088129e-25   2  2  2  0  2  0  0
    8  8.3522250215394198e-25   3  1  1  1  2  0  0
    8 -8.3522250215394198e-25   1  3  1  1  2  0  0
    8 -1.3872054782660682e-25   1  1  3  1  2  0  0
    8  1.0935340597161539e-25   0  2  3  1  2  0  0
    8  1.4244686511088129e-25   2  2  0  2  2  0  0
    8 -1.5802909040884821e-25   1  3  0  2  2  0  0
    8 -9.2450561832788109e-25   0  4  0  2  2  0  0
    8 -1.0935340597161536e-25   2  0  1  3  2  0  0
    8  1.3872054782660680e-25   1  1  1  3  2  0  0
    8  9.3674124251096429e-25   5  0  0  0  3  0  0
    8 -1.3639619038179750e-24   4  1  0  0  3  0  0
    8  6.7612781527982026e-24   3  2  0  0  3  0  0
    8 -6.7612781527982026e-24   2  3  0  0  3  0  0
    8  1.3639619038179750e-24   1  4  0  0  3  0  0
    8 -9.3674124251096429e-25   0  5  0  0  3  0  0
    8  2.1106772949613709e-25   3  0  2  0  3  0  0
    8  1.3261552130736205e-24   2  1  2  0  3  0  0
    8  1.2577964324720027e-24   1  2  2  0  3  0  0
    8 -1.1211329462728377e-25   0  3  2  0  3  0  0
    8 -1.0700565489891216e-25   1  0  4  0  3  0  0
    8  2.3131228603559908e-25   0  1  4  0  3  0  0
    8  1.6546471636176196e-25   3  0  1  1  3  0  0
    8  3.8396034678518714e-24   2  1  1  1  3  0  0
    8 -3.8396034678518714e-24   1  2  1  1  3  0  0
    8 -1.6546471636176196e-25   0  3  1  1  3  0  0
    8  4.9312630793051039e-25   0  1  3  1  3  0  0
    8  1.1211329462728377e-25   3  0  0  2  3  0  0
    8 -1.2577964324720027e-24   2  1  0  2  3  0  0
    8 -1.3261552130736205e-24   1  2  0  2  3  0  0
    8 -2.1106772949613709e-25   0  3  0  2  3  0  0
    8  1.8776176483991726e-24   1  0  2  2  3  0  0
    8 -1.8776176483991726e-24   0  1  2  2  3  0  0
    8 -4.9312630793051030e-25   1  0  1  3  3  0  0
    8 -2.3131228603559908e-25   1  0  0  4  3  0  0
    8  1.0700565489891216e-25   0  1  0  4  3  0  0
    8  2.4815529130183001e-24   4  0  0  0  4  0  0
    8 -3.3411943207876124e-25   3  1  0  0  4  0  0
    8  3.3411943207876124e-25   1  3  0  0  4  0  0
    8 -2.4815529130183001e-24   0  4  0  0  4  0  0
    8  2.3696106524043694e-24   2  0  2  0  4  0  0
    8 -7.7371485093936467e-24   1  1  2  0  4  0  0
    8 -2.3690090350433314e-24   0  2  2  0  4  0  0
    8  1.1154654567883929e-25   0  0  4  0  4  0  0
    8  1.8887373757531867e-23   2  0  1  1  4  0  0
    8 -1.8887373757531867e-23   0  2  1  1  4  0  0
    8 -2.0750023065479947e-24   0  0  3  1  4  0  0
    8  2.3690090350433314e-24   2  0  0  2  4  0  0
    8  7.7371485093936467e-24   1  1  0  2  4  0  0
    8 -2.3696106524043694e-24   0  2  0  2  4  0  0
    8  2.0750023065479947e-24   0  0  1  3  4  0  0
    8 -1.1154654567883929e-25   0  0  0  4  4  0  0
    8 -3.4691060815121315e-23   3  0  0  0  5  0  0
    8  1.7857932489973892e-22   2  1  0  0  5  0  0
    8 -1.7857932489973892e-22   1  2  0  0  5  0  0
    8  3.4691060815121315e-23   0  3  0  0  5  0  0
    8  4.5944388954827254e-23   1  0  2  0  5  0  0
    8 -3.6654576775265436e-24   0  1  2  0  5  0  0
    8 -7.8624700730142593e-24   1  0  1  1  5  0  0
    8  7.8624700730142593e-24   0  1  1  1  5  0  0
    8  3.6654576775265436e-24   1  0  0  2  5  0  0
    8 -4.5944388954827254e-23   0  1  0  2  5  0  0
    8  8.3586160306952956e-23   2  0  0  0  6  0  0
    8 -8.3586160306952956e-23   0  2  0  0  6  0  0
    8 -3.2850309284741857e-23   0  0  2  0  6  0  0
    8  3.2850309284741857e-23   0  0  0  2  6  0  0
 -422  0.0000000000000000e+00   0  0  0  0  0  0  0
