
tpsa, NO = 8, NV = 7, INA = 48092
------------------------------------------------------------------

   |I|         a                i  i  i  i  i  i  i
                I                1  2  3  4  5  6  7

    2 -3.4533150608475742e-06   1  1  0  0  0  0  0
    2 -1.9081940231439908e-05   0  0  1  1  0  0  0
    2  4.3081904011897624e-05   0  0  0  0  2  0  0
    3 -3.5356425634366152e-07   3  0  0  0  0  0  0
    3 -2.2834404681327416e-07   2  1  0  0  0  0  0
    3 -2.2834404681327416e-07   1  2  0  0  0  0  0
    3 -3.5356425634366152e-07   0  3  0  0  0  0  0
    3  2.0012478938165372e-06   1  0  2  0  0  0  0
    3 -8.4258540007690442e-07   0  1  2  0  0  0  0
    3 -1.4764862142262595e-07   1  0  1  1  0  0  0
    3 -1.4764862142262595e-07   0  1  1  1  0  0  0
    3 -8.4258540007690442e-07   1  0  0  2  0  0  0
    3  2.0012478938165372e-06   0  1  0  2  0  0  0
    3 -3.2196652271021542e-07   2  0  0  0  1  0  0
    3 -5.4202027294683705e-14   1  1  0  0  1  0  0
    3 -3.2196652271021542e-07   0  2  0  0  1  0  0
    3  7.9069702372694941e-07   0  0  2  0  1  0  0
    3 -4.3189895095998633e-14   0  0  1  1  1  0  0
    3  7.9069702372694941e-07   0  0  0  2  1  0  0
    3  1.1390724033599515e-20   1  0  0  0  2  0  0
    3  1.1390724033599515e-20   0  1  0  0  2  0  0
    3 -5.3224561276736388e-08   0  0  0  0  3  0  0
    4 -1.2068305491783374e-07   4  0  0  0  0  0  0
    4  1.5230116206003808e-08   3  1  0  0  0  0  0
    4  5.1958937392398087e-07   2  2  0  0  0  0  0
    4  1.5230116206003808e-08   1  3  0  0  0  0  0
    4 -1.2068305491783374e-07   0  4  0  0  0  0  0
    4 -2.9125031995340934e-07   2  0  2  0  0  0  0
    4 -4.5137639340430550e-07   1  1  2  0  0  0  0
    4  7.6580596540547750e-07   0  2  2  0  0  0  0
    4  3.4736751258393651e-07   0  0  4  0  0  0  0
    4  2.6084746433123392e-08   2  0  1  1  0  0  0
    4 -1.4077018721928481e-06   1  1  1  1  0  0  0
    4  2.6084746433123392e-08   0  2  1  1  0  0  0
    4 -5.6673766418228694e-07   0  0  3  1  0  0  0
    4  7.6580596540547750e-07   2  0  0  2  0  0  0
    4 -4.5137639340430550e-07   1  1  0  2  0  0  0
    4 -2.9125031995340934e-07   0  2  0  2  0  0  0
    4  2.3659843312552056e-07   0  0  2  2  0  0  0
    4 -5.6673766418228694e-07   0  0  1  3  0  0  0
    4  3.4736751258393651e-07   0  0  0  4  0  0  0
    4  4.8579309895563743e-08   3  0  0  0  1  0  0
    4 -2.2616000685953418e-07   2  1  0  0  1  0  0
    4 -2.2616000685953418e-07   1  2  0  0  1  0  0
    4  4.8579309895563743e-08   0  3  0  0  1  0  0
    4 -1.1493244348422206e-07   1  0  2  0  1  0  0
    4  9.9105300930084644e-07   0  1  2  0  1  0  0
    4 -2.6470939912711962e-07   1  0  1  1  1  0  0
    4 -2.6470939912711962e-07   0  1  1  1  1  0  0
    4  9.9105300930084644e-07   1  0  0  2  1  0  0
    4 -1.1493244348422206e-07   0  1  0  2  1  0  0
    4 -1.6110979575892319e-07   2  0  0  0  2  0  0
    4  4.6282982325486238e-07   1  1  0  0  2  0  0
    4 -1.6110979575892319e-07   0  2  0  0  2  0  0
    4  1.2645194845422339e-06   0  0  2  0  2  0  0
    4 -4.8727539357484079e-07   0  0  1  1  2  0  0
    4  1.2645194845422339e-06   0  0  0  2  2  0  0
    4 -6.3363757798004067e-21   1  0  0  0  3  0  0
    4 -6.3363757798004067e-21   0  1  0  0  3  0  0
    4  8.2063560199540898e-07   0  0  0  0  4  0  0
    5  1.2382581823504766e-07   5  0  0  0  0  0  0
    5  5.9835946135293327e-08   4  1  0  0  0  0  0
    5  1.1063052454424474e-07   3  2  0  0  0  0  0
    5  1.1063052454424474e-07   2  3  0  0  0  0  0
    5  5.9835946135293327e-08   1  4  0  0  0  0  0
    5  1.2382581823504766e-07   0  5  0  0  0  0  0
    5  1.3099383094734341e-07   3  0  2  0  0  0  0
    5 -1.0827719313556980e-07   2  1  2  0  0  0  0
    5 -1.2145711348463243e-06   1  2  2  0  0  0  0
    5 -6.6362890727097762e-08   0  3  2  0  0  0  0
    5  9.7711014804382342e-08   1  0  4  0  0  0  0
    5 -5.7123937563804835e-07   0  1  4  0  0  0  0
    5 -2.0209432480935895e-07   3  0  1  1  0  0  0
    5  1.6978008901474561e-07   2  1  1  1  0  0  0
    5  1.6978008901474561e-07   1  2  1  1  0  0  0
    5 -2.0209432480935895e-07   0  3  1  1  0  0  0
    5 -6.9378012253497312e-08   1  0  3  1  0  0  0
    5 -3.8610412580230292e-07   0  1  3  1  0  0  0
    5 -6.6362890727097762e-08   3  0  0  2  0  0  0
    5 -1.2145711348463243e-06   2  1  0  2  0  0  0
    5 -1.0827719313556980e-07   1  2  0  2  0  0  0
    5  1.3099383094734341e-07   0  3  0  2  0  0  0
    5  1.2205309894020781e-07   1  0  2  2  0  0  0
    5  1.2205309894020781e-07   0  1  2  2  0  0  0
    5 -3.8610412580230292e-07   1  0  1  3  0  0  0
    5 -6.9378012253497312e-08   0  1  1  3  0  0  0
    5 -5.7123937563804835e-07   1  0  0  4  0  0  0
    5  9.7711014804382342e-08   0  1  0  4  0  0  0
    5 -7.9688681000168176e-08   4  0  0  0  1  0  0
    5  6.0484814813949907e-08   3  1  0  0  1  0  0
    5  1.0140759950837582e-06   2  2  0  0  1  0  0
    5  6.0484814813949907e-08   1  3  0  0  1  0  0
    5 -7.9688681000168176e-08   0  4  0  0  1  0  0
    5 -1.5874810283211343e-08   2  0  2  0  1  0  0
    5 -2.4645619988704051e-07   1  1  2  0  1  0  0
    5  1.1804959315887593e-08   0  2  2  0  1  0  0
    5 -1.3267536431758358e-07   0  0  4  0  1  0  0
    5 -2.1482032621726179e-07   2  0  1  1  1  0  0
    5  1.0201811398090497e-06   1  1  1  1  1  0  0
    5 -2.1482032621726179e-07   0  2  1  1  1  0  0
    5 -3.5218820340546455e-08   0  0  3  1  1  0  0
    5  1.1804959315887593e-08   2  0  0  2  1  0  0
    5 -2.4645619988704051e-07   1  1  0  2  1  0  0
    5 -1.5874810283211343e-08   0  2  0  2  1  0  0
    5  2.3783821747173068e-07   0  0  2  2  1  0  0
    5 -3.5218820340546455e-08   0  0  1  3  1  0  0
    5 -1.3267536431758358e-07   0  0  0  4  1  0  0
    5  7.4121501213362607e-08   3  0  0  0  2  0  0
    5 -7.4602102965546629e-08   2  1  0  0  2  0  0
    5 -7.4602102965546629e-08   1  2  0  0  2  0  0
    5  7.4121501213362607e-08   0  3  0  0  2  0  0
    5 -1.0541726747068741e-07   1  0  2  0  2  0  0
    5  7.2167670105509143e-07   0  1  2  0  2  0  0
    5 -2.6582073481496428e-07   1  0  1  1  2  0  0
    5 -2.6582073481496428e-07   0  1  1  1  2  0  0
    5  7.2167670105509143e-07   1  0  0  2  2  0  0
    5 -1.0541726747068741e-07   0  1  0  2  2  0  0
    5  5.8986534123953664e-08   2  0  0  0  3  0  0
    5  9.1410486024174862e-07   1  1  0  0  3  0  0
    5  5.8986534123953664e-08   0  2  0  0  3  0  0
    5 -2.4925689544333631e-07   0  0  2  0  3  0  0
    5 -1.9373191311703071e-07   0  0  1  1  3  0  0
    5 -2.4925689544333631e-07   0  0  0  2  3  0  0
    5 -2.7650249542148373e-21   1  0  0  0  4  0  0
    5 -2.7650249542148373e-21   0  1  0  0  4  0  0
    5 -1.3176785483386486e-07   0  0  0  0  5  0  0
    6 -4.7325157317528719e-08   6  0  0  0  0  0  0
    6  1.8168735430980719e-07   5  1  0  0  0  0  0
    6  8.2192586536066460e-08   4  2  0  0  0  0  0
    6 -1.4568994532858813e-07   3  3  0  0  0  0  0
    6  8.2192586536066460e-08   2  4  0  0  0  0  0
    6  1.8168735430980719e-07   1  5  0  0  0  0  0
    6 -4.7325157317528719e-08   0  6  0  0  0  0  0
    6 -3.5588750592396815e-07   4  0  2  0  0  0  0
    6 -2.4771125801216519e-08   3  1  2  0  0  0  0
    6 -2.6107314836200566e-07   2  2  2  0  0  0  0
    6 -5.5209802505136568e-08   1  3  2  0  0  0  0
    6 -1.0827703106697272e-07   0  4  2  0  0  0  0
    6  5.3558878095810144e-08   2  0  4  0  0  0  0
    6  4.3218168469746209e-07   1  1  4  0  0  0  0
    6  5.1320005343995244e-08   0  2  4  0  0  0  0
    6  9.6525707297065542e-08   0  0  6  0  0  0  0
    6 -4.5025550573481137e-09   4  0  1  1  0  0  0
    6  1.8040794062922092e-07   3  1  1  1  0  0  0
    6 -1.3974495238917619e-06   2  2  1  1  0  0  0
    6  1.8040794062922092e-07   1  3  1  1  0  0  0
    6 -4.5025550573481137e-09   0  4  1  1  0  0  0
    6  8.5635243590079501e-09   2  0  3  1  0  0  0
    6  1.6135469554912258e-07   1  1  3  1  0  0  0
    6  8.1530821282417027e-08   0  2  3  1  0  0  0
    6  2.6530202248933340e-08   0  0  5  1  0  0  0
    6 -1.0827703106697272e-07   4  0  0  2  0  0  0
    6 -5.5209802505136568e-08   3  1  0  2  0  0  0
    6 -2.6107314836200566e-07   2  2  0  2  0  0  0
    6 -2.4771125801216519e-08   1  3  0  2  0  0  0
    6 -3.5588750592396815e-07   0  4  0  2  0  0  0
    6  7.3207790626468951e-08   2  0  2  2  0  0  0
    6 -3.6631406582729669e-07   1  1  2  2  0  0  0
    6  7.3207790626468951e-08   0  2  2  2  0  0  0
    6  2.6867528839097176e-08   0  0  4  2  0  0  0
    6  8.1530821282417027e-08   2  0  1  3  0  0  0
    6  1.6135469554912258e-07   1  1  1  3  0  0  0
    6  8.5635243590079501e-09   0  2  1  3  0  0  0
    6 -1.0897089040536686e-07   0  0  3  3  0  0  0
    6  5.1320005343995244e-08   2  0  0  4  0  0  0
    6  4.3218168469746209e-07   1  1  0  4  0  0  0
    6  5.3558878095810144e-08   0  2  0  4  0  0  0
    6  2.6867528839097176e-08   0  0  2  4  0  0  0
    6  2.6530202248933340e-08   0  0  1  5  0  0  0
    6  9.6525707297065542e-08   0  0  0  6  0  0  0
    6  1.8043451932448328e-07   5  0  0  0  1  0  0
    6  1.7229770552141902e-07   4  1  0  0  1  0  0
    6  2.2615252314054142e-07   3  2  0  0  1  0  0
    6  2.2615252314054142e-07   2  3  0  0  1  0  0
    6  1.7229770552141902e-07   1  4  0  0  1  0  0
    6  1.8043451932448328e-07   0  5  0  0  1  0  0
    6 -1.7150701594389098e-08   3  0  2  0  1  0  0
    6  3.4230491284596957e-07   2  1  2  0  1  0  0
    6 -4.3147890931430117e-07   1  2  2  0  1  0  0
    6 -1.1811283119911094e-07   0  3  2  0  1  0  0
    6  5.2507839496068777e-08   1  0  4  0  1  0  0
    6 -1.4852561538991441e-07   0  1  4  0  1  0  0
    6  1.0576516588738473e-07   3  0  1  1  1  0  0
    6  2.9038116239601587e-07   2  1  1  1  1  0  0
    6  2.9038116239601587e-07   1  2  1  1  1  0  0
    6  1.0576516588738473e-07   0  3  1  1  1  0  0
    6 -8.0505518058539537e-09   1  0  3  1  1  0  0
    6 -8.4649240592740927e-08   0  1  3  1  1  0  0
    6 -1.1811283119911094e-07   3  0  0  2  1  0  0
    6 -4.3147890931430117e-07   2  1  0  2  1  0  0
    6  3.4230491284596957e-07   1  2  0  2  1  0  0
    6 -1.7150701594389098e-08   0  3  0  2  1  0  0
    6  2.1880854159118150e-07   1  0  2  2  1  0  0
    6  2.1880854159118150e-07   0  1  2  2  1  0  0
    6 -8.4649240592740927e-08   1  0  1  3  1  0  0
    6 -8.0505518058539537e-09   0  1  1  3  1  0  0
    6 -1.4852561538991441e-07   1  0  0  4  1  0  0
    6  5.2507839496068777e-08   0  1  0  4  1  0  0
    6  1.0349170092900743e-07   4  0  0  0  2  0  0
    6  1.7111301954718931e-07   3  1  0  0  2  0  0
    6 -1.1289384451225707e-06   2  2  0  0  2  0  0
    6  1.7111301954718931e-07   1  3  0  0  2  0  0
    6  1.0349170092900743e-07   0  4  0  0  2  0  0
    6 -2.0907023240631605e-08   2  0  2  0  2  0  0
    6  1.7469347256180829e-07   1  1  2  0  2  0  0
    6  4.1598778464776537e-08   0  2  2  0  2  0  0
    6 -9.5489846188996993e-08   0  0  4  0  2  0  0
    6 -7.6852276408850443e-08   2  0  1  1  2  0  0
    6  3.3822018989963916e-07   1  1  1  1  2  0  0
    6 -7.6852276408850443e-08   0  2  1  1  2  0  0
    6  2.7626183005218816e-08   0  0  3  1  2  0  0
    6  4.1598778464776537e-08   2  0  0  2  2  0  0
    6  1.7469347256180829e-07   1  1  0  2  2  0  0
    6 -2.0907023240631605e-08   0  2  0  2  2  0  0
    6  1.1549145508397131e-07   0  0  2  2  2  0  0
    6  2.7626183005218816e-08   0  0  1  3  2  0  0
    6 -9.5489846188996993e-08   0  0  0  4  2  0  0
    6  3.6058078915774445e-08   3  0  0  0  3  0  0
    6  1.6382129635724579e-07   2  1  0  0  3  0  0
    6  1.6382129635724579e-07   1  2  0  0  3  0  0
    6  3.6058078915774445e-08   0  3  0  0  3  0  0
    6  2.8040844221795833e-07   1  0  2  0  3  0  0
    6  2.2361843815918363e-07   0  1  2  0  3  0  0
    6 -1.2764212942817737e-07   1  0  1  1  3  0  0
    6 -1.2764212942817737e-07   0  1  1  1  3  0  0
    6  2.2361843815918363e-07   1  0  0  2  3  0  0
    6  2.8040844221795833e-07   0  1  0  2  3  0  0
    6  1.0329891165761287e-07   2  0  0  0  4  0  0
    6 -6.8268011075408961e-07   1  1  0  0  4  0  0
    6  1.0329891165761287e-07   0  2  0  0  4  0  0
    6  1.2290295238449248e-08   0  0  2  0  4  0  0
    6 -9.5989519946044697e-08   0  0  1  1  4  0  0
    6  1.2290295238449248e-08   0  0  0  2  4  0  0
    6 -9.3657600585327811e-22   1  0  0  0  5  0  0
    6 -9.3657600585327811e-22   0  1  0  0  5  0  0
    6 -4.7887677005700662e-08   0  0  0  0  6  0  0
    7  2.7172301403864595e-08   7  0  0  0  0  0  0
    7 -7.6194868155893154e-09   6  1  0  0  0  0  0
    7  3.2301896315988179e-09   5  2  0  0  0  0  0
    7  7.1746136835110485e-08   4  3  0  0  0  0  0
    7  7.1746136835110485e-08   3  4  0  0  0  0  0
    7  3.2301896315988179e-09   2  5  0  0  0  0  0
    7 -7.6194868155893154e-09   1  6  0  0  0  0  0
    7  2.7172301403864595e-08   0  7  0  0  0  0  0
    7 -1.3709199347900999e-07   5  0  2  0  0  0  0
    7 -3.6555876557335360e-07   4  1  2  0  0  0  0
    7 -5.9778222779514257e-07   3  2  2  0  0  0  0
    7 -4.3579428538788131e-07   2  3  2  0  0  0  0
    7 -1.0082146563192740e-07   1  4  2  0  0  0  0
    7 -7.2163703301943176e-08   0  5  2  0  0  0  0
    7 -1.1219730404885360e-07   3  0  4  0  0  0  0
    7 -4.6542346174761550e-08   2  1  4  0  0  0  0
    7  3.1368391072116315e-07   1  2  4  0  0  0  0
    7 -1.0692323716306353e-08   0  3  4  0  0  0  0
    7 -3.7365376323842783e-08   1  0  6  0  0  0  0
    7  3.1122543267264667e-08   0  1  6  0  0  0  0
    7 -6.5944188574966062e-08   5  0  1  1  0  0  0
    7 -1.5962376907215901e-07   4  1  1  1  0  0  0
    7 -2.2716769173023965e-07   3  2  1  1  0  0  0
    7 -2.2716769173023965e-07   2  3  1  1  0  0  0
    7 -1.5962376907215901e-07   1  4  1  1  0  0  0
    7 -6.5944188574966062e-08   0  5  1  1  0  0  0
    7 -4.3213267123242454e-08   3  0  3  1  0  0  0
    7 -3.6646971275335670e-07   2  1  3  1  0  0  0
    7  1.9046477545530184e-07   1  2  3  1  0  0  0
    7 -6.6982057392179039e-08   0  3  3  1  0  0  0
    7 -1.0444939951666030e-08   1  0  5  1  0  0  0
    7 -2.2433588636368377e-08   0  1  5  1  0  0  0
    7 -7.2163703301943176e-08   5  0  0  2  0  0  0
    7 -1.0082146563192740e-07   4  1  0  2  0  0  0
    7 -4.3579428538788131e-07   3  2  0  2  0  0  0
    7 -5.9778222779514257e-07   2  3  0  2  0  0  0
    7 -3.6555876557335360e-07   1  4  0  2  0  0  0
    7 -1.3709199347900999e-07   0  5  0  2  0  0  0
    7  4.3199498038479934e-09   3  0  2  2  0  0  0
    7 -3.7317124339612757e-07   2  1  2  2  0  0  0
    7 -3.7317124339612757e-07   1  2  2  2  0  0  0
    7  4.3199498038479934e-09   0  3  2  2  0  0  0
    7 -2.3734602652526190e-08   1  0  4  2  0  0  0
    7 -8.5922885573980271e-08   0  1  4  2  0  0  0
    7 -6.6982057392179039e-08   3  0  1  3  0  0  0
    7  1.9046477545530184e-07   2  1  1  3  0  0  0
    7 -3.6646971275335670e-07   1  2  1  3  0  0  0
    7 -4.3213267123242454e-08   0  3  1  3  0  0  0
    7 -6.9030105073862478e-08   1  0  3  3  0  0  0
    7 -6.9030105073862478e-08   0  1  3  3  0  0  0
    7 -1.0692323716306353e-08   3  0  0  4  0  0  0
    7  3.1368391072116315e-07   2  1  0  4  0  0  0
    7 -4.6542346174761550e-08   1  2  0  4  0  0  0
    7 -1.1219730404885360e-07   0  3  0  4  0  0  0
    7 -8.5922885573980271e-08   1  0  2  4  0  0  0
    7 -2.3734602652526190e-08   0  1  2  4  0  0  0
    7 -2.2433588636368377e-08   1  0  1  5  0  0  0
    7 -1.0444939951666030e-08   0  1  1  5  0  0  0
    7  3.1122543267264667e-08   1  0  0  6  0  0  0
    7 -3.7365376323842783e-08   0  1  0  6  0  0  0
    7 -5.5275712327074062e-08   6  0  0  0  1  0  0
    7  2.9339252624478915e-07   5  1  0  0  1  0  0
    7  1.3582147560935056e-07   4  2  0  0  1  0  0
    7  2.9167529344758571e-07   3  3  0  0  1  0  0
    7  1.3582147560935056e-07   2  4  0  0  1  0  0
    7  2.9339252624478915e-07   1  5  0  0  1  0  0
    7 -5.5275712327074062e-08   0  6  0  0  1  0  0
    7 -8.4645958204611088e-08   4  0  2  0  1  0  0
    7 -1.1929175445177269e-07   3  1  2  0  1  0  0
    7  2.1269066613197175e-08   2  2  2  0  1  0  0
    7  3.3119296866005065e-08   1  3  2  0  1  0  0
    7 -3.4150312836852463e-08   0  4  2  0  1  0  0
    7 -7.5961995039425212e-08   2  0  4  0  1  0  0
    7  1.8017386825116444e-07   1  1  4  0  1  0  0
    7 -3.0784686357480561e-09   0  2  4  0  1  0  0
    7  2.1582670121496675e-08   0  0  6  0  1  0  0
    7  4.9832415930965696e-08   4  0  1  1  1  0  0
    7 -3.6163314559063231e-08   3  1  1  1  1  0  0
    7  5.3647768808360387e-07   2  2  1  1  1  0  0
    7 -3.6163314559063231e-08   1  3  1  1  1  0  0
    7  4.9832415930965696e-08   0  4  1  1  1  0  0
    7 -2.6720269926169849e-08   2  0  3  1  1  0  0
    7 -2.3301909788321241e-07   1  1  3  1  1  0  0
    7  8.5069948687255193e-08   0  2  3  1  1  0  0
    7 -1.6998833027309979e-08   0  0  5  1  1  0  0
    7 -3.4150312836852463e-08   4  0  0  2  1  0  0
    7  3.3119296866005065e-08   3  1  0  2  1  0  0
    7  2.1269066613197175e-08   2  2  0  2  1  0  0
    7 -1.1929175445177269e-07   1  3  0  2  1  0  0
    7 -8.4645958204611088e-08   0  4  0  2  1  0  0
    7 -2.3776881800253389e-08   2  0  2  2  1  0  0
    7 -1.9371039480141875e-08   1  1  2  2  1  0  0
    7 -2.3776881800253389e-08   0  2  2  2  1  0  0
    7 -3.3597528815023469e-08   0  0  4  2  1  0  0
    7  8.5069948687255193e-08   2  0  1  3  1  0  0
    7 -2.3301909788321241e-07   1  1  1  3  1  0  0
    7 -2.6720269926169849e-08   0  2  1  3  1  0  0
    7  7.8529691483422329e-08   0  0  3  3  1  0  0
    7 -3.0784686357480561e-09   2  0  0  4  1  0  0
    7  1.8017386825116444e-07   1  1  0  4  1  0  0
    7 -7.5961995039425212e-08   0  2  0  4  1  0  0
    7 -3.3597528815023469e-08   0  0  2  4  1  0  0
    7 -1.6998833027309979e-08   0  0  1  5  1  0  0
    7  2.1582670121496675e-08   0  0  0  6  1  0  0
    7 -9.8634696494656605e-08   5  0  0  0  2  0  0
    7 -7.4443649636213407e-08   4  1  0  0  2  0  0
    7 -2.6692908893596886e-09   3  2  0  0  2  0  0
    7 -2.6692908893596886e-09   2  3  0  0  2  0  0
    7 -7.4443649636213407e-08   1  4  0  0  2  0  0
    7 -9.8634696494656605e-08   0  5  0  0  2  0  0
    7  1.0016648348312778e-07   3  0  2  0  2  0  0
    7 -4.8633674163442618e-07   2  1  2  0  2  0  0
    7 -5.2234910787303766e-08   1  2  2  0  2  0  0
    7 -5.9091270402459052e-08   0  3  2  0  2  0  0
    7 -5.8284348741412107e-08   1  0  4  0  2  0  0
    7  5.8839166385341872e-08   0  1  4  0  2  0  0
    7  8.0876621967642516e-08   3  0  1  1  2  0  0
    7  2.6946212299431594e-07   2  1  1  1  2  0  0
    7  2.6946212299431594e-07   1  2  1  1  2  0  0
    7  8.0876621967642516e-08   0  3  1  1  2  0  0
    7 -2.0605105348218545e-07   1  0  3  1  2  0  0
    7  1.1526695769522847e-07   0  1  3  1  2  0  0
    7 -5.9091270402459052e-08   3  0  0  2  2  0  0
    7 -5.2234910787303766e-08   2  1  0  2  2  0  0
    7 -4.8633674163442618e-07   1  2  0  2  2  0  0
    7  1.0016648348312778e-07   0  3  0  2  2  0  0
    7  2.0789636020785159e-07   1  0  2  2  2  0  0
    7  2.0789636020785159e-07   0  1  2  2  2  0  0
    7  1.1526695769522847e-07   1  0  1  3  2  0  0
    7 -2.0605105348218545e-07   0  1  1  3  2  0  0
    7  5.8839166385341872e-08   1  0  0  4  2  0  0
    7 -5.8284348741412107e-08   0  1  0  4  2  0  0
    7  4.1197684918252564e-08   4  0  0  0  3  0  0
    7 -8.2942172346306328e-08   3  1  0  0  3  0  0
    7  4.1124824762193137e-07   2  2  0  0  3  0  0
    7 -8.2942172346306328e-08   1  3  0  0  3  0  0
    7  4.1197684918252564e-08   0  4  0  0  3  0  0
    7 -2.1634233608525428e-09   2  0  2  0  3  0  0
    7  2.6221486607260781e-07   1  1  2  0  3  0  0
    7  5.5995512213602900e-08   0  2  2  0  3  0  0
    7 -2.3263414538437802e-08   0  0  4  0  3  0  0
    7  1.1814935714419699e-07   2  0  1  1  3  0  0
    7 -2.6909558005531194e-07   1  1  1  1  3  0  0
    7  1.1814935714419699e-07   0  2  1  1  3  0  0
    7  2.9664138931932483e-08   0  0  3  1  3  0  0
    7  5.5995512213602900e-08   2  0  0  2  3  0  0
    7  2.6221486607260781e-07   1  1  0  2  3  0  0
    7 -2.1634233608525428e-09   0  2  0  2  3  0  0
    7 -8.7146082336971886e-08   0  0  2  2  3  0  0
    7  2.9664138931932483e-08   0  0  1  3  3  0  0
    7 -2.3263414538437802e-08   0  0  0  4  3  0  0
    7 -5.2863024259894090e-08   3  0  0  0  4  0  0
    7 -1.7420031011740379e-08   2  1  0  0  4  0  0
    7 -1.7420031011740379e-08   1  2  0  0  4  0  0
    7 -5.2863024259894090e-08   0  3  0  0  4  0  0
    7 -3.4242707337800055e-08   1  0  2  0  4  0  0
    7  6.5712374471807774e-08   0  1  2  0  4  0  0
    7 -1.3862364533798787e-07   1  0  1  1  4  0  0
    7 -1.3862364533798787e-07   0  1  1  1  4  0  0
    7  6.5712374471807774e-08   1  0  0  2  4  0  0
    7 -3.4242707337800055e-08   0  1  0  2  4  0  0
    7 -2.4176511573076543e-08   2  0  0  0  5  0  0
    7  5.6476210357976858e-07   1  1  0  0  5  0  0
    7 -2.4176511573076543e-08   0  2  0  0  5  0  0
    7  2.1393967341569509e-08   0  0  2  0  5  0  0
    7  9.3865940399513131e-08   0  0  1  1  5  0  0
    7  2.1393967341569509e-08   0  0  0  2  5  0  0
    7  1.0595004387882263e-21   1  0  0  0  6  0  0
    7  1.0595004387882263e-21   0  1  0  0  6  0  0
    7  4.7503625119629212e-08   0  0  0  0  7  0  0
    8 -1.3090460368409001e-09   8  0  0  0  0  0  0
    8  9.3466894268782475e-09   7  1  0  0  0  0  0
    8  8.1352485306631861e-09   6  2  0  0  0  0  0
    8  1.3731506180823139e-08   5  3  0  0  0  0  0
    8  2.3710816661415587e-08   4  4  0  0  0  0  0
    8  1.3731506180823139e-08   3  5  0  0  0  0  0
    8  8.1352485306631861e-09   2  6  0  0  0  0  0
    8  9.3466894268782475e-09   1  7  0  0  0  0  0
    8 -1.3090460368409001e-09   0  8  0  0  0  0  0
    8  2.0175787724089210e-07   6  0  2  0  0  0  0
    8  2.8502422774234674e-07   5  1  2  0  0  0  0
    8 -3.4559319104295949e-07   4  2  2  0  0  0  0
    8 -6.3105446441025995e-07   3  3  2  0  0  0  0
    8 -2.0008219797388275e-07   2  4  2  0  0  0  0
    8 -8.4160723854028231e-08   1  5  2  0  0  0  0
    8  3.5359391720517275e-08   0  6  2  0  0  0  0
    8  1.3293736801732477e-07   4  0  4  0  0  0  0
    8  1.4686200608755521e-07   3  1  4  0  0  0  0
    8 -8.5986903408421784e-08   2  2  4  0  0  0  0
    8  1.4510433635623056e-07   1  3  4  0  0  0  0
    8  7.6860191611699328e-08   0  4  4  0  0  0  0
    8  1.3945787062270719e-09   2  0  6  0  0  0  0
    8 -1.5397444753245569e-07   1  1  6  0  0  0  0
    8  2.3963428369663851e-08   0  2  6  0  0  0  0
    8 -1.1521830363722546e-08   0  0  8  0  0  0  0
    8  5.5412316435293132e-08   6  0  1  1  0  0  0
    8 -1.9399563819691456e-07   5  1  1  1  0  0  0
    8 -6.1570649767303205e-08   4  2  1  1  0  0  0
    8 -4.5641753857095248e-07   3  3  1  1  0  0  0
    8 -6.1570649767303205e-08   2  4  1  1  0  0  0
    8 -1.9399563819691456e-07   1  5  1  1  0  0  0
    8  5.5412316435293132e-08   0  6  1  1  0  0  0
    8 -2.0108274275918599e-07   4  0  3  1  0  0  0
    8 -8.5103062813103710e-08   3  1  3  1  0  0  0
    8  1.3228131146597888e-08   2  2  3  1  0  0  0
    8 -3.1647178420758611e-07   1  3  3  1  0  0  0
    8  7.5391534759723764e-08   0  4  3  1  0  0  0
    8  3.4100355994838315e-08   2  0  5  1  0  0  0
    8 -1.0875572593731392e-08   1  1  5  1  0  0  0
    8 -1.4388291516446613e-09   0  2  5  1  0  0  0
    8  2.7098259878872646e-08   0  0  7  1  0  0  0
    8  3.5359391720517275e-08   6  0  0  2  0  0  0
    8 -8.4160723854028231e-08   5  1  0  2  0  0  0
    8 -2.0008219797388275e-07   4  2  0  2  0  0  0
    8 -6.3105446441025995e-07   3  3  0  2  0  0  0
    8 -3.4559319104295949e-07   2  4  0  2  0  0  0
    8  2.8502422774234674e-07   1  5  0  2  0  0  0
    8  2.0175787724089210e-07   0  6  0  2  0  0  0
    8 -2.3810385810071420e-08   4  0  2  2  0  0  0
    8 -1.9363356199045200e-07   3  1  2  2  0  0  0
    8  2.7169386463333866e-07   2  2  2  2  0  0  0
    8 -1.9363356199045200e-07   1  3  2  2  0  0  0
    8 -2.3810385810071420e-08   0  4  2  2  0  0  0
    8  9.8269735384950068e-08   2  0  4  2  0  0  0
    8  9.5318736753194657e-08   1  1  4  2  0  0  0
    8 -4.6749884389617859e-08   0  2  4  2  0  0  0
    8  2.9486264622971161e-08   0  0  6  2  0  0  0
    8  7.5391534759723764e-08   4  0  1  3  0  0  0
    8 -3.1647178420758611e-07   3  1  1  3  0  0  0
    8  1.3228131146597888e-08   2  2  1  3  0  0  0
    8 -8.5103062813103710e-08   1  3  1  3  0  0  0
    8 -2.0108274275918599e-07   0  4  1  3  0  0  0
    8  2.5549971511725073e-08   2  0  3  3  0  0  0
    8 -1.3105962255437675e-07   1  1  3  3  0  0  0
    8  2.5549971511725073e-08   0  2  3  3  0  0  0
    8 -2.6956307383925818e-09   0  0  5  3  0  0  0
    8  7.6860191611699328e-08   4  0  0  4  0  0  0
    8  1.4510433635623056e-07   3  1  0  4  0  0  0
    8 -8.5986903408421784e-08   2  2  0  4  0  0  0
    8  1.4686200608755521e-07   1  3  0  4  0  0  0
    8  1.3293736801732477e-07   0  4  0  4  0  0  0
    8 -4.6749884389617859e-08   2  0  2  4  0  0  0
    8  9.5318736753194657e-08   1  1  2  4  0  0  0
    8  9.8269735384950068e-08   0  2  2  4  0  0  0
    8 -1.7362651627279870e-08   0  0  4  4  0  0  0
    8 -1.4388291516446613e-09   2  0  1  5  0  0  0
    8 -1.0875572593731392e-08   1  1  1  5  0  0  0
    8  3.4100355994838315e-08   0  2  1  5  0  0  0
    8 -2.6956307383925818e-09   0  0  3  5  0  0  0
    8  2.3963428369663851e-08   2  0  0  6  0  0  0
    8 -1.5397444753245569e-07   1  1  0  6  0  0  0
    8  1.3945787062270719e-09   0  2  0  6  0  0  0
    8  2.9486264622971161e-08   0  0  2  6  0  0  0
    8  2.7098259878872646e-08   0  0  1  7  0  0  0
    8 -1.1521830363722546e-08   0  0  0  8  0  0  0
    8  4.6498725137147022e-08   7  0  0  0  1  0  0
    8 -7.3180044123953741e-08   6  1  0  0  1  0  0
    8  1.7908846237388551e-07   5  2  0  0  1  0  0
    8  2.2067495251558778e-07   4  3  0  0  1  0  0
    8  2.2067495251558778e-07   3  4  0  0  1  0  0
    8  1.7908846237388551e-07   2  5  0  0  1  0  0
    8 -7.3180044123953741e-08   1  6  0  0  1  0  0
    8  4.6498725137147022e-08   0  7  0  0  1  0  0
    8  3.9452200649361458e-07   5  0  2  0  1  0  0
    8 -4.2707254305617018e-07   4  1  2  0  1  0  0
    8  2.1460446194592517e-07   3  2  2  0  1  0  0
    8 -1.9182594495113530e-07   2  3  2  0  1  0  0
    8 -3.0848167194221660e-08   1  4  2  0  1  0  0
    8 -3.9186225356671472e-08   0  5  2  0  1  0  0
    8  1.2094918042375770e-08   3  0  4  0  1  0  0
    8  1.2938898244590581e-07   2  1  4  0  1  0  0
    8 -8.5254105517591209e-08   1  2  4  0  1  0  0
    8  3.5433978816712170e-08   0  3  4  0  1  0  0
    8 -2.1182037581697355e-08   1  0  6  0  1  0  0
    8  1.5831892159462258e-08   0  1  6  0  1  0  0
    8  9.7759909016500901e-08   5  0  1  1  1  0  0
    8  3.1881041591392146e-08   4  1  1  1  1  0  0
    8 -1.5824503830890532e-08   3  2  1  1  1  0  0
    8 -1.5824503830890532e-08   2  3  1  1  1  0  0
    8  3.1881041591392146e-08   1  4  1  1  1  0  0
    8  9.7759909016500901e-08   0  5  1  1  1  0  0
    8 -1.5792621824300484e-07   3  0  3  1  1  0  0
    8  4.5404639695492268e-07   2  1  3  1  1  0  0
    8 -5.3037699796187804e-07   1  2  3  1  1  0  0
    8  1.0263490509348611e-08   0  3  3  1  1  0  0
    8  3.9307931607051584e-08   1  0  5  1  1  0  0
    8 -8.6388580327889927e-08   0  1  5  1  1  0  0
    8 -3.9186225356671472e-08   5  0  0  2  1  0  0
    8 -3.0848167194221660e-08   4  1  0  2  1  0  0
    8 -1.9182594495113530e-07   3  2  0  2  1  0  0
    8  2.1460446194592517e-07   2  3  0  2  1  0  0
    8 -4.2707254305617018e-07   1  4  0  2  1  0  0
    8  3.9452200649361458e-07   0  5  0  2  1  0  0
    8 -3.2688561912728364e-08   3  0  2  2  1  0  0
    8 -1.5322566948338089e-07   2  1  2  2  1  0  0
    8 -1.5322566948338089e-07   1  2  2  2  1  0  0
    8 -3.2688561912728364e-08   0  3  2  2  1  0  0
    8  6.8310716767105500e-08   1  0  4  2  1  0  0
    8 -5.3721647990837304e-08   0  1  4  2  1  0  0
    8  1.0263490509348611e-08   3  0  1  3  1  0  0
    8 -5.3037699796187804e-07   2  1  1  3  1  0  0
    8  4.5404639695492268e-07   1  2  1  3  1  0  0
    8 -1.5792621824300484e-07   0  3  1  3  1  0  0
    8  3.8497520060018886e-09   1  0  3  3  1  0  0
    8  3.8497520060018886e-09   0  1  3  3  1  0  0
    8  3.5433978816712170e-08   3  0  0  4  1  0  0
    8 -8.5254105517591209e-08   2  1  0  4  1  0  0
    8  1.2938898244590581e-07   1  2  0  4  1  0  0
    8  1.2094918042375770e-08   0  3  0  4  1  0  0
    8 -5.3721647990837304e-08   1  0  2  4  1  0  0
    8  6.8310716767105500e-08   0  1  2  4  1  0  0
    8 -8.6388580327889927e-08   1  0  1  5  1  0  0
    8  3.9307931607051584e-08   0  1  1  5  1  0  0
    8  1.5831892159462258e-08   1  0  0  6  1  0  0
    8 -2.1182037581697355e-08   0  1  0  6  1  0  0
    8  4.4887210125593669e-08   6  0  0  0  2  0  0
    8 -2.0873887390624636e-07   5  1  0  0  2  0  0
    8  9.2484635929696398e-08   4  2  0  0  2  0  0
    8  9.4659135339329989e-08   3  3  0  0  2  0  0
    8  9.2484635929696398e-08   2  4  0  0  2  0  0
    8 -2.0873887390624636e-07   1  5  0  0  2  0  0
    8  4.4887210125593669e-08   0  6  0  0  2  0  0
    8  8.7008561285154853e-07   4  0  2  0  2  0  0
    8 -7.5107768924954372e-09   3  1  2  0  2  0  0
    8 -9.1719772177558511e-08   2  2  2  0  2  0  0
    8 -2.7305811207548082e-07   1  3  2  0  2  0  0
    8  3.2911871455261746e-08   0  4  2  0  2  0  0
    8  9.8175641568208177e-08   2  0  4  0  2  0  0
    8  5.0298399649267764e-08   1  1  4  0  2  0  0
    8  2.7544721191338155e-08   0  2  4  0  2  0  0
    8 -1.9297281506850938e-08   0  0  6  0  2  0  0
    8  1.0376491258960378e-07   4  0  1  1  2  0  0
    8 -1.7932908235801958e-07   3  1  1  1  2  0  0
    8  6.1363072012885826e-07   2  2  1  1  2  0  0
    8 -1.7932908235801958e-07   1  3  1  1  2  0  0
    8  1.0376491258960378e-07   0  4  1  1  2  0  0
    8 -2.5380255285870574e-08   2  0  3  1  2  0  0
    8 -1.4119905348586442e-07   1  1  3  1  2  0  0
    8 -5.5240772490228403e-08   0  2  3  1  2  0  0
    8 -3.2301799221558361e-08   0  0  5  1  2  0  0
    8  3.2911871455261746e-08   4  0  0  2  2  0  0
    8 -2.7305811207548082e-07   3  1  0  2  2  0  0
    8 -9.1719772177558511e-08   2  2  0  2  2  0  0
    8 -7.5107768924954372e-09   1  3  0  2  2  0  0
    8  8.7008561285154853e-07   0  4  0  2  2  0  0
    8 -9.9754723979733453e-08   2  0  2  2  2  0  0
    8  2.7306007755885513e-07   1  1  2  2  2  0  0
    8 -9.9754723979733453e-08   0  2  2  2  2  0  0
    8 -2.1086904900997117e-08   0  0  4  2  2  0  0
    8 -5.5240772490228403e-08   2  0  1  3  2  0  0
    8 -1.4119905348586442e-07   1  1  1  3  2  0  0
    8 -2.5380255285870574e-08   0  2  1  3  2  0  0
    8  3.2010321272741611e-08   0  0  3  3  2  0  0
    8  2.7544721191338155e-08   2  0  0  4  2  0  0
    8  5.0298399649267764e-08   1  1  0  4  2  0  0
    8  9.8175641568208177e-08   0  2  0  4  2  0  0
    8 -2.1086904900997117e-08   0  0  2  4  2  0  0
    8 -3.2301799221558361e-08   0  0  1  5  2  0  0
    8 -1.9297281506850938e-08   0  0  0  6  2  0  0
    8 -3.6718444273826595e-08   5  0  0  0  3  0  0
    8  1.1008983919920521e-07   4  1  0  0  3  0  0
    8 -1.4158159220703961e-08   3  2  0  0  3  0  0
    8 -1.4158159220703961e-08   2  3  0  0  3  0  0
    8  1.1008983919920521e-07   1  4  0  0  3  0  0
    8 -3.6718444273826595e-08   0  5  0  0  3  0  0
    8  2.7991702656302185e-08   3  0  2  0  3  0  0
    8  9.7098824438775162e-08   2  1  2  0  3  0  0
    8  8.9199500808298188e-08   1  2  2  0  3  0  0
    8  3.3916506969600494e-09   0  3  2  0  3  0  0
    8 -3.9952481778158062e-08   1  0  4  0  3  0  0
    8  5.4034017315061338e-08   0  1  4  0  3  0  0
    8 -3.1581221253319448e-08   3  0  1  1  3  0  0
    8  1.1724066364864505e-07   2  1  1  1  3  0  0
    8  1.1724066364864505e-07   1  2  1  1  3  0  0
    8 -3.1581221253319448e-08   0  3  1  1  3  0  0
    8  1.9281556851898901e-08   1  0  3  1  3  0  0
    8  5.8991957405783262e-08   0  1  3  1  3  0  0
    8  3.3916506969600494e-09   3  0  0  2  3  0  0
    8  8.9199500808298188e-08   2  1  0  2  3  0  0
    8  9.7098824438775162e-08   1  2  0  2  3  0  0
    8  2.7991702656302185e-08   0  3  0  2  3  0  0
    8  4.6024532358255847e-08   1  0  2  2  3  0  0
    8  4.6024532358255847e-08   0  1  2  2  3  0  0
    8  5.8991957405783262e-08   1  0  1  3  3  0  0
    8  1.9281556851898901e-08   0  1  1  3  3  0  0
    8  5.4034017315061338e-08   1  0  0  4  3  0  0
    8 -3.9952481778158062e-08   0  1  0  4  3  0  0
    8 -1.4929431386391247e-08   4  0  0  0  4  0  0
    8 -1.9493676032411522e-08   3  1  0  0  4  0  0
    8 -1.5997144100860375e-07   2  2  0  0  4  0  0
    8 -1.9493676032411522e-08   1  3  0  0  4  0  0
    8 -1.4929431386391247e-08   0  4  0  0  4  0  0
    8  7.0738901541171462e-08   2  0  2  0  4  0  0
    8 -1.0263019254929137e-07   1  1  2  0  4  0  0
    8 -4.5384679591242308e-09   0  2  2  0  4  0  0
    8  3.5999549766842321e-09   0  0  4  0  4  0  0
    8 -6.8082994804753000e-08   2  0  1  1  4  0  0
    8 -3.7111293258847274e-07   1  1  1  1  4  0  0
    8 -6.8082994804753000e-08   0  2  1  1  4  0  0
    8  6.6992305420566210e-09   0  0  3  1  4  0  0
    8 -4.5384679591242308e-09   2  0  0  2  4  0  0
    8 -1.0263019254929137e-07   1  1  0  2  4  0  0
    8  7.0738901541171462e-08   0  2  0  2  4  0  0
    8  4.7551478700121735e-09   0  0  2  2  4  0  0
    8  6.6992305420566210e-09   0  0  1  3  4  0  0
    8  3.5999549766842321e-09   0  0  0  4  4  0  0
    8  5.1486797458008232e-08   3  0  0  0  5  0  0
    8  3.5557398313414744e-08   2  1  0  0  5  0  0
    8  3.5557398313414744e-08   1  2  0  0  5  0  0
    8  5.1486797458008232e-08   0  3  0  0  5  0  0
    8  1.1252224342992260e-07   1  0  2  0  5  0  0
    8 -6.1245759615119552e-09   0  1  2  0  5  0  0
    8 -4.3076222045465188e-08   1  0  1  1  5  0  0
    8 -4.3076222045465188e-08   0  1  1  1  5  0  0
    8 -6.1245759615119552e-09   1  0  0  2  5  0  0
    8  1.1252224342992260e-07   0  1  0  2  5  0  0
    8  2.1185923466910773e-08   2  0  0  0  6  0  0
    8 -2.6542207200286604e-07   1  1  0  0  6  0  0
    8  2.1185923466910773e-08   0  2  0  0  6  0  0
    8 -1.2561022208960396e-08   0  0  2  0  6  0  0
    8 -3.6980275792442715e-08   0  0  1  1  6  0  0
    8 -1.2561022208960396e-08   0  0  0  2  6  0  0
    8 -1.2884862224110385e-21   1  0  0  0  7  0  0
    8 -1.2884862224110385e-21   0  1  0  0  7  0  0
    8 -2.4361125619046280e-08   0  0  0  0  8  0  0
 -661  0.0000000000000000e+00   0  0  0  0  0  0  0

tpsa, NO = 8, NV = 7, INA = 58472
------------------------------------------------------------------

   |I|         a                i  i  i  i  i  i  i
                I                1  2  3  4  5  6  7

    2 -6.9997280217638170e-11   1  1  0  0  0  0  0
    2 -3.1321336425417316e-10   0  0  1  1  0  0  0
    2  3.8773713610707861e-08   0  0  0  0  2  0  0
    3 -3.2265306707418234e-14   3  0  0  0  0  0  0
    3 -2.0838052979207608e-14   2  1  0  0  0  0  0
    3 -2.0838052979207608e-14   1  2  0  0  0  0  0
    3 -3.2265306707418234e-14   0  3  0  0  0  0  0
    3  1.4789078781381156e-13   1  0  2  0  0  0  0
    3 -6.2266458344721465e-14   0  1  2  0  0  0  0
    3 -1.0911127506634194e-14   1  0  1  1  0  0  0
    3 -1.0911127506634194e-14   0  1  1  1  0  0  0
    3 -6.2266458344721465e-14   1  0  0  2  0  0  0
    3  1.4789078781381156e-13   0  1  0  2  0  0  0
    3 -1.9578388169407976e-13   2  0  0  0  1  0  0
    3 -3.2959586015695231e-20   1  1  0  0  1  0  0
    3 -1.9578388169407976e-13   0  2  0  0  1  0  0
    3  3.8935800852038140e-13   0  0  2  0  1  0  0
    3 -2.1267730923683584e-20   0  0  1  1  1  0  0
    3  3.8935800852038140e-13   0  0  0  2  1  0  0
    3 -1.4370631544718825e-12   0  0  0  0  3  0  0
    4 -4.9583390561258821e-17   4  0  0  0  0  0  0
    4  6.2573888326724118e-18   3  1  0  0  0  0  0
    4  2.1347655539788302e-16   2  2  0  0  0  0  0
    4  6.2573888326724118e-18   1  3  0  0  0  0  0
    4 -4.9583390561258821e-17   0  4  0  0  0  0  0
    4 -9.6901193721811992e-17   2  0  2  0  0  0  0
    4 -1.5017635464132792e-16   1  1  2  0  0  0  0
    4  2.5478946158392629e-16   0  2  2  0  0  0  0
    4  9.3588978061212480e-17   0  0  4  0  0  0  0
    4  8.6785932722915991e-18   2  0  1  1  0  0  0
    4 -4.6835310547208142e-16   1  1  1  1  0  0  0
    4  8.6785932722915991e-18   0  2  1  1  0  0  0
    4 -1.5269245654284491e-16   0  0  3  1  0  0  0
    4  2.5478946158392629e-16   2  0  0  2  0  0  0
    4 -1.5017635464132792e-16   1  1  0  2  0  0  0
    4 -9.6901193721811992e-17   0  2  0  2  0  0  0
    4  6.3745182738558618e-17   0  0  2  2  0  0  0
    4 -1.5269245654284491e-16   0  0  1  3  0  0  0
    4  9.3588978061212480e-17   0  0  0  4  0  0  0
    4  1.3299644734660818e-16   3  0  0  0  1  0  0
    4 -6.1916230405218960e-16   2  1  0  0  1  0  0
    4 -6.1916230405218960e-16   1  2  0  0  1  0  0
    4  1.3299644734660818e-16   0  3  0  0  1  0  0
    4 -2.5480276078890702e-16   1  0  2  0  1  0  0
    4  2.1971432539209561e-15   0  1  2  0  1  0  0
    4 -5.8685505728086375e-16   1  0  1  1  1  0  0
    4 -5.8685505728086375e-16   0  1  1  1  1  0  0
    4  2.1971432539209561e-15   1  0  0  2  1  0  0
    4 -2.5480276078890702e-16   0  1  0  2  1  0  0
    4 -2.9390665458419951e-15   2  0  0  0  2  0  0
    4  8.4432336565170575e-15   1  1  0  0  2  0  0
    4 -2.9390665458419951e-15   0  2  0  0  2  0  0
    4  1.8680383514632012e-14   0  0  2  0  2  0  0
    4 -7.1983795746069147e-15   0  0  1  1  2  0  0
    4  1.8680383514632012e-14   0  0  0  2  2  0  0
    4  6.6471483761628125e-13   0  0  0  0  4  0  0
    5  2.2904647564916913e-19   5  0  0  0  0  0  0
    5  1.1068138111073943e-19   4  1  0  0  0  0  0
    5  2.0463851648432765e-19   3  2  0  0  0  0  0
    5  2.0463851648432765e-19   2  3  0  0  0  0  0
    5  1.1068138111073943e-19   1  4  0  0  0  0  0
    5  2.2904647564916913e-19   0  5  0  0  0  0  0
    5  1.9621673316779019e-19   3  0  2  0  0  0  0
    5 -1.6218929517512711e-19   2  1  2  0  0  0  0
    5 -1.8193160590535006e-18   1  2  2  0  0  0  0
    5 -9.9405518014634706e-20   0  3  2  0  0  0  0
    5  1.1852269321992881e-19   1  0  4  0  0  0  0
    5 -6.9290887429055259e-19   0  1  4  0  0  0  0
    5 -3.0271874575362894e-19   3  0  1  1  0  0  0
    5  2.5431498706837089e-19   2  1  1  1  0  0  0
    5  2.5431498706837089e-19   1  2  1  1  0  0  0
    5 -3.0271874575362894e-19   0  3  1  1  0  0  0
    5 -8.4154983744585242e-20   1  0  3  1  0  0  0
    5 -4.6834127088978628e-19   0  1  3  1  0  0  0
    5 -9.9405518014634706e-20   3  0  0  2  0  0  0
    5 -1.8193160590535006e-18   2  1  0  2  0  0  0
    5 -1.6218929517512711e-19   1  2  0  2  0  0  0
    5  1.9621673316779019e-19   0  3  0  2  0  0  0
    5  1.4804945001536374e-19   1  0  2  2  0  0  0
    5  1.4804945001536374e-19   0  1  2  2  0  0  0
    5 -4.6834127088978628e-19   1  0  1  3  0  0  0
    5 -8.4154983744585242e-20   0  1  1  3  0  0  0
    5 -6.9290887429055259e-19   1  0  0  4  0  0  0
    5  1.1852269321992881e-19   0  1  0  4  0  0  0
    5 -9.8221784227282191e-19   4  0  0  0  1  0  0
    5  7.4551697369296040e-19   3  1  0  0  1  0  0
    5  1.2499184618073070e-17   2  2  0  0  1  0  0
    5  7.4551697369296040e-19   1  3  0  0  1  0  0
    5 -9.8221784227282191e-19   0  4  0  0  1  0  0
    5 -1.5845009888365634e-19   2  0  2  0  1  0  0
    5 -2.4599354918836893e-18   1  1  2  0  1  0  0
    5  1.1782798896803843e-19   0  2  2  0  1  0  0
    5 -1.0723759111509877e-18   0  0  4  0  1  0  0
    5 -2.1441706278116713e-18   2  0  1  1  1  0  0
    5  1.0182660428574593e-17   1  1  1  1  1  0  0
    5 -2.1441706278116713e-18   0  2  1  1  1  0  0
    5 -2.8466335665717135e-19   0  0  3  1  1  0  0
    5  1.1782798896803843e-19   2  0  0  2  1  0  0
    5 -2.4599354918836893e-18   1  1  0  2  1  0  0
    5 -1.5845009888365634e-19   0  2  0  2  1  0  0
    5  1.9223762940440005e-18   0  0  2  2  1  0  0
    5 -2.8466335665717135e-19   0  0  1  3  1  0  0
    5 -1.0723759111509877e-18   0  0  0  4  1  0  0
    5  6.0877128686474549e-18   3  0  0  0  2  0  0
    5 -6.1271854295585355e-18   2  1  0  0  2  0  0
    5 -6.1271854295585355e-18   1  2  0  0  2  0  0
    5  6.0877128686474549e-18   0  3  0  0  2  0  0
    5 -7.0112345927913442e-18   1  0  2  0  2  0  0
    5  4.7998252778236237e-17   0  1  2  0  2  0  0
    5 -1.7679565939556588e-17   1  0  1  1  2  0  0
    5 -1.7679565939556588e-17   0  1  1  1  2  0  0
    5  4.7998252778236237e-17   1  0  0  2  2  0  0
    5 -7.0112345927913442e-18   0  1  0  2  2  0  0
    5  3.2282087184498986e-17   2  0  0  0  3  0  0
    5  5.0027032834456847e-16   1  1  0  0  3  0  0
    5  3.2282087184498986e-17   0  2  0  0  3  0  0
    5 -1.1046601790166107e-16   0  0  2  0  3  0  0
    5 -8.5858378940509637e-17   0  0  1  1  3  0  0
    5 -1.1046601790166107e-16   0  0  0  2  3  0  0
    5 -3.2019588724629159e-15   0  0  0  0  5  0  0
    6 -3.9411862135653385e-22   6  0  0  0  0  0  0
    6  1.5130719823719444e-21   5  1  0  0  0  0  0
    6  6.8449067530777914e-22   4  2  0  0  0  0  0
    6 -1.2132895832370435e-21   3  3  0  0  0  0  0
    6  6.8449067530777914e-22   2  4  0  0  0  0  0
    6  1.5130719823719444e-21   1  5  0  0  0  0  0
    6 -3.9411862135653385e-22   0  6  0  0  0  0  0
    6 -2.4000507241882523e-21   4  0  2  0  0  0  0
    6 -1.6705267093829738e-22   3  1  2  0  0  0  0
    6 -1.7606372473390601e-21   2  2  2  0  0  0  0
    6 -3.7232643540189935e-22   1  3  2  0  0  0  0
    6 -7.3020368093720185e-22   0  4  2  0  0  0  0
    6  2.9249061817228779e-22   2  0  4  0  0  0  0
    6  2.3601892461931593e-21   1  1  4  0  0  0  0
    6  2.8026390061453785e-22   0  2  4  0  0  0  0
    6  4.2687060737242408e-22   0  0  6  0  0  0  0
    6 -3.0364540328635451e-23   4  0  1  1  0  0  0
    6  1.2166434655589638e-21   3  1  1  1  0  0  0
    6 -9.4241851315496583e-21   2  2  1  1  0  0  0
    6  1.2166434655589638e-21   1  3  1  1  0  0  0
    6 -3.0364540328635451e-23   0  4  1  1  0  0  0
    6  4.6766299492289477e-23   2  0  3  1  0  0  0
    6  8.8117481777229677e-22   1  1  3  1  0  0  0
    6  4.4524831670912091e-22   0  2  3  1  0  0  0
    6  1.1732587996337546e-22   0  0  5  1  0  0  0
    6 -7.3020368093720185e-22   4  0  0  2  0  0  0
    6 -3.7232643540189935e-22   3  1  0  2  0  0  0
    6 -1.7606372473390601e-21   2  2  0  2  0  0  0
    6 -1.6705267093829738e-22   1  3  0  2  0  0  0
    6 -2.4000507241882523e-21   0  4  0  2  0  0  0
    6  3.9979537840689767e-22   2  0  2  2  0  0  0
    6 -2.0004793111491976e-21   1  1  2  2  0  0  0
    6  3.9979537840689767e-22   0  2  2  2  0  0  0
    6  1.1881765671858690e-22   0  0  4  2  0  0  0
    6  4.4524831670912091e-22   2  0  1  3  0  0  0
    6  8.8117481777229677e-22   1  1  1  3  0  0  0
    6  4.6766299492289477e-23   0  2  1  3  0  0  0
    6 -4.8190758167764240e-22   0  0  3  3  0  0  0
    6  2.8026390061453785e-22   2  0  0  4  0  0  0
    6  2.3601892461931593e-21   1  1  0  4  0  0  0
    6  2.9249061817228779e-22   0  2  0  4  0  0  0
    6  1.1881765671858690e-22   0  0  2  4  0  0  0
    6  1.1732587996337546e-22   0  0  1  5  0  0  0
    6  4.2687060737242408e-22   0  0  0  6  0  0  0
    6  1.0012748066386856e-20   5  0  0  0  1  0  0
    6  9.5612165801823391e-21   4  1  0  0  1  0  0
    6  1.2549750719881824e-20   3  2  0  0  1  0  0
    6  1.2549750719881824e-20   2  3  0  0  1  0  0
    6  9.5612165801823391e-21   1  4  0  0  1  0  0
    6  1.0012748066386856e-20   0  5  0  0  1  0  0
    6 -7.7070529521487080e-22   3  0  2  0  1  0  0
    6  1.5382240047530290e-20   2  1  2  0  1  0  0
    6 -1.9389473856326749e-20   1  2  2  0  1  0  0
    6 -5.3076653416765054e-21   0  3  2  0  1  0  0
    6  1.9107479022788849e-21   1  0  4  0  1  0  0
    6 -5.4048121340472777e-21   0  1  4  0  1  0  0
    6  4.7527952690491736e-21   3  0  1  1  1  0  0
    6  1.3048929704571094e-20   2  1  1  1  1  0  0
    6  1.3048929704571094e-20   1  2  1  1  1  0  0
    6  4.7527952690491736e-21   0  3  1  1  1  0  0
    6 -2.9295768256423143e-22   1  0  3  1  1  0  0
    6 -3.0803659119166380e-21   0  1  3  1  1  0  0
    6 -5.3076653416765054e-21   3  0  0  2  1  0  0
    6 -1.9389473856326749e-20   2  1  0  2  1  0  0
    6  1.5382240047530290e-20   1  2  0  2  1  0  0
    6 -7.7070529521487080e-22   0  3  0  2  1  0  0
    6  7.9623912516407020e-21   1  0  2  2  1  0  0
    6  7.9623912516407020e-21   0  1  2  2  1  0  0
    6 -3.0803659119166380e-21   1  0  1  3  1  0  0
    6 -2.9295768256423143e-22   0  1  1  3  1  0  0
    6 -5.4048121340472777e-21   1  0  0  4  1  0  0
    6  1.9107479022788849e-21   0  1  0  4  1  0  0
    6  3.8268193388501186e-20   4  0  0  0  2  0  0
    6  6.3272572240494024e-20   3  1  0  0  2  0  0
    6 -4.1744830120533140e-19   2  2  0  0  2  0  0
    6  6.3272572240494024e-20   1  3  0  0  2  0  0
    6  3.8268193388501186e-20   0  4  0  0  2  0  0
    6 -6.2603328935736607e-21   2  0  2  0  2  0  0
    6  5.2309660729025772e-20   1  1  2  0  2  0  0
    6  1.2456206613355100e-20   0  2  2  0  2  0  0
    6 -2.3154489457623147e-20   0  0  4  0  2  0  0
    6 -2.3012402502777661e-20   2  0  1  1  2  0  0
    6  1.0127558360314306e-19   1  1  1  1  2  0  0
    6 -2.3012402502777661e-20   0  2  1  1  2  0  0
    6  6.6988291287290196e-21   0  0  3  1  2  0  0
    6  1.2456206613355100e-20   2  0  0  2  2  0  0
    6  5.2309660729025772e-20   1  1  0  2  2  0  0
    6 -6.2603328935736607e-21   0  2  0  2  2  0  0
    6  2.8004502948874836e-20   0  0  2  2  2  0  0
    6  6.6988291287290196e-21   0  0  1  3  2  0  0
    6 -2.3154489457623147e-20   0  0  0  4  2  0  0
    6  8.8845163997309368e-20   3  0  0  0  3  0  0
    6  4.0364684915989842e-19   2  1  0  0  3  0  0
    6  4.0364684915989842e-19   1  2  0  0  3  0  0
    6  8.8845163997309368e-20   0  3  0  0  3  0  0
    6  5.5949354902486604e-19   1  0  2  0  3  0  0
    6  4.4618155075313382e-19   0  1  2  0  3  0  0
    6 -2.5468187560256196e-19   1  0  1  1  3  0  0
    6 -2.5468187560256196e-19   0  1  1  1  3  0  0
    6  4.4618155075313382e-19   1  0  0  2  3  0  0
    6  5.5949354902486604e-19   0  1  0  2  3  0  0
    6  1.6959995302592652e-18   2  0  0  0  4  0  0
    6 -1.1208493183296286e-17   1  1  0  0  4  0  0
    6  1.6959995302592652e-18   0  2  0  0  4  0  0
    6  1.6340490457595446e-19   0  0  2  0  4  0  0
    6 -1.2762230721687867e-18   0  0  1  1  4  0  0
    6  1.6340490457595446e-19   0  0  0  2  4  0  0
    6 -3.4910116537155779e-17   0  0  0  0  6  0  0
    7  1.0187879353653201e-24   7  0  0  0  0  0  0
    7 -2.8568214101634650e-25   6  1  0  0  0  0  0
    7  1.2111150162448060e-25   5  2  0  0  0  0  0
    7  2.6900223698491768e-24   4  3  0  0  0  0  0
    7  2.6900223698491768e-24   3  4  0  0  0  0  0
    7  1.2111150162448060e-25   2  5  0  0  0  0  0
    7 -2.8568214101634650e-25   1  6  0  0  0  0  0
    7  1.0187879353653201e-24   0  7  0  0  0  0  0
    7 -4.1623850395803988e-24   5  0  2  0  0  0  0
    7 -1.1099089730159734e-23   4  1  2  0  0  0  0
    7 -1.8149854989762835e-23   3  2  2  0  0  0  0
    7 -1.3231579524087078e-23   2  3  2  0  0  0  0
    7 -3.0611398198039719e-24   1  4  2  0  0  0  0
    7 -2.1910332719081564e-24   0  5  2  0  0  0  0
    7 -2.7585786591910240e-24   3  0  4  0  0  0  0
    7 -1.1443298392488430e-24   2  1  4  0  0  0  0
    7  7.7125003063371269e-24   1  2  4  0  0  0  0
    7 -2.6289059501930294e-25   0  3  4  0  0  0  0
    7 -7.4395231826432146e-25   1  0  6  0  0  0  0
    7  6.1965622969489190e-25   0  1  6  0  0  0  0
    7 -2.0021964595163139e-24   5  0  1  1  0  0  0
    7 -4.8464944705112844e-24   4  1  1  1  0  0  0
    7 -6.8972620321458447e-24   3  2  1  1  0  0  0
    7 -6.8972620321458447e-24   2  3  1  1  0  0  0
    7 -4.8464944705112844e-24   1  4  1  1  0  0  0
    7 -2.0021964595163139e-24   0  5  1  1  0  0  0
    7 -1.0624782608697251e-24   3  0  3  1  0  0  0
    7 -9.0103370790539408e-24   2  1  3  1  0  0  0
    7  4.6829294995343921e-24   1  2  3  1  0  0  0
    7 -1.6468780211538555e-24   0  3  3  1  0  0  0
    7 -2.0796090005428920e-25   1  0  5  1  0  0  0
    7 -4.4665735809449992e-25   0  1  5  1  0  0  0
    7 -2.1910332719081564e-24   5  0  0  2  0  0  0
    7 -3.0611398198039719e-24   4  1  0  2  0  0  0
    7 -1.3231579524087078e-23   3  2  0  2  0  0  0
    7 -1.8149854989762835e-23   2  3  0  2  0  0  0
    7 -1.1099089730159734e-23   1  4  0  2  0  0  0
    7 -4.1623850395803988e-24   0  5  0  2  0  0  0
    7  1.0621397224021167e-25   3  0  2  2  0  0  0
    7 -9.1751066300853345e-24   2  1  2  2  0  0  0
    7 -9.1751066300853345e-24   1  2  2  2  0  0  0
    7  1.0621397224021167e-25   0  3  2  2  0  0  0
    7 -4.7256081441262530e-25   1  0  4  2  0  0  0
    7 -1.7107423021973900e-24   0  1  4  2  0  0  0
    7 -1.6468780211538555e-24   3  0  1  3  0  0  0
    7  4.6829294995343921e-24   2  1  1  3  0  0  0
    7 -9.0103370790539408e-24   1  2  1  3  0  0  0
    7 -1.0624782608697251e-24   0  3  1  3  0  0  0
    7 -1.3744035722974931e-24   1  0  3  3  0  0  0
    7 -1.3744035722974931e-24   0  1  3  3  0  0  0
    7 -2.6289059501930294e-25   3  0  0  4  0  0  0
    7  7.7125003063371269e-24   2  1  0  4  0  0  0
    7 -1.1443298392488430e-24   1  2  0  4  0  0  0
    7 -2.7585786591910240e-24   0  3  0  4  0  0  0
    7 -1.7107423021973900e-24   1  0  2  4  0  0  0
    7 -4.7256081441262530e-25   0  1  2  4  0  0  0
    7 -4.4665735809449992e-25   1  0  1  5  0  0  0
    7 -2.0796090005428920e-25   0  1  1  5  0  0  0
    7  6.1965622969489190e-25   1  0  0  6  0  0  0
    7 -7.4395231826432146e-25   0  1  0  6  0  0  0
    7 -1.3809898649049687e-23   6  0  0  0  1  0  0
    7  7.3300205121819006e-23   5  1  0  0  1  0  0
    7  3.3933182107737330e-23   4  2  0  0  1  0  0
    7  7.2871177437003661e-23   3  3  0  0  1  0  0
    7  3.3933182107737330e-23   2  4  0  0  1  0  0
    7  7.3300205121819006e-23   1  5  0  0  1  0  0
    7 -1.3809898649049687e-23   0  6  0  0  1  0  0
    7 -1.7125180561858837e-23   4  0  2  0  1  0  0
    7 -2.4134558552569479e-23   3  1  2  0  1  0  0
    7  4.3030596363827714e-24   2  2  2  0  1  0  0
    7  6.7005436637758497e-24   1  3  2  0  1  0  0
    7 -6.9091340682963121e-24   0  4  2  0  1  0  0
    7 -1.2445091277081760e-23   2  0  4  0  1  0  0
    7  2.9518448468433111e-23   1  1  4  0  1  0  0
    7 -5.0435514688145843e-25   0  2  4  0  1  0  0
    7  2.8633846137365853e-24   0  0  6  0  1  0  0
    7  1.0081864967357060e-23   4  0  1  1  1  0  0
    7 -7.3163953090617841e-24   3  1  1  1  1  0  0
    7  1.0853769595982700e-22   2  2  1  1  1  0  0
    7 -7.3163953090617841e-24   1  3  1  1  1  0  0
    7  1.0081864967357060e-23   0  4  1  1  1  0  0
    7 -4.3776654102733362e-24   2  0  3  1  1  0  0
    7 -3.8176247753297169e-23   1  1  3  1  1  0  0
    7  1.3937275815360989e-23   0  2  3  1  1  0  0
    7 -2.2552444469508171e-24   0  0  5  1  1  0  0
    7 -6.9091340682963121e-24   4  0  0  2  1  0  0
    7  6.7005436637758497e-24   3  1  0  2  1  0  0
    7  4.3030596363827714e-24   2  2  0  2  1  0  0
    7 -2.4134558552569479e-23   1  3  0  2  1  0  0
    7 -1.7125180561858837e-23   0  4  0  2  1  0  0
    7 -3.8954409258861474e-24   2  0  2  2  1  0  0
    7 -3.1736179959096580e-24   1  1  2  2  1  0  0
    7 -3.8954409258861474e-24   0  2  2  2  1  0  0
    7 -4.4574024681353224e-24   0  0  4  2  1  0  0
    7  1.3937275815360989e-23   2  0  1  3  1  0  0
    7 -3.8176247753297169e-23   1  1  1  3  1  0  0
    7 -4.3776654102733362e-24   0  2  1  3  1  0  0
    7  1.0418576990209737e-23   0  0  3  3  1  0  0
    7 -5.0435514688145843e-25   2  0  0  4  1  0  0
    7  2.9518448468433111e-23   1  1  0  4  1  0  0
    7 -1.2445091277081760e-23   0  2  0  4  1  0  0
    7 -4.4574024681353224e-24   0  0  2  4  1  0  0
    7 -2.2552444469508171e-24   0  0  1  5  1  0  0
    7  2.8633846137365853e-24   0  0  0  6  1  0  0
    7 -1.6420433910921589e-22   5  0  0  0  2  0  0
    7 -1.2393174738520799e-22   4  1  0  0  2  0  0
    7 -4.4437623063128053e-24   3  2  0  0  2  0  0
    7 -4.4437623063128053e-24   2  3  0  0  2  0  0
    7 -1.2393174738520799e-22   1  4  0  0  2  0  0
    7 -1.6420433910921589e-22   0  5  0  0  2  0  0
    7  1.3503617703095359e-22   3  0  2  0  2  0  0
    7 -6.5563901273488942e-22   2  1  2  0  2  0  0
    7 -7.0418790946759548e-23   1  2  2  0  2  0  0
    7 -7.9661968490632715e-23   0  3  2  0  2  0  0
    7 -6.3628611362889208e-23   1  0  4  0  2  0  0
    7  6.4234301861371144e-23   0  1  4  0  2  0  0
    7  1.0903117951153473e-22   3  0  1  1  2  0  0
    7  3.6326657059819960e-22   2  1  1  1  2  0  0
    7  3.6326657059819960e-22   1  2  1  1  2  0  0
    7  1.0903117951153473e-22   0  3  1  1  2  0  0
    7 -2.2494447799528130e-22   1  0  3  1  2  0  0
    7  1.2583612260492060e-22   0  1  3  1  2  0  0
    7 -7.9661968490632715e-23   3  0  0  2  2  0  0
    7 -7.0418790946759548e-23   2  1  0  2  2  0  0
    7 -6.5563901273488942e-22   1  2  0  2  2  0  0
    7  1.3503617703095359e-22   0  3  0  2  2  0  0
    7  2.2695898629859383e-22   1  0  2  2  2  0  0
    7  2.2695898629859383e-22   0  1  2  2  2  0  0
    7  1.2583612260492060e-22   1  0  1  3  2  0  0
    7 -2.2494447799528130e-22   0  1  1  3  2  0  0
    7  6.4234301861371144e-23   1  0  0  4  2  0  0
    7 -6.3628611362889208e-23   0  1  0  4  2  0  0
    7  4.5701084032574952e-22   4  0  0  0  3  0  0
    7 -9.2008742621444339e-22   3  1  0  0  3  0  0
    7  4.5620259391061580e-21   2  2  0  0  3  0  0
    7 -9.2008742621444339e-22   1  3  0  0  3  0  0
    7  4.5701084032574952e-22   0  4  0  0  3  0  0
    7 -1.9434259396166950e-23   2  0  2  0  3  0  0
    7  2.3555036970563491e-21   1  1  2  0  3  0  0
    7  5.0301357056232990e-22   0  2  2  0  3  0  0
    7 -1.6922819802614022e-22   0  0  4  0  3  0  0
    7  1.0613480910762886e-21   2  0  1  1  3  0  0
    7 -2.4173138738300757e-21   1  1  1  1  3  0  0
    7  1.0613480910762886e-21   0  2  1  1  3  0  0
    7  2.1578985187894571e-22   0  0  3  1  3  0  0
    7  5.0301357056232990e-22   2  0  0  2  3  0  0
    7  2.3555036970563491e-21   1  1  0  2  3  0  0
    7 -1.9434259396166950e-23   0  2  0  2  3  0  0
    7 -6.3393851554148229e-22   0  0  2  2  3  0  0
    7  2.1578985187894571e-22   0  0  1  3  3  0  0
    7 -1.6922819802614022e-22   0  0  0  4  3  0  0
    7 -3.9075493212502122e-21   3  0  0  0  4  0  0
    7 -1.2876605398402560e-21   2  1  0  0  4  0  0
    7 -1.2876605398402560e-21   1  2  0  0  4  0  0
    7 -3.9075493212502122e-21   0  3  0  0  4  0  0
    7 -2.0497143779024133e-21   1  0  2  0  4  0  0
    7  3.9334389489784206e-21   0  1  2  0  4  0  0
    7 -8.2977924661015803e-21   1  0  1  1  4  0  0
    7 -8.2977924661015803e-21   0  1  1  1  4  0  0
    7  3.9334389489784206e-21   1  0  0  2  4  0  0
    7 -2.0497143779024133e-21   0  1  0  2  4  0  0
    7 -1.1908165811219462e-20   2  0  0  0  5  0  0
    7  2.7817415895560358e-19   1  1  0  0  5  0  0
    7 -1.1908165811219462e-20   0  2  0  0  5  0  0
    7  8.5332674051970557e-21   0  0  2  0  5  0  0
    7  3.7439674319451075e-20   0  0  1  1  5  0  0
    7  8.5332674051970557e-21   0  0  0  2  5  0  0
    7  1.0389042813662907e-18   0  0  0  0  7  0  0
    8  2.0144024105778297e-25   5  2  0  0  1  0  0
    8  2.4821708244582525e-25   4  3  0  0  1  0  0
    8  2.4821708244582525e-25   3  4  0  0  1  0  0
    8  2.0144024105778297e-25   2  5  0  0  1  0  0
    8  3.5935413643226878e-25   5  0  2  0  1  0  0
    8 -3.8900310344631415e-25   4  1  2  0  1  0  0
    8  1.9547452316411611e-25   3  2  2  0  1  0  0
    8 -1.7472649347466720e-25   2  3  2  0  1  0  0
    8 -1.1648726296904689e-25   3  0  3  1  1  0  0
    8  3.3490716507155432e-25   2  1  3  1  1  0  0
    8 -3.9120904382863933e-25   1  2  3  1  1  0  0
    8 -1.7472649347466720e-25   3  2  0  2  1  0  0
    8  1.9547452316411611e-25   2  3  0  2  1  0  0
    8 -3.8900310344631415e-25   1  4  0  2  1  0  0
    8  3.5935413643226878e-25   0  5  0  2  1  0  0
    8 -1.1302011188069114e-25   2  1  2  2  1  0  0
    8 -1.1302011188069114e-25   1  2  2  2  1  0  0
    8 -3.9120904382863933e-25   2  1  1  3  1  0  0
    8  3.3490716507155432e-25   1  2  1  3  1  0  0
    8 -1.1648726296904689e-25   0  3  1  3  1  0  0
    8  3.3643410263358517e-25   6  0  0  0  2  0  0
    8 -1.5645186130057861e-24   5  1  0  0  2  0  0
    8  6.9318154123060944e-25   4  2  0  0  2  0  0
    8  7.0947963049724907e-25   3  3  0  0  2  0  0
    8  6.9318154123060944e-25   2  4  0  0  2  0  0
    8 -1.5645186130057861e-24   1  5  0  0  2  0  0
    8  3.3643410263358517e-25   0  6  0  0  2  0  0
    8  5.2809514619730572e-24   4  0  2  0  2  0  0
    8 -5.5668966113057050e-25   2  2  2  0  2  0  0
    8 -1.6573158030308038e-24   1  3  2  0  2  0  0
    8  1.9975734928924529e-25   0  4  2  0  2  0  0
    8  4.8253267434653916e-25   2  0  4  0  2  0  0
    8  2.4721632484825703e-25   1  1  4  0  2  0  0
    8  1.3538213520460695e-25   0  2  4  0  2  0  0
    8  6.2979718173442415e-25   4  0  1  1  2  0  0
    8 -1.0884310298490701e-24   3  1  1  1  2  0  0
    8  3.7244082659357425e-24   2  2  1  1  2  0  0
    8 -1.0884310298490701e-24   1  3  1  1  2  0  0
    8  6.2979718173442415e-25   0  4  1  1  2  0  0
    8 -1.2474379859468978e-25   2  0  3  1  2  0  0
    8 -6.9399247924851321e-25   1  1  3  1  2  0  0
    8 -2.7150805695687328e-25   0  2  3  1  2  0  0
    8 -1.2856491949283143e-25   0  0  5  1  2  0  0
    8  1.9975734928924529e-25   4  0  0  2  2  0  0
    8 -1.6573158030308038e-24   3  1  0  2  2  0  0
    8 -5.5668966113057050e-25   2  2  0  2  2  0  0
    8  5.2809514619730572e-24   0  4  0  2  2  0  0
    8 -4.9029385468491767e-25   2  0  2  2  2  0  0
    8  1.3420886013788496e-24   1  1  2  2  2  0  0
    8 -4.9029385468491767e-25   0  2  2  2  2  0  0
    8 -2.7150805695687328e-25   2  0  1  3  2  0  0
    8 -6.9399247924851321e-25   1  1  1  3  2  0  0
    8 -1.2474379859468978e-25   0  2  1  3  2  0  0
    8  1.2740480334058468e-25   0  0  3  3  2  0  0
    8  1.3538213520460695e-25   2  0  0  4  2  0  0
    8  2.4721632484825703e-25   1  1  0  4  2  0  0
    8  4.8253267434653916e-25   0  2  0  4  2  0  0
    8 -1.2856491949283143e-25   0  0  1  5  2  0  0
    8 -1.8338357868102423e-24   5  0  0  0  3  0  0
    8  5.4982364008160097e-24   4  1  0  0  3  0  0
    8 -7.0710346170062659e-25   3  2  0  0  3  0  0
    8 -7.0710346170062659e-25   2  3  0  0  3  0  0
    8  5.4982364008160097e-24   1  4  0  0  3  0  0
    8 -1.8338357868102423e-24   0  5  0  0  3  0  0
    8  1.1320830233391174e-24   3  0  2  0  3  0  0
    8  3.9270183769465686e-24   2  1  2  0  3  0  0
    8  3.6075419132341658e-24   1  2  2  0  3  0  0
    8  1.3717029729380484e-25   0  3  2  0  3  0  0
    8 -1.3084752549902518e-24   1  0  4  0  3  0  0
    8  1.7696566380295626e-24   0  1  4  0  3  0  0
    8 -1.2772557952686729e-24   3  0  1  1  3  0  0
    8  4.7416252805814955e-24   2  1  1  1  3  0  0
    8  4.7416252805814955e-24   1  2  1  1  3  0  0
    8 -1.2772557952686729e-24   0  3  1  1  3  0  0
    8  6.3148617796730547e-25   1  0  3  1  3  0  0
    8  1.9320330821377328e-24   0  1  3  1  3  0  0
    8  1.3717029729380484e-25   3  0  0  2  3  0  0
    8  3.6075419132341658e-24   2  1  0  2  3  0  0
    8  3.9270183769465686e-24   1  2  0  2  3  0  0
    8  1.1320830233391174e-24   0  3  0  2  3  0  0
    8  1.5073396953828068e-24   1  0  2  2  3  0  0
    8  1.5073396953828068e-24   0  1  2  2  3  0  0
    8  1.9320330821377328e-24   1  0  1  3  3  0  0
    8  6.3148617796730547e-25   0  1  1  3  3  0  0
    8  1.7696566380295626e-24   1  0  0  4  3  0  0
    8 -1.3084752549902518e-24   0  1  0  4  3  0  0
    8 -4.9684189757401177e-24   4  0  0  0  4  0  0
    8 -6.4873703090024415e-24   3  1  0  0  4  0  0
    8 -5.3237469164976580e-23   2  2  0  0  4  0  0
    8 -6.4873703090024415e-24   1  3  0  0  4  0  0
    8 -4.9684189757401177e-24   0  4  0  0  4  0  0
    8  1.9063649586495466e-23   2  0  2  0  4  0  0
    8 -2.7658134140173530e-23   1  1  2  0  4  0  0
    8 -1.2230860381953390e-24   0  2  2  0  4  0  0
    8  7.8562915947645553e-25   0  0  4  0  4  0  0
    8 -1.8347900907135130e-23   2  0  1  1  4  0  0
    8 -1.0001239416710056e-22   1  1  1  1  4  0  0
    8 -1.8347900907135130e-23   0  2  1  1  4  0  0
    8  1.4619935232474973e-24   0  0  3  1  4  0  0
    8 -1.2230860381953390e-24   2  0  0  2  4  0  0
    8 -2.7658134140173530e-23   1  1  0  2  4  0  0
    8  1.9063649586495466e-23   0  2  0  2  4  0  0
    8  1.0377304295468703e-24   0  0  2  2  4  0  0
    8  1.4619935232474973e-24   0  0  1  3  4  0  0
    8  7.8562915947645553e-25   0  0  0  4  4  0  0
    8  1.1417462580533240e-22   3  0  0  0  5  0  0
    8  7.8850362568313788e-23   2  1  0  0  5  0  0
    8  7.8850362568313788e-23   1  2  0  0  5  0  0
    8  1.1417462580533240e-22   0  3  0  0  5  0  0
    8  2.0206211318246067e-22   1  0  2  0  5  0  0
    8 -1.0998223314844709e-23   0  1  2  0  5  0  0
    8 -7.7354238496358975e-23   1  0  1  1  5  0  0
    8 -7.7354238496358975e-23   0  1  1  1  5  0  0
    8 -1.0998223314844709e-23   1  0  0  2  5  0  0
    8  2.0206211318246067e-22   0  1  0  2  5  0  0
    8  3.1305445627903884e-22   2  0  0  0  6  0  0
    8 -3.9220174926568419e-21   1  1  0  0  6  0  0
    8  3.1305445627903884e-22   0  2  0  0  6  0  0
    8 -1.5030390532111744e-22   0  0  2  0  6  0  0
    8 -4.4250219281446108e-22   0  0  1  1  6  0  0
    8 -1.5030390532111744e-22   0  0  0  2  6  0  0
    8 -1.5983334518656260e-20   0  0  0  0  8  0  0
 -518  0.0000000000000000e+00   0  0  0  0  0  0  0
