
tpsa, NO = 8, NV = 7, INA = 48089
------------------------------------------------------------------

   |I|         a                i  i  i  i  i  i  i
                I                1  2  3  4  5  6  7

    2 -1.0169345842749096e-25   0  0  1  1  0  0  0
    3 -2.9484222986049410e-07   3  0  0  0  0  0  0
    3 -2.5549044364340669e-07   2  1  0  0  0  0  0
    3 -2.5549044364340669e-07   1  2  0  0  0  0  0
    3 -2.9484222986049410e-07   0  3  0  0  0  0  0
    3 -3.8536890579582897e-07   1  0  2  0  0  0  0
    3  4.8347064712254279e-08   0  1  2  0  0  0  0
    3 -1.2311429151478668e-07   1  0  1  1  0  0  0
    3 -1.2311429151478668e-07   0  1  1  1  0  0  0
    3  4.8347064712254279e-08   1  0  0  2  0  0  0
    3 -3.8536890579582897e-07   0  1  0  2  0  0  0
    3 -3.0389202489687103e-07   2  0  0  0  1  0  0
    3 -5.4202027241744146e-14   1  1  0  0  1  0  0
    3 -3.0389202489687103e-07   0  2  0  0  1  0  0
    3 -4.2906198343737234e-07   0  0  2  0  1  0  0
    3 -4.3189895254817310e-14   0  0  1  1  1  0  0
    3 -4.2906198343737234e-07   0  0  0  2  1  0  0
    3  3.9632691491151580e-07   1  0  0  0  2  0  0
    3  3.9632691491151580e-07   0  1  0  0  2  0  0
    3 -5.3224561276737487e-08   0  0  0  0  3  0  0
    4 -1.0084388520035840e-07   4  0  0  0  0  0  0
    4  4.8159145169673972e-08   3  1  0  0  0  0  0
    4  5.3899372425173496e-07   2  2  0  0  0  0  0
    4  4.8159145169673972e-08   1  3  0  0  0  0  0
    4 -1.0084388520035840e-07   0  4  0  0  0  0  0
    4  8.3254139686478316e-08   2  0  2  0  0  0  0
    4  1.7516042745182477e-07   1  1  2  0  0  0  0
    4 -1.1707940327491907e-07   0  2  2  0  0  0  0
    4  5.5701427336504290e-08   0  0  4  0  0  0  0
    4 -1.7495320318925592e-07   2  0  1  1  0  0  0
    4 -8.2085315334334782e-07   1  1  1  1  0  0  0
    4 -1.7495320318925592e-07   0  2  1  1  0  0  0
    4  1.8567077777369149e-07   0  0  3  1  0  0  0
    4 -1.1707940327491907e-07   2  0  0  2  0  0  0
    4  1.7516042745182477e-07   1  1  0  2  0  0  0
    4  8.3254139686478316e-08   0  2  0  2  0  0  0
    4  3.0691517684636964e-07   0  0  2  2  0  0  0
    4  1.8567077777369149e-07   0  0  1  3  0  0  0
    4  5.5701427336504290e-08   0  0  0  4  0  0  0
    4  3.2658403508203251e-08   3  0  0  0  1  0  0
    4 -1.9427891334220231e-07   2  1  0  0  1  0  0
    4 -1.9427891334220231e-07   1  2  0  0  1  0  0
    4  3.2658403508203251e-08   0  3  0  0  1  0  0
    4  3.6843345087229592e-08   1  0  2  0  1  0  0
    4 -2.1187066714926419e-07   0  1  2  0  1  0  0
    4 -6.9883463712479305e-08   1  0  1  1  1  0  0
    4 -6.9883463712479305e-08   0  1  1  1  1  0  0
    4 -2.1187066714926419e-07   1  0  0  2  1  0  0
    4  3.6843345087229592e-08   0  1  0  2  1  0  0
    4 -2.0473035834506014e-08   2  0  0  0  2  0  0
    4  5.7550938432268947e-07   1  1  0  0  2  0  0
    4 -2.0473035834506014e-08   0  2  0  0  2  0  0
    4 -3.7699520665759406e-07   0  0  2  0  2  0  0
    4 -2.1140188783777458e-07   0  0  1  1  2  0  0
    4 -3.7699520665759406e-07   0  0  0  2  2  0  0
    4 -5.5349133542081549e-09   1  0  0  0  3  0  0
    4 -5.5349133542081549e-09   0  1  0  0  3  0  0
    4  7.7492145702059147e-07   0  0  0  0  4  0  0
    5  7.0020433310169168e-08   5  0  0  0  0  0  0
    5  1.0956048617634188e-08   4  1  0  0  0  0  0
    5  9.7805502912841203e-08   3  2  0  0  0  0  0
    5  9.7805502912841203e-08   2  3  0  0  0  0  0
    5  1.0956048617634188e-08   1  4  0  0  0  0  0
    5  7.0020433310169168e-08   0  5  0  0  0  0  0
    5  2.1798619225252375e-09   3  0  2  0  0  0  0
    5  2.7395549844005256e-08   2  1  2  0  0  0  0
    5  3.1065947008284484e-07   1  2  2  0  0  0  0
    5  1.5869328971844450e-08   0  3  2  0  0  0  0
    5 -2.2156550768994882e-09   1  0  4  0  0  0  0
    5  4.2750089530941375e-08   0  1  4  0  0  0  0
    5  5.1742119445583412e-08   3  0  1  1  0  0  0
    5 -8.8778012037934245e-08   2  1  1  1  0  0  0
    5 -8.8778012037934245e-08   1  2  1  1  0  0  0
    5  5.1742119445583412e-08   0  3  1  1  0  0  0
    5  1.2308706051349467e-08   1  0  3  1  0  0  0
    5  7.7884333115114055e-08   0  1  3  1  0  0  0
    5  1.5869328971844450e-08   3  0  0  2  0  0  0
    5  3.1065947008284484e-07   2  1  0  2  0  0  0
    5  2.7395549844005256e-08   1  2  0  2  0  0  0
    5  2.1798619225252375e-09   0  3  0  2  0  0  0
    5 -5.9890477428395991e-08   1  0  2  2  0  0  0
    5 -5.9890477428395991e-08   0  1  2  2  0  0  0
    5  7.7884333115114055e-08   1  0  1  3  0  0  0
    5  1.2308706051349467e-08   0  1  1  3  0  0  0
    5  4.2750089530941375e-08   1  0  0  4  0  0  0
    5 -2.2156550768994882e-09   0  1  0  4  0  0  0
    5 -3.2451080560378459e-08   4  0  0  0  1  0  0
    5  3.9280013935489378e-08   3  1  0  0  1  0  0
    5  9.8014979479161597e-07   2  2  0  0  1  0  0
    5  3.9280013935489378e-08   1  3  0  0  1  0  0
    5 -3.2451080560378459e-08   0  4  0  0  1  0  0
    5  4.0885428766044781e-08   2  0  2  0  1  0  0
    5  6.7236637867113189e-08   1  1  2  0  1  0  0
    5  5.1964602127844702e-09   0  2  2  0  1  0  0
    5 -1.8322252914224687e-08   0  0  4  0  1  0  0
    5  1.1979168660086010e-07   2  0  1  1  1  0  0
    5  5.8664610910468744e-07   1  1  1  1  1  0  0
    5  1.1979168660086010e-07   0  2  1  1  1  0  0
    5 -3.9517359623165906e-08   0  0  3  1  1  0  0
    5  5.1964602127844702e-09   2  0  0  2  1  0  0
    5  6.7236637867113189e-08   1  1  0  2  1  0  0
    5  4.0885428766044781e-08   0  2  0  2  1  0  0
    5 -5.8396905818179792e-08   0  0  2  2  1  0  0
    5 -3.9517359623165906e-08   0  0  1  3  1  0  0
    5 -1.8322252914224687e-08   0  0  0  4  1  0  0
    5  9.9920671847338418e-08   3  0  0  0  2  0  0
    5 -1.8447331982265257e-07   2  1  0  0  2  0  0
    5 -1.8447331982265257e-07   1  2  0  0  2  0  0
    5  9.9920671847338418e-08   0  3  0  0  2  0  0
    5  1.7140551331194058e-10   1  0  2  0  2  0  0
    5 -1.6570375896978431e-07   0  1  2  0  2  0  0
    5  2.2844561178016591e-07   1  0  1  1  2  0  0
    5  2.2844561178016591e-07   0  1  1  1  2  0  0
    5 -1.6570375896978431e-07   1  0  0  2  2  0  0
    5  1.7140551331194058e-10   0  1  0  2  2  0  0
    5  2.9273199123306762e-08   2  0  0  0  3  0  0
    5  1.0031792968472803e-06   1  1  0  0  3  0  0
    5  2.9273199123306762e-08   0  2  0  0  3  0  0
    5  1.2537045825381529e-07   0  0  2  0  3  0  0
    5  2.9897132463833983e-07   0  0  1  1  3  0  0
    5  1.2537045825381529e-07   0  0  0  2  3  0  0
    5 -5.7598290576457785e-08   1  0  0  0  4  0  0
    5 -5.7598290576457785e-08   0  1  0  0  4  0  0
    5 -1.2276070309514444e-07   0  0  0  0  5  0  0
    6 -1.5232024349383877e-08   6  0  0  0  0  0  0
    6  1.2526778457079289e-07   5  1  0  0  0  0  0
    6  8.0815195362462251e-08   4  2  0  0  0  0  0
    6 -1.1897370696435778e-07   3  3  0  0  0  0  0
    6  8.0815195362462251e-08   2  4  0  0  0  0  0
    6  1.2526778457079289e-07   1  5  0  0  0  0  0
    6 -1.5232024349383877e-08   0  6  0  0  0  0  0
    6  1.8748998967459460e-08   4  0  2  0  0  0  0
    6  8.9209976416739848e-09   3  1  2  0  0  0  0
    6  1.0411597419471801e-07   2  2  2  0  0  0  0
    6  5.4136328850597713e-08   1  3  2  0  0  0  0
    6  2.0128343670783986e-08   0  4  2  0  0  0  0
    6  6.0197434952471455e-09   2  0  4  0  0  0  0
    6  4.8556410281648586e-08   1  1  4  0  0  0  0
    6  1.8108318626508248e-09   0  2  4  0  0  0  0
    6  6.4691628415079559e-09   0  0  6  0  0  0  0
    6 -5.9766010688804761e-08   4  0  1  1  0  0  0
    6 -1.1374959676195665e-07   3  1  1  1  0  0  0
    6 -1.1396951198722011e-06   2  2  1  1  0  0  0
    6 -1.1374959676195665e-07   1  3  1  1  0  0  0
    6 -5.9766010688804761e-08   0  4  1  1  0  0  0
    6 -2.9527877229512628e-08   2  0  3  1  0  0  0
    6 -2.3035025999783526e-08   1  1  3  1  0  0  0
    6 -1.1117342485352168e-07   0  2  3  1  0  0  0
    6  1.8502634241791626e-08   0  0  5  1  0  0  0
    6  2.0128343670783986e-08   4  0  0  2  0  0  0
    6  5.4136328850597713e-08   3  1  0  2  0  0  0
    6  1.0411597419471801e-07   2  2  0  2  0  0  0
    6  8.9209976416739848e-09   1  3  0  2  0  0  0
    6  1.8748998967459460e-08   0  4  0  2  0  0  0
    6 -1.2810725535121750e-07   2  0  2  2  0  0  0
    6 -3.7186508894359214e-07   1  1  2  2  0  0  0
    6 -1.2810725535121750e-07   0  2  2  2  0  0  0
    6  3.7783434320217637e-08   0  0  4  2  0  0  0
    6 -1.1117342485352168e-07   2  0  1  3  0  0  0
    6 -2.3035025999783526e-08   1  1  1  3  0  0  0
    6 -2.9527877229512628e-08   0  2  1  3  0  0  0
    6  1.1274675291121028e-08   0  0  3  3  0  0  0
    6  1.8108318626508248e-09   2  0  0  4  0  0  0
    6  4.8556410281648586e-08   1  1  0  4  0  0  0
    6  6.0197434952471455e-09   0  2  0  4  0  0  0
    6  3.7783434320217637e-08   0  0  2  4  0  0  0
    6  1.8502634241791626e-08   0  0  1  5  0  0  0
    6  6.4691628415079559e-09   0  0  0  6  0  0  0
    6  9.3379455379534607e-08   5  0  0  0  1  0  0
    6  7.5555700101007133e-08   4  1  0  0  1  0  0
    6  2.5366264376221939e-07   3  2  0  0  1  0  0
    6  2.5366264376221939e-07   2  3  0  0  1  0  0
    6  7.5555700101007133e-08   1  4  0  0  1  0  0
    6  9.3379455379534607e-08   0  5  0  0  1  0  0
    6 -1.7512473531604972e-09   3  0  2  0  1  0  0
    6 -5.4216443081008067e-08   2  1  2  0  1  0  0
    6  2.1713723226399702e-07   1  2  2  0  1  0  0
    6 -1.3913077052295660e-08   0  3  2  0  1  0  0
    6  2.4430355674882029e-08   1  0  4  0  1  0  0
    6  5.1880837402158224e-09   0  1  4  0  1  0  0
    6 -4.9822385238534961e-09   3  0  1  1  1  0  0
    6  4.9430197528417064e-08   2  1  1  1  1  0  0
    6  4.9430197528417064e-08   1  2  1  1  1  0  0
    6 -4.9822385238534961e-09   0  3  1  1  1  0  0
    6 -1.9963087840893847e-08   1  0  3  1  1  0  0
    6  1.3943241808750106e-08   0  1  3  1  1  0  0
    6 -1.3913077052295660e-08   3  0  0  2  1  0  0
    6  2.1713723226399702e-07   2  1  0  2  1  0  0
    6 -5.4216443081008067e-08   1  2  0  2  1  0  0
    6 -1.7512473531604972e-09   0  3  0  2  1  0  0
    6 -6.0739426494121311e-08   1  0  2  2  1  0  0
    6 -6.0739426494121311e-08   0  1  2  2  1  0  0
    6  1.3943241808750106e-08   1  0  1  3  1  0  0
    6 -1.9963087840893847e-08   0  1  1  3  1  0  0
    6  5.1880837402158224e-09   1  0  0  4  1  0  0
    6  2.4430355674882029e-08   0  1  0  4  1  0  0
    6  1.6160137759840932e-08   4  0  0  0  2  0  0
    6  9.8452820524986041e-08   3  1  0  0  2  0  0
    6 -1.2267336026874945e-06   2  2  0  0  2  0  0
    6  9.8452820524986041e-08   1  3  0  0  2  0  0
    6  1.6160137759840932e-08   0  4  0  0  2  0  0
    6  2.5116802263516263e-08   2  0  2  0  2  0  0
    6 -2.1410511636718483e-07   1  1  2  0  2  0  0
    6 -2.5068026639306288e-08   0  2  2  0  2  0  0
    6 -1.7791154982128869e-08   0  0  4  0  2  0  0
    6  1.3641274269398747e-07   2  0  1  1  2  0  0
    6  4.0796379052868609e-08   1  1  1  1  2  0  0
    6  1.3641274269398747e-07   0  2  1  1  2  0  0
    6 -1.0887352988158022e-07   0  0  3  1  2  0  0
    6 -2.5068026639306288e-08   2  0  0  2  2  0  0
    6 -2.1410511636718483e-07   1  1  0  2  2  0  0
    6  2.5116802263516263e-08   0  2  0  2  2  0  0
    6 -2.2070248285503734e-07   0  0  2  2  2  0  0
    6 -1.0887352988158022e-07   0  0  1  3  2  0  0
    6 -1.7791154982128869e-08   0  0  0  4  2  0  0
    6  2.6439894777858503e-08   3  0  0  0  3  0  0
    6 -5.7254544242611841e-08   2  1  0  0  3  0  0
    6 -5.7254544242611841e-08   1  2  0  0  3  0  0
    6  2.6439894777858503e-08   0  3  0  0  3  0  0
    6 -7.9306617083949830e-08   1  0  2  0  3  0  0
    6 -7.4308954890537128e-08   0  1  2  0  3  0  0
    6 -4.4896427010571938e-08   1  0  1  1  3  0  0
    6 -4.4896427010571938e-08   0  1  1  1  3  0  0
    6 -7.4308954890537128e-08   1  0  0  2  3  0  0
    6 -7.9306617083949830e-08   0  1  0  2  3  0  0
    6  6.1334144055914529e-08   2  0  0  0  4  0  0
    6 -6.4200215531913738e-07   1  1  0  0  4  0  0
    6  6.1334144055914529e-08   0  2  0  0  4  0  0
    6  1.7280638310448241e-08   0  0  2  0  4  0  0
    6  2.5330468556689753e-08   0  0  1  1  4  0  0
    6  1.7280638310448241e-08   0  0  0  2  4  0  0
    6 -9.9517094726107295e-08   1  0  0  0  5  0  0
    6 -9.9517094726107295e-08   0  1  0  0  5  0  0
    6 -4.1195327848904117e-08   0  0  0  0  6  0  0
    7 -2.9365788413799432e-09   7  0  0  0  0  0  0
    7 -4.4813008428294125e-08   6  1  0  0  0  0  0
    7  1.6667118330204288e-08   5  2  0  0  0  0  0
    7  4.2948119018733269e-08   4  3  0  0  0  0  0
    7  4.2948119018733269e-08   3  4  0  0  0  0  0
    7  1.6667118330204288e-08   2  5  0  0  0  0  0
    7 -4.4813008428294125e-08   1  6  0  0  0  0  0
    7 -2.9365788413799432e-09   0  7  0  0  0  0  0
    7 -7.7871654551849131e-09   5  0  2  0  0  0  0
    7  3.7590388783190869e-08   4  1  2  0  0  0  0
    7  1.0356218134983450e-07   3  2  2  0  0  0  0
    7  2.4295596197365292e-08   2  3  2  0  0  0  0
    7 -1.5566343073547995e-08   1  4  2  0  0  0  0
    7 -1.9026872604108363e-08   0  5  2  0  0  0  0
    7  2.4454722795820763e-08   3  0  4  0  0  0  0
    7 -2.0608211877542465e-08   2  1  4  0  0  0  0
    7 -3.9249508276116700e-08   1  2  4  0  0  0  0
    7 -2.8986242537080284e-09   0  3  4  0  0  0  0
    7 -9.6378755652826491e-09   1  0  6  0  0  0  0
    7  5.6400378481709441e-09   0  1  6  0  0  0  0
    7 -1.5303191669819913e-08   5  0  1  1  0  0  0
    7 -9.5991490438618852e-08   4  1  1  1  0  0  0
    7 -2.7213275261505870e-07   3  2  1  1  0  0  0
    7 -2.7213275261505870e-07   2  3  1  1  0  0  0
    7 -9.5991490438618852e-08   1  4  1  1  0  0  0
    7 -1.5303191669819913e-08   0  5  1  1  0  0  0
    7  1.1246671383887527e-08   3  0  3  1  0  0  0
    7  1.4713707541363119e-07   2  1  3  1  0  0  0
    7 -4.2876354600496007e-08   1  2  3  1  0  0  0
    7  4.0345355914971196e-08   0  3  3  1  0  0  0
    7 -1.5642881186314229e-08   1  0  5  1  0  0  0
    7  3.8256765803715892e-08   0  1  5  1  0  0  0
    7 -1.9026872604108363e-08   5  0  0  2  0  0  0
    7 -1.5566343073547995e-08   4  1  0  2  0  0  0
    7  2.4295596197365292e-08   3  2  0  2  0  0  0
    7  1.0356218134983450e-07   2  3  0  2  0  0  0
    7  3.7590388783190869e-08   1  4  0  2  0  0  0
    7 -7.7871654551849131e-09   0  5  0  2  0  0  0
    7 -3.6678509637357921e-09   3  0  2  2  0  0  0
    7 -1.7974648582475197e-08   2  1  2  2  0  0  0
    7 -1.7974648582475197e-08   1  2  2  2  0  0  0
    7 -3.6678509637357921e-09   0  3  2  2  0  0  0
    7  2.7505070663280954e-08   1  0  4  2  0  0  0
    7  3.9214838783363412e-08   0  1  4  2  0  0  0
    7  4.0345355914971196e-08   3  0  1  3  0  0  0
    7 -4.2876354600496007e-08   2  1  1  3  0  0  0
    7  1.4713707541363119e-07   1  2  1  3  0  0  0
    7  1.1246671383887527e-08   0  3  1  3  0  0  0
    7  3.3124464186606270e-08   1  0  3  3  0  0  0
    7  3.3124464186606270e-08   0  1  3  3  0  0  0
    7 -2.8986242537080284e-09   3  0  0  4  0  0  0
    7 -3.9249508276116700e-08   2  1  0  4  0  0  0
    7 -2.0608211877542465e-08   1  2  0  4  0  0  0
    7  2.4454722795820763e-08   0  3  0  4  0  0  0
    7  3.9214838783363412e-08   1  0  2  4  0  0  0
    7  2.7505070663280954e-08   0  1  2  4  0  0  0
    7  3.8256765803715892e-08   1  0  1  5  0  0  0
    7 -1.5642881186314229e-08   0  1  1  5  0  0  0
    7  5.6400378481709441e-09   1  0  0  6  0  0  0
    7 -9.6378755652826491e-09   0  1  0  6  0  0  0
    7 -2.2982407266869083e-08   6  0  0  0  1  0  0
    7  2.0483319551024556e-07   5  1  0  0  1  0  0
    7  1.1013056053137008e-07   4  2  0  0  1  0  0
    7  2.9535572263509187e-07   3  3  0  0  1  0  0
    7  1.1013056053137008e-07   2  4  0  0  1  0  0
    7  2.0483319551024556e-07   1  5  0  0  1  0  0
    7 -2.2982407266869083e-08   0  6  0  0  1  0  0
    7  6.4005588132738605e-10   4  0  2  0  1  0  0
    7  2.2221958661583678e-08   3  1  2  0  1  0  0
    7  1.3330499457260157e-07   2  2  2  0  1  0  0
    7  2.1184621843689578e-08   1  3  2  0  1  0  0
    7  4.0902431736263490e-08   0  4  2  0  1  0  0
    7 -8.1150350278283392e-09   2  0  4  0  1  0  0
    7  1.4978010791448081e-08   1  1  4  0  1  0  0
    7  1.8502687895488311e-08   0  2  4  0  1  0  0
    7  1.9093003451326692e-09   0  0  6  0  1  0  0
    7 -2.1020075826690187e-08   4  0  1  1  1  0  0
    7 -2.3352894557327133e-07   3  1  1  1  1  0  0
    7  5.1691289340622774e-07   2  2  1  1  1  0  0
    7 -2.3352894557327133e-07   1  3  1  1  1  0  0
    7 -2.1020075826690187e-08   0  4  1  1  1  0  0
    7  1.3405971551445192e-08   2  0  3  1  1  0  0
    7  1.5349048792611395e-07   1  1  3  1  1  0  0
    7 -1.4632956701971453e-08   0  2  3  1  1  0  0
    7 -4.4881714846932580e-09   0  0  5  1  1  0  0
    7  4.0902431736263490e-08   4  0  0  2  1  0  0
    7  2.1184621843689578e-08   3  1  0  2  1  0  0
    7  1.3330499457260157e-07   2  2  0  2  1  0  0
    7  2.2221958661583678e-08   1  3  0  2  1  0  0
    7  6.4005588132738605e-10   0  4  0  2  1  0  0
    7 -5.8463312281347584e-08   2  0  2  2  1  0  0
    7  3.3850160094305710e-07   1  1  2  2  1  0  0
    7 -5.8463312281347584e-08   0  2  2  2  1  0  0
    7  1.2688085721925617e-08   0  0  4  2  1  0  0
    7 -1.4632956701971453e-08   2  0  1  3  1  0  0
    7  1.5349048792611395e-07   1  1  1  3  1  0  0
    7  1.3405971551445192e-08   0  2  1  3  1  0  0
    7  3.6587010948002847e-08   0  0  3  3  1  0  0
    7  1.8502687895488311e-08   2  0  0  4  1  0  0
    7  1.4978010791448081e-08   1  1  0  4  1  0  0
    7 -8.1150350278283392e-09   0  2  0  4  1  0  0
    7  1.2688085721925617e-08   0  0  2  4  1  0  0
    7 -4.4881714846932580e-09   0  0  1  5  1  0  0
    7  1.9093003451326692e-09   0  0  0  6  1  0  0
    7 -5.1572935685251147e-08   5  0  0  0  2  0  0
    7 -1.0926814047841062e-07   4  1  0  0  2  0  0
    7 -1.4376892054991449e-08   3  2  0  0  2  0  0
    7 -1.4376892054991449e-08   2  3  0  0  2  0  0
    7 -1.0926814047841062e-07   1  4  0  0  2  0  0
    7 -5.1572935685251147e-08   0  5  0  0  2  0  0
    7 -5.6639128123110438e-08   3  0  2  0  2  0  0
    7  1.1333395497287451e-07   2  1  2  0  2  0  0
    7  6.3521652714184710e-08   1  2  2  0  2  0  0
    7  7.9935336236681211e-09   0  3  2  0  2  0  0
    7  1.1298827748324759e-08   1  0  4  0  2  0  0
    7 -1.2836952359275350e-08   0  1  4  0  2  0  0
    7  3.9944333893651100e-08   3  0  1  1  2  0  0
    7  2.2376886315997120e-07   2  1  1  1  2  0  0
    7  2.2376886315997120e-07   1  2  1  1  2  0  0
    7  3.9944333893651100e-08   0  3  1  1  2  0  0
    7  2.7527304552236560e-08   1  0  3  1  2  0  0
    7 -5.9364855324498990e-08   0  1  3  1  2  0  0
    7  7.9935336236681211e-09   3  0  0  2  2  0  0
    7  6.3521652714184710e-08   2  1  0  2  2  0  0
    7  1.1333395497287451e-07   1  2  0  2  2  0  0
    7 -5.6639128123110438e-08   0  3  0  2  2  0  0
    7  1.8979897046002947e-08   1  0  2  2  2  0  0
    7  1.8979897046002947e-08   0  1  2  2  2  0  0
    7 -5.9364855324498990e-08   1  0  1  3  2  0  0
    7  2.7527304552236560e-08   0  1  1  3  2  0  0
    7 -1.2836952359275350e-08   1  0  0  4  2  0  0
    7  1.1298827748324759e-08   0  1  0  4  2  0  0
    7 -5.9515998055446626e-08   4  0  0  0  3  0  0
    7 -1.7315011949774477e-07   3  1  0  0  3  0  0
    7  2.7107156512688518e-07   2  2  0  0  3  0  0
    7 -1.7315011949774477e-07   1  3  0  0  3  0  0
    7 -5.9515998055446626e-08   0  4  0  0  3  0  0
    7  6.7454662806935747e-09   2  0  2  0  3  0  0
    7 -1.3405747257293778e-07   1  1  2  0  3  0  0
    7 -1.9181036611442502e-08   0  2  2  0  3  0  0
    7  7.9069722394272764e-09   0  0  4  0  3  0  0
    7  6.8267199134327798e-08   2  0  1  1  3  0  0
    7  1.1342459389013573e-09   1  1  1  1  3  0  0
    7  6.8267199134327798e-08   0  2  1  1  3  0  0
    7  2.7742491179910267e-08   0  0  3  1  3  0  0
    7 -1.9181036611442502e-08   2  0  0  2  3  0  0
    7 -1.3405747257293778e-07   1  1  0  2  3  0  0
    7  6.7454662806935747e-09   0  2  0  2  3  0  0
    7  7.1093514515207074e-08   0  0  2  2  3  0  0
    7  2.7742491179910267e-08   0  0  1  3  3  0  0
    7  7.9069722394272764e-09   0  0  0  4  3  0  0
    7 -6.6767624341812978e-08   3  0  0  0  4  0  0
    7  2.3945732630935564e-07   2  1  0  0  4  0  0
    7  2.3945732630935564e-07   1  2  0  0  4  0  0
    7 -6.6767624341812978e-08   0  3  0  0  4  0  0
    7  3.2072430608499234e-08   1  0  2  0  4  0  0
    7  3.6355998325378268e-08   0  1  2  0  4  0  0
    7  1.4227130642467854e-08   1  0  1  1  4  0  0
    7  1.4227130642467854e-08   0  1  1  1  4  0  0
    7  3.6355998325378268e-08   1  0  0  2  4  0  0
    7  3.2072430608499234e-08   0  1  0  2  4  0  0
    7 -2.9541728952107729e-08   2  0  0  0  5  0  0
    7  5.3278962489283557e-07   1  1  0  0  5  0  0
    7 -2.9541728952107729e-08   0  2  0  0  5  0  0
    7 -3.5952299804015731e-09   0  0  2  0  5  0  0
    7 -7.9024951091114483e-09   0  0  1  1  5  0  0
    7 -3.5952299804015731e-09   0  0  0  2  5  0  0
    7  7.2680222635035527e-08   1  0  0  0  6  0  0
    7  7.2680222635035527e-08   0  1  0  0  6  0  0
    7  5.7474024596898371e-08   0  0  0  0  7  0  0
    8 -9.4313366501543304e-10   8  0  0  0  0  0  0
    8  2.4429234325836834e-08   7  1  0  0  0  0  0
    8  5.2396756949786201e-10   6  2  0  0  0  0  0
    8 -5.8667693521662841e-09   5  3  0  0  0  0  0
    8  9.4134005650721150e-10   4  4  0  0  0  0  0
    8 -5.8667693521662841e-09   3  5  0  0  0  0  0
    8  5.2396756949786201e-10   2  6  0  0  0  0  0
    8  2.4429234325836834e-08   1  7  0  0  0  0  0
    8 -9.4313366501543304e-10   0  8  0  0  0  0  0
    8  8.4363383497998154e-09   6  0  2  0  0  0  0
    8  2.1412907960331599e-08   5  1  2  0  0  0  0
    8  3.2352610809023601e-08   4  2  2  0  0  0  0
    8  3.3986159845664319e-08   3  3  2  0  0  0  0
    8 -5.7823894887312813e-08   2  4  2  0  0  0  0
    8  7.0612612609057453e-09   1  5  2  0  0  0  0
    8  7.1986503392896372e-09   0  6  2  0  0  0  0
    8 -9.8853825604041429e-09   4  0  4  0  0  0  0
    8  4.0157529930042117e-08   3  1  4  0  0  0  0
    8 -6.4196038093682605e-09   2  2  4  0  0  0  0
    8 -4.9947800756365436e-09   1  3  4  0  0  0  0
    8  1.1930285599441981e-08   0  4  4  0  0  0  0
    8  2.7480492223901360e-09   2  0  6  0  0  0  0
    8 -1.2429567252264365e-08   1  1  6  0  0  0  0
    8 -9.9022970779982898e-10   0  2  6  0  0  0  0
    8 -6.2230594118703644e-10   0  0  8  0  0  0  0
    8 -1.1568943754848323e-08   6  0  1  1  0  0  0
    8 -7.3737086131381707e-08   5  1  1  1  0  0  0
    8 -4.6386303473131868e-08   4  2  1  1  0  0  0
    8 -5.3228685856365505e-07   3  3  1  1  0  0  0
    8 -4.6386303473131868e-08   2  4  1  1  0  0  0
    8 -7.3737086131381707e-08   1  5  1  1  0  0  0
    8 -1.1568943754848323e-08   0  6  1  1  0  0  0
    8  1.4657364031535547e-08   4  0  3  1  0  0  0
    8  8.1667097861909887e-09   3  1  3  1  0  0  0
    8 -1.0688824248992132e-07   2  2  3  1  0  0  0
    8  2.2796765695756939e-08   1  3  3  1  0  0  0
    8 -4.9634985101927358e-09   0  4  3  1  0  0  0
    8  1.1316615381599938e-08   2  0  5  1  0  0  0
    8 -2.5256993765865294e-08   1  1  5  1  0  0  0
    8 -4.5360680686783928e-09   0  2  5  1  0  0  0
    8 -6.4512232457522193e-10   0  0  7  1  0  0  0
    8  7.1986503392896372e-09   6  0  0  2  0  0  0
    8  7.0612612609057453e-09   5  1  0  2  0  0  0
    8 -5.7823894887312813e-08   4  2  0  2  0  0  0
    8  3.3986159845664319e-08   3  3  0  2  0  0  0
    8  3.2352610809023601e-08   2  4  0  2  0  0  0
    8  2.1412907960331599e-08   1  5  0  2  0  0  0
    8  8.4363383497998154e-09   0  6  0  2  0  0  0
    8 -3.8050581900574075e-08   4  0  2  2  0  0  0
    8  1.4764823395603036e-08   3  1  2  2  0  0  0
    8 -4.6191069124041035e-07   2  2  2  2  0  0  0
    8  1.4764823395603036e-08   1  3  2  2  0  0  0
    8 -3.8050581900574075e-08   0  4  2  2  0  0  0
    8 -2.8026422558329478e-08   2  0  4  2  0  0  0
    8 -7.0632150955196416e-08   1  1  4  2  0  0  0
    8  2.0167159091901565e-09   0  2  4  2  0  0  0
    8  6.0902670108184812e-10   0  0  6  2  0  0  0
    8 -4.9634985101927358e-09   4  0  1  3  0  0  0
    8  2.2796765695756939e-08   3  1  1  3  0  0  0
    8 -1.0688824248992132e-07   2  2  1  3  0  0  0
    8  8.1667097861909887e-09   1  3  1  3  0  0  0
    8  1.4657364031535547e-08   0  4  1  3  0  0  0
    8  3.7530337345766845e-09   2  0  3  3  0  0  0
    8 -1.7537811896460364e-07   1  1  3  3  0  0  0
    8  3.7530337345766845e-09   0  2  3  3  0  0  0
    8  1.7638564070889526e-09   0  0  5  3  0  0  0
    8  1.1930285599441981e-08   4  0  0  4  0  0  0
    8 -4.9947800756365436e-09   3  1  0  4  0  0  0
    8 -6.4196038093682605e-09   2  2  0  4  0  0  0
    8  4.0157529930042117e-08   1  3  0  4  0  0  0
    8 -9.8853825604041429e-09   0  4  0  4  0  0  0
    8  2.0167159091901565e-09   2  0  2  4  0  0  0
    8 -7.0632150955196416e-08   1  1  2  4  0  0  0
    8 -2.8026422558329478e-08   0  2  2  4  0  0  0
    8 -8.1002209484898725e-09   0  0  4  4  0  0  0
    8 -4.5360680686783928e-09   2  0  1  5  0  0  0
    8 -2.5256993765865294e-08   1  1  1  5  0  0  0
    8  1.1316615381599938e-08   0  2  1  5  0  0  0
    8  1.7638564070889526e-09   0  0  3  5  0  0  0
    8 -9.9022970779982898e-10   2  0  0  6  0  0  0
    8 -1.2429567252264365e-08   1  1  0  6  0  0  0
    8  2.7480492223901360e-09   0  2  0  6  0  0  0
    8  6.0902670108184812e-10   0  0  2  6  0  0  0
    8 -6.4512232457522193e-10   0  0  1  7  0  0  0
    8 -6.2230594118703644e-10   0  0  0  8  0  0  0
    8 -4.7115594506307935e-09   7  0  0  0  1  0  0
    8 -8.1257247505212014e-08   6  1  0  0  1  0  0
    8  1.0573956105166595e-07   5  2  0  0  1  0  0
    8  1.7076214666786306e-07   4  3  0  0  1  0  0
    8  1.7076214666786306e-07   3  4  0  0  1  0  0
    8  1.0573956105166595e-07   2  5  0  0  1  0  0
    8 -8.1257247505212014e-08   1  6  0  0  1  0  0
    8 -4.7115594506307935e-09   0  7  0  0  1  0  0
    8 -2.9854337767119877e-08   5  0  2  0  1  0  0
    8  9.3140155632834440e-08   4  1  2  0  1  0  0
    8 -7.0916576749781504e-09   3  2  2  0  1  0  0
    8 -3.3757006556126878e-08   2  3  2  0  1  0  0
    8  2.1293537863193922e-08   1  4  2  0  1  0  0
    8 -2.9241908590935668e-08   0  5  2  0  1  0  0
    8 -2.2700731753291926e-09   3  0  4  0  1  0  0
    8 -1.0763685893705348e-09   2  1  4  0  1  0  0
    8  1.9308916377716265e-08   1  2  4  0  1  0  0
    8 -1.4932738635995424e-08   0  3  4  0  1  0  0
    8 -1.5173404971633965e-09   1  0  6  0  1  0  0
    8  2.5921755911905346e-09   0  1  6  0  1  0  0
    8  1.4049857206541828e-08   5  0  1  1  1  0  0
    8  6.5685690123454930e-08   4  1  1  1  1  0  0
    8 -1.3876830990902271e-07   3  2  1  1  1  0  0
    8 -1.3876830990902271e-07   2  3  1  1  1  0  0
    8  6.5685690123454930e-08   1  4  1  1  1  0  0
    8  1.4049857206541828e-08   0  5  1  1  1  0  0
    8  3.9174768838007147e-08   3  0  3  1  1  0  0
    8 -7.3291216693875276e-08   2  1  3  1  1  0  0
    8  1.1408648431836104e-07   1  2  3  1  1  0  0
    8 -1.9254272093146700e-08   0  3  3  1  1  0  0
    8  7.6163785439510259e-09   1  0  5  1  1  0  0
    8  2.1102762772053740e-08   0  1  5  1  1  0  0
    8 -2.9241908590935668e-08   5  0  0  2  1  0  0
    8  2.1293537863193922e-08   4  1  0  2  1  0  0
    8 -3.3757006556126878e-08   3  2  0  2  1  0  0
    8 -7.0916576749781504e-09   2  3  0  2  1  0  0
    8  9.3140155632834440e-08   1  4  0  2  1  0  0
    8 -2.9854337767119877e-08   0  5  0  2  1  0  0
    8  1.6738530947611007e-08   3  0  2  2  1  0  0
    8 -1.0202454913568099e-07   2  1  2  2  1  0  0
    8 -1.0202454913568099e-07   1  2  2  2  1  0  0
    8  1.6738530947611007e-08   0  3  2  2  1  0  0
    8 -2.2329302243049610e-08   1  0  4  2  1  0  0
    8  4.5106852608293602e-08   0  1  4  2  1  0  0
    8 -1.9254272093146700e-08   3  0  1  3  1  0  0
    8  1.1408648431836104e-07   2  1  1  3  1  0  0
    8 -7.3291216693875276e-08   1  2  1  3  1  0  0
    8  3.9174768838007147e-08   0  3  1  3  1  0  0
    8 -1.6814262165740576e-08   1  0  3  3  1  0  0
    8 -1.6814262165740576e-08   0  1  3  3  1  0  0
    8 -1.4932738635995424e-08   3  0  0  4  1  0  0
    8  1.9308916377716265e-08   2  1  0  4  1  0  0
    8 -1.0763685893705348e-09   1  2  0  4  1  0  0
    8 -2.2700731753291926e-09   0  3  0  4  1  0  0
    8  4.5106852608293602e-08   1  0  2  4  1  0  0
    8 -2.2329302243049610e-08   0  1  2  4  1  0  0
    8  2.1102762772053740e-08   1  0  1  5  1  0  0
    8  7.6163785439510259e-09   0  1  1  5  1  0  0
    8  2.5921755911905346e-09   1  0  0  6  1  0  0
    8 -1.5173404971633965e-09   0  1  0  6  1  0  0
    8  1.2474707119861737e-08   6  0  0  0  2  0  0
    8 -1.3005783999085759e-07   5  1  0  0  2  0  0
    8  6.2094670369819053e-08   4  2  0  0  2  0  0
    8  6.9979355296041176e-09   3  3  0  0  2  0  0
    8  6.2094670369819053e-08   2  4  0  0  2  0  0
    8 -1.3005783999085759e-07   1  5  0  0  2  0  0
    8  1.2474707119861737e-08   0  6  0  0  2  0  0
    8  1.1400199517315119e-08   4  0  2  0  2  0  0
    8 -3.9340373475511707e-08   3  1  2  0  2  0  0
    8  4.5732283230934867e-08   2  2  2  0  2  0  0
    8  5.3094375166507635e-08   1  3  2  0  2  0  0
    8 -3.9302465118739285e-08   0  4  2  0  2  0  0
    8  1.9820276006393392e-09   2  0  4  0  2  0  0
    8  1.2278454568600174e-08   1  1  4  0  2  0  0
    8  1.1818610634882873e-09   0  2  4  0  2  0  0
    8 -7.5514180246351850e-10   0  0  6  0  2  0  0
    8  6.0508806851314739e-08   4  0  1  1  2  0  0
    8  3.8363908288981869e-08   3  1  1  1  2  0  0
    8  6.5773762867796267e-08   2  2  1  1  2  0  0
    8  3.8363908288981869e-08   1  3  1  1  2  0  0
    8  6.0508806851314739e-08   0  4  1  1  2  0  0
    8 -7.0630793154392258e-09   2  0  3  1  2  0  0
    8  3.0413701021080775e-08   1  1  3  1  2  0  0
    8 -1.2383831691666974e-08   0  2  3  1  2  0  0
    8 -5.0982018741811340e-09   0  0  5  1  2  0  0
    8 -3.9302465118739285e-08   4  0  0  2  2  0  0
    8  5.3094375166507635e-08   3  1  0  2  2  0  0
    8  4.5732283230934867e-08   2  2  0  2  2  0  0
    8 -3.9340373475511707e-08   1  3  0  2  2  0  0
    8  1.1400199517315119e-08   0  4  0  2  2  0  0
    8 -3.7590725559844821e-09   2  0  2  2  2  0  0
    8 -6.7546828938982795e-08   1  1  2  2  2  0  0
    8 -3.7590725559844821e-09   0  2  2  2  2  0  0
    8 -2.1196260316691865e-08   0  0  4  2  2  0  0
    8 -1.2383831691666974e-08   2  0  1  3  2  0  0
    8  3.0413701021080775e-08   1  1  1  3  2  0  0
    8 -7.0630793154392258e-09   0  2  1  3  2  0  0
    8 -4.0285422342348524e-08   0  0  3  3  2  0  0
    8  1.1818610634882873e-09   2  0  0  4  2  0  0
    8  1.2278454568600174e-08   1  1  0  4  2  0  0
    8  1.9820276006393392e-09   0  2  0  4  2  0  0
    8 -2.1196260316691865e-08   0  0  2  4  2  0  0
    8 -5.0982018741811340e-09   0  0  1  5  2  0  0
    8 -7.5514180246351850e-10   0  0  0  6  2  0  0
    8 -1.9011308175082170e-08   5  0  0  0  3  0  0
    8 -1.0399957771274154e-07   4  1  0  0  3  0  0
    8 -1.6297817033817992e-07   3  2  0  0  3  0  0
    8 -1.6297817033817992e-07   2  3  0  0  3  0  0
    8 -1.0399957771274154e-07   1  4  0  0  3  0  0
    8 -1.9011308175082170e-08   0  5  0  0  3  0  0
    8 -1.2877022129511055e-08   3  0  2  0  3  0  0
    8 -2.3650573259693516e-08   2  1  2  0  3  0  0
    8 -9.5625132731350402e-08   1  2  2  0  3  0  0
    8 -9.0272117257469528e-09   0  3  2  0  3  0  0
    8 -1.0172125570702454e-08   1  0  4  0  3  0  0
    8 -1.3691994004678141e-08   0  1  4  0  3  0  0
    8 -1.1914487114674270e-08   3  0  1  1  3  0  0
    8 -4.5687575065990926e-08   2  1  1  1  3  0  0
    8 -4.5687575065990926e-08   1  2  1  1  3  0  0
    8 -1.1914487114674270e-08   0  3  1  1  3  0  0
    8 -3.0334009420687865e-08   1  0  3  1  3  0  0
    8 -9.3649479350169572e-08   0  1  3  1  3  0  0
    8 -9.0272117257469528e-09   3  0  0  2  3  0  0
    8 -9.5625132731350402e-08   2  1  0  2  3  0  0
    8 -2.3650573259693516e-08   1  2  0  2  3  0  0
    8 -1.2877022129511055e-08   0  3  0  2  3  0  0
    8 -5.5614289930124014e-08   1  0  2  2  3  0  0
    8 -5.5614289930124014e-08   0  1  2  2  3  0  0
    8 -9.3649479350169572e-08   1  0  1  3  3  0  0
    8 -3.0334009420687865e-08   0  1  1  3  3  0  0
    8 -1.3691994004678141e-08   1  0  0  4  3  0  0
    8 -1.0172125570702454e-08   0  1  0  4  3  0  0
    8  6.1054105341983010e-08   4  0  0  0  4  0  0
    8  3.8153137997453775e-08   3  1  0  0  4  0  0
    8 -1.1565776352016905e-07   2  2  0  0  4  0  0
    8  3.8153137997453775e-08   1  3  0  0  4  0  0
    8  6.1054105341983010e-08   0  4  0  0  4  0  0
    8 -2.4380893927863601e-08   2  0  2  0  4  0  0
    8  3.7367109731983034e-08   1  1  2  0  4  0  0
    8  4.3952826226607177e-09   0  2  2  0  4  0  0
    8  1.2319302903142134e-09   0  0  4  0  4  0  0
    8 -2.2984675941341701e-08   2  0  1  1  4  0  0
    8 -1.6225532871654942e-07   1  1  1  1  4  0  0
    8 -2.2984675941341701e-08   0  2  1  1  4  0  0
    8  4.0657408991525881e-09   0  0  3  1  4  0  0
    8  4.3952826226607177e-09   2  0  0  2  4  0  0
    8  3.7367109731983034e-08   1  1  0  2  4  0  0
    8 -2.4380893927863601e-08   0  2  0  2  4  0  0
    8  1.4188425471714014e-08   0  0  2  2  4  0  0
    8  4.0657408991525881e-09   0  0  1  3  4  0  0
    8  1.2319302903142134e-09   0  0  0  4  4  0  0
    8  4.7092617934806575e-08   3  0  0  0  5  0  0
    8 -2.2690202228643235e-08   2  1  0  0  5  0  0
    8 -2.2690202228643235e-08   1  2  0  0  5  0  0
    8  4.7092617934806575e-08   0  3  0  0  5  0  0
    8 -8.0406276188579042e-09   1  0  2  0  5  0  0
    8  2.9368540218761286e-08   0  1  2  0  5  0  0
    8  2.6572953243441548e-08   1  0  1  1  5  0  0
    8  2.6572953243441548e-08   0  1  1  1  5  0  0
    8  2.9368540218761286e-08   1  0  0  2  5  0  0
    8 -8.0406276188579042e-09   0  1  0  2  5  0  0
    8  2.6020714242018118e-08   2  0  0  0  6  0  0
    8 -3.1273571730129773e-07   1  1  0  0  6  0  0
    8  2.6020714242018118e-08   0  2  0  0  6  0  0
    8 -1.1610923602491509e-09   0  0  2  0  6  0  0
    8 -1.5295878061399692e-08   0  0  1  1  6  0  0
    8 -1.1610923602491509e-09   0  0  0  2  6  0  0
    8 -5.9247039840573067e-08   1  0  0  0  7  0  0
    8 -5.9247039840573067e-08   0  1  0  0  7  0  0
    8 -3.5001249781089209e-08   0  0  0  0  8  0  0
 -659  0.0000000000000000e+00   0  0  0  0  0  0  0
