
tpsa, NO = 8, NV = 7, INA = 48092
------------------------------------------------------------------

   |I|         a                i  i  i  i  i  i  i
                I                1  2  3  4  5  6  7

    2 -3.2454682759546640e-06   1  1  0  0  0  0  0
    2 -3.5438205222072472e-05   0  0  1  1  0  0  0
    2  5.8639258748412526e-05   0  0  0  0  2  0  0
    3 -2.7075181622907041e-07   3  0  0  0  0  0  0
    3 -1.8425159561648216e-07   2  1  0  0  0  0  0
    3 -1.8425159561648216e-07   1  2  0  0  0  0  0
    3 -2.7075181622907041e-07   0  3  0  0  0  0  0
    3  3.3508322881115602e-06   1  0  2  0  0  0  0
    3 -8.7552858213899900e-07   0  1  2  0  0  0  0
    3 -2.3236678362100727e-07   1  0  1  1  0  0  0
    3 -2.3236678362100727e-07   0  1  1  1  0  0  0
    3 -8.7552858213899900e-07   1  0  0  2  0  0  0
    3  3.3508322881115602e-06   0  1  0  2  0  0  0
    3 -3.7374708571652776e-07   2  0  0  0  1  0  0
    3 -2.2721852358760594e-06   1  1  0  0  1  0  0
    3 -3.7374708571652776e-07   0  2  0  0  1  0  0
    3  1.0723741891205052e-06   0  0  2  0  1  0  0
    3 -2.1018477385969588e-06   0  0  1  1  1  0  0
    3  1.0723741891205052e-06   0  0  0  2  1  0  0
    3  4.9148361102160518e-20   1  0  0  0  2  0  0
    3  4.9148361102160518e-20   0  1  0  0  2  0  0
    3 -5.0237472675752132e-07   0  0  0  0  3  0  0
    4 -6.3967882220786340e-08   4  0  0  0  0  0  0
    4 -1.6765040791217901e-08   3  1  0  0  0  0  0
    4  1.0900591476329175e-06   2  2  0  0  0  0  0
    4 -1.6765040791217901e-08   1  3  0  0  0  0  0
    4 -6.3967882220786340e-08   0  4  0  0  0  0  0
    4 -2.0968874903050794e-07   2  0  2  0  0  0  0
    4 -3.4409766898687456e-06   1  1  2  0  0  0  0
    4  2.0272070341053562e-06   0  2  2  0  0  0  0
    4  3.6211059924569330e-07   0  0  4  0  0  0  0
    4 -2.6107055351978795e-07   2  0  1  1  0  0  0
    4 -3.5631369093603581e-06   1  1  1  1  0  0  0
    4 -2.6107055351978795e-07   0  2  1  1  0  0  0
    4 -1.1635785514112036e-06   0  0  3  1  0  0  0
    4  2.0272070341053562e-06   2  0  0  2  0  0  0
    4 -3.4409766898687456e-06   1  1  0  2  0  0  0
    4 -2.0968874903050794e-07   0  2  0  2  0  0  0
    4  1.3704463525688454e-06   0  0  2  2  0  0  0
    4 -1.1635785514112036e-06   0  0  1  3  0  0  0
    4  3.6211059924569330e-07   0  0  0  4  0  0  0
    4 -1.3458463109244962e-08   3  0  0  0  1  0  0
    4 -5.3120841747791667e-07   2  1  0  0  1  0  0
    4 -5.3120841747791667e-07   1  2  0  0  1  0  0
    4 -1.3458463109244962e-08   0  3  0  0  1  0  0
    4 -1.9417827401308647e-06   1  0  2  0  1  0  0
    4  2.5444762146863778e-06   0  1  2  0  1  0  0
    4 -2.8348107100502939e-06   1  0  1  1  1  0  0
    4 -2.8348107100502939e-06   0  1  1  1  1  0  0
    4  2.5444762146863778e-06   1  0  0  2  1  0  0
    4 -1.9417827401308647e-06   0  1  0  2  1  0  0
    4 -4.1528948295422807e-07   2  0  0  0  2  0  0
    4  1.3186667893979235e-06   1  1  0  0  2  0  0
    4 -4.1528948295422807e-07   0  2  0  0  2  0  0
    4  2.7173471324551613e-06   0  0  2  0  2  0  0
    4 -1.0570146500973340e-06   0  0  1  1  2  0  0
    4  2.7173471324551613e-06   0  0  0  2  2  0  0
    4  7.7340148092057924e-21   1  0  0  0  3  0  0
    4  7.7340148092057924e-21   0  1  0  0  3  0  0
    4  1.8880853132544391e-06   0  0  0  0  4  0  0
    5  1.2682395679600265e-07   5  0  0  0  0  0  0
    5  1.2913142772510222e-07   4  1  0  0  0  0  0
    5  2.7858609119195854e-07   3  2  0  0  0  0  0
    5  2.7858609119195854e-07   2  3  0  0  0  0  0
    5  1.2913142772510222e-07   1  4  0  0  0  0  0
    5  1.2682395679600265e-07   0  5  0  0  0  0  0
    5  2.7152601627667124e-07   3  0  2  0  0  0  0
    5  4.7033537627105702e-07   2  1  2  0  0  0  0
    5 -2.0561409065781682e-06   1  2  2  0  0  0  0
    5 -3.0484943317690695e-08   0  3  2  0  0  0  0
    5  5.4740315389271676e-07   1  0  4  0  0  0  0
    5 -1.4926988833333299e-06   0  1  4  0  0  0  0
    5 -1.3831108544771691e-07   3  0  1  1  0  0  0
    5  8.7563349272138988e-07   2  1  1  1  0  0  0
    5  8.7563349272138988e-07   1  2  1  1  0  0  0
    5 -1.3831108544771691e-07   0  3  1  1  0  0  0
    5  5.3956213261415686e-07   1  0  3  1  0  0  0
    5 -1.2074212927134387e-06   0  1  3  1  0  0  0
    5 -3.0484943317690695e-08   3  0  0  2  0  0  0
    5 -2.0561409065781682e-06   2  1  0  2  0  0  0
    5  4.7033537627105702e-07   1  2  0  2  0  0  0
    5  2.7152601627667124e-07   0  3  0  2  0  0  0
    5  1.0471205314817781e-06   1  0  2  2  0  0  0
    5  1.0471205314817781e-06   0  1  2  2  0  0  0
    5 -1.2074212927134387e-06   1  0  1  3  0  0  0
    5  5.3956213261415686e-07   0  1  1  3  0  0  0
    5 -1.4926988833333299e-06   1  0  0  4  0  0  0
    5  5.4740315389271676e-07   0  1  0  4  0  0  0
    5 -1.7175083830747932e-07   4  0  0  0  1  0  0
    5  1.6910584813781950e-07   3  1  0  0  1  0  0
    5  5.0486790675166325e-06   2  2  0  0  1  0  0
    5  1.6910584813781950e-07   1  3  0  0  1  0  0
    5 -1.7175083830747932e-07   0  4  0  0  1  0  0
    5 -6.5354037466042025e-07   2  0  2  0  1  0  0
    5 -1.5831852959066967e-06   1  1  2  0  1  0  0
    5 -2.9843026786821001e-07   0  2  2  0  1  0  0
    5 -3.2110562605963150e-07   0  0  4  0  1  0  0
    5 -9.1581374455953458e-07   2  0  1  1  1  0  0
    5  4.3617705346406385e-06   1  1  1  1  1  0  0
    5 -9.1581374455953458e-07   0  2  1  1  1  0  0
    5  1.2481757710385712e-07   0  0  3  1  1  0  0
    5 -2.9843026786821001e-07   2  0  0  2  1  0  0
    5 -1.5831852959066967e-06   1  1  0  2  1  0  0
    5 -6.5354037466042025e-07   0  2  0  2  1  0  0
    5  4.5905167960813443e-07   0  0  2  2  1  0  0
    5  1.2481757710385712e-07   0  0  1  3  1  0  0
    5 -3.2110562605963150e-07   0  0  0  4  1  0  0
    5  1.6195704945983795e-07   3  0  0  0  2  0  0
    5 -2.2987953183073835e-07   2  1  0  0  2  0  0
    5 -2.2987953183073835e-07   1  2  0  0  2  0  0
    5  1.6195704945983795e-07   0  3  0  0  2  0  0
    5 -5.1868346215332709e-07   1  0  2  0  2  0  0
    5  3.5977828032692943e-06   0  1  2  0  2  0  0
    5 -8.6538451460805991e-07   1  0  1  1  2  0  0
    5 -8.6538451460805991e-07   0  1  1  1  2  0  0
    5  3.5977828032692943e-06   1  0  0  2  2  0  0
    5 -5.1868346215332709e-07   0  1  0  2  2  0  0
    5  1.0007996745612589e-07   2  0  0  0  3  0  0
    5  1.4641455245921112e-06   1  1  0  0  3  0  0
    5  1.0007996745612589e-07   0  2  0  0  3  0  0
    5 -7.0169618105811166e-07   0  0  2  0  3  0  0
    5 -1.2004415666149175e-06   0  0  1  1  3  0  0
    5 -7.0169618105811166e-07   0  0  0  2  3  0  0
    5 -4.4691488981250557e-21   1  0  0  0  4  0  0
    5 -4.4691488981250557e-21   0  1  0  0  4  0  0
    5 -4.7132290344041474e-07   0  0  0  0  5  0  0
    6 -5.3667286335847457e-08   6  0  0  0  0  0  0
    6  2.2458464003684478e-07   5  1  0  0  0  0  0
    6  1.2048546126019993e-07   4  2  0  0  0  0  0
    6 -1.6779489505653752e-06   3  3  0  0  0  0  0
    6  1.2048546126019993e-07   2  4  0  0  0  0  0
    6  2.2458464003684478e-07   1  5  0  0  0  0  0
    6 -5.3667286335847457e-08   0  6  0  0  0  0  0
    6 -1.6311827425269280e-06   4  0  2  0  0  0  0
    6  6.0629563573223369e-07   3  1  2  0  0  0  0
    6  8.3296308676864792e-07   2  2  2  0  0  0  0
    6  3.4701803339382691e-08   1  3  2  0  0  0  0
    6 -8.5047058078229097e-08   0  4  2  0  0  0  0
    6  1.9488159128367381e-07   2  0  4  0  0  0  0
    6  1.4967493704674982e-06   1  1  4  0  0  0  0
    6 -7.0127706638403673e-08   0  2  4  0  0  0  0
    6  2.1854179665054973e-07   0  0  6  0  0  0  0
    6  8.8553863242794496e-08   4  0  1  1  0  0  0
    6  1.1353940328060769e-06   3  1  1  1  0  0  0
    6 -4.4280633582115425e-06   2  2  1  1  0  0  0
    6  1.1353940328060769e-06   1  3  1  1  0  0  0
    6  8.8553863242794496e-08   0  4  1  1  0  0  0
    6  1.7410484830139249e-08   2  0  3  1  0  0  0
    6  1.7824816419607900e-06   1  1  3  1  0  0  0
    6 -7.3050696129331796e-07   0  2  3  1  0  0  0
    6  8.7187427071563351e-08   0  0  5  1  0  0  0
    6 -8.5047058078229097e-08   4  0  0  2  0  0  0
    6  3.4701803339382691e-08   3  1  0  2  0  0  0
    6  8.3296308676864792e-07   2  2  0  2  0  0  0
    6  6.0629563573223369e-07   1  3  0  2  0  0  0
    6 -1.6311827425269280e-06   0  4  0  2  0  0  0
    6  4.3124704799484653e-07   2  0  2  2  0  0  0
    6 -5.3178157116951299e-07   1  1  2  2  0  0  0
    6  4.3124704799484653e-07   0  2  2  2  0  0  0
    6 -1.8949054029886587e-07   0  0  4  2  0  0  0
    6 -7.3050696129331796e-07   2  0  1  3  0  0  0
    6  1.7824816419607900e-06   1  1  1  3  0  0  0
    6  1.7410484830139249e-08   0  2  1  3  0  0  0
    6 -6.3754855871463121e-07   0  0  3  3  0  0  0
    6 -7.0127706638403673e-08   2  0  0  4  0  0  0
    6  1.4967493704674982e-06   1  1  0  4  0  0  0
    6  1.9488159128367381e-07   0  2  0  4  0  0  0
    6 -1.8949054029886587e-07   0  0  2  4  0  0  0
    6  8.7187427071563351e-08   0  0  1  5  0  0  0
    6  2.1854179665054973e-07   0  0  0  6  0  0  0
    6  4.6513060071599112e-07   5  0  0  0  1  0  0
    6  5.3448911283571047e-07   4  1  0  0  1  0  0
    6  1.1901388749330568e-06   3  2  0  0  1  0  0
    6  1.1901388749330568e-06   2  3  0  0  1  0  0
    6  5.3448911283571047e-07   1  4  0  0  1  0  0
    6  4.6513060071599112e-07   0  5  0  0  1  0  0
    6  4.1565329908087137e-07   3  0  2  0  1  0  0
    6  2.7117530690385979e-06   2  1  2  0  1  0  0
    6 -2.9549983859782697e-06   1  2  2  0  1  0  0
    6 -8.0005060197531299e-08   0  3  2  0  1  0  0
    6  4.6092162629005118e-07   1  0  4  0  1  0  0
    6 -5.5516235544661985e-07   0  1  4  0  1  0  0
    6  8.2752401011496839e-07   3  0  1  1  1  0  0
    6  1.1841045274761014e-06   2  1  1  1  1  0  0
    6  1.1841045274761014e-06   1  2  1  1  1  0  0
    6  8.2752401011496839e-07   0  3  1  1  1  0  0
    6  2.5382675697729071e-07   1  0  3  1  1  0  0
    6 -7.5085247276532280e-07   0  1  3  1  1  0  0
    6 -8.0005060197531299e-08   3  0  0  2  1  0  0
    6 -2.9549983859782697e-06   2  1  0  2  1  0  0
    6  2.7117530690385979e-06   1  2  0  2  1  0  0
    6  4.1565329908087137e-07   0  3  0  2  1  0  0
    6  1.1013452036726929e-06   1  0  2  2  1  0  0
    6  1.1013452036726929e-06   0  1  2  2  1  0  0
    6 -7.5085247276532280e-07   1  0  1  3  1  0  0
    6  2.5382675697729071e-07   0  1  1  3  1  0  0
    6 -5.5516235544661985e-07   1  0  0  4  1  0  0
    6  4.6092162629005118e-07   0  1  0  4  1  0  0
    6  1.6413936444762569e-07   4  0  0  0  2  0  0
    6  1.0788912362906830e-06   3  1  0  0  2  0  0
    6 -2.2902986080902005e-06   2  2  0  0  2  0  0
    6  1.0788912362906830e-06   1  3  0  0  2  0  0
    6  1.6413936444762569e-07   0  4  0  0  2  0  0
    6 -1.1155554047499964e-06   2  0  2  0  2  0  0
    6 -8.7622523799241105e-08   1  1  2  0  2  0  0
    6  6.5418105738242089e-07   0  2  2  0  2  0  0
    6 -6.7330369753857409e-07   0  0  4  0  2  0  0
    6  3.0636426951517431e-07   2  0  1  1  2  0  0
    6 -1.0583157755121208e-06   1  1  1  1  2  0  0
    6  3.0636426951517431e-07   0  2  1  1  2  0  0
    6  5.8499681544745161e-08   0  0  3  1  2  0  0
    6  6.5418105738242089e-07   2  0  0  2  2  0  0
    6 -8.7622523799241105e-08   1  1  0  2  2  0  0
    6 -1.1155554047499964e-06   0  2  0  2  2  0  0
    6  1.1289545496181410e-06   0  0  2  2  2  0  0
    6  5.8499681544745161e-08   0  0  1  3  2  0  0
    6 -6.7330369753857409e-07   0  0  0  4  2  0  0
    6 -1.0359179856399922e-08   3  0  0  0  3  0  0
    6  2.9287137536125088e-07   2  1  0  0  3  0  0
    6  2.9287137536125088e-07   1  2  0  0  3  0  0
    6 -1.0359179856399922e-08   0  3  0  0  3  0  0
    6  8.6731901308295394e-07   1  0  2  0  3  0  0
    6  1.2223778680558700e-06   0  1  2  0  3  0  0
    6 -6.0571592946804590e-07   1  0  1  1  3  0  0
    6 -6.0571592946804590e-07   0  1  1  1  3  0  0
    6  1.2223778680558700e-06   1  0  0  2  3  0  0
    6  8.6731901308295394e-07   0  1  0  2  3  0  0
    6  1.9955623815645104e-07   2  0  0  0  4  0  0
    6 -2.3619828498542632e-06   1  1  0  0  4  0  0
    6  1.9955623815645104e-07   0  2  0  0  4  0  0
    6  9.3945791168385196e-08   0  0  2  0  4  0  0
    6 -2.5435708864802688e-07   0  0  1  1  4  0  0
    6  9.3945791168385196e-08   0  0  0  2  4  0  0
    6 -1.8552932965436982e-21   1  0  0  0  5  0  0
    6 -1.8552932965436982e-21   0  1  0  0  5  0  0
    6 -5.7428009622243846e-08   0  0  0  0  6  0  0
    7  2.3666763093581504e-08   7  0  0  0  0  0  0
    7 -1.4736995756589533e-07   6  1  0  0  0  0  0
    7 -2.1640315590355375e-07   5  2  0  0  0  0  0
    7 -4.1148884442506334e-07   4  3  0  0  0  0  0
    7 -4.1148884442506334e-07   3  4  0  0  0  0  0
    7 -2.1640315590355375e-07   2  5  0  0  0  0  0
    7 -1.4736995756589533e-07   1  6  0  0  0  0  0
    7  2.3666763093581504e-08   0  7  0  0  0  0  0
    7  1.2631587859278964e-06   5  0  2  0  0  0  0
    7 -1.1513659153726617e-06   4  1  2  0  0  0  0
    7 -3.4226513626931205e-06   3  2  2  0  0  0  0
    7  8.1548123803191746e-07   2  3  2  0  0  0  0
    7  2.1572032690949776e-08   1  4  2  0  0  0  0
    7 -6.4700134770417547e-08   0  5  2  0  0  0  0
    7 -6.6099166599247904e-07   3  0  4  0  0  0  0
    7 -4.1039683111141275e-07   2  1  4  0  0  0  0
    7  8.1836006659240580e-07   1  2  4  0  0  0  0
    7 -1.6995502103583319e-07   0  3  4  0  0  0  0
    7 -1.4300947961209801e-07   1  0  6  0  0  0  0
    7  6.7429334676379626e-08   0  1  6  0  0  0  0
    7 -6.5195129970969408e-07   5  0  1  1  0  0  0
    7 -3.1562846488808410e-07   4  1  1  1  0  0  0
    7 -1.2791248044957480e-06   3  2  1  1  0  0  0
    7 -1.2791248044957480e-06   2  3  1  1  0  0  0
    7 -3.1562846488808410e-07   1  4  1  1  0  0  0
    7 -6.5195129970969408e-07   0  5  1  1  0  0  0
    7 -8.0234333899666408e-07   3  0  3  1  0  0  0
    7 -2.1092406203274791e-06   2  1  3  1  0  0  0
    7  3.1429674720515091e-07   1  2  3  1  0  0  0
    7 -2.7255090714302945e-07   0  3  3  1  0  0  0
    7 -2.5944902505297431e-07   1  0  5  1  0  0  0
    7  3.1233201887233473e-07   0  1  5  1  0  0  0
    7 -6.4700134770417547e-08   5  0  0  2  0  0  0
    7  2.1572032690949776e-08   4  1  0  2  0  0  0
    7  8.1548123803191746e-07   3  2  0  2  0  0  0
    7 -3.4226513626931205e-06   2  3  0  2  0  0  0
    7 -1.1513659153726617e-06   1  4  0  2  0  0  0
    7  1.2631587859278964e-06   0  5  0  2  0  0  0
    7 -9.1289217225283537e-08   3  0  2  2  0  0  0
    7 -1.1094891040878617e-06   2  1  2  2  0  0  0
    7 -1.1094891040878617e-06   1  2  2  2  0  0  0
    7 -9.1289217225283537e-08   0  3  2  2  0  0  0
    7 -5.5132885789461501e-07   1  0  4  2  0  0  0
    7 -3.1249222434561235e-07   0  1  4  2  0  0  0
    7 -2.7255090714302945e-07   3  0  1  3  0  0  0
    7  3.1429674720515091e-07   2  1  1  3  0  0  0
    7 -2.1092406203274791e-06   1  2  1  3  0  0  0
    7 -8.0234333899666408e-07   0  3  1  3  0  0  0
    7 -2.6731633937698180e-07   1  0  3  3  0  0  0
    7 -2.6731633937698180e-07   0  1  3  3  0  0  0
    7 -1.6995502103583319e-07   3  0  0  4  0  0  0
    7  8.1836006659240580e-07   2  1  0  4  0  0  0
    7 -4.1039683111141275e-07   1  2  0  4  0  0  0
    7 -6.6099166599247904e-07   0  3  0  4  0  0  0
    7 -3.1249222434561235e-07   1  0  2  4  0  0  0
    7 -5.5132885789461501e-07   0  1  2  4  0  0  0
    7  3.1233201887233473e-07   1  0  1  5  0  0  0
    7 -2.5944902505297431e-07   0  1  1  5  0  0  0
    7  6.7429334676379626e-08   1  0  0  6  0  0  0
    7 -1.4300947961209801e-07   0  1  0  6  0  0  0
    7 -1.6800879961004985e-07   6  0  0  0  1  0  0
    7  9.2466141987376047e-07   5  1  0  0  1  0  0
    7 -4.1637525440481924e-08   4  2  0  0  1  0  0
    7  1.0214617121609171e-06   3  3  0  0  1  0  0
    7 -4.1637525440481924e-08   2  4  0  0  1  0  0
    7  9.2466141987376047e-07   1  5  0  0  1  0  0
    7 -1.6800879961004985e-07   0  6  0  0  1  0  0
    7 -2.3175227978939106e-06   4  0  2  0  1  0  0
    7  1.2720527617084485e-06   3  1  2  0  1  0  0
    7  6.5794397573987771e-07   2  2  2  0  1  0  0
    7  1.0859248472571055e-06   1  3  2  0  1  0  0
    7 -8.8955384815524600e-08   0  4  2  0  1  0  0
    7 -3.6364665989095114e-08   2  0  4  0  1  0  0
    7  1.3063915653989924e-06   1  1  4  0  1  0  0
    7 -1.5172013046944901e-07   0  2  4  0  1  0  0
    7  7.1993199154727650e-08   0  0  6  0  1  0  0
    7  2.1535196091138701e-07   4  0  1  1  1  0  0
    7  1.0496552964181860e-06   3  1  1  1  1  0  0
    7  9.6511183755832000e-07   2  2  1  1  1  0  0
    7  1.0496552964181860e-06   1  3  1  1  1  0  0
    7  2.1535196091138701e-07   0  4  1  1  1  0  0
    7  6.2190904563326250e-07   2  0  3  1  1  0  0
    7 -1.7031655230333727e-06   1  1  3  1  1  0  0
    7  1.3600932396187700e-07   0  2  3  1  1  0  0
    7  1.0353176271506340e-07   0  0  5  1  1  0  0
    7 -8.8955384815524600e-08   4  0  0  2  1  0  0
    7  1.0859248472571055e-06   3  1  0  2  1  0  0
    7  6.5794397573987771e-07   2  2  0  2  1  0  0
    7  1.2720527617084485e-06   1  3  0  2  1  0  0
    7 -2.3175227978939106e-06   0  4  0  2  1  0  0
    7 -9.7791926433585194e-07   2  0  2  2  1  0  0
    7  6.9612376750170897e-07   1  1  2  2  1  0  0
    7 -9.7791926433585194e-07   0  2  2  2  1  0  0
    7 -1.1184068204046561e-07   0  0  4  2  1  0  0
    7  1.3600932396187700e-07   2  0  1  3  1  0  0
    7 -1.7031655230333727e-06   1  1  1  3  1  0  0
    7  6.2190904563326250e-07   0  2  1  3  1  0  0
    7  4.0345372791356426e-07   0  0  3  3  1  0  0
    7 -1.5172013046944901e-07   2  0  0  4  1  0  0
    7  1.3063915653989924e-06   1  1  0  4  1  0  0
    7 -3.6364665989095114e-08   0  2  0  4  1  0  0
    7 -1.1184068204046561e-07   0  0  2  4  1  0  0
    7  1.0353176271506340e-07   0  0  1  5  1  0  0
    7  7.1993199154727650e-08   0  0  0  6  1  0  0
    7 -5.0180841521665995e-07   5  0  0  0  2  0  0
    7 -1.1032795704022014e-07   4  1  0  0  2  0  0
    7  5.9742989994285749e-07   3  2  0  0  2  0  0
    7  5.9742989994285749e-07   2  3  0  0  2  0  0
    7 -1.1032795704022014e-07   1  4  0  0  2  0  0
    7 -5.0180841521665995e-07   0  5  0  0  2  0  0
    7  8.0900931228319753e-07   3  0  2  0  2  0  0
    7  1.2763661449222539e-06   2  1  2  0  2  0  0
    7 -5.0384830730705130e-07   1  2  2  0  2  0  0
    7 -3.7910898551798265e-08   0  3  2  0  2  0  0
    7 -1.2123652327342947e-07   1  0  4  0  2  0  0
    7  2.8501220676703925e-07   0  1  4  0  2  0  0
    7  4.6373286046586985e-07   3  0  1  1  2  0  0
    7  1.7997752170402365e-06   2  1  1  1  2  0  0
    7  1.7997752170402365e-06   1  2  1  1  2  0  0
    7  4.6373286046586985e-07   0  3  1  1  2  0  0
    7 -1.4205665990267858e-07   1  0  3  1  2  0  0
    7 -4.8133551269422663e-07   0  1  3  1  2  0  0
    7 -3.7910898551798265e-08   3  0  0  2  2  0  0
    7 -5.0384830730705130e-07   2  1  0  2  2  0  0
    7  1.2763661449222539e-06   1  2  0  2  2  0  0
    7  8.0900931228319753e-07   0  3  0  2  2  0  0
    7  8.6844335752717516e-07   1  0  2  2  2  0  0
    7  8.6844335752717516e-07   0  1  2  2  2  0  0
    7 -4.8133551269422663e-07   1  0  1  3  2  0  0
    7 -1.4205665990267858e-07   0  1  1  3  2  0  0
    7  2.8501220676703925e-07   1  0  0  4  2  0  0
    7 -1.2123652327342947e-07   0  1  0  4  2  0  0
    7  2.0197688126760532e-07   4  0  0  0  3  0  0
    7 -3.8610294566045868e-08   3  1  0  0  3  0  0
    7  2.0840790981067984e-06   2  2  0  0  3  0  0
    7 -3.8610294566045868e-08   1  3  0  0  3  0  0
    7  2.0197688126760532e-07   0  4  0  0  3  0  0
    7 -8.0747689695785423e-07   2  0  2  0  3  0  0
    7  1.2455194297795615e-06   1  1  2  0  3  0  0
    7  6.8407994442650018e-07   0  2  2  0  3  0  0
    7 -1.7903341437381208e-07   0  0  4  0  3  0  0
    7  1.0804189897078396e-06   2  0  1  1  3  0  0
    7 -1.7089802405461645e-06   1  1  1  1  3  0  0
    7  1.0804189897078396e-06   0  2  1  1  3  0  0
    7 -7.1708661752233719e-08   0  0  3  1  3  0  0
    7  6.8407994442650018e-07   2  0  0  2  3  0  0
    7  1.2455194297795615e-06   1  1  0  2  3  0  0
    7 -8.0747689695785423e-07   0  2  0  2  3  0  0
    7 -8.9389469877968405e-08   0  0  2  2  3  0  0
    7 -7.1708661752233719e-08   0  0  1  3  3  0  0
    7 -1.7903341437381208e-07   0  0  0  4  3  0  0
    7 -1.8049809527356041e-07   3  0  0  0  4  0  0
    7 -2.4666138894315751e-08   2  1  0  0  4  0  0
    7 -2.4666138894315751e-08   1  2  0  0  4  0  0
    7 -1.8049809527356041e-07   0  3  0  0  4  0  0
    7  4.3101657881243428e-08   1  0  2  0  4  0  0
    7  2.1978852757673022e-07   0  1  2  0  4  0  0
    7 -1.0175487230138293e-06   1  0  1  1  4  0  0
    7 -1.0175487230138293e-06   0  1  1  1  4  0  0
    7  2.1978852757673022e-07   1  0  0  2  4  0  0
    7  4.3101657881243428e-08   0  1  0  2  4  0  0
    7 -1.9133446063122392e-07   2  0  0  0  5  0  0
    7  2.4853847330458316e-06   1  1  0  0  5  0  0
    7 -1.9133446063122392e-07   0  2  0  0  5  0  0
    7  1.2690022486418192e-07   0  0  2  0  5  0  0
    7  3.1273620071909832e-07   0  0  1  1  5  0  0
    7  1.2690022486418192e-07   0  0  0  2  5  0  0
    7  1.7717963870023069e-20   1  0  0  0  6  0  0
    7  1.7717963870023069e-20   0  1  0  0  6  0  0
    7  1.4224679033226611e-07   0  0  0  0  7  0  0
    8 -6.7685835239344128e-09   8  0  0  0  0  0  0
    8  4.9406681419123464e-08   7  1  0  0  0  0  0
    8 -4.1897648955423534e-07   6  2  0  0  0  0  0
    8 -2.1032001139597677e-07   5  3  0  0  0  0  0
    8 -3.6436110395971553e-07   4  4  0  0  0  0  0
    8 -2.1032001139597677e-07   3  5  0  0  0  0  0
    8 -4.1897648955423534e-07   2  6  0  0  0  0  0
    8  4.9406681419123464e-08   1  7  0  0  0  0  0
    8 -6.7685835239344128e-09   0  8  0  0  0  0  0
    8 -2.7509215852006952e-06   6  0  2  0  0  0  0
    8  3.3982035166998626e-06   5  1  2  0  0  0  0
    8 -7.6337400950478444e-07   4  2  2  0  0  0  0
    8 -2.2065890251118241e-06   3  3  2  0  0  0  0
    8 -6.2863265565387733e-07   2  4  2  0  0  0  0
    8  4.0813107465717217e-08   1  5  2  0  0  0  0
    8  3.6383318533842506e-08   0  6  2  0  0  0  0
    8  4.8411164157810225e-07   4  0  4  0  0  0  0
    8  4.5387322943621894e-07   3  1  4  0  0  0  0
    8 -9.5856144032799436e-07   2  2  4  0  0  0  0
    8  1.5406482431514588e-07   1  3  4  0  0  0  0
    8  1.3773298042039851e-07   0  4  4  0  0  0  0
    8  2.5720214826724356e-09   2  0  6  0  0  0  0
    8 -3.7495617677248178e-07   1  1  6  0  0  0  0
    8  1.9128940946673566e-07   0  2  6  0  0  0  0
    8 -1.3690684754462924e-08   0  0  8  0  0  0  0
    8  3.0350373201151327e-07   6  0  1  1  0  0  0
    8 -1.4823330617884894e-06   5  1  1  1  0  0  0
    8 -1.7449261487574762e-06   4  2  1  1  0  0  0
    8 -6.5213784362154073e-07   3  3  1  1  0  0  0
    8 -1.7449261487574762e-06   2  4  1  1  0  0  0
    8 -1.4823330617884894e-06   1  5  1  1  0  0  0
    8  3.0350373201151327e-07   0  6  1  1  0  0  0
    8  4.2750220428927359e-07   4  0  3  1  0  0  0
    8 -1.5638013874458659e-06   3  1  3  1  0  0  0
    8  4.3242353111734297e-07   2  2  3  1  0  0  0
    8 -1.3206320783881416e-06   1  3  3  1  0  0  0
    8  4.7327970732401515e-07   0  4  3  1  0  0  0
    8  1.6610067046320056e-07   2  0  5  1  0  0  0
    8 -3.3355264614407955e-07   1  1  5  1  0  0  0
    8  3.9631831190314322e-07   0  2  5  1  0  0  0
    8  3.2148687258420212e-08   0  0  7  1  0  0  0
    8  3.6383318533842506e-08   6  0  0  2  0  0  0
    8  4.0813107465717217e-08   5  1  0  2  0  0  0
    8 -6.2863265565387733e-07   4  2  0  2  0  0  0
    8 -2.2065890251118241e-06   3  3  0  2  0  0  0
    8 -7.6337400950478444e-07   2  4  0  2  0  0  0
    8  3.3982035166998626e-06   1  5  0  2  0  0  0
    8 -2.7509215852006952e-06   0  6  0  2  0  0  0
    8 -7.2214126260209771e-07   4  0  2  2  0  0  0
    8 -1.3802529260831937e-06   3  1  2  2  0  0  0
    8  2.3069732195160544e-06   2  2  2  2  0  0  0
    8 -1.3802529260831937e-06   1  3  2  2  0  0  0
    8 -7.2214126260209771e-07   0  4  2  2  0  0  0
    8  4.5591826479335951e-07   2  0  4  2  0  0  0
    8  2.5277802247255941e-07   1  1  4  2  0  0  0
    8  4.0548611486517785e-08   0  2  4  2  0  0  0
    8  6.9003123663237619e-08   0  0  6  2  0  0  0
    8  4.7327970732401515e-07   4  0  1  3  0  0  0
    8 -1.3206320783881416e-06   3  1  1  3  0  0  0
    8  4.3242353111734297e-07   2  2  1  3  0  0  0
    8 -1.5638013874458659e-06   1  3  1  3  0  0  0
    8  4.2750220428927359e-07   0  4  1  3  0  0  0
    8  5.0681472830902877e-07   2  0  3  3  0  0  0
    8 -1.4049835049151721e-06   1  1  3  3  0  0  0
    8  5.0681472830902877e-07   0  2  3  3  0  0  0
    8  4.9635089017283588e-08   0  0  5  3  0  0  0
    8  1.3773298042039851e-07   4  0  0  4  0  0  0
    8  1.5406482431514588e-07   3  1  0  4  0  0  0
    8 -9.5856144032799436e-07   2  2  0  4  0  0  0
    8  4.5387322943621894e-07   1  3  0  4  0  0  0
    8  4.8411164157810225e-07   0  4  0  4  0  0  0
    8  4.0548611486517785e-08   2  0  2  4  0  0  0
    8  2.5277802247255941e-07   1  1  2  4  0  0  0
    8  4.5591826479335951e-07   0  2  2  4  0  0  0
    8 -3.2808282176437124e-09   0  0  4  4  0  0  0
    8  3.9631831190314322e-07   2  0  1  5  0  0  0
    8 -3.3355264614407955e-07   1  1  1  5  0  0  0
    8  1.6610067046320056e-07   0  2  1  5  0  0  0
    8  4.9635089017283588e-08   0  0  3  5  0  0  0
    8  1.9128940946673566e-07   2  0  0  6  0  0  0
    8 -3.7495617677248178e-07   1  1  0  6  0  0  0
    8  2.5720214826724356e-09   0  2  0  6  0  0  0
    8  6.9003123663237619e-08   0  0  2  6  0  0  0
    8  3.2148687258420212e-08   0  0  1  7  0  0  0
    8 -1.3690684754462924e-08   0  0  0  8  0  0  0
    8  7.8718060552263030e-08   7  0  0  0  1  0  0
    8 -3.3541537354925605e-07   6  1  0  0  1  0  0
    8  5.2766090230543742e-07   5  2  0  0  1  0  0
    8  6.8611285869960018e-09   4  3  0  0  1  0  0
    8  6.8611285869960018e-09   3  4  0  0  1  0  0
    8  5.2766090230543742e-07   2  5  0  0  1  0  0
    8 -3.3541537354925605e-07   1  6  0  0  1  0  0
    8  7.8718060552263030e-08   0  7  0  0  1  0  0
    8  3.1771916497431252e-06   5  0  2  0  1  0  0
    8 -3.5342082778404467e-06   4  1  2  0  1  0  0
    8 -1.7300657242263612e-06   3  2  2  0  1  0  0
    8 -1.6977625480300961e-06   2  3  2  0  1  0  0
    8  2.8699397851567835e-07   1  4  2  0  1  0  0
    8  4.5796049945813878e-08   0  5  2  0  1  0  0
    8 -1.1879347704678377e-06   3  0  4  0  1  0  0
    8  6.5124889452339619e-07   2  1  4  0  1  0  0
    8 -8.3679867010445242e-07   1  2  4  0  1  0  0
    8  1.2392875926141361e-07   0  3  4  0  1  0  0
    8 -2.0387286684316858e-07   1  0  6  0  1  0  0
    8  9.9519123744863160e-08   0  1  6  0  1  0  0
    8 -1.2039086859435253e-06   5  0  1  1  1  0  0
    8 -1.0696235825365959e-06   4  1  1  1  1  0  0
    8 -8.1161482983998171e-07   3  2  1  1  1  0  0
    8 -8.1161482983998171e-07   2  3  1  1  1  0  0
    8 -1.0696235825365959e-06   1  4  1  1  1  0  0
    8 -1.2039086859435253e-06   0  5  1  1  1  0  0
    8 -1.4349988998202518e-06   3  0  3  1  1  0  0
    8 -1.5775006573743501e-06   2  1  3  1  1  0  0
    8 -3.0866779471852687e-06   1  2  3  1  1  0  0
    8 -3.2299991136626204e-07   0  3  3  1  1  0  0
    8  2.3919407782396822e-07   1  0  5  1  1  0  0
    8 -2.1934850102710122e-07   0  1  5  1  1  0  0
    8  4.5796049945813878e-08   5  0  0  2  1  0  0
    8  2.8699397851567835e-07   4  1  0  2  1  0  0
    8 -1.6977625480300961e-06   3  2  0  2  1  0  0
    8 -1.7300657242263612e-06   2  3  0  2  1  0  0
    8 -3.5342082778404467e-06   1  4  0  2  1  0  0
    8  3.1771916497431252e-06   0  5  0  2  1  0  0
    8 -6.3156925144920028e-07   3  0  2  2  1  0  0
    8 -1.2810096884588664e-06   2  1  2  2  1  0  0
    8 -1.2810096884588664e-06   1  2  2  2  1  0  0
    8 -6.3156925144920028e-07   0  3  2  2  1  0  0
    8 -4.7674632004378353e-07   1  0  4  2  1  0  0
    8  2.7507686169290211e-08   0  1  4  2  1  0  0
    8 -3.2299991136626204e-07   3  0  1  3  1  0  0
    8 -3.0866779471852687e-06   2  1  1  3  1  0  0
    8 -1.5775006573743501e-06   1  2  1  3  1  0  0
    8 -1.4349988998202518e-06   0  3  1  3  1  0  0
    8 -2.0692837128533510e-07   1  0  3  3  1  0  0
    8 -2.0692837128533510e-07   0  1  3  3  1  0  0
    8  1.2392875926141361e-07   3  0  0  4  1  0  0
    8 -8.3679867010445242e-07   2  1  0  4  1  0  0
    8  6.5124889452339619e-07   1  2  0  4  1  0  0
    8 -1.1879347704678377e-06   0  3  0  4  1  0  0
    8  2.7507686169290211e-08   1  0  2  4  1  0  0
    8 -4.7674632004378353e-07   0  1  2  4  1  0  0
    8 -2.1934850102710122e-07   1  0  1  5  1  0  0
    8  2.3919407782396822e-07   0  1  1  5  1  0  0
    8  9.9519123744863160e-08   1  0  0  6  1  0  0
    8 -2.0387286684316858e-07   0  1  0  6  1  0  0
    8  2.1707585149197536e-07   6  0  0  0  2  0  0
    8 -5.1678859238108667e-07   5  1  0  0  2  0  0
    8  1.8053102876544439e-07   4  2  0  0  2  0  0
    8  3.7877612221171866e-07   3  3  0  0  2  0  0
    8  1.8053102876544439e-07   2  4  0  0  2  0  0
    8 -5.1678859238108667e-07   1  5  0  0  2  0  0
    8  2.1707585149197536e-07   0  6  0  0  2  0  0
    8  7.6040703521497268e-07   4  0  2  0  2  0  0
    8  3.1821296229254361e-06   3  1  2  0  2  0  0
    8  1.6268978786640175e-06   2  2  2  0  2  0  0
    8 -1.2067085639948409e-06   1  3  2  0  2  0  0
    8  1.7163587570589374e-07   0  4  2  0  2  0  0
    8  6.6288113592023290e-07   2  0  4  0  2  0  0
    8  1.0605415929251577e-06   1  1  4  0  2  0  0
    8  7.2694840062791802e-08   0  2  4  0  2  0  0
    8  9.0471253856109519e-09   0  0  6  0  2  0  0
    8 -2.8840319084928748e-07   4  0  1  1  2  0  0
    8 -1.5423141387770010e-06   3  1  1  1  2  0  0
    8  5.2577610430389662e-06   2  2  1  1  2  0  0
    8 -1.5423141387770010e-06   1  3  1  1  2  0  0
    8 -2.8840319084928748e-07   0  4  1  1  2  0  0
    8  4.6206996573862267e-07   2  0  3  1  2  0  0
    8 -6.9960379096358937e-07   1  1  3  1  2  0  0
    8 -1.3008510742884525e-06   0  2  3  1  2  0  0
    8  1.3266198373733015e-07   0  0  5  1  2  0  0
    8  1.7163587570589374e-07   4  0  0  2  2  0  0
    8 -1.2067085639948409e-06   3  1  0  2  2  0  0
    8  1.6268978786640175e-06   2  2  0  2  2  0  0
    8  3.1821296229254361e-06   1  3  0  2  2  0  0
    8  7.6040703521497268e-07   0  4  0  2  2  0  0
    8 -1.3757786202500077e-06   2  0  2  2  2  0  0
    8  1.0123465570259682e-06   1  1  2  2  2  0  0
    8 -1.3757786202500077e-06   0  2  2  2  2  0  0
    8 -5.3117017786743968e-08   0  0  4  2  2  0  0
    8 -1.3008510742884525e-06   2  0  1  3  2  0  0
    8 -6.9960379096358937e-07   1  1  1  3  2  0  0
    8  4.6206996573862267e-07   0  2  1  3  2  0  0
    8 -1.3344087416045989e-07   0  0  3  3  2  0  0
    8  7.2694840062791802e-08   2  0  0  4  2  0  0
    8  1.0605415929251577e-06   1  1  0  4  2  0  0
    8  6.6288113592023290e-07   0  2  0  4  2  0  0
    8 -5.3117017786743968e-08   0  0  2  4  2  0  0
    8  1.3266198373733015e-07   0  0  1  5  2  0  0
    8  9.0471253856109519e-09   0  0  0  6  2  0  0
    8  4.9707277806438472e-08   5  0  0  0  3  0  0
    8  3.0118404885030082e-07   4  1  0  0  3  0  0
    8  3.3748687393485668e-07   3  2  0  0  3  0  0
    8  3.3748687393485668e-07   2  3  0  0  3  0  0
    8  3.0118404885030082e-07   1  4  0  0  3  0  0
    8  4.9707277806438472e-08   0  5  0  0  3  0  0
    8  6.5803337209880451e-07   3  0  2  0  3  0  0
    8  4.6078548674995024e-08   2  1  2  0  3  0  0
    8  4.1439738274048738e-06   1  2  2  0  3  0  0
    8  1.9859312860425398e-08   0  3  2  0  3  0  0
    8 -2.4556145130349488e-07   1  0  4  0  3  0  0
    8  2.1216359034457507e-08   0  1  4  0  3  0  0
    8  7.9750038620466043e-07   3  0  1  1  3  0  0
    8  2.2395140738806852e-06   2  1  1  1  3  0  0
    8  2.2395140738806852e-06   1  2  1  1  3  0  0
    8  7.9750038620466043e-07   0  3  1  1  3  0  0
    8  1.8661368510375516e-08   1  0  3  1  3  0  0
    8  5.7066546221434514e-07   0  1  3  1  3  0  0
    8  1.9859312860425398e-08   3  0  0  2  3  0  0
    8  4.1439738274048738e-06   2  1  0  2  3  0  0
    8  4.6078548674995024e-08   1  2  0  2  3  0  0
    8  6.5803337209880451e-07   0  3  0  2  3  0  0
    8  3.5822884208744438e-07   1  0  2  2  3  0  0
    8  3.5822884208744438e-07   0  1  2  2  3  0  0
    8  5.7066546221434514e-07   1  0  1  3  3  0  0
    8  1.8661368510375516e-08   0  1  1  3  3  0  0
    8  2.1216359034457507e-08   1  0  0  4  3  0  0
    8 -2.4556145130349488e-07   0  1  0  4  3  0  0
    8 -8.8755677599221147e-08   4  0  0  0  4  0  0
    8  2.2561419160556315e-07   3  1  0  0  4  0  0
    8 -1.3769701129879800e-06   2  2  0  0  4  0  0
    8  2.2561419160556315e-07   1  3  0  0  4  0  0
    8 -8.8755677599221147e-08   0  4  0  0  4  0  0
    8  1.3381717855458029e-07   2  0  2  0  4  0  0
    8  3.1552688204452893e-08   1  1  2  0  4  0  0
    8 -1.0512647962219094e-07   0  2  2  0  4  0  0
    8  3.7656228456649434e-09   0  0  4  0  4  0  0
    8 -1.0653887636751500e-07   2  0  1  1  4  0  0
    8 -1.6992511273304981e-06   1  1  1  1  4  0  0
    8 -1.0653887636751500e-07   0  2  1  1  4  0  0
    8 -5.1075822735164429e-08   0  0  3  1  4  0  0
    8 -1.0512647962219094e-07   2  0  0  2  4  0  0
    8  3.1552688204452893e-08   1  1  0  2  4  0  0
    8  1.3381717855458029e-07   0  2  0  2  4  0  0
    8  3.0892869324426667e-08   0  0  2  2  4  0  0
    8 -5.1075822735164429e-08   0  0  1  3  4  0  0
    8  3.7656228456649434e-09   0  0  0  4  4  0  0
    8  2.2467714610780474e-07   3  0  0  0  5  0  0
    8  3.5595236072881327e-08   2  1  0  0  5  0  0
    8  3.5595236072881327e-08   1  2  0  0  5  0  0
    8  2.2467714610780474e-07   0  3  0  0  5  0  0
    8  2.1008315712664038e-07   1  0  2  0  5  0  0
    8  2.1396647737784746e-07   0  1  2  0  5  0  0
    8  5.7289177134510299e-08   1  0  1  1  5  0  0
    8  5.7289177134510299e-08   0  1  1  1  5  0  0
    8  2.1396647737784746e-07   1  0  0  2  5  0  0
    8  2.1008315712664038e-07   0  1  0  2  5  0  0
    8  1.7568284501277171e-07   2  0  0  0  6  0  0
    8 -1.5517042615631503e-06   1  1  0  0  6  0  0
    8  1.7568284501277171e-07   0  2  0  0  6  0  0
    8 -1.1623115569611076e-07   0  0  2  0  6  0  0
    8 -2.0380081379394439e-07   0  0  1  1  6  0  0
    8 -1.1623115569611076e-07   0  0  0  2  6  0  0
    8 -4.2165409515726154e-20   1  0  0  0  7  0  0
    8 -4.2165409515726154e-20   0  1  0  0  7  0  0
    8 -1.1234888004505569e-07   0  0  0  0  8  0  0
 -661  0.0000000000000000e+00   0  0  0  0  0  0  0

tpsa, NO = 8, NV = 7, INA = 58472
------------------------------------------------------------------

   |I|         a                i  i  i  i  i  i  i
                I                1  2  3  4  5  6  7

    2 -1.0060018686376207e-10   1  1  0  0  0  0  0
    2 -1.0161332315740765e-09   0  0  1  1  0  0  0
    2  7.1833091966805356e-08   0  0  0  0  2  0  0
    3 -4.6725451571899997e-14   3  0  0  0  0  0  0
    3 -3.1797530032963346e-14   2  1  0  0  0  0  0
    3 -3.1797530032963346e-14   1  2  0  0  0  0  0
    3 -4.6725451571899997e-14   0  3  0  0  0  0  0
    3  5.3492431236986877e-13   1  0  2  0  0  0  0
    3 -1.3976871549868435e-13   0  1  2  0  0  0  0
    3 -3.7094856220368104e-14   1  0  1  1  0  0  0
    3 -3.7094856220368104e-14   0  1  1  1  0  0  0
    3 -1.3976871549868435e-13   1  0  0  2  0  0  0
    3  5.3492431236986877e-13   0  1  0  2  0  0  0
    3 -4.0547798385529632e-13   2  0  0  0  1  0  0
    3 -2.4650923675364274e-12   1  1  0  0  1  0  0
    3 -4.0547798385529632e-13   0  2  0  0  1  0  0
    3  1.0762008549720036e-12   0  0  2  0  1  0  0
    3 -2.1093479834256174e-12   0  0  1  1  1  0  0
    3  1.0762008549720036e-12   0  0  0  2  1  0  0
    3  3.3520141148099001e-25   1  0  0  0  2  0  0
    3  3.3520141148099001e-25   0  1  0  0  2  0  0
    3 -2.1539316409728733e-11   0  0  0  0  3  0  0
    4 -6.1461734327025473e-17   4  0  0  0  0  0  0
    4 -1.6108216300410032e-17   3  1  0  0  0  0  0
    4  1.0473525682985263e-15   2  2  0  0  0  0  0
    4 -1.6108216300410032e-17   1  3  0  0  0  0  0
    4 -6.1461734327025473e-17   0  4  0  0  0  0  0
    4 -1.8636977625133640e-16   2  0  2  0  0  0  0
    4 -3.0583140904884669e-15   1  1  2  0  0  0  0
    4  1.8017662993753771e-15   0  2  2  0  0  0  0
    4  2.9771389798004222e-16   0  0  4  0  0  0  0
    4 -2.3203753596820988e-16   2  0  1  1  0  0  0
    4 -3.1668891708336384e-15   1  1  1  1  0  0  0
    4 -2.3203753596820988e-16   0  2  1  1  0  0  0
    4 -9.5665110844092575e-16   0  0  3  1  0  0  0
    4  1.8017662993753771e-15   2  0  0  2  0  0  0
    4 -3.0583140904884669e-15   1  1  0  2  0  0  0
    4 -1.8636977625133640e-16   0  2  0  2  0  0  0
    4  1.1267301383767896e-15   0  0  2  2  0  0  0
    4 -9.5665110844092575e-16   0  0  1  3  0  0  0
    4  2.9771389798004222e-16   0  0  0  4  0  0  0
    4 -8.1291594365119561e-17   3  0  0  0  1  0  0
    4 -3.2085966165994493e-15   2  1  0  0  1  0  0
    4 -3.2085966165994493e-15   1  2  0  0  1  0  0
    4 -8.1291594365119561e-17   0  3  0  0  1  0  0
    4 -1.0849465079243027e-14   1  0  2  0  1  0  0
    4  1.4216938520291844e-14   0  1  2  0  1  0  0
    4 -1.5839145734131930e-14   1  0  1  1  1  0  0
    4 -1.5839145734131930e-14   0  1  1  1  1  0  0
    4  1.4216938520291844e-14   1  0  0  2  1  0  0
    4 -1.0849465079243027e-14   0  1  0  2  1  0  0
    4 -1.5769155679064552e-14   2  0  0  0  2  0  0
    4  5.0071727660678480e-14   1  1  0  0  2  0  0
    4 -1.5769155679064552e-14   0  2  0  0  2  0  0
    4  9.5446530502644391e-14   0  0  2  0  2  0  0
    4 -3.7127527741037304e-14   0  0  1  1  2  0  0
    4  9.5446530502644391e-14   0  0  0  2  2  0  0
    4  2.8333080232024439e-12   0  0  0  0  4  0  0
    5  6.7842969126666362e-19   5  0  0  0  0  0  0
    5  6.9077323289384900e-19   4  1  0  0  0  0  0
    5  1.4902632011596734e-18   3  2  0  0  0  0  0
    5  1.4902632011596734e-18   2  3  0  0  0  0  0
    5  6.9077323289384900e-19   1  4  0  0  0  0  0
    5  6.7842969126666362e-19   0  5  0  0  0  0  0
    5  1.3436077878884123e-18   3  0  2  0  0  0  0
    5  2.3273875672867302e-18   2  1  2  0  0  0  0
    5 -1.0174520191315185e-17   1  2  2  0  0  0  0
    5 -1.5085039664578610e-19   0  3  2  0  0  0  0
    5  2.5056815589379286e-18   1  0  4  0  0  0  0
    5 -6.8326754027957144e-18   0  1  4  0  0  0  0
    5 -6.8441269130356475e-19   3  0  1  1  0  0  0
    5  4.3329475248426614e-18   2  1  1  1  0  0  0
    5  4.3329475248426614e-18   1  2  1  1  0  0  0
    5 -6.8441269130356475e-19   0  3  1  1  0  0  0
    5  2.4697900915957837e-18   1  0  3  1  0  0  0
    5 -5.5268466129700009e-18   0  1  3  1  0  0  0
    5 -1.5085039664578610e-19   3  0  0  2  0  0  0
    5 -1.0174520191315185e-17   2  1  0  2  0  0  0
    5  2.3273875672867302e-18   1  2  0  2  0  0  0
    5  1.3436077878884123e-18   0  3  0  2  0  0  0
    5  4.7930863880871822e-18   1  0  2  2  0  0  0
    5  4.7930863880871822e-18   0  1  2  2  0  0  0
    5 -5.5268466129700009e-18   1  0  1  3  0  0  0
    5  2.4697900915957837e-18   0  1  1  3  0  0  0
    5 -6.8326754027957144e-18   1  0  0  4  0  0  0
    5  2.5056815589379286e-18   0  1  0  4  0  0  0
    5 -5.7757681039404499e-18   4  0  0  0  1  0  0
    5  5.6868203584289686e-18   3  1  0  0  1  0  0
    5  1.6978082792813090e-16   2  2  0  0  1  0  0
    5  5.6868203584289686e-18   1  3  0  0  1  0  0
    5 -5.7757681039404499e-18   0  4  0  0  1  0  0
    5 -2.0330161196504955e-17   2  0  2  0  1  0  0
    5 -4.9249309633614619e-17   1  1  2  0  1  0  0
    5 -9.2834898759381891e-18   0  2  2  0  1  0  0
    5 -9.2400395704614537e-18   0  0  4  0  1  0  0
    5 -2.8488891849328208e-17   2  0  1  1  1  0  0
    5  1.3568480465722657e-16   1  1  1  1  1  0  0
    5 -2.8488891849328208e-17   0  2  1  1  1  0  0
    5  3.5917133115399976e-18   0  0  3  1  1  0  0
    5 -9.2834898759381891e-18   2  0  0  2  1  0  0
    5 -4.9249309633614619e-17   1  1  0  2  1  0  0
    5 -2.0330161196504955e-17   0  2  0  2  1  0  0
    5  1.3209533998255922e-17   0  0  2  2  1  0  0
    5  3.5917133115399976e-18   0  0  1  3  1  0  0
    5 -9.2400395704614537e-18   0  0  0  4  1  0  0
    5  3.4238763607977671e-17   3  0  0  0  2  0  0
    5 -4.8598013948241408e-17   2  1  0  0  2  0  0
    5 -4.8598013948241408e-17   1  2  0  0  2  0  0
    5  3.4238763607977671e-17   0  3  0  0  2  0  0
    5 -1.0143273486414595e-16   1  0  2  0  2  0  0
    5  7.0357544786134121e-16   0  1  2  0  2  0  0
    5 -1.6923292225544102e-16   1  0  1  1  2  0  0
    5 -1.6923292225544102e-16   0  1  1  1  2  0  0
    5  7.0357544786134121e-16   1  0  0  2  2  0  0
    5 -1.0143273486414595e-16   0  1  0  2  2  0  0
    5  1.3300645168778732e-16   2  0  0  0  3  0  0
    5  1.9458519614919260e-15   1  1  0  0  3  0  0
    5  1.3300645168778732e-16   0  2  0  0  3  0  0
    5 -8.6264514394058743e-16   0  0  2  0  3  0  0
    5 -1.4757884052657104e-15   0  0  1  1  3  0  0
    5 -8.6264514394058743e-16   0  0  0  2  3  0  0
    5 -2.4754762619134543e-14   0  0  0  0  5  0  0
    6 -1.5983573895895111e-21   6  0  0  0  0  0  0
    6  6.6887398916501002e-21   5  1  0  0  0  0  0
    6  3.5883839204798192e-21   4  2  0  0  0  0  0
    6 -4.9973872122144110e-20   3  3  0  0  0  0  0
    6  3.5883839204798192e-21   2  4  0  0  0  0  0
    6  6.6887398916501002e-21   1  5  0  0  0  0  0
    6 -1.5983573895895111e-21   0  6  0  0  0  0  0
    6 -4.4939102246743518e-20   4  0  2  0  0  0  0
    6  1.6703451339680552e-20   3  1  2  0  0  0  0
    6  2.2948142073935299e-20   2  2  2  0  0  0  0
    6  9.5603505833998264e-22   1  3  2  0  0  0  0
    6 -2.3430473723879397e-21   0  4  2  0  0  0  0
    6  4.9664962070070088e-21   2  0  4  0  0  0  0
    6  3.8144188080065766e-20   1  1  4  0  0  0  0
    6 -1.7871826001192448e-21   0  2  4  0  0  0  0
    6  5.1519461733485945e-21   0  0  6  0  0  0  0
    6  2.4396598927029104e-21   4  0  1  1  0  0  0
    6  3.1280117917120771e-20   3  1  1  1  0  0  0
    6 -1.2199319354093887e-19   2  2  1  1  0  0  0
    6  3.1280117917120771e-20   1  3  1  1  0  0  0
    6  2.4396598927029104e-21   0  4  1  1  0  0  0
    6  4.4370074311007326e-22   2  0  3  1  0  0  0
    6  4.5425985366528167e-20   1  1  3  1  0  0  0
    6 -1.8616740701662261e-20   0  2  3  1  0  0  0
    6  2.0553731055103440e-21   0  0  5  1  0  0  0
    6 -2.3430473723879397e-21   4  0  0  2  0  0  0
    6  9.5603505833998264e-22   3  1  0  2  0  0  0
    6  2.2948142073935299e-20   2  2  0  2  0  0  0
    6  1.6703451339680552e-20   1  3  0  2  0  0  0
    6 -4.4939102246743518e-20   0  4  0  2  0  0  0
    6  1.0990195708283930e-20   2  0  2  2  0  0  0
    6 -1.3552286487260798e-20   1  1  2  2  0  0  0
    6  1.0990195708283930e-20   0  2  2  2  0  0  0
    6 -4.4670862916878282e-21   0  0  4  2  0  0  0
    6 -1.8616740701662261e-20   2  0  1  3  0  0  0
    6  4.5425985366528167e-20   1  1  1  3  0  0  0
    6  4.4370074311007326e-22   0  2  1  3  0  0  0
    6 -1.5029691838060095e-20   0  0  3  3  0  0  0
    6 -1.7871826001192448e-21   2  0  0  4  0  0  0
    6  3.8144188080065766e-20   1  1  0  4  0  0  0
    6  4.9664962070070088e-21   0  2  0  4  0  0  0
    6 -4.4670862916878282e-21   0  0  2  4  0  0  0
    6  2.0553731055103440e-21   0  0  1  5  0  0  0
    6  5.1519461733485945e-21   0  0  0  6  0  0  0
    6  8.7085631323190819e-20   5  0  0  0  1  0  0
    6  1.0007151057148187e-19   4  1  0  0  1  0  0
    6  2.2282772865572511e-19   3  2  0  0  1  0  0
    6  2.2282772865572511e-19   2  3  0  0  1  0  0
    6  1.0007151057148187e-19   1  4  0  0  1  0  0
    6  8.7085631323190819e-20   0  5  0  0  1  0  0
    6  7.1988038596688056e-20   3  0  2  0  1  0  0
    6  4.6965532339166207e-19   2  1  2  0  1  0  0
    6 -5.1178359063515085e-19   1  2  2  0  1  0  0
    6 -1.3856277272827947e-20   0  3  2  0  1  0  0
    6  7.3843744562705471e-20   1  0  4  0  1  0  0
    6 -8.8941947672102459e-20   0  1  4  0  1  0  0
    6  1.4332096127126340e-19   3  0  1  1  1  0  0
    6  2.0507803646682406e-19   2  1  1  1  1  0  0
    6  2.0507803646682406e-19   1  2  1  1  1  0  0
    6  1.4332096127126340e-19   0  3  1  1  1  0  0
    6  4.0665304330103085e-20   1  0  3  1  1  0  0
    6 -1.2029324518669269e-19   0  1  3  1  1  0  0
    6 -1.3856277272827947e-20   3  0  0  2  1  0  0
    6 -5.1178359063515085e-19   2  1  0  2  1  0  0
    6  4.6965532339166207e-19   1  2  0  2  1  0  0
    6  7.1988038596688056e-20   0  3  0  2  1  0  0
    6  1.7644529841216215e-19   1  0  2  2  1  0  0
    6  1.7644529841216215e-19   0  1  2  2  1  0  0
    6 -1.2029324518669269e-19   1  0  1  3  1  0  0
    6  4.0665304330103085e-20   0  1  1  3  1  0  0
    6 -8.8941947672102459e-20   1  0  0  4  1  0  0
    6  7.3843744562705471e-20   0  1  0  4  1  0  0
    6  1.9319312807553801e-19   4  0  0  0  2  0  0
    6  1.2698621899367085e-18   3  1  0  0  2  0  0
    6 -2.6956967563084589e-18   2  2  0  0  2  0  0
    6  1.2698621899367085e-18   1  3  0  0  2  0  0
    6  1.9319312807553801e-19   0  4  0  0  2  0  0
    6 -1.2145840912880704e-18   2  0  2  0  2  0  0
    6 -9.5400840686096743e-20   1  1  2  0  2  0  0
    6  7.1225319848346088e-19   0  2  2  0  2  0  0
    6 -6.7811751216831082e-19   0  0  4  0  2  0  0
    6  3.3356045455726405e-19   2  0  1  1  2  0  0
    6 -1.1522632574078997e-18   1  1  1  1  2  0  0
    6  3.3356045455726405e-19   0  2  1  1  2  0  0
    6  5.8917927610947556e-20   0  0  3  1  2  0  0
    6  7.1225319848346088e-19   2  0  0  2  2  0  0
    6 -9.5400840686096743e-20   1  1  0  2  2  0  0
    6 -1.2145840912880704e-18   0  2  0  2  2  0  0
    6  1.1370260602115435e-18   0  0  2  2  2  0  0
    6  5.8917927610947556e-20   0  0  1  3  2  0  0
    6 -6.7811751216831082e-19   0  0  0  4  2  0  0
    6 -7.6649907497428535e-20   3  0  0  0  3  0  0
    6  2.1670213415800270e-18   2  1  0  0  3  0  0
    6  2.1670213415800270e-18   1  2  0  0  3  0  0
    6 -7.6649907497428535e-20   0  3  0  0  3  0  0
    6  5.9363930162736718e-18   1  0  2  0  3  0  0
    6  8.3666048244238405e-18   0  1  2  0  3  0  0
    6 -4.1458422556175529e-18   1  0  1  1  3  0  0
    6 -4.1458422556175529e-18   0  1  1  1  3  0  0
    6  8.3666048244238405e-18   1  0  0  2  3  0  0
    6  5.9363930162736718e-18   0  1  0  2  3  0  0
    6  9.2823706266151264e-18   2  0  0  0  4  0  0
    6 -1.0986777676610124e-16   1  1  0  0  4  0  0
    6  9.2823706266151264e-18   0  2  0  0  4  0  0
    6  4.0422990685228427e-18   0  0  2  0  4  0  0
    6 -1.0944475635648367e-17   0  0  1  1  4  0  0
    6  4.0422990685228427e-18   0  0  0  2  4  0  0
    6 -1.0556793600074015e-16   0  0  0  0  6  0  0
    7  3.9243147283930748e-24   7  0  0  0  0  0  0
    7 -2.4436214310834474e-23   6  1  0  0  0  0  0
    7 -3.5882984446376341e-23   5  2  0  0  0  0  0
    7 -6.8231203665729197e-23   4  3  0  0  0  0  0
    7 -6.8231203665729197e-23   3  4  0  0  0  0  0
    7 -3.5882984446376341e-23   2  5  0  0  0  0  0
    7 -2.4436214310834474e-23   1  6  0  0  0  0  0
    7  3.9243147283930748e-24   0  7  0  0  0  0  0
    7  1.9374942881919438e-22   5  0  2  0  0  0  0
    7 -1.7660209543764814e-22   4  1  2  0  0  0  0
    7 -5.2498288731127309e-22   3  2  2  0  0  0  0
    7  1.2508247248218276e-22   2  3  2  0  0  0  0
    7  3.3088231336413206e-24   1  4  2  0  0  0  0
    7 -9.9240208720749504e-24   0  5  2  0  0  0  0
    7 -9.3785561805755250e-23   3  0  4  0  0  0  0
    7 -5.8229625802155642e-23   2  1  4  0  0  0  0
    7  1.1611395809283524e-22   1  2  4  0  0  0  0
    7 -2.4114263385789692e-23   0  3  4  0  0  0  0
    7 -1.8769916632688250e-23   1  0  6  0  0  0  0
    7  8.8500636035194166e-24   0  1  6  0  0  0  0
    7 -9.9999456397633730e-23   5  0  1  1  0  0  0
    7 -4.8412626719944430e-23   4  1  1  1  0  0  0
    7 -1.9619837428234575e-22   3  2  1  1  0  0  0
    7 -1.9619837428234575e-22   2  3  1  1  0  0  0
    7 -4.8412626719944430e-23   1  4  1  1  0  0  0
    7 -9.9999456397633730e-23   0  5  1  1  0  0  0
    7 -1.1384140629961266e-22   3  0  3  1  0  0  0
    7 -2.9927202828482127e-22   2  1  3  1  0  0  0
    7  4.4594355007634704e-23   1  2  3  1  0  0  0
    7 -3.8671198537271866e-23   0  3  3  1  0  0  0
    7 -3.4052543816575116e-23   1  0  5  1  0  0  0
    7  4.0993408072348497e-23   0  1  5  1  0  0  0
    7 -9.9240208720749504e-24   5  0  0  2  0  0  0
    7  3.3088231336413206e-24   4  1  0  2  0  0  0
    7  1.2508247248218276e-22   3  2  0  2  0  0  0
    7 -5.2498288731127309e-22   2  3  0  2  0  0  0
    7 -1.7660209543764814e-22   1  4  0  2  0  0  0
    7  1.9374942881919438e-22   0  5  0  2  0  0  0
    7 -1.2952675449282082e-23   3  0  2  2  0  0  0
    7 -1.5742113599572695e-22   2  1  2  2  0  0  0
    7 -1.5742113599572695e-22   1  2  2  2  0  0  0
    7 -1.2952675449282082e-23   0  3  2  2  0  0  0
    7 -7.2361613565382976e-23   1  0  4  2  0  0  0
    7 -4.1014434953822912e-23   0  1  4  2  0  0  0
    7 -3.8671198537271866e-23   3  0  1  3  0  0  0
    7  4.4594355007634704e-23   2  1  1  3  0  0  0
    7 -2.9927202828482127e-22   1  2  1  3  0  0  0
    7 -1.1384140629961266e-22   0  3  1  3  0  0  0
    7 -3.5085124554476653e-23   1  0  3  3  0  0  0
    7 -3.5085124554476653e-23   0  1  3  3  0  0  0
    7 -2.4114263385789692e-23   3  0  0  4  0  0  0
    7  1.1611395809283524e-22   2  1  0  4  0  0  0
    7 -5.8229625802155642e-23   1  2  0  4  0  0  0
    7 -9.3785561805755250e-23   0  3  0  4  0  0  0
    7 -4.1014434953822912e-23   1  0  2  4  0  0  0
    7 -7.2361613565382976e-23   0  1  2  4  0  0  0
    7  4.0993408072348497e-23   1  0  1  5  0  0  0
    7 -3.4052543816575116e-23   0  1  1  5  0  0  0
    7  8.8500636035194166e-24   1  0  0  6  0  0  0
    7 -1.8769916632688250e-23   0  1  0  6  0  0  0
    7 -1.7513152545537801e-22   6  0  0  0  1  0  0
    7  9.6386240106521651e-22   5  1  0  0  1  0  0
    7 -4.3402746543654958e-23   4  2  0  0  1  0  0
    7  1.0647665375873737e-21   3  3  0  0  1  0  0
    7 -4.3402746543654958e-23   2  4  0  0  1  0  0
    7  9.6386240106521651e-22   1  5  0  0  1  0  0
    7 -1.7513152545537801e-22   0  6  0  0  1  0  0
    7 -2.2346722375404238e-21   4  0  2  0  1  0  0
    7  1.2265773583154288e-21   3  1  2  0  1  0  0
    7  6.3442272834555315e-22   2  2  2  0  1  0  0
    7  1.0471034461564185e-21   1  3  2  0  1  0  0
    7 -8.5775263573513993e-23   0  4  2  0  1  0  0
    7 -3.2435973598121351e-23   2  0  4  0  1  0  0
    7  1.1652542700872629e-21   1  1  4  0  1  0  0
    7 -1.3532889722364894e-22   0  2  4  0  1  0  0
    7  5.9401351321317740e-23   0  0  6  0  1  0  0
    7  2.0765321005079360e-22   4  0  1  1  1  0  0
    7  1.0121305179930148e-21   3  1  1  1  1  0  0
    7  9.3060945569689654e-22   2  2  1  1  1  0  0
    7  1.0121305179930148e-21   1  3  1  1  1  0  0
    7  2.0765321005079360e-22   0  4  1  1  1  0  0
    7  5.5472049133195700e-22   2  0  3  1  1  0  0
    7 -1.5191623636776235e-21   1  1  3  1  1  0  0
    7  1.2131542312113375e-22   0  2  3  1  1  0  0
    7  8.5423716158735707e-23   0  0  5  1  1  0  0
    7 -8.5775263573513993e-23   4  0  0  2  1  0  0
    7  1.0471034461564185e-21   3  1  0  2  1  0  0
    7  6.3442272834555315e-22   2  2  0  2  1  0  0
    7  1.2265773583154288e-21   1  3  0  2  1  0  0
    7 -2.2346722375404238e-21   0  4  0  2  1  0  0
    7 -8.7226879654563409e-22   2  0  2  2  1  0  0
    7  6.2091735286338753e-22   1  1  2  2  1  0  0
    7 -8.7226879654563409e-22   0  2  2  2  1  0  0
    7 -9.2279378106580849e-23   0  0  4  2  1  0  0
    7  1.2131542312113375e-22   2  0  1  3  1  0  0
    7 -1.5191623636776235e-21   1  1  1  3  1  0  0
    7  5.5472049133195700e-22   0  2  1  3  1  0  0
    7  3.3288834105263106e-22   0  0  3  3  1  0  0
    7 -1.3532889722364894e-22   2  0  0  4  1  0  0
    7  1.1652542700872629e-21   1  1  0  4  1  0  0
    7 -3.2435973598121351e-23   0  2  0  4  1  0  0
    7 -9.2279378106580849e-23   0  0  2  4  1  0  0
    7  8.5423716158735707e-23   0  0  1  5  1  0  0
    7  5.9401351321317740e-23   0  0  0  6  1  0  0
    7 -3.2883465205916748e-21   5  0  0  0  2  0  0
    7 -7.2297821769400830e-22   4  1  0  0  2  0  0
    7  3.9149533431525146e-21   3  2  0  0  2  0  0
    7  3.9149533431525146e-21   2  3  0  0  2  0  0
    7 -7.2297821769400830e-22   1  4  0  0  2  0  0
    7 -3.2883465205916748e-21   0  5  0  0  2  0  0
    7  4.9040023991815059e-21   3  0  2  0  2  0  0
    7  7.7369970183256487e-21   2  1  2  0  2  0  0
    7 -3.0541963736906645e-21   1  2  2  0  2  0  0
    7 -2.2980593008064772e-22   0  3  2  0  2  0  0
    7 -6.7981093118073142e-22   1  0  4  0  2  0  0
    7  1.5981521776502467e-21   0  1  4  0  2  0  0
    7  2.8110270497206002e-21   3  0  1  1  2  0  0
    7  1.0909765621168916e-20   2  1  1  1  2  0  0
    7  1.0909765621168916e-20   1  2  1  1  2  0  0
    7  2.8110270497206002e-21   0  3  1  1  2  0  0
    7 -7.9655591930051096e-22   1  0  3  1  2  0  0
    7 -2.6989980763225236e-21   0  1  3  1  2  0  0
    7 -2.2980593008064772e-22   3  0  0  2  2  0  0
    7 -3.0541963736906645e-21   2  1  0  2  2  0  0
    7  7.7369970183256487e-21   1  2  0  2  2  0  0
    7  4.9040023991815059e-21   0  3  0  2  2  0  0
    7  4.8696322825652866e-21   1  0  2  2  2  0  0
    7  4.8696322825652866e-21   0  1  2  2  2  0  0
    7 -2.6989980763225236e-21   1  0  1  3  2  0  0
    7 -7.9655591930051096e-22   0  1  1  3  2  0  0
    7  1.5981521776502467e-21   1  0  0  4  2  0  0
    7 -6.7981093118073142e-22   0  1  0  4  2  0  0
    7  8.3204848317896174e-21   4  0  0  0  3  0  0
    7 -1.5905601090159987e-21   3  1  0  0  3  0  0
    7  8.5854125557431407e-20   2  2  0  0  3  0  0
    7 -1.5905601090159987e-21   1  3  0  0  3  0  0
    7  8.3204848317896174e-21   0  4  0  0  3  0  0
    7 -3.0770502848454268e-20   2  0  2  0  3  0  0
    7  4.7462979196341638e-20   1  1  2  0  3  0  0
    7  2.6068218122214248e-20   0  2  2  0  3  0  0
    7 -6.3109697596936661e-21   0  0  4  0  3  0  0
    7  4.1171500665317946e-20   2  0  1  1  3  0  0
    7 -6.5124069255473107e-20   1  1  1  1  3  0  0
    7  4.1171500665317946e-20   0  2  1  1  3  0  0
    7 -2.5277471102771152e-21   0  0  3  1  3  0  0
    7  2.6068218122214248e-20   2  0  0  2  3  0  0
    7  4.7462979196341638e-20   1  1  0  2  3  0  0
    7 -3.0770502848454268e-20   0  2  0  2  3  0  0
    7 -3.1509997349267142e-21   0  0  2  2  3  0  0
    7 -2.5277471102771152e-21   0  0  1  3  3  0  0
    7 -6.3109697596936661e-21   0  0  0  4  3  0  0
    7 -4.6744113668144977e-20   3  0  0  0  4  0  0
    7 -6.3878613150054655e-21   2  1  0  0  4  0  0
    7 -6.3878613150054655e-21   1  2  0  0  4  0  0
    7 -4.6744113668144977e-20   0  3  0  0  4  0  0
    7  1.0325374163571507e-20   1  0  2  0  4  0  0
    7  5.2652238815105285e-20   0  1  2  0  4  0  0
    7 -2.4376257924302077e-19   1  0  1  1  4  0  0
    7 -2.4376257924302077e-19   0  1  1  1  4  0  0
    7  5.2652238815105285e-20   1  0  0  2  4  0  0
    7  1.0325374163571507e-20   0  1  0  2  4  0  0
    7 -3.1149769497084881e-19   2  0  0  0  5  0  0
    7  4.0462738019351568e-18   1  1  0  0  5  0  0
    7 -3.1149769497084881e-19   0  2  0  0  5  0  0
    7  1.9110918012871711e-19   0  0  2  0  5  0  0
    7  4.7097441300804336e-19   0  0  1  1  5  0  0
    7  1.9110918012871711e-19   0  0  0  2  5  0  0
    7  9.1520584727035548e-18   0  0  0  0  7  0  0
    8 -3.8679008254549306e-25   6  2  0  0  0  0  0
    8 -1.9416291032313021e-25   5  3  0  0  0  0  0
    8 -3.3637033339719695e-25   4  4  0  0  0  0  0
    8 -1.9416291032313021e-25   3  5  0  0  0  0  0
    8 -3.8679008254549306e-25   2  6  0  0  0  0  0
    8 -2.3492076384787728e-24   6  0  2  0  0  0  0
    8  2.9019677265552931e-24   5  1  2  0  0  0  0
    8 -6.5189937212040658e-25   4  2  2  0  0  0  0
    8 -1.8843633423298552e-24   3  3  2  0  0  0  0
    8 -5.3683414474772991e-25   2  4  2  0  0  0  0
    8  3.8242496574742572e-25   4  0  4  0  0  0  0
    8  3.5853807120814069e-25   3  1  4  0  0  0  0
    8 -7.5721753930409442e-25   2  2  4  0  0  0  0
    8  1.2170381808944266e-25   1  3  4  0  0  0  0
    8  1.0880244512992989e-25   0  4  4  0  0  0  0
    8 -2.7399254047140776e-25   1  1  6  0  0  0  0
    8  1.3978132515701711e-25   0  2  6  0  0  0  0
    8  2.5918342761349357e-25   6  0  1  1  0  0  0
    8 -1.2658696526491837e-24   5  1  1  1  0  0  0
    8 -1.4901165701323874e-24   4  2  1  1  0  0  0
    8 -5.5690689688089762e-25   3  3  1  1  0  0  0
    8 -1.4901165701323874e-24   2  4  1  1  0  0  0
    8 -1.2658696526491837e-24   1  5  1  1  0  0  0
    8  2.5918342761349357e-25   0  6  1  1  0  0  0
    8  3.3770622681028591e-25   4  0  3  1  0  0  0
    8 -1.2353280538354502e-24   3  1  3  1  0  0  0
    8  3.4159383884440529e-25   2  2  3  1  0  0  0
    8 -1.0432359686625252e-24   1  3  3  1  0  0  0
    8  3.7386825747948515e-25   0  4  3  1  0  0  0
    8  1.2137510326128456e-25   2  0  5  1  0  0  0
    8 -2.4373764871576343e-25   1  1  5  1  0  0  0
    8  2.8960253981779803e-25   0  2  5  1  0  0  0
    8 -5.3683414474772991e-25   4  2  0  2  0  0  0
    8 -1.8843633423298552e-24   3  3  0  2  0  0  0
    8 -6.5189937212040658e-25   2  4  0  2  0  0  0
    8  2.9019677265552931e-24   1  5  0  2  0  0  0
    8 -2.3492076384787728e-24   0  6  0  2  0  0  0
    8 -5.7045694401227493e-25   4  0  2  2  0  0  0
    8 -1.0903335773118192e-24   3  1  2  2  0  0  0
    8  1.8223981385321057e-24   2  2  2  2  0  0  0
    8 -1.0903335773118192e-24   1  3  2  2  0  0  0
    8 -5.7045694401227493e-25   0  4  2  2  0  0  0
    8  3.3315414268757916e-25   2  0  4  2  0  0  0
    8  1.8471303273027752e-25   1  1  4  2  0  0  0
    8  3.7386825747948515e-25   4  0  1  3  0  0  0
    8 -1.0432359686625252e-24   3  1  1  3  0  0  0
    8  3.4159383884440529e-25   2  2  1  3  0  0  0
    8 -1.2353280538354502e-24   1  3  1  3  0  0  0
    8  3.3770622681028591e-25   0  4  1  3  0  0  0
    8  3.7034582588561411e-25   2  0  3  3  0  0  0
    8 -1.0266666444748714e-24   1  1  3  3  0  0  0
    8  3.7034582588561411e-25   0  2  3  3  0  0  0
    8  1.0880244512992989e-25   4  0  0  4  0  0  0
    8  1.2170381808944266e-25   3  1  0  4  0  0  0
    8 -7.5721753930409442e-25   2  2  0  4  0  0  0
    8  3.5853807120814069e-25   1  3  0  4  0  0  0
    8  3.8242496574742572e-25   0  4  0  4  0  0  0
    8  1.8471303273027752e-25   1  1  2  4  0  0  0
    8  3.3315414268757916e-25   0  2  2  4  0  0  0
    8  2.8960253981779803e-25   2  0  1  5  0  0  0
    8 -2.4373764871576343e-25   1  1  1  5  0  0  0
    8  1.2137510326128456e-25   0  2  1  5  0  0  0
    8  1.3978132515701711e-25   2  0  0  6  0  0  0
    8 -2.7399254047140776e-25   1  1  0  6  0  0  0
    8  4.5684344376965853e-25   7  0  0  0  1  0  0
    8 -1.9465966675308713e-24   6  1  0  0  1  0  0
    8  3.0623013582985344e-24   5  2  0  0  1  0  0
    8  3.0623013582985344e-24   2  5  0  0  1  0  0
    8 -1.9465966675308713e-24   1  6  0  0  1  0  0
    8  4.5684344376965853e-25   0  7  0  0  1  0  0
    8  1.7056657958257198e-23   5  0  2  0  1  0  0
    8 -1.8973291004727234e-23   4  1  2  0  1  0  0
    8 -9.2878058853702981e-24   3  2  2  0  1  0  0
    8 -9.1143872540486544e-24   2  3  2  0  1  0  0
    8  1.5407185550223614e-24   1  4  2  0  1  0  0
    8  2.4585471884523060e-25   0  5  2  0  1  0  0
    8 -5.8993021318009563e-24   3  0  4  0  1  0  0
    8  3.2341119119544317e-24   2  1  4  0  1  0  0
    8 -4.1555549186352009e-24   1  2  4  0  1  0  0
    8  6.1543210273606392e-25   0  3  4  0  1  0  0
    8 -9.3653711183520531e-25   1  0  6  0  1  0  0
    8  4.5716408547922295e-25   0  1  6  0  1  0  0
    8 -6.4631476262295407e-24   5  0  1  1  1  0  0
    8 -5.7422420812692999e-24   4  1  1  1  1  0  0
    8 -4.3571298406090555e-24   3  2  1  1  1  0  0
    8 -4.3571298406090555e-24   2  3  1  1  1  0  0
    8 -5.7422420812692999e-24   1  4  1  1  1  0  0
    8 -6.4631476262295407e-24   0  5  1  1  1  0  0
    8 -7.1262263545899262e-24   3  0  3  1  1  0  0
    8 -7.8338922492359781e-24   2  1  3  1  1  0  0
    8 -1.5328489616346368e-23   1  2  3  1  1  0  0
    8 -1.6040224708163795e-24   0  3  3  1  1  0  0
    8  1.0987932542571732e-24   1  0  5  1  1  0  0
    8 -1.0076280125855625e-24   0  1  5  1  1  0  0
    8  2.4585471884523060e-25   5  0  0  2  1  0  0
    8  1.5407185550223614e-24   4  1  0  2  1  0  0
    8 -9.1143872540486544e-24   3  2  0  2  1  0  0
    8 -9.2878058853702981e-24   2  3  0  2  1  0  0
    8 -1.8973291004727234e-23   1  4  0  2  1  0  0
    8  1.7056657958257198e-23   0  5  0  2  1  0  0
    8 -3.1363825052337544e-24   3  0  2  2  1  0  0
    8 -6.3615135896787617e-24   2  1  2  2  1  0  0
    8 -6.3615135896787617e-24   1  2  2  2  1  0  0
    8 -3.1363825052337544e-24   0  3  2  2  1  0  0
    8 -2.1900443573755958e-24   1  0  4  2  1  0  0
    8  1.2636291114733749e-25   0  1  4  2  1  0  0
    8 -1.6040224708163795e-24   3  0  1  3  1  0  0
    8 -1.5328489616346368e-23   2  1  1  3  1  0  0
    8 -7.8338922492359781e-24   1  2  1  3  1  0  0
    8 -7.1262263545899262e-24   0  3  1  3  1  0  0
    8 -9.5057327736216393e-25   1  0  3  3  1  0  0
    8 -9.5057327736216393e-25   0  1  3  3  1  0  0
    8  6.1543210273606392e-25   3  0  0  4  1  0  0
    8 -4.1555549186352009e-24   2  1  0  4  1  0  0
    8  3.2341119119544317e-24   1  2  0  4  1  0  0
    8 -5.8993021318009563e-24   0  3  0  4  1  0  0
    8  1.2636291114733749e-25   1  0  2  4  1  0  0
    8 -2.1900443573755958e-24   0  1  2  4  1  0  0
    8 -1.0076280125855625e-24   1  0  1  5  1  0  0
    8  1.0987932542571732e-24   0  1  1  5  1  0  0
    8  4.5716408547922295e-25   1  0  0  6  1  0  0
    8 -9.3653711183520531e-25   0  1  0  6  1  0  0
    8  7.9197570513230654e-24   6  0  0  0  2  0  0
    8 -1.8854423789763331e-23   5  1  0  0  2  0  0
    8  6.5864621892342972e-24   4  2  0  0  2  0  0
    8  1.3819201187700788e-23   3  3  0  0  2  0  0
    8  6.5864621892342972e-24   2  4  0  0  2  0  0
    8 -1.8854423789763331e-23   1  5  0  0  2  0  0
    8  7.9197570513230654e-24   0  6  0  0  2  0  0
    8  2.5662797031785168e-23   4  0  2  0  2  0  0
    8  1.0739293938657471e-22   3  1  2  0  2  0  0
    8  5.4905791396042629e-23   2  2  2  0  2  0  0
    8 -4.0724921680349522e-23   1  3  2  0  2  0  0
    8  5.7924985404268768e-24   0  4  2  0  2  0  0
    8  2.0694314256721540e-23   2  0  4  0  2  0  0
    8  3.3108772926309750e-23   1  1  4  0  2  0  0
    8  2.2694413577075319e-24   0  2  4  0  2  0  0
    8  2.6126636672068099e-25   0  0  6  0  2  0  0
    8 -9.7332510186364631e-24   4  0  1  1  2  0  0
    8 -5.2051194780828316e-23   3  1  1  1  2  0  0
    8  1.7744293285107586e-22   2  2  1  1  2  0  0
    8 -5.2051194780828316e-23   1  3  1  1  2  0  0
    8 -9.7332510186364631e-24   0  4  1  1  2  0  0
    8  1.4425242417425305e-23   2  0  3  1  2  0  0
    8 -2.1840749300092341e-23   1  1  3  1  2  0  0
    8 -4.0610932298062058e-23   0  2  3  1  2  0  0
    8  3.8310637927198048e-24   0  0  5  1  2  0  0
    8  5.7924985404268768e-24   4  0  0  2  2  0  0
    8 -4.0724921680349522e-23   3  1  0  2  2  0  0
    8  5.4905791396042629e-23   2  2  0  2  2  0  0
    8  1.0739293938657471e-22   1  3  0  2  2  0  0
    8  2.5662797031785168e-23   0  4  0  2  2  0  0
    8 -4.2950075922146054e-23   2  0  2  2  2  0  0
    8  3.1604184600489873e-23   1  1  2  2  2  0  0
    8 -4.2950075922146054e-23   0  2  2  2  2  0  0
    8 -1.5339336702741216e-24   0  0  4  2  2  0  0
    8 -4.0610932298062058e-23   2  0  1  3  2  0  0
    8 -2.1840749300092341e-23   1  1  1  3  2  0  0
    8  1.4425242417425305e-23   0  2  1  3  2  0  0
    8 -3.8535568899469411e-24   0  0  3  3  2  0  0
    8  2.2694413577075319e-24   2  0  0  4  2  0  0
    8  3.3108772926309750e-23   1  1  0  4  2  0  0
    8  2.0694314256721540e-23   0  2  0  4  2  0  0
    8 -1.5339336702741216e-24   0  0  2  4  2  0  0
    8  3.8310637927198048e-24   0  0  1  5  2  0  0
    8  2.6126636672068099e-25   0  0  0  6  2  0  0
    8  1.1400598749088231e-23   5  0  0  0  3  0  0
    8  6.9077982985487718e-23   4  1  0  0  3  0  0
    8  7.7404207243009790e-23   3  2  0  0  3  0  0
    8  7.7404207243009790e-23   2  3  0  0  3  0  0
    8  6.9077982985487718e-23   1  4  0  0  3  0  0
    8  1.1400598749088231e-23   0  5  0  0  3  0  0
    8  1.3960890378905095e-22   3  0  2  0  3  0  0
    8  9.7760629497990901e-24   2  1  2  0  3  0  0
    8  8.7918891032724764e-22   1  2  2  0  3  0  0
    8  4.2133682211355867e-24   0  3  2  0  3  0  0
    8 -4.8192882827626714e-23   1  0  4  0  3  0  0
    8  4.1638355676305532e-24   0  1  4  0  3  0  0
    8  1.6919834070765011e-22   3  0  1  1  3  0  0
    8  4.7513715585185919e-22   2  1  1  1  3  0  0
    8  4.7513715585185919e-22   1  2  1  1  3  0  0
    8  1.6919834070765011e-22   0  3  1  1  3  0  0
    8  3.6624036111929038e-24   1  0  3  1  3  0  0
    8  1.1199646201910992e-22   0  1  3  1  3  0  0
    8  4.2133682211355867e-24   3  0  0  2  3  0  0
    8  8.7918891032724764e-22   2  1  0  2  3  0  0
    8  9.7760629497990901e-24   1  2  0  2  3  0  0
    8  1.3960890378905095e-22   0  3  0  2  3  0  0
    8  7.0304522638040353e-23   1  0  2  2  3  0  0
    8  7.0304522638040353e-23   0  1  2  2  3  0  0
    8  1.1199646201910992e-22   1  0  1  3  3  0  0
    8  3.6624036111929038e-24   0  1  1  3  3  0  0
    8  4.1638355676305532e-24   1  0  0  4  3  0  0
    8 -4.8192882827626714e-23   0  1  0  4  3  0  0
    8 -1.2797088092343516e-22   4  0  0  0  4  0  0
    8  3.2529802745651018e-22   3  1  0  0  4  0  0
    8 -1.9853611975112693e-21   2  2  0  0  4  0  0
    8  3.2529802745651018e-22   1  3  0  0  4  0  0
    8 -1.2797088092343516e-22   0  4  0  0  4  0  0
    8  1.7847788107493810e-22   2  0  2  0  4  0  0
    8  4.2083213782989988e-23   1  1  2  0  4  0  0
    8 -1.4021182878387692e-22   0  2  2  0  4  0  0
    8  4.6458680330612796e-24   0  0  4  0  4  0  0
    8 -1.4209560470162845e-22   2  0  1  1  4  0  0
    8 -2.2663662759594667e-21   1  1  1  1  4  0  0
    8 -1.4209560470162845e-22   0  2  1  1  4  0  0
    8 -6.3015214702337884e-23   0  0  3  1  4  0  0
    8 -1.4021182878387692e-22   2  0  0  2  4  0  0
    8  4.2083213782989988e-23   1  1  0  2  4  0  0
    8  1.7847788107493810e-22   0  2  0  2  4  0  0
    8  3.8114330597160321e-23   0  0  2  2  4  0  0
    8 -6.3015214702337884e-23   0  0  1  3  4  0  0
    8  4.6458680330612796e-24   0  0  0  4  4  0  0
    8  2.0364851574378987e-21   3  0  0  0  5  0  0
    8  3.2263704250159512e-22   2  1  0  0  5  0  0
    8  3.2263704250159512e-22   1  2  0  0  5  0  0
    8  2.0364851574378987e-21   0  3  0  0  5  0  0
    8  1.7614531744249202e-21   1  0  2  0  5  0  0
    8  1.7940130753582155e-21   0  1  2  0  5  0  0
    8  4.8034408994978956e-22   1  0  1  1  5  0  0
    8  4.8034408994978956e-22   0  1  1  1  5  0  0
    8  1.7940130753582155e-21   1  0  0  2  5  0  0
    8  1.7614531744249202e-21   0  1  0  2  5  0  0
    8  1.0010575397866438e-20   2  0  0  0  6  0  0
    8 -8.8417582857559797e-20   1  1  0  0  6  0  0
    8  1.0010575397866438e-20   0  2  0  0  6  0  0
    8 -6.1264621973639463e-21   0  0  2  0  6  0  0
    8 -1.0742197081521301e-20   0  0  1  1  6  0  0
    8 -6.1264621973639463e-21   0  0  0  2  6  0  0
    8 -2.5299567813774125e-19   0  0  0  0  8  0  0
 -628  0.0000000000000000e+00   0  0  0  0  0  0  0
