 -10.000  -2.500  2.16330e-01  7.54033e-02 1.0
 -10.000  -2.250  2.14456e-01  7.53128e-02 1.0
 -10.000  -2.000  2.13131e-01  7.52859e-02 1.0
 -10.000  -1.750  2.12217e-01  7.53009e-02 1.0
 -10.000  -1.500  2.11599e-01  7.53408e-02 1.0
 -10.000  -1.250  2.11185e-01  7.53928e-02 1.0
 -10.000  -1.000  2.10899e-01  7.54475e-02 1.0
 -10.000  -0.750  2.10684e-01  7.54981e-02 1.0
 -10.000  -0.500  2.10493e-01  7.55402e-02 1.0
 -10.000  -0.250  2.10291e-01  7.55710e-02 1.0
 -10.000   0.000  2.10054e-01  7.55892e-02 1.0
 -10.000   0.250  2.09762e-01  7.55945e-02 1.0
 -10.000   0.500  2.09402e-01  7.55876e-02 1.0
 -10.000   0.750  2.08965e-01  7.55695e-02 1.0
 -10.000   1.000  2.08446e-01  7.55420e-02 1.0
 -10.000   1.250  2.07845e-01  7.55076e-02 1.0
 -10.000   1.500  2.07161e-01  7.54693e-02 1.0
 -10.000   1.750  2.06399e-01  7.54309e-02 1.0
 -10.000   2.000  2.05566e-01  7.53975e-02 1.0
 -10.000   2.250  2.04674e-01  7.53755e-02 1.0
 -10.000   2.500  2.03739e-01  7.53733e-02 1.0

  -9.000  -2.500  2.15531e-01  7.49136e-02 1.0
  -9.000  -2.250  2.13807e-01  7.48692e-02 1.0
  -9.000  -2.000  2.12616e-01  7.48800e-02 1.0
  -9.000  -1.750  2.11821e-01  7.49251e-02 1.0
  -9.000  -1.500  2.11308e-01  7.49886e-02 1.0
  -9.000  -1.250  2.10987e-01  7.50582e-02 1.0
  -9.000  -1.000  2.10783e-01  7.51254e-02 1.0
  -9.000  -0.750  2.10640e-01  7.51843e-02 1.0
  -9.000  -0.500  2.10513e-01  7.52310e-02 1.0
  -9.000  -0.250  2.10370e-01  7.52634e-02 1.0
  -9.000   0.000  2.10184e-01  7.52809e-02 1.0
  -9.000   0.250  2.09939e-01  7.52836e-02 1.0
  -9.000   0.500  2.09622e-01  7.52725e-02 1.0
  -9.000   0.750  2.09225e-01  7.52489e-02 1.0
  -9.000   1.000  2.08743e-01  7.52150e-02 1.0
  -9.000   1.250  2.08176e-01  7.51730e-02 1.0
  -9.000   1.500  2.07525e-01  7.51259e-02 1.0
  -9.000   1.750  2.06794e-01  7.50773e-02 1.0
  -9.000   2.000  2.05990e-01  7.50318e-02 1.0
  -9.000   2.250  2.05123e-01  7.49953e-02 1.0
  -9.000   2.500  2.04210e-01  7.49751e-02 1.0

  -8.000  -2.500  2.14814e-01  7.44768e-02 1.0
  -8.000  -2.250  2.13227e-01  7.44744e-02 1.0
  -8.000  -2.000  2.12158e-01  7.45194e-02 1.0
  -8.000  -1.750  2.11471e-01  7.45919e-02 1.0
  -8.000  -1.500  2.11053e-01  7.46765e-02 1.0
  -8.000  -1.250  2.10815e-01  7.47619e-02 1.0
  -8.000  -1.000  2.10685e-01  7.48403e-02 1.0
  -8.000  -0.750  2.10608e-01  7.49064e-02 1.0
  -8.000  -0.500  2.10539e-01  7.49571e-02 1.0
  -8.000  -0.250  2.10447e-01  7.49909e-02 1.0
  -8.000   0.000  2.10308e-01  7.50075e-02 1.0
  -8.000   0.250  2.10105e-01  7.50077e-02 1.0
  -8.000   0.500  2.09826e-01  7.49927e-02 1.0
  -8.000   0.750  2.09465e-01  7.49642e-02 1.0
  -8.000   1.000  2.09017e-01  7.49244e-02 1.0
  -8.000   1.250  2.08482e-01  7.48756e-02 1.0
  -8.000   1.500  2.07861e-01  7.48208e-02 1.0
  -8.000   1.750  2.07158e-01  7.47633e-02 1.0
  -8.000   2.000  2.06380e-01  7.47074e-02 1.0
  -8.000   2.250  2.05537e-01  7.46581e-02 1.0
  -8.000   2.500  2.04644e-01  7.46224e-02 1.0

  -7.000  -2.500  2.14181e-01  7.40924e-02 1.0
  -7.000  -2.250  2.12716e-01  7.41277e-02 1.0
  -7.000  -2.000  2.11756e-01  7.42034e-02 1.0
  -7.000  -1.750  2.11165e-01  7.43002e-02 1.0
  -7.000  -1.500  2.10832e-01  7.44035e-02 1.0
  -7.000  -1.250  2.10669e-01  7.45028e-02 1.0
  -7.000  -1.000  2.10605e-01  7.45910e-02 1.0
  -7.000  -0.750  2.10585e-01  7.46634e-02 1.0
  -7.000  -0.500  2.10568e-01  7.47174e-02 1.0
  -7.000  -0.250  2.10521e-01  7.47523e-02 1.0
  -7.000   0.000  2.10423e-01  7.47681e-02 1.0
  -7.000   0.250  2.10258e-01  7.47659e-02 1.0
  -7.000   0.500  2.10013e-01  7.47474e-02 1.0
  -7.000   0.750  2.09684e-01  7.47145e-02 1.0
  -7.000   1.000  2.09266e-01  7.46695e-02 1.0
  -7.000   1.250  2.08760e-01  7.46148e-02 1.0
  -7.000   1.500  2.08165e-01  7.45532e-02 1.0
  -7.000   1.750  2.07488e-01  7.44880e-02 1.0
  -7.000   2.000  2.06733e-01  7.44230e-02 1.0
  -7.000   2.250  2.05912e-01  7.43629e-02 1.0
  -7.000   2.500  2.05038e-01  7.43138e-02 1.0

  -6.000  -2.500  2.13630e-01  7.37599e-02 1.0
  -6.000  -2.250  2.12274e-01  7.38284e-02 1.0
  -6.000  -2.000  2.11410e-01  7.39310e-02 1.0
  -6.000  -1.750  2.10903e-01  7.40490e-02 1.0
  -6.000  -1.500  2.10644e-01  7.41686e-02 1.0
  -6.000  -1.250  2.10546e-01  7.42800e-02 1.0
  -6.000  -1.000  2.10539e-01  7.43766e-02 1.0
  -6.000  -0.750  2.10570e-01  7.44543e-02 1.0
  -6.000  -0.500  2.10597e-01  7.45112e-02 1.0
  -6.000  -0.250  2.10591e-01  7.45468e-02 1.0
  -6.000   0.000  2.10528e-01  7.45618e-02 1.0
  -6.000   0.250  2.10395e-01  7.45575e-02 1.0
  -6.000   0.500  2.10181e-01  7.45358e-02 1.0
  -6.000   0.750  2.09880e-01  7.44990e-02 1.0
  -6.000   1.000  2.09488e-01  7.44495e-02 1.0
  -6.000   1.250  2.09006e-01  7.43896e-02 1.0
  -6.000   1.500  2.08436e-01  7.43223e-02 1.0
  -6.000   1.750  2.07781e-01  7.42504e-02 1.0
  -6.000   2.000  2.07047e-01  7.41777e-02 1.0
  -6.000   2.250  2.06246e-01  7.41083e-02 1.0
  -6.000   2.500  2.05389e-01  7.40480e-02 1.0

  -5.000  -2.500  2.13162e-01  7.34788e-02 1.0
  -5.000  -2.250  2.11900e-01  7.35758e-02 1.0
  -5.000  -2.000  2.11118e-01  7.37014e-02 1.0
  -5.000  -1.750  2.10683e-01  7.38375e-02 1.0
  -5.000  -1.500  2.10488e-01  7.39711e-02 1.0
  -5.000  -1.250  2.10445e-01  7.40927e-02 1.0
  -5.000  -1.000  2.10487e-01  7.41963e-02 1.0
  -5.000  -0.750  2.10561e-01  7.42785e-02 1.0
  -5.000  -0.500  2.10626e-01  7.43377e-02 1.0
  -5.000  -0.250  2.10653e-01  7.43738e-02 1.0
  -5.000   0.000  2.10621e-01  7.43880e-02 1.0
  -5.000   0.250  2.10516e-01  7.43818e-02 1.0
  -5.000   0.500  2.10327e-01  7.43574e-02 1.0
  -5.000   0.750  2.10049e-01  7.43173e-02 1.0
  -5.000   1.000  2.09680e-01  7.42638e-02 1.0
  -5.000   1.250  2.09220e-01  7.41996e-02 1.0
  -5.000   1.500  2.08669e-01  7.41273e-02 1.0
  -5.000   1.750  2.08034e-01  7.40499e-02 1.0
  -5.000   2.000  2.07319e-01  7.39707e-02 1.0
  -5.000   2.250  2.06534e-01  7.38937e-02 1.0
  -5.000   2.500  2.05692e-01  7.38239e-02 1.0

  -4.000  -2.500  2.12778e-01  7.32487e-02 1.0
  -4.000  -2.250  2.11593e-01  7.33694e-02 1.0
  -4.000  -2.000  2.10879e-01  7.35140e-02 1.0
  -4.000  -1.750  2.10504e-01  7.36651e-02 1.0
  -4.000  -1.500  2.10361e-01  7.38101e-02 1.0
  -4.000  -1.250  2.10364e-01  7.39400e-02 1.0
  -4.000  -1.000  2.10446e-01  7.40494e-02 1.0
  -4.000  -0.750  2.10555e-01  7.41352e-02 1.0
  -4.000  -0.500  2.10652e-01  7.41962e-02 1.0
  -4.000  -0.250  2.10707e-01  7.42327e-02 1.0
  -4.000   0.000  2.10700e-01  7.42461e-02 1.0
  -4.000   0.250  2.10617e-01  7.42383e-02 1.0
  -4.000   0.500  2.10449e-01  7.42116e-02 1.0
  -4.000   0.750  2.10191e-01  7.41686e-02 1.0
  -4.000   1.000  2.09841e-01  7.41120e-02 1.0
  -4.000   1.250  2.09398e-01  7.40441e-02 1.0
  -4.000   1.500  2.08865e-01  7.39679e-02 1.0
  -4.000   1.750  2.08245e-01  7.38859e-02 1.0
  -4.000   2.000  2.07546e-01  7.38015e-02 1.0
  -4.000   2.250  2.06775e-01  7.37182e-02 1.0
  -4.000   2.500  2.05946e-01  7.36409e-02 1.0

  -3.000  -2.500  2.12478e-01  7.30694e-02 1.0
  -3.000  -2.250  2.11354e-01  7.32088e-02 1.0
  -3.000  -2.000  2.10693e-01  7.33684e-02 1.0
  -3.000  -1.750  2.10365e-01  7.35312e-02 1.0
  -3.000  -1.500  2.10263e-01  7.36851e-02 1.0
  -3.000  -1.250  2.10302e-01  7.38215e-02 1.0
  -3.000  -1.000  2.10416e-01  7.39354e-02 1.0
  -3.000  -0.750  2.10552e-01  7.40239e-02 1.0
  -3.000  -0.500  2.10673e-01  7.40862e-02 1.0
  -3.000  -0.250  2.10750e-01  7.41230e-02 1.0
  -3.000   0.000  2.10763e-01  7.41357e-02 1.0
  -3.000   0.250  2.10698e-01  7.41266e-02 1.0
  -3.000   0.500  2.10547e-01  7.40981e-02 1.0
  -3.000   0.750  2.10304e-01  7.40529e-02 1.0
  -3.000   1.000  2.09968e-01  7.39937e-02 1.0
  -3.000   1.250  2.09539e-01  7.39231e-02 1.0
  -3.000   1.500  2.09019e-01  7.38436e-02 1.0
  -3.000   1.750  2.08413e-01  7.37582e-02 1.0
  -3.000   2.000  2.07725e-01  7.36697e-02 1.0
  -3.000   2.250  2.06966e-01  7.35816e-02 1.0
  -3.000   2.500  2.06148e-01  7.34984e-02 1.0

  -2.000  -2.500  2.12262e-01  7.29408e-02 1.0
  -2.000  -2.250  2.11182e-01  7.30937e-02 1.0
  -2.000  -2.000  2.10561e-01  7.32642e-02 1.0
  -2.000  -1.750  2.10266e-01  7.34355e-02 1.0
  -2.000  -1.500  2.10194e-01  7.35957e-02 1.0
  -2.000  -1.250  2.10259e-01  7.37368e-02 1.0
  -2.000  -1.000  2.10395e-01  7.38539e-02 1.0
  -2.000  -0.750  2.10551e-01  7.39443e-02 1.0
  -2.000  -0.500  2.10690e-01  7.40076e-02 1.0
  -2.000  -0.250  2.10782e-01  7.40445e-02 1.0
  -2.000   0.000  2.10809e-01  7.40568e-02 1.0
  -2.000   0.250  2.10757e-01  7.40466e-02 1.0
  -2.000   0.500  2.10618e-01  7.40168e-02 1.0
  -2.000   0.750  2.10386e-01  7.39700e-02 1.0
  -2.000   1.000  2.10061e-01  7.39089e-02 1.0
  -2.000   1.250  2.09642e-01  7.38362e-02 1.0
  -2.000   1.500  2.09132e-01  7.37546e-02 1.0
  -2.000   1.750  2.08534e-01  7.36666e-02 1.0
  -2.000   2.000  2.07856e-01  7.35751e-02 1.0
  -2.000   2.250  2.07105e-01  7.34837e-02 1.0
  -2.000   2.500  2.06294e-01  7.33963e-02 1.0

  -1.000  -2.500  2.12132e-01  7.28632e-02 1.0
  -1.000  -2.250  2.11079e-01  7.30244e-02 1.0
  -1.000  -2.000  2.10481e-01  7.32014e-02 1.0
  -1.000  -1.750  2.10207e-01  7.33778e-02 1.0
  -1.000  -1.500  2.10152e-01  7.35420e-02 1.0
  -1.000  -1.250  2.10233e-01  7.36859e-02 1.0
  -1.000  -1.000  2.10383e-01  7.38048e-02 1.0
  -1.000  -0.750  2.10551e-01  7.38964e-02 1.0
  -1.000  -0.500  2.10700e-01  7.39603e-02 1.0
  -1.000  -0.250  2.10802e-01  7.39972e-02 1.0
  -1.000   0.000  2.10838e-01  7.40092e-02 1.0
  -1.000   0.250  2.10793e-01  7.39984e-02 1.0
  -1.000   0.500  2.10661e-01  7.39678e-02 1.0
  -1.000   0.750  2.10436e-01  7.39200e-02 1.0
  -1.000   1.000  2.10117e-01  7.38578e-02 1.0
  -1.000   1.250  2.09704e-01  7.37838e-02 1.0
  -1.000   1.500  2.09200e-01  7.37008e-02 1.0
  -1.000   1.750  2.08608e-01  7.36113e-02 1.0
  -1.000   2.000  2.07935e-01  7.35181e-02 1.0
  -1.000   2.250  2.07190e-01  7.34245e-02 1.0
  -1.000   2.500  2.06384e-01  7.33347e-02 1.0

   0.000  -2.500  2.12088e-01  7.28372e-02 1.0
   0.000  -2.250  2.11044e-01  7.30012e-02 1.0
   0.000  -2.000  2.10454e-01  7.31804e-02 1.0
   0.000  -1.750  2.10187e-01  7.33585e-02 1.0
   0.000  -1.500  2.10138e-01  7.35239e-02 1.0
   0.000  -1.250  2.10224e-01  7.36688e-02 1.0
   0.000  -1.000  2.10379e-01  7.37884e-02 1.0
   0.000  -0.750  2.10551e-01  7.38804e-02 1.0
   0.000  -0.500  2.10704e-01  7.39444e-02 1.0
   0.000  -0.250  2.10809e-01  7.39814e-02 1.0
   0.000   0.000  2.10847e-01  7.39932e-02 1.0
   0.000   0.250  2.10805e-01  7.39823e-02 1.0
   0.000   0.500  2.10675e-01  7.39513e-02 1.0
   0.000   0.750  2.10453e-01  7.39032e-02 1.0
   0.000   1.000  2.10136e-01  7.38406e-02 1.0
   0.000   1.250  2.09725e-01  7.37662e-02 1.0
   0.000   1.500  2.09223e-01  7.36827e-02 1.0
   0.000   1.750  2.08633e-01  7.35927e-02 1.0
   0.000   2.000  2.07962e-01  7.34989e-02 1.0
   0.000   2.250  2.07218e-01  7.34047e-02 1.0
   0.000   2.500  2.06414e-01  7.33140e-02 1.0

   1.000  -2.500  2.12133e-01  7.28636e-02 1.0
   1.000  -2.250  2.11079e-01  7.30247e-02 1.0
   1.000  -2.000  2.10481e-01  7.32017e-02 1.0
   1.000  -1.750  2.10207e-01  7.33781e-02 1.0
   1.000  -1.500  2.10153e-01  7.35422e-02 1.0
   1.000  -1.250  2.10233e-01  7.36861e-02 1.0
   1.000  -1.000  2.10383e-01  7.38050e-02 1.0
   1.000  -0.750  2.10551e-01  7.38966e-02 1.0
   1.000  -0.500  2.10700e-01  7.39605e-02 1.0
   1.000  -0.250  2.10802e-01  7.39974e-02 1.0
   1.000   0.000  2.10837e-01  7.40094e-02 1.0
   1.000   0.250  2.10793e-01  7.39987e-02 1.0
   1.000   0.500  2.10661e-01  7.39680e-02 1.0
   1.000   0.750  2.10436e-01  7.39202e-02 1.0
   1.000   1.000  2.10117e-01  7.38580e-02 1.0
   1.000   1.250  2.09704e-01  7.37841e-02 1.0
   1.000   1.500  2.09200e-01  7.37011e-02 1.0
   1.000   1.750  2.08608e-01  7.36115e-02 1.0
   1.000   2.000  2.07935e-01  7.35184e-02 1.0
   1.000   2.250  2.07189e-01  7.34248e-02 1.0
   1.000   2.500  2.06383e-01  7.33350e-02 1.0

   2.000  -2.500  2.12268e-01  7.29438e-02 1.0
   2.000  -2.250  2.11186e-01  7.30962e-02 1.0
   2.000  -2.000  2.10563e-01  7.32663e-02 1.0
   2.000  -1.750  2.10268e-01  7.34374e-02 1.0
   2.000  -1.500  2.10195e-01  7.35975e-02 1.0
   2.000  -1.250  2.10260e-01  7.37385e-02 1.0
   2.000  -1.000  2.10395e-01  7.38555e-02 1.0
   2.000  -0.750  2.10551e-01  7.39459e-02 1.0
   2.000  -0.500  2.10689e-01  7.40092e-02 1.0
   2.000  -0.250  2.10782e-01  7.40462e-02 1.0
   2.000   0.000  2.10808e-01  7.40585e-02 1.0
   2.000   0.250  2.10756e-01  7.40484e-02 1.0
   2.000   0.500  2.10616e-01  7.40186e-02 1.0
   2.000   0.750  2.10384e-01  7.39719e-02 1.0
   2.000   1.000  2.10059e-01  7.39109e-02 1.0
   2.000   1.250  2.09639e-01  7.38383e-02 1.0
   2.000   1.500  2.09129e-01  7.37568e-02 1.0
   2.000   1.750  2.08531e-01  7.36689e-02 1.0
   2.000   2.000  2.07853e-01  7.35775e-02 1.0
   2.000   2.250  2.07102e-01  7.34862e-02 1.0
   2.000   2.500  2.06290e-01  7.33990e-02 1.0

   3.000  -2.500  2.12495e-01  7.30797e-02 1.0
   3.000  -2.250  2.11366e-01  7.32173e-02 1.0
   3.000  -2.000  2.10703e-01  7.33757e-02 1.0
   3.000  -1.750  2.10372e-01  7.35377e-02 1.0
   3.000  -1.500  2.10268e-01  7.36911e-02 1.0
   3.000  -1.250  2.10305e-01  7.38272e-02 1.0
   3.000  -1.000  2.10417e-01  7.39409e-02 1.0
   3.000  -0.750  2.10553e-01  7.40293e-02 1.0
   3.000  -0.500  2.10672e-01  7.40917e-02 1.0
   3.000  -0.250  2.10748e-01  7.41286e-02 1.0
   3.000   0.000  2.10760e-01  7.41415e-02 1.0
   3.000   0.250  2.10694e-01  7.41326e-02 1.0
   3.000   0.500  2.10541e-01  7.41043e-02 1.0
   3.000   0.750  2.10298e-01  7.40594e-02 1.0
   3.000   1.000  2.09961e-01  7.40005e-02 1.0
   3.000   1.250  2.09531e-01  7.39302e-02 1.0
   3.000   1.500  2.09010e-01  7.38511e-02 1.0
   3.000   1.750  2.08402e-01  7.37660e-02 1.0
   3.000   2.000  2.07714e-01  7.36778e-02 1.0
   3.000   2.250  2.06954e-01  7.35902e-02 1.0
   3.000   2.500  2.06135e-01  7.35075e-02 1.0

   4.000  -2.500  2.12820e-01  7.32735e-02 1.0
   4.000  -2.250  2.11624e-01  7.33900e-02 1.0
   4.000  -2.000  2.10902e-01  7.35318e-02 1.0
   4.000  -1.750  2.10520e-01  7.36809e-02 1.0
   4.000  -1.500  2.10372e-01  7.38245e-02 1.0
   4.000  -1.250  2.10371e-01  7.39537e-02 1.0
   4.000  -1.000  2.10450e-01  7.40627e-02 1.0
   4.000  -0.750  2.10556e-01  7.41483e-02 1.0
   4.000  -0.500  2.10649e-01  7.42094e-02 1.0
   4.000  -0.250  2.10701e-01  7.42462e-02 1.0
   4.000   0.000  2.10692e-01  7.42599e-02 1.0
   4.000   0.250  2.10607e-01  7.42526e-02 1.0
   4.000   0.500  2.10437e-01  7.42265e-02 1.0
   4.000   0.750  2.10176e-01  7.41842e-02 1.0
   4.000   1.000  2.09823e-01  7.41282e-02 1.0
   4.000   1.250  2.09378e-01  7.40611e-02 1.0
   4.000   1.500  2.08843e-01  7.39856e-02 1.0
   4.000   1.750  2.08221e-01  7.39045e-02 1.0
   4.000   2.000  2.07519e-01  7.38210e-02 1.0
   4.000   2.250  2.06747e-01  7.37387e-02 1.0
   4.000   2.500  2.05916e-01  7.36625e-02 1.0

   5.000  -2.500  2.13245e-01  7.35284e-02 1.0
   5.000  -2.250  2.11961e-01  7.36171e-02 1.0
   5.000  -2.000  2.11163e-01  7.37368e-02 1.0
   5.000  -1.750  2.10716e-01  7.38691e-02 1.0
   5.000  -1.500  2.10511e-01  7.40000e-02 1.0
   5.000  -1.250  2.10460e-01  7.41200e-02 1.0
   5.000  -1.000  2.10495e-01  7.42228e-02 1.0
   5.000  -0.750  2.10562e-01  7.43046e-02 1.0
   5.000  -0.500  2.10621e-01  7.43640e-02 1.0
   5.000  -0.250  2.10643e-01  7.44006e-02 1.0
   5.000   0.000  2.10606e-01  7.44154e-02 1.0
   5.000   0.250  2.10496e-01  7.44102e-02 1.0
   5.000   0.500  2.10302e-01  7.43869e-02 1.0
   5.000   0.750  2.10020e-01  7.43480e-02 1.0
   5.000   1.000  2.09647e-01  7.42959e-02 1.0
   5.000   1.250  2.09182e-01  7.42331e-02 1.0
   5.000   1.500  2.08627e-01  7.41623e-02 1.0
   5.000   1.750  2.07987e-01  7.40866e-02 1.0
   5.000   2.000  2.07268e-01  7.40091e-02 1.0
   5.000   2.250  2.06479e-01  7.39341e-02 1.0
   5.000   2.500  2.05634e-01  7.38665e-02 1.0

   6.000  -2.500  2.13776e-01  7.38480e-02 1.0
   6.000  -2.250  2.12382e-01  7.39017e-02 1.0
   6.000  -2.000  2.11490e-01  7.39940e-02 1.0
   6.000  -1.750  2.10961e-01  7.41050e-02 1.0
   6.000  -1.500  2.10685e-01  7.42200e-02 1.0
   6.000  -1.250  2.10573e-01  7.43285e-02 1.0
   6.000  -1.000  2.10553e-01  7.44235e-02 1.0
   6.000  -0.750  2.10573e-01  7.45006e-02 1.0
   6.000  -0.500  2.10590e-01  7.45576e-02 1.0
   6.000  -0.250  2.10574e-01  7.45940e-02 1.0
   6.000   0.000  2.10503e-01  7.46102e-02 1.0
   6.000   0.250  2.10362e-01  7.46075e-02 1.0
   6.000   0.500  2.10139e-01  7.45877e-02 1.0
   6.000   0.750  2.09830e-01  7.45530e-02 1.0
   6.000   1.000  2.09431e-01  7.45057e-02 1.0
   6.000   1.250  2.08941e-01  7.44483e-02 1.0
   6.000   1.500  2.08363e-01  7.43836e-02 1.0
   6.000   1.750  2.07701e-01  7.43145e-02 1.0
   6.000   2.000  2.06961e-01  7.42448e-02 1.0
   6.000   2.250  2.06152e-01  7.41789e-02 1.0
   6.000   2.500  2.05290e-01  7.41224e-02 1.0

   7.000  -2.500  2.14419e-01  7.42368e-02 1.0
   7.000  -2.250  2.12893e-01  7.42478e-02 1.0
   7.000  -2.000  2.11888e-01  7.43067e-02 1.0
   7.000  -1.750  2.11261e-01  7.43919e-02 1.0
   7.000  -1.500  2.10900e-01  7.44876e-02 1.0
   7.000  -1.250  2.10713e-01  7.45821e-02 1.0
   7.000  -1.000  2.10629e-01  7.46675e-02 1.0
   7.000  -0.750  2.10592e-01  7.47388e-02 1.0
   7.000  -0.500  2.10558e-01  7.47930e-02 1.0
   7.000  -0.250  2.10497e-01  7.48290e-02 1.0
   7.000   0.000  2.10385e-01  7.48467e-02 1.0
   7.000   0.250  2.10206e-01  7.48470e-02 1.0
   7.000   0.500  2.09949e-01  7.48314e-02 1.0
   7.000   0.750  2.09607e-01  7.48018e-02 1.0
   7.000   1.000  2.09177e-01  7.47603e-02 1.0
   7.000   1.250  2.08658e-01  7.47095e-02 1.0
   7.000   1.500  2.08052e-01  7.46520e-02 1.0
   7.000   1.750  2.07363e-01  7.45913e-02 1.0
   7.000   2.000  2.06598e-01  7.45311e-02 1.0
   7.000   2.250  2.05767e-01  7.44764e-02 1.0
   7.000   2.500  2.04884e-01  7.44335e-02 1.0

   8.000  -2.500  2.15181e-01  7.47000e-02 1.0
   8.000  -2.250  2.13500e-01  7.46602e-02 1.0
   8.000  -2.000  2.12361e-01  7.46793e-02 1.0
   8.000  -1.750  2.11620e-01  7.47339e-02 1.0
   8.000  -1.500  2.11159e-01  7.48065e-02 1.0
   8.000  -1.250  2.10886e-01  7.48843e-02 1.0
   8.000  -1.000  2.10725e-01  7.49583e-02 1.0
   8.000  -0.750  2.10620e-01  7.50226e-02 1.0
   8.000  -0.500  2.10527e-01  7.50733e-02 1.0
   8.000  -0.250  2.10413e-01  7.51086e-02 1.0
   8.000   0.000  2.10252e-01  7.51279e-02 1.0
   8.000   0.250  2.10029e-01  7.51317e-02 1.0
   8.000   0.500  2.09731e-01  7.51209e-02 1.0
   8.000   0.750  2.09351e-01  7.50973e-02 1.0
   8.000   1.000  2.08886e-01  7.50627e-02 1.0
   8.000   1.250  2.08333e-01  7.50196e-02 1.0
   8.000   1.500  2.07694e-01  7.49710e-02 1.0
   8.000   1.750  2.06975e-01  7.49201e-02 1.0
   8.000   2.000  2.06181e-01  7.48714e-02 1.0
   8.000   2.250  2.05324e-01  7.48303e-02 1.0
   8.000   2.500  2.04419e-01  7.48037e-02 1.0

   9.000  -2.500  2.16071e-01  7.52439e-02 1.0
   9.000  -2.250  2.14210e-01  7.51445e-02 1.0
   9.000  -2.000  2.12917e-01  7.51169e-02 1.0
   9.000  -1.750  2.12043e-01  7.51355e-02 1.0
   9.000  -1.500  2.11467e-01  7.51811e-02 1.0
   9.000  -1.250  2.11093e-01  7.52393e-02 1.0
   9.000  -1.000  2.10845e-01  7.52998e-02 1.0
   9.000  -0.750  2.10663e-01  7.53556e-02 1.0
   9.000  -0.500  2.10501e-01  7.54020e-02 1.0
   9.000  -0.250  2.10325e-01  7.54363e-02 1.0
   9.000   0.000  2.10109e-01  7.54574e-02 1.0
   9.000   0.250  2.09834e-01  7.54650e-02 1.0
   9.000   0.500  2.09490e-01  7.54598e-02 1.0
   9.000   0.750  2.09066e-01  7.54429e-02 1.0
   9.000   1.000  2.08559e-01  7.54164e-02 1.0
   9.000   1.250  2.07967e-01  7.53824e-02 1.0
   9.000   1.500  2.07292e-01  7.53440e-02 1.0
   9.000   1.750  2.06538e-01  7.53048e-02 1.0
   9.000   2.000  2.05712e-01  7.52697e-02 1.0
   9.000   2.250  2.04827e-01  7.52447e-02 1.0
   9.000   2.500  2.03897e-01  7.52377e-02 1.0

  10.000  -2.500  2.17098e-01  7.58760e-02 1.0
  10.000  -2.250  2.15031e-01  7.57071e-02 1.0
  10.000  -2.000  2.13562e-01  7.56253e-02 1.0
  10.000  -1.750  2.12536e-01  7.56023e-02 1.0
  10.000  -1.500  2.11830e-01  7.56164e-02 1.0
  10.000  -1.250  2.11342e-01  7.56517e-02 1.0
  10.000  -1.000  2.10993e-01  7.56964e-02 1.0
  10.000  -0.750  2.10723e-01  7.57422e-02 1.0
  10.000  -0.500  2.10482e-01  7.57834e-02 1.0
  10.000  -0.250  2.10236e-01  7.58164e-02 1.0
  10.000   0.000  2.09956e-01  7.58392e-02 1.0
  10.000   0.250  2.09624e-01  7.58510e-02 1.0
  10.000   0.500  2.09226e-01  7.58519e-02 1.0
  10.000   0.750  2.08752e-01  7.58429e-02 1.0
  10.000   1.000  2.08199e-01  7.58254e-02 1.0
  10.000   1.250  2.07563e-01  7.58019e-02 1.0
  10.000   1.500  2.06847e-01  7.57754e-02 1.0
  10.000   1.750  2.06055e-01  7.57499e-02 1.0
  10.000   2.000  2.05194e-01  7.57307e-02 1.0
  10.000   2.250  2.04277e-01  7.57246e-02 1.0
  10.000   2.500  2.03322e-01  7.57405e-02 1.0

