
tpsa, NO = 8, NV = 7, INA = 48097
------------------------------------------------------------------

   |I|         a                i  i  i  i  i  i  i
                I                1  2  3  4  5  6  7

    3 -1.9321950556209923e-07   3  0  0  0  0  0  0
    3 -9.1646428838362893e-07   2  1  0  0  0  0  0
    3  9.1646428838362893e-07   1  2  0  0  0  0  0
    3  1.9321950556209923e-07   0  3  0  0  0  0  0
    3  9.5157863652839263e-07   1  0  2  0  0  0  0
    3  6.0635990780863585e-08   0  1  2  0  0  0  0
    3 -2.2333633148806035e-07   1  0  1  1  0  0  0
    3  2.2333633148806035e-07   0  1  1  1  0  0  0
    3 -6.0635990780863585e-08   1  0  0  2  0  0  0
    3 -9.5157863652839263e-07   0  1  0  2  0  0  0
    3 -4.5622108588858315e-07   2  0  0  0  1  0  0
    3  4.5622108588858315e-07   0  2  0  0  1  0  0
    3  3.1825036459140796e-07   0  0  2  0  1  0  0
    3 -3.1825036459140796e-07   0  0  0  2  1  0  0
    3  1.6007944179755769e-21   1  0  0  0  2  0  0
    3 -1.6007944179755769e-21   0  1  0  0  2  0  0
    4 -8.4017655891156056e-08   4  0  0  0  0  0  0
    4  7.4008919864504572e-08   3  1  0  0  0  0  0
    4 -7.4008919864504572e-08   1  3  0  0  0  0  0
    4  8.4017655891156056e-08   0  4  0  0  0  0  0
    4 -3.3721982732101565e-08   2  0  2  0  0  0  0
    4 -1.7778850125829374e-07   1  1  2  0  0  0  0
    4  1.3617789840012231e-07   0  2  2  0  0  0  0
    4  3.7348659805648882e-08   0  0  4  0  0  0  0
    4 -1.1551073389126231e-07   2  0  1  1  0  0  0
    4  1.1551073389126231e-07   0  2  1  1  0  0  0
    4 -1.3407517539283060e-07   0  0  3  1  0  0  0
    4 -1.3617789840012231e-07   2  0  0  2  0  0  0
    4  1.7778850125829374e-07   1  1  0  2  0  0  0
    4  3.3721982732101565e-08   0  2  0  2  0  0  0
    4  1.3407517539283060e-07   0  0  1  3  0  0  0
    4 -3.7348659805648882e-08   0  0  0  4  0  0  0
    4  1.5865292403388731e-08   3  0  0  0  1  0  0
    4 -1.8203505967593391e-07   2  1  0  0  1  0  0
    4  1.8203505967593391e-07   1  2  0  0  1  0  0
    4 -1.5865292403388731e-08   0  3  0  0  1  0  0
    4 -3.4161044871706889e-08   1  0  2  0  1  0  0
    4  1.8075565732783781e-07   0  1  2  0  1  0  0
    4 -6.9967532079541481e-08   1  0  1  1  1  0  0
    4  6.9967532079541481e-08   0  1  1  1  1  0  0
    4 -1.8075565732783781e-07   1  0  0  2  1  0  0
    4  3.4161044871706889e-08   0  1  0  2  1  0  0
    4 -1.6037871774316669e-07   2  0  0  0  2  0  0
    4  1.6037871774316669e-07   0  2  0  0  2  0  0
    4  2.5205955203725548e-07   0  0  2  0  2  0  0
    4 -2.5205955203725548e-07   0  0  0  2  2  0  0
    4  3.7686914916443016e-22   1  0  0  0  3  0  0
    4 -3.7686914916443016e-22   0  1  0  0  3  0  0
    5  4.1584522037757497e-08   5  0  0  0  0  0  0
    5  3.6909019817004285e-08   4  1  0  0  0  0  0
    5  2.5908978085950974e-08   3  2  0  0  0  0  0
    5 -2.5908978085950974e-08   2  3  0  0  0  0  0
    5 -3.6909019817004285e-08   1  4  0  0  0  0  0
    5 -4.1584522037757497e-08   0  5  0  0  0  0  0
    5  7.9846775348778718e-09   3  0  2  0  0  0  0
    5  2.7164629523603785e-09   2  1  2  0  0  0  0
    5 -1.6988031996339053e-07   1  2  2  0  0  0  0
    5  4.5195504912678772e-08   0  3  2  0  0  0  0
    5 -2.3003685815197546e-08   1  0  4  0  0  0  0
    5 -4.8625620960944677e-08   0  1  4  0  0  0  0
    5 -3.0060586272849840e-08   3  0  1  1  0  0  0
    5  2.1975842390372756e-07   2  1  1  1  0  0  0
    5 -2.1975842390372756e-07   1  2  1  1  0  0  0
    5  3.0060586272849840e-08   0  3  1  1  0  0  0
    5 -7.4376417723936264e-09   1  0  3  1  0  0  0
    5 -1.8510250783899798e-08   0  1  3  1  0  0  0
    5 -4.5195504912678772e-08   3  0  0  2  0  0  0
    5  1.6988031996339053e-07   2  1  0  2  0  0  0
    5 -2.7164629523603785e-09   1  2  0  2  0  0  0
    5 -7.9846775348778718e-09   0  3  0  2  0  0  0
    5  2.4244431189975286e-08   1  0  2  2  0  0  0
    5 -2.4244431189975286e-08   0  1  2  2  0  0  0
    5  1.8510250783899798e-08   1  0  1  3  0  0  0
    5  7.4376417723936264e-09   0  1  1  3  0  0  0
    5  4.8625620960944677e-08   1  0  0  4  0  0  0
    5  2.3003685815197546e-08   0  1  0  4  0  0  0
    5 -3.7705702316057418e-08   4  0  0  0  1  0  0
    5  3.6433943633630499e-08   3  1  0  0  1  0  0
    5 -3.6433943633630499e-08   1  3  0  0  1  0  0
    5  3.7705702316057418e-08   0  4  0  0  1  0  0
    5 -1.0744123526950075e-08   2  0  2  0  1  0  0
    5 -7.6281187001242435e-08   1  1  2  0  1  0  0
    5  1.3247071466794112e-08   0  2  2  0  1  0  0
    5 -1.5047591712042579e-08   0  0  4  0  1  0  0
    5 -1.3492323343527728e-08   2  0  1  1  1  0  0
    5  1.3492323343527728e-08   0  2  1  1  1  0  0
    5  2.2420848773510356e-08   0  0  3  1  1  0  0
    5 -1.3247071466794112e-08   2  0  0  2  1  0  0
    5  7.6281187001242435e-08   1  1  0  2  1  0  0
    5  1.0744123526950075e-08   0  2  0  2  1  0  0
    5 -2.2420848773510356e-08   0  0  1  3  1  0  0
    5  1.5047591712042579e-08   0  0  0  4  1  0  0
    5  4.1787418410782286e-09   3  0  0  0  2  0  0
    5 -4.2785301484590926e-08   2  1  0  0  2  0  0
    5  4.2785301484590926e-08   1  2  0  0  2  0  0
    5 -4.1787418410782286e-09   0  3  0  0  2  0  0
    5  4.6924448669156387e-09   1  0  2  0  2  0  0
    5  3.2603344209996239e-07   0  1  2  0  2  0  0
    5 -1.5747399917941788e-09   1  0  1  1  2  0  0
    5  1.5747399917941788e-09   0  1  1  1  2  0  0
    5 -3.2603344209996239e-07   1  0  0  2  2  0  0
    5 -4.6924448669156387e-09   0  1  0  2  2  0  0
    5  4.9586145502224060e-09   2  0  0  0  3  0  0
    5 -4.9586145502224060e-09   0  2  0  0  3  0  0
    5 -6.4664846839816836e-08   0  0  2  0  3  0  0
    5  6.4664846839816836e-08   0  0  0  2  3  0  0
    5  2.1132156690967101e-23   1  0  0  0  4  0  0
    5 -2.1132156690967101e-23   0  1  0  0  4  0  0
    6 -3.1155962469156858e-09   6  0  0  0  0  0  0
    6  1.4354703176887614e-08   5  1  0  0  0  0  0
    6 -1.4598424762173425e-08   4  2  0  0  0  0  0
    6  1.4598424762173425e-08   2  4  0  0  0  0  0
    6 -1.4354703176887614e-08   1  5  0  0  0  0  0
    6  3.1155962469156858e-09   0  6  0  0  0  0  0
    6 -1.3351069729912050e-07   4  0  2  0  0  0  0
    6  5.4597178676754013e-09   3  1  2  0  0  0  0
    6  6.0445417681673653e-08   2  2  2  0  0  0  0
    6 -2.5084921958173689e-08   1  3  2  0  0  0  0
    6  8.7692620250089172e-09   0  4  2  0  0  0  0
    6  3.1401350246617848e-09   2  0  4  0  0  0  0
    6  1.0742033358496134e-08   1  1  4  0  0  0  0
    6  1.7325401075034794e-08   0  2  4  0  0  0  0
    6 -8.2195671206272008e-10   0  0  6  0  0  0  0
    6 -2.0318515419288137e-08   4  0  1  1  0  0  0
    6 -3.9053308633785128e-09   3  1  1  1  0  0  0
    6  3.9053308633785128e-09   1  3  1  1  0  0  0
    6  2.0318515419288137e-08   0  4  1  1  0  0  0
    6  9.8251732619055213e-09   2  0  3  1  0  0  0
    6  3.0012346333426581e-08   1  1  3  1  0  0  0
    6 -4.4556726227570632e-09   0  2  3  1  0  0  0
    6  2.8148101021101449e-09   0  0  5  1  0  0  0
    6 -8.7692620250089172e-09   4  0  0  2  0  0  0
    6  2.5084921958173689e-08   3  1  0  2  0  0  0
    6 -6.0445417681673653e-08   2  2  0  2  0  0  0
    6 -5.4597178676754013e-09   1  3  0  2  0  0  0
    6  1.3351069729912050e-07   0  4  0  2  0  0  0
    6 -3.1688151982881505e-09   2  0  2  2  0  0  0
    6  3.1688151982881505e-09   0  2  2  2  0  0  0
    6 -3.7768804172351729e-09   0  0  4  2  0  0  0
    6  4.4556726227570632e-09   2  0  1  3  0  0  0
    6 -3.0012346333426581e-08   1  1  1  3  0  0  0
    6 -9.8251732619055213e-09   0  2  1  3  0  0  0
    6 -1.7325401075034794e-08   2  0  0  4  0  0  0
    6 -1.0742033358496134e-08   1  1  0  4  0  0  0
    6 -3.1401350246617848e-09   0  2  0  4  0  0  0
    6  3.7768804172351729e-09   0  0  2  4  0  0  0
    6 -2.8148101021101449e-09   0  0  1  5  0  0  0
    6  8.2195671206272008e-10   0  0  0  6  0  0  0
    6  8.9944013023463549e-08   5  0  0  0  1  0  0
    6 -1.0255340944787975e-08   4  1  0  0  1  0  0
    6 -2.1836965891300541e-08   3  2  0  0  1  0  0
    6  2.1836965891300541e-08   2  3  0  0  1  0  0
    6  1.0255340944787975e-08   1  4  0  0  1  0  0
    6 -8.9944013023463549e-08   0  5  0  0  1  0  0
    6 -5.1389810634462662e-09   3  0  2  0  1  0  0
    6  1.4254020347021957e-08   2  1  2  0  1  0  0
    6 -2.6197061478795739e-07   1  2  2  0  1  0  0
    6  1.3601682287964179e-09   0  3  2  0  1  0  0
    6  1.0293436732586529e-09   1  0  4  0  1  0  0
    6 -2.1939306193142122e-09   0  1  4  0  1  0  0
    6 -2.3285809297972979e-08   3  0  1  1  1  0  0
    6 -6.0197051155818586e-08   2  1  1  1  1  0  0
    6  6.0197051155818586e-08   1  2  1  1  1  0  0
    6  2.3285809297972979e-08   0  3  1  1  1  0  0
    6  6.6897045276780017e-09   1  0  3  1  1  0  0
    6 -7.5208164256494487e-08   0  1  3  1  1  0  0
    6 -1.3601682287964179e-09   3  0  0  2  1  0  0
    6  2.6197061478795739e-07   2  1  0  2  1  0  0
    6 -1.4254020347021957e-08   1  2  0  2  1  0  0
    6  5.1389810634462662e-09   0  3  0  2  1  0  0
    6 -2.3024986661605079e-08   1  0  2  2  1  0  0
    6  2.3024986661605079e-08   0  1  2  2  1  0  0
    6  7.5208164256494487e-08   1  0  1  3  1  0  0
    6 -6.6897045276780017e-09   0  1  1  3  1  0  0
    6  2.1939306193142122e-09   1  0  0  4  1  0  0
    6 -1.0293436732586529e-09   0  1  0  4  1  0  0
    6  6.5188660948293830e-08   4  0  0  0  2  0  0
    6 -1.5998999480233104e-08   3  1  0  0  2  0  0
    6  1.5998999480233104e-08   1  3  0  0  2  0  0
    6 -6.5188660948293830e-08   0  4  0  0  2  0  0
    6 -2.9898949371898937e-09   2  0  2  0  2  0  0
    6  2.9508088513162418e-08   1  1  2  0  2  0  0
    6  7.4275309211075430e-09   0  2  2  0  2  0  0
    6 -2.6162719776902481e-09   0  0  4  0  2  0  0
    6 -1.8297200273042545e-09   2  0  1  1  2  0  0
    6  1.8297200273042545e-09   0  2  1  1  2  0  0
    6  1.4320779255708284e-08   0  0  3  1  2  0  0
    6 -7.4275309211075430e-09   2  0  0  2  2  0  0
    6 -2.9508088513162418e-08   1  1  0  2  2  0  0
    6  2.9898949371898937e-09   0  2  0  2  2  0  0
    6 -1.4320779255708284e-08   0  0  1  3  2  0  0
    6  2.6162719776902481e-09   0  0  0  4  2  0  0
    6 -2.9405826203704535e-08   3  0  0  0  3  0  0
    6  2.0019885160048958e-07   2  1  0  0  3  0  0
    6 -2.0019885160048958e-07   1  2  0  0  3  0  0
    6  2.9405826203704535e-08   0  3  0  0  3  0  0
    6  4.4318933696453174e-09   1  0  2  0  3  0  0
    6  6.0701594512412945e-08   0  1  2  0  3  0  0
    6  3.0578295027898713e-08   1  0  1  1  3  0  0
    6 -3.0578295027898713e-08   0  1  1  1  3  0  0
    6 -6.0701594512412945e-08   1  0  0  2  3  0  0
    6 -4.4318933696453174e-09   0  1  0  2  3  0  0
    6 -3.8951887113770902e-09   2  0  0  0  4  0  0
    6  3.8951887113770902e-09   0  2  0  0  4  0  0
    6  4.8711500904083876e-09   0  0  2  0  4  0  0
    6 -4.8711500904083876e-09   0  0  0  2  4  0  0
    6 -2.1175696092196605e-22   1  0  0  0  5  0  0
    6  2.1175696092196605e-22   0  1  0  0  5  0  0
    7 -1.3670681684517702e-09   7  0  0  0  0  0  0
    7  8.0708313820963249e-09   6  1  0  0  0  0  0
    7  1.3575283146834078e-09   5  2  0  0  0  0  0
    7  2.9639238094182174e-08   4  3  0  0  0  0  0
    7 -2.9639238094182174e-08   3  4  0  0  0  0  0
    7 -1.3575283146834078e-09   2  5  0  0  0  0  0
    7 -8.0708313820963249e-09   1  6  0  0  0  0  0
    7  1.3670681684517702e-09   0  7  0  0  0  0  0
    7  3.0086943982221742e-09   5  0  2  0  0  0  0
    7  1.2129379093322365e-08   4  1  2  0  0  0  0
    7 -3.0705985464710534e-08   3  2  2  0  0  0  0
    7  8.6716777044738963e-08   2  3  2  0  0  0  0
    7 -3.5291041167165954e-09   1  4  2  0  0  0  0
    7 -8.4386730019535739e-10   0  5  2  0  0  0  0
    7 -7.5731533158659018e-09   3  0  4  0  0  0  0
    7  2.9835320916533574e-09   2  1  4  0  0  0  0
    7  1.0574244225774994e-08   1  2  4  0  0  0  0
    7 -3.0248450419005316e-10   0  3  4  0  0  0  0
    7 -8.9720863438538998e-10   1  0  6  0  0  0  0
    7  4.7310385927640864e-10   0  1  6  0  0  0  0
    7 -2.4445098658204842e-08   5  0  1  1  0  0  0
    7  1.7158057113332706e-08   4  1  1  1  0  0  0
    7  3.8393181780106670e-08   3  2  1  1  0  0  0
    7 -3.8393181780106670e-08   2  3  1  1  0  0  0
    7 -1.7158057113332706e-08   1  4  1  1  0  0  0
    7  2.4445098658204842e-08   0  5  1  1  0  0  0
    7 -4.9215052660242558e-09   3  0  3  1  0  0  0
    7 -2.1053713590127648e-08   2  1  3  1  0  0  0
    7  1.2338019145594387e-07   1  2  3  1  0  0  0
    7  2.7149455934511266e-09   0  3  3  1  0  0  0
    7  2.4980683167882134e-09   1  0  5  1  0  0  0
    7 -6.6960654646922640e-09   0  1  5  1  0  0  0
    7  8.4386730019535739e-10   5  0  0  2  0  0  0
    7  3.5291041167165954e-09   4  1  0  2  0  0  0
    7 -8.6716777044738963e-08   3  2  0  2  0  0  0
    7  3.0705985464710534e-08   2  3  0  2  0  0  0
    7 -1.2129379093322365e-08   1  4  0  2  0  0  0
    7 -3.0086943982221742e-09   0  5  0  2  0  0  0
    7  5.5809152226750653e-09   3  0  2  2  0  0  0
    7  4.2139105350536943e-08   2  1  2  2  0  0  0
    7 -4.2139105350536943e-08   1  2  2  2  0  0  0
    7 -5.5809152226750653e-09   0  3  2  2  0  0  0
    7 -2.8365998004812424e-09   1  0  4  2  0  0  0
    7  7.1496776714600878e-09   0  1  4  2  0  0  0
    7 -2.7149455934511266e-09   3  0  1  3  0  0  0
    7 -1.2338019145594387e-07   2  1  1  3  0  0  0
    7  2.1053713590127648e-08   1  2  1  3  0  0  0
    7  4.9215052660242558e-09   0  3  1  3  0  0  0
    7  8.6373975150059985e-09   1  0  3  3  0  0  0
    7 -8.6373975150059985e-09   0  1  3  3  0  0  0
    7  3.0248450419005316e-10   3  0  0  4  0  0  0
    7 -1.0574244225774994e-08   2  1  0  4  0  0  0
    7 -2.9835320916533574e-09   1  2  0  4  0  0  0
    7  7.5731533158659018e-09   0  3  0  4  0  0  0
    7 -7.1496776714600878e-09   1  0  2  4  0  0  0
    7  2.8365998004812424e-09   0  1  2  4  0  0  0
    7  6.6960654646922640e-09   1  0  1  5  0  0  0
    7 -2.4980683167882134e-09   0  1  1  5  0  0  0
    7 -4.7310385927640864e-10   1  0  0  6  0  0  0
    7  8.9720863438538998e-10   0  1  0  6  0  0  0
    7  3.3646183802796116e-09   6  0  0  0  1  0  0
    7  6.2837635718509860e-09   5  1  0  0  1  0  0
    7  1.7468038777074868e-08   4  2  0  0  1  0  0
    7 -1.7468038777074868e-08   2  4  0  0  1  0  0
    7 -6.2837635718509860e-09   1  5  0  0  1  0  0
    7 -3.3646183802796116e-09   0  6  0  0  1  0  0
    7 -2.6543461271510689e-07   4  0  2  0  1  0  0
    7  6.2704221493563118e-09   3  1  2  0  1  0  0
    7 -3.4350821117324122e-08   2  2  2  0  1  0  0
    7  2.2032068477304221e-08   1  3  2  0  1  0  0
    7  6.8232109106488704e-09   0  4  2  0  1  0  0
    7 -4.2946314931914488e-09   2  0  4  0  1  0  0
    7  3.6885551069159748e-09   1  1  4  0  1  0  0
    7 -6.8220132685764929e-09   0  2  4  0  1  0  0
    7  9.4581375854918431e-11   0  0  6  0  1  0  0
    7 -1.8110120878479760e-08   4  0  1  1  1  0  0
    7  2.3144123322871180e-08   3  1  1  1  1  0  0
    7 -2.3144123322871180e-08   1  3  1  1  1  0  0
    7  1.8110120878479760e-08   0  4  1  1  1  0  0
    7 -7.1937937891636298e-09   2  0  3  1  1  0  0
    7 -3.6231057008831116e-08   1  1  3  1  1  0  0
    7  1.7758431165325371e-08   0  2  3  1  1  0  0
    7  4.9005703567045159e-10   0  0  5  1  1  0  0
    7 -6.8232109106488704e-09   4  0  0  2  1  0  0
    7 -2.2032068477304221e-08   3  1  0  2  1  0  0
    7  3.4350821117324122e-08   2  2  0  2  1  0  0
    7 -6.2704221493563118e-09   1  3  0  2  1  0  0
    7  2.6543461271510689e-07   0  4  0  2  1  0  0
    7  1.5380312432214688e-08   2  0  2  2  1  0  0
    7 -1.5380312432214688e-08   0  2  2  2  1  0  0
    7 -9.8377575704850317e-10   0  0  4  2  1  0  0
    7 -1.7758431165325371e-08   2  0  1  3  1  0  0
    7  3.6231057008831116e-08   1  1  1  3  1  0  0
    7  7.1937937891636298e-09   0  2  1  3  1  0  0
    7  6.8220132685764929e-09   2  0  0  4  1  0  0
    7 -3.6885551069159748e-09   1  1  0  4  1  0  0
    7  4.2946314931914488e-09   0  2  0  4  1  0  0
    7  9.8377575704850317e-10   0  0  2  4  1  0  0
    7 -4.9005703567045159e-10   0  0  1  5  1  0  0
    7 -9.4581375854918431e-11   0  0  0  6  1  0  0
    7 -1.4266354303428135e-07   5  0  0  0  2  0  0
    7 -4.9171846574002394e-09   4  1  0  0  2  0  0
    7 -6.6435841162903248e-08   3  2  0  0  2  0  0
    7  6.6435841162903248e-08   2  3  0  0  2  0  0
    7  4.9171846574002394e-09   1  4  0  0  2  0  0
    7  1.4266354303428135e-07   0  5  0  0  2  0  0
    7 -8.0063060892013083e-09   3  0  2  0  2  0  0
    7 -4.6535726026702574e-09   2  1  2  0  2  0  0
    7 -1.2914934145958823e-07   1  2  2  0  2  0  0
    7 -2.9306296562527452e-09   0  3  2  0  2  0  0
    7  1.2672554291572907e-09   1  0  4  0  2  0  0
    7  8.9764517901271450e-09   0  1  4  0  2  0  0
    7 -1.7611215168301400e-09   3  0  1  1  2  0  0
    7 -5.3647528815535968e-08   2  1  1  1  2  0  0
    7  5.3647528815535968e-08   1  2  1  1  2  0  0
    7  1.7611215168301400e-09   0  3  1  1  2  0  0
    7 -2.4018358974207888e-09   1  0  3  1  2  0  0
    7 -2.1397082709919905e-08   0  1  3  1  2  0  0
    7  2.9306296562527452e-09   3  0  0  2  2  0  0
    7  1.2914934145958823e-07   2  1  0  2  2  0  0
    7  4.6535726026702574e-09   1  2  0  2  2  0  0
    7  8.0063060892013083e-09   0  3  0  2  2  0  0
    7 -3.4179549628087438e-10   1  0  2  2  2  0  0
    7  3.4179549628087438e-10   0  1  2  2  2  0  0
    7  2.1397082709919905e-08   1  0  1  3  2  0  0
    7  2.4018358974207888e-09   0  1  1  3  2  0  0
    7 -8.9764517901271450e-09   1  0  0  4  2  0  0
    7 -1.2672554291572907e-09   0  1  0  4  2  0  0
    7 -2.7481626826564463e-08   4  0  0  0  3  0  0
    7  1.2701630352107081e-08   3  1  0  0  3  0  0
    7 -1.2701630352107081e-08   1  3  0  0  3  0  0
    7  2.7481626826564463e-08   0  4  0  0  3  0  0
    7  3.8922842589270513e-09   2  0  2  0  3  0  0
    7  3.0816824533706435e-08   1  1  2  0  3  0  0
    7  4.2512548711319108e-10   0  2  2  0  3  0  0
    7 -2.9323623573073114e-10   0  0  4  0  3  0  0
    7 -1.2062087057996402e-08   2  0  1  1  3  0  0
    7  1.2062087057996402e-08   0  2  1  1  3  0  0
    7 -6.7623575393782617e-09   0  0  3  1  3  0  0
    7 -4.2512548711319108e-10   2  0  0  2  3  0  0
    7 -3.0816824533706435e-08   1  1  0  2  3  0  0
    7 -3.8922842589270513e-09   0  2  0  2  3  0  0
    7  6.7623575393782617e-09   0  0  1  3  3  0  0
    7  2.9323623573073114e-10   0  0  0  4  3  0  0
    7  1.3127425053290921e-08   3  0  0  0  4  0  0
    7 -1.1810049243570045e-07   2  1  0  0  4  0  0
    7  1.1810049243570045e-07   1  2  0  0  4  0  0
    7 -1.3127425053290921e-08   0  3  0  0  4  0  0
    7 -1.6607996870576159e-09   1  0  2  0  4  0  0
    7 -2.1684348649461254e-08   0  1  2  0  4  0  0
    7 -2.5257982658761559e-08   1  0  1  1  4  0  0
    7  2.5257982658761559e-08   0  1  1  1  4  0  0
    7  2.1684348649461254e-08   1  0  0  2  4  0  0
    7  1.6607996870576159e-09   0  1  0  2  4  0  0
    7  6.5281239695693368e-09   2  0  0  0  5  0  0
    7 -6.5281239695693368e-09   0  2  0  0  5  0  0
    7  2.8369004646765177e-09   0  0  2  0  5  0  0
    7 -2.8369004646765177e-09   0  0  0  2  5  0  0
    7  1.5073160636359015e-22   1  0  0  0  6  0  0
    7 -1.5073160636359015e-22   0  1  0  0  6  0  0
    8  2.7895848552019492e-10   8  0  0  0  0  0  0
    8  1.9571620626286104e-09   7  1  0  0  0  0  0
    8 -8.5064743205755611e-09   6  2  0  0  0  0  0
    8 -4.9322163850973431e-09   5  3  0  0  0  0  0
    8  4.9322163850973431e-09   3  5  0  0  0  0  0
    8  8.5064743205755611e-09   2  6  0  0  0  0  0
    8 -1.9571620626286104e-09   1  7  0  0  0  0  0
    8 -2.7895848552019492e-10   0  8  0  0  0  0  0
    8 -2.8153929395239447e-10   6  0  2  0  0  0  0
    8  1.9981795769002819e-07   5  1  2  0  0  0  0
    8  2.5074259023490497e-09   4  2  2  0  0  0  0
    8  1.3557320698442143e-08   3  3  2  0  0  0  0
    8 -1.5259490437367549e-09   2  4  2  0  0  0  0
    8 -8.2776469009868807e-10   1  5  2  0  0  0  0
    8 -6.4227364653710558e-10   0  6  2  0  0  0  0
    8 -1.1846622790131888e-09   4  0  4  0  0  0  0
    8  2.3109139333067572e-09   3  1  4  0  0  0  0
    8 -4.3770472162605637e-09   2  2  4  0  0  0  0
    8  1.4610598339994097e-08   1  3  4  0  0  0  0
    8 -2.2908953484566470e-09   0  4  4  0  0  0  0
    8  9.5925276480822229e-10   2  0  6  0  0  0  0
    8 -3.8572999685286105e-10   1  1  6  0  0  0  0
    8  6.9949800330480151e-10   0  2  6  0  0  0  0
    8 -7.7012606210510169e-11   0  0  8  0  0  0  0
    8  1.8836911896496119e-09   6  0  1  1  0  0  0
    8 -1.6720713081232179e-08   5  1  1  1  0  0  0
    8  7.0235244950042191e-11   4  2  1  1  0  0  0
    8 -7.0235244950042191e-11   2  4  1  1  0  0  0
    8  1.6720713081232179e-08   1  5  1  1  0  0  0
    8 -1.8836911896496119e-09   0  6  1  1  0  0  0
    8  1.4077725786747145e-07   4  0  3  1  0  0  0
    8  4.3979386404782166e-09   3  1  3  1  0  0  0
    8  4.0799450687420188e-08   2  2  3  1  0  0  0
    8 -5.7905550440740384e-09   1  3  3  1  0  0  0
    8 -2.8650713656908948e-09   0  4  3  1  0  0  0
    8 -8.0874864637950336e-10   2  0  5  1  0  0  0
    8 -2.5530291220162569e-09   1  1  5  1  0  0  0
    8  1.5210744076928421e-09   0  2  5  1  0  0  0
    8 -3.7346360220768636e-11   0  0  7  1  0  0  0
    8  6.4227364653710558e-10   6  0  0  2  0  0  0
    8  8.2776469009868807e-10   5  1  0  2  0  0  0
    8  1.5259490437367549e-09   4  2  0  2  0  0  0
    8 -1.3557320698442143e-08   3  3  0  2  0  0  0
    8 -2.5074259023490497e-09   2  4  0  2  0  0  0
    8 -1.9981795769002819e-07   1  5  0  2  0  0  0
    8  2.8153929395239447e-10   0  6  0  2  0  0  0
    8  1.0475131055134657e-09   4  0  2  2  0  0  0
    8 -8.9875785725317394e-09   3  1  2  2  0  0  0
    8  8.9875785725317394e-09   1  3  2  2  0  0  0
    8 -1.0475131055134657e-09   0  4  2  2  0  0  0
    8  1.5375207325464079e-09   2  0  4  2  0  0  0
    8  1.5796223555180175e-08   1  1  4  2  0  0  0
    8 -5.3061718123137612e-09   0  2  4  2  0  0  0
    8  7.0312654001064434e-11   0  0  6  2  0  0  0
    8  2.8650713656908948e-09   4  0  1  3  0  0  0
    8  5.7905550440740384e-09   3  1  1  3  0  0  0
    8 -4.0799450687420188e-08   2  2  1  3  0  0  0
    8 -4.3979386404782166e-09   1  3  1  3  0  0  0
    8 -1.4077725786747145e-07   0  4  1  3  0  0  0
    8 -3.1629067211511216e-09   2  0  3  3  0  0  0
    8  3.1629067211511216e-09   0  2  3  3  0  0  0
    8  3.4724223646307298e-10   0  0  5  3  0  0  0
    8  2.2908953484566470e-09   4  0  0  4  0  0  0
    8 -1.4610598339994097e-08   3  1  0  4  0  0  0
    8  4.3770472162605637e-09   2  2  0  4  0  0  0
    8 -2.3109139333067572e-09   1  3  0  4  0  0  0
    8  1.1846622790131888e-09   0  4  0  4  0  0  0
    8  5.3061718123137612e-09   2  0  2  4  0  0  0
    8 -1.5796223555180175e-08   1  1  2  4  0  0  0
    8 -1.5375207325464079e-09   0  2  2  4  0  0  0
    8 -1.5210744076928421e-09   2  0  1  5  0  0  0
    8  2.5530291220162569e-09   1  1  1  5  0  0  0
    8  8.0874864637950336e-10   0  2  1  5  0  0  0
    8 -3.4724223646307298e-10   0  0  3  5  0  0  0
    8 -6.9949800330480151e-10   2  0  0  6  0  0  0
    8  3.8572999685286105e-10   1  1  0  6  0  0  0
    8 -9.5925276480822229e-10   0  2  0  6  0  0  0
    8 -7.0312654001064434e-11   0  0  2  6  0  0  0
    8  3.7346360220768636e-11   0  0  1  7  0  0  0
    8  7.7012606210510169e-11   0  0  0  8  0  0  0
    8  6.8340906245247716e-10   7  0  0  0  1  0  0
    8  9.1566005302296483e-08   6  1  0  0  1  0  0
    8  1.7386331620482971e-09   5  2  0  0  1  0  0
    8 -1.0577737038082412e-08   4  3  0  0  1  0  0
    8  1.0577737038082412e-08   3  4  0  0  1  0  0
    8 -1.7386331620482971e-09   2  5  0  0  1  0  0
    8 -9.1566005302296483e-08   1  6  0  0  1  0  0
    8 -6.8340906245247716e-10   0  7  0  0  1  0  0
    8  4.3718897442415398e-09   5  0  2  0  1  0  0
    8  7.5259951771966095e-10   4  1  2  0  1  0  0
    8  7.2330786908721277e-09   3  2  2  0  1  0  0
    8 -6.3348202658490015e-08   2  3  2  0  1  0  0
    8  1.7534168822794700e-09   1  4  2  0  1  0  0
    8 -6.3460001577190843e-09   0  5  2  0  1  0  0
    8  2.2078750647568629e-09   3  0  4  0  1  0  0
    8  1.4832383200164236e-09   2  1  4  0  1  0  0
    8 -2.3528191237125976e-08   1  2  4  0  1  0  0
    8  8.5700484746501189e-10   0  3  4  0  1  0  0
    8 -1.0785773432879716e-10   1  0  6  0  1  0  0
    8 -2.1696429621661238e-10   0  1  6  0  1  0  0
    8  5.7485237528465359e-08   5  0  1  1  1  0  0
    8  8.8345110170372892e-09   4  1  1  1  1  0  0
    8  2.3912806620791752e-10   3  2  1  1  1  0  0
    8 -2.3912806620791752e-10   2  3  1  1  1  0  0
    8 -8.8345110170372892e-09   1  4  1  1  1  0  0
    8 -5.7485237528465359e-08   0  5  1  1  1  0  0
    8  2.3539023248841677e-09   3  0  3  1  1  0  0
    8  1.4586972093322670e-08   2  1  3  1  1  0  0
    8 -6.3823781436196467e-08   1  2  3  1  1  0  0
    8 -2.5195848138974313e-10   0  3  3  1  1  0  0
    8 -2.0687822049717797e-09   1  0  5  1  1  0  0
    8 -3.0822608680373866e-09   0  1  5  1  1  0  0
    8  6.3460001577190843e-09   5  0  0  2  1  0  0
    8 -1.7534168822794700e-09   4  1  0  2  1  0  0
    8  6.3348202658490015e-08   3  2  0  2  1  0  0
    8 -7.2330786908721277e-09   2  3  0  2  1  0  0
    8 -7.5259951771966095e-10   1  4  0  2  1  0  0
    8 -4.3718897442415398e-09   0  5  0  2  1  0  0
    8 -4.5293792087421630e-10   3  0  2  2  1  0  0
    8 -1.8256823910207105e-08   2  1  2  2  1  0  0
    8  1.8256823910207105e-08   1  2  2  2  1  0  0
    8  4.5293792087421630e-10   0  3  2  2  1  0  0
    8  3.8590172766757192e-09   1  0  4  2  1  0  0
    8 -1.5140817466585658e-08   0  1  4  2  1  0  0
    8  2.5195848138974313e-10   3  0  1  3  1  0  0
    8  6.3823781436196467e-08   2  1  1  3  1  0  0
    8 -1.4586972093322670e-08   1  2  1  3  1  0  0
    8 -2.3539023248841677e-09   0  3  1  3  1  0  0
    8 -7.5647907586009418e-09   1  0  3  3  1  0  0
    8  7.5647907586009418e-09   0  1  3  3  1  0  0
    8 -8.5700484746501189e-10   3  0  0  4  1  0  0
    8  2.3528191237125976e-08   2  1  0  4  1  0  0
    8 -1.4832383200164236e-09   1  2  0  4  1  0  0
    8 -2.2078750647568629e-09   0  3  0  4  1  0  0
    8  1.5140817466585658e-08   1  0  2  4  1  0  0
    8 -3.8590172766757192e-09   0  1  2  4  1  0  0
    8  3.0822608680373866e-09   1  0  1  5  1  0  0
    8  2.0687822049717797e-09   0  1  1  5  1  0  0
    8  2.1696429621661238e-10   1  0  0  6  1  0  0
    8  1.0785773432879716e-10   0  1  0  6  1  0  0
    8 -5.0095600796918551e-09   6  0  0  0  2  0  0
    8 -6.0705264739453367e-09   5  1  0  0  2  0  0
    8  6.4164685227485908e-09   4  2  0  0  2  0  0
    8 -6.4164685227485908e-09   2  4  0  0  2  0  0
    8  6.0705264739453367e-09   1  5  0  0  2  0  0
    8  5.0095600796918551e-09   0  6  0  0  2  0  0
    8 -3.8394093583921704e-07   4  0  2  0  2  0  0
    8 -1.2690438916803895e-08   3  1  2  0  2  0  0
    8 -1.9895960336013466e-08   2  2  2  0  2  0  0
    8 -1.1764819742379418e-08   1  3  2  0  2  0  0
    8  2.7590853840616366e-09   0  4  2  0  2  0  0
    8 -3.8893390803189461e-10   2  0  4  0  2  0  0
    8  8.4089138581933527e-10   1  1  4  0  2  0  0
    8 -1.9949919253307649e-09   0  2  4  0  2  0  0
    8  5.3753022268370835e-10   0  0  6  0  2  0  0
    8  4.9672838623613931e-09   4  0  1  1  2  0  0
    8  7.3286596727021511e-09   3  1  1  1  2  0  0
    8 -7.3286596727021511e-09   1  3  1  1  2  0  0
    8 -4.9672838623613931e-09   0  4  1  1  2  0  0
    8 -2.6240347149106799e-09   2  0  3  1  2  0  0
    8 -1.8677884398842063e-08   1  1  3  1  2  0  0
    8  2.3983277300898388e-09   0  2  3  1  2  0  0
    8 -7.7813892326776958e-10   0  0  5  1  2  0  0
    8 -2.7590853840616366e-09   4  0  0  2  2  0  0
    8  1.1764819742379418e-08   3  1  0  2  2  0  0
    8  1.9895960336013466e-08   2  2  0  2  2  0  0
    8  1.2690438916803895e-08   1  3  0  2  2  0  0
    8  3.8394093583921704e-07   0  4  0  2  2  0  0
    8  3.3326851743866895e-09   2  0  2  2  2  0  0
    8 -3.3326851743866895e-09   0  2  2  2  2  0  0
    8  2.8920550689670601e-09   0  0  4  2  2  0  0
    8 -2.3983277300898388e-09   2  0  1  3  2  0  0
    8  1.8677884398842063e-08   1  1  1  3  2  0  0
    8  2.6240347149106799e-09   0  2  1  3  2  0  0
    8  1.9949919253307649e-09   2  0  0  4  2  0  0
    8 -8.4089138581933527e-10   1  1  0  4  2  0  0
    8  3.8893390803189461e-10   0  2  0  4  2  0  0
    8 -2.8920550689670601e-09   0  0  2  4  2  0  0
    8  7.7813892326776958e-10   0  0  1  5  2  0  0
    8 -5.3753022268370835e-10   0  0  0  6  2  0  0
    8  1.3265951839993206e-07   5  0  0  0  3  0  0
    8  7.0444132131380099e-09   4  1  0  0  3  0  0
    8  4.0718218160024883e-08   3  2  0  0  3  0  0
    8 -4.0718218160024883e-08   2  3  0  0  3  0  0
    8 -7.0444132131380099e-09   1  4  0  0  3  0  0
    8 -1.3265951839993206e-07   0  5  0  0  3  0  0
    8  3.0968396437824710e-10   3  0  2  0  3  0  0
    8  6.6809244374528698e-09   2  1  2  0  3  0  0
    8  1.5464260242153439e-07   1  2  2  0  3  0  0
    8  7.6545413410387206e-09   0  3  2  0  3  0  0
    8  6.8660245919016256e-10   1  0  4  0  3  0  0
    8  3.4671734008585493e-09   0  1  4  0  3  0  0
    8 -4.8019576414503947e-09   3  0  1  1  3  0  0
    8  6.4377168073291268e-08   2  1  1  1  3  0  0
    8 -6.4377168073291268e-08   1  2  1  1  3  0  0
    8  4.8019576414503947e-09   0  3  1  1  3  0  0
    8 -5.1642111193678387e-09   1  0  3  1  3  0  0
    8  5.1458227794452397e-08   0  1  3  1  3  0  0
    8 -7.6545413410387206e-09   3  0  0  2  3  0  0
    8 -1.5464260242153439e-07   2  1  0  2  3  0  0
    8 -6.6809244374528698e-09   1  2  0  2  3  0  0
    8 -3.0968396437824710e-10   0  3  0  2  3  0  0
    8  1.8126262769620221e-08   1  0  2  2  3  0  0
    8 -1.8126262769620221e-08   0  1  2  2  3  0  0
    8 -5.1458227794452397e-08   1  0  1  3  3  0  0
    8  5.1642111193678387e-09   0  1  1  3  3  0  0
    8 -3.4671734008585493e-09   1  0  0  4  3  0  0
    8 -6.8660245919016256e-10   0  1  0  4  3  0  0
    8  7.3456013710177217e-09   4  0  0  0  4  0  0
    8 -1.5264428487833744e-08   3  1  0  0  4  0  0
    8  1.5264428487833744e-08   1  3  0  0  4  0  0
    8 -7.3456013710177217e-09   0  4  0  0  4  0  0
    8 -3.6158653942381949e-09   2  0  2  0  4  0  0
    8 -1.6098252593908871e-08   1  1  2  0  4  0  0
    8 -4.1829428980376531e-09   0  2  2  0  4  0  0
    8  5.9641019831790876e-10   0  0  4  0  4  0  0
    8 -1.1317187994574906e-09   2  0  1  1  4  0  0
    8  1.1317187994574906e-09   0  2  1  1  4  0  0
    8 -1.4777369222818015e-09   0  0  3  1  4  0  0
    8  4.1829428980376531e-09   2  0  0  2  4  0  0
    8  1.6098252593908871e-08   1  1  0  2  4  0  0
    8  3.6158653942381949e-09   0  2  0  2  4  0  0
    8  1.4777369222818015e-09   0  0  1  3  4  0  0
    8 -5.9641019831790876e-10   0  0  0  4  4  0  0
    8 -4.2340776708638533e-09   3  0  0  0  5  0  0
    8  5.2177040469143085e-08   2  1  0  0  5  0  0
    8 -5.2177040469143085e-08   1  2  0  0  5  0  0
    8  4.2340776708638533e-09   0  3  0  0  5  0  0
    8  3.2428985231813483e-09   1  0  2  0  5  0  0
    8  9.8081278269922519e-10   0  1  2  0  5  0  0
    8  4.0570630154838671e-09   1  0  1  1  5  0  0
    8 -4.0570630154838671e-09   0  1  1  1  5  0  0
    8 -9.8081278269922519e-10   1  0  0  2  5  0  0
    8 -3.2428985231813483e-09   0  1  0  2  5  0  0
    8 -4.4344463510302760e-09   2  0  0  0  6  0  0
    8  4.4344463510302760e-09   0  2  0  0  6  0  0
    8 -1.9896907707327136e-09   0  0  2  0  6  0  0
    8  1.9896907707327136e-09   0  0  0  2  6  0  0
    8 -2.5393496631044232e-23   1  0  0  0  7  0  0
    8  2.5393496631044232e-23   0  1  0  0  7  0  0
 -608  0.0000000000000000e+00   0  0  0  0  0  0  0

tpsa, NO = 8, NV = 7, INA = 50238
------------------------------------------------------------------

   |I|         a                i  i  i  i  i  i  i
                I                1  2  3  4  5  6  7

    3 -1.7924767395606875e-14   3  0  0  0  0  0  0
    3 -8.5019414307409507e-14   2  1  0  0  0  0  0
    3  8.5019414307409507e-14   1  2  0  0  0  0  0
    3  1.7924767395606875e-14   0  3  0  0  0  0  0
    3  7.3917951609009528e-14   1  0  2  0  0  0  0
    3  4.7101606322899921e-15   0  1  2  0  0  0  0
    3 -1.7348607366487029e-14   1  0  1  1  0  0  0
    3  1.7348607366487029e-14   0  1  1  1  0  0  0
    3 -4.7101606322899921e-15   1  0  0  2  0  0  0
    3 -7.3917951609009528e-14   0  1  0  2  0  0  0
    3 -2.8047768664807224e-13   2  0  0  0  1  0  0
    3  2.8047768664807224e-13   0  2  0  0  1  0  0
    3  1.6383042222703460e-13   0  0  2  0  1  0  0
    3 -1.6383042222703460e-13   0  0  0  2  1  0  0
    4 -3.5283688296342116e-17   4  0  0  0  0  0  0
    4  3.1080463171110862e-17   3  1  0  0  0  0  0
    4 -3.1080463171110862e-17   1  3  0  0  0  0  0
    4  3.5283688296342116e-17   0  4  0  0  0  0  0
    4 -1.1858211601739686e-17   2  0  2  0  0  0  0
    4 -6.2518674688426981e-17   1  1  2  0  0  0  0
    4  4.7886458739320459e-17   0  2  2  0  0  0  0
    4  1.0997242313103706e-17   0  0  4  0  0  0  0
    4 -4.0618926106349647e-17   2  0  1  1  0  0  0
    4  4.0618926106349647e-17   0  2  1  1  0  0  0
    4 -3.9478182072381346e-17   0  0  3  1  0  0  0
    4 -4.7886458739320459e-17   2  0  0  2  0  0  0
    4  6.2518674688426981e-17   1  1  0  2  0  0  0
    4  1.1858211601739686e-17   0  2  0  2  0  0  0
    4  3.9478182072381346e-17   0  0  1  3  0  0  0
    4 -1.0997242313103706e-17   0  0  0  4  0  0  0
    4  4.4154187513325418e-17   3  0  0  0  1  0  0
    4 -5.0661594848474293e-16   2  1  0  0  1  0  0
    4  5.0661594848474293e-16   1  2  0  0  1  0  0
    4 -4.4154187513325418e-17   0  3  0  0  1  0  0
    4 -7.9608169986423073e-17   1  0  2  0  1  0  0
    4  4.2122912658564592e-16   0  1  2  0  1  0  0
    4 -1.6305084367989761e-16   1  0  1  1  1  0  0
    4  1.6305084367989761e-16   0  1  1  1  1  0  0
    4 -4.2122912658564592e-16   1  0  0  2  1  0  0
    4  7.9608169986423073e-17   0  1  0  2  1  0  0
    4 -2.9579508574822677e-15   2  0  0  0  2  0  0
    4  2.9579508574822677e-15   0  2  0  0  2  0  0
    4  3.8926921158099718e-15   0  0  2  0  2  0  0
    4 -3.8926921158099718e-15   0  0  0  2  2  0  0
    5  7.9056208975389886e-20   5  0  0  0  0  0  0
    5  7.0167625855613862e-20   4  1  0  0  0  0  0
    5  4.9255479816311789e-20   3  2  0  0  0  0  0
    5 -4.9255479816311789e-20   2  3  0  0  0  0  0
    5 -7.0167625855613862e-20   1  4  0  0  0  0  0
    5 -7.9056208975389886e-20   0  5  0  0  0  0  0
    5  1.2710549602872741e-20   3  0  2  0  0  0  0
    5  4.3242494076338221e-21   2  1  2  0  0  0  0
    5 -2.7042698017730209e-19   1  2  2  0  0  0  0
    5  7.1945260720947665e-20   0  3  2  0  0  0  0
    5 -3.0662464142535807e-20   1  0  4  0  0  0  0
    5 -6.4814889713824750e-20   0  1  4  0  0  0  0
    5 -4.7852473846752216e-20   3  0  1  1  0  0  0
    5  3.4982631865548311e-19   2  1  1  1  0  0  0
    5 -3.4982631865548311e-19   1  2  1  1  0  0  0
    5  4.7852473846752216e-20   0  3  1  1  0  0  0
    5 -9.9139079703644252e-21   1  0  3  1  0  0  0
    5 -2.4672998296460116e-20   0  1  3  1  0  0  0
    5 -7.1945260720947665e-20   3  0  0  2  0  0  0
    5  2.7042698017730209e-19   2  1  0  2  0  0  0
    5 -4.3242494076338221e-21   1  2  0  2  0  0  0
    5 -1.2710549602872741e-20   0  3  0  2  0  0  0
    5  3.2316299570030876e-20   1  0  2  2  0  0  0
    5 -3.2316299570030876e-20   0  1  2  2  0  0  0
    5  2.4672998296460122e-20   1  0  1  3  0  0  0
    5  9.9139079703644267e-21   0  1  1  3  0  0  0
    5  6.4814889713824750e-20   1  0  0  4  0  0  0
    5  3.0662464142535807e-20   0  1  0  4  0  0  0
    5 -4.7504166835050065e-19   4  0  0  0  1  0  0
    5  4.5901920147863873e-19   3  1  0  0  1  0  0
    5 -4.5901920147863873e-19   1  3  0  0  1  0  0
    5  4.7504166835050065e-19   0  4  0  0  1  0  0
    5 -1.1334394949723975e-19   2  0  2  0  1  0  0
    5 -8.0471999278219948e-19   1  1  2  0  1  0  0
    5  1.3974852351170428e-19   0  2  2  0  1  0  0
    5 -1.3292204845938373e-19   0  0  4  0  1  0  0
    5 -1.4233578121223903e-19   2  0  1  1  1  0  0
    5  1.4233578121223903e-19   0  2  1  1  1  0  0
    5  1.9805329678024062e-19   0  0  3  1  1  0  0
    5 -1.3974852351170428e-19   2  0  0  2  1  0  0
    5  8.0471999278219948e-19   1  1  0  2  1  0  0
    5  1.1334394949723975e-19   0  2  0  2  1  0  0
    5 -1.9805329678024062e-19   0  0  1  3  1  0  0
    5  1.3292204845938373e-19   0  0  0  4  1  0  0
    5  3.4889168027184316e-19   3  0  0  0  2  0  0
    5 -3.5722320960714414e-18   2  1  0  0  2  0  0
    5  3.5722320960714414e-18   1  2  0  0  2  0  0
    5 -3.4889168027184316e-19   0  3  0  0  2  0  0
    5  3.2805520149068560e-19   1  0  2  0  2  0  0
    5  2.2793441281518595e-17   0  1  2  0  2  0  0
    5 -1.1009221417726409e-19   1  0  1  1  2  0  0
    5  1.1009221417726409e-19   0  1  1  1  2  0  0
    5 -2.2793441281518595e-17   1  0  0  2  2  0  0
    5 -3.2805520149068560e-19   0  1  0  2  2  0  0
    5  2.7436317674474020e-18   2  0  0  0  3  0  0
    5 -2.7436317674474020e-18   0  2  0  0  3  0  0
    5 -2.9959627091562358e-17   0  0  2  0  3  0  0
    5  2.9959627091562358e-17   0  0  0  2  3  0  0
    6 -2.6813054841677381e-23   6  0  0  0  0  0  0
    6  1.2353765154869377e-22   5  1  0  0  0  0  0
    6 -1.2563513778069137e-22   4  2  0  0  0  0  0
    6  1.2563513778069137e-22   2  4  0  0  0  0  0
    6 -1.2353765154869377e-22   1  5  0  0  0  0  0
    6  2.6813054841677381e-23   0  6  0  0  0  0  0
    6 -9.6210808980758458e-22   4  0  2  0  0  0  0
    6  3.9343953966392192e-23   3  1  2  0  0  0  0
    6  4.3558326426117564e-22   2  2  2  0  0  0  0
    6 -1.8076758519266462e-22   1  3  2  0  0  0  0
    6  6.3193272948017918e-23   0  4  2  0  0  0  0
    6  1.8947800482789675e-23   2  0  4  0  0  0  0
    6  6.4818201528827036e-23   1  1  4  0  0  0  0
    6  1.0454271560804203e-22   0  2  4  0  0  0  0
    6 -4.1530016541755003e-24   0  0  6  0  0  0  0
    6 -1.4641978847567623e-22   4  0  1  1  0  0  0
    6 -2.8142691881936993e-23   3  1  1  1  0  0  0
    6  2.8142691881936993e-23   1  3  1  1  0  0  0
    6  1.4641978847567623e-22   0  4  1  1  0  0  0
    6  5.9285801793022248e-23   2  0  3  1  0  0  0
    6  1.8109665536035370e-22   1  1  3  1  0  0  0
    6 -2.6885848923557742e-23   0  2  3  1  0  0  0
    6  1.4222051889955650e-23   0  0  5  1  0  0  0
    6 -6.3193272948017918e-23   4  0  0  2  0  0  0
    6  1.8076758519266462e-22   3  1  0  2  0  0  0
    6 -4.3558326426117564e-22   2  2  0  2  0  0  0
    6 -3.9343953966392192e-23   1  3  0  2  0  0  0
    6  9.6210808980758458e-22   0  4  0  2  0  0  0
    6 -1.9120858712265862e-23   2  0  2  2  0  0  0
    6  1.9120858712265862e-23   0  2  2  2  0  0  0
    6 -1.9082988666201001e-23   0  0  4  2  0  0  0
    6  2.6885848923557742e-23   2  0  1  3  0  0  0
    6 -1.8109665536035373e-22   1  1  1  3  0  0  0
    6 -5.9285801793022260e-23   0  2  1  3  0  0  0
    6 -1.0454271560804203e-22   2  0  0  4  0  0  0
    6 -6.4818201528827036e-23   1  1  0  4  0  0  0
    6 -1.8947800482789675e-23   0  2  0  4  0  0  0
    6  1.9082988666201001e-23   0  0  2  4  0  0  0
    6 -1.4222051889955650e-23   0  0  1  5  0  0  0
    6  4.1530016541755003e-24   0  0  0  6  0  0  0
    6  5.1297687273249531e-21   5  0  0  0  1  0  0
    6 -5.8489192885917648e-22   4  1  0  0  1  0  0
    6 -1.2454256927543701e-21   3  2  0  0  1  0  0
    6  1.2454256927543701e-21   2  3  0  0  1  0  0
    6  5.8489192885917648e-22   1  4  0  0  1  0  0
    6 -5.1297687273249531e-21   0  5  0  0  1  0  0
    6 -2.4541732623453989e-22   3  0  2  0  1  0  0
    6  6.8071540223052126e-22   2  1  2  0  1  0  0
    6 -1.2510676151463379e-20   1  2  2  0  1  0  0
    6  6.4956232727685956e-23   0  3  2  0  1  0  0
    6  4.1161508279844104e-23   1  0  4  0  1  0  0
    6 -8.7731139461342511e-23   0  1  4  0  1  0  0
    6 -1.1120377729673006e-21   3  0  1  1  1  0  0
    6 -2.8747720918741011e-21   2  1  1  1  1  0  0
    6  2.8747720918741011e-21   1  2  1  1  1  0  0
    6  1.1120377729673006e-21   0  3  1  1  1  0  0
    6  2.6750864211756490e-22   1  0  3  1  1  0  0
    6 -3.0074323631439775e-21   0  1  3  1  1  0  0
    6 -6.4956232727685956e-23   3  0  0  2  1  0  0
    6  1.2510676151463379e-20   2  1  0  2  1  0  0
    6 -6.8071540223052126e-22   1  2  0  2  1  0  0
    6  2.4541732623453989e-22   0  3  0  2  1  0  0
    6 -9.2072570487039756e-22   1  0  2  2  1  0  0
    6  9.2072570487039756e-22   0  1  2  2  1  0  0
    6  3.0074323631439779e-21   1  0  1  3  1  0  0
    6 -2.6750864211756490e-22   0  1  1  3  1  0  0
    6  8.7731139461342511e-23   1  0  0  4  1  0  0
    6 -4.1161508279844104e-23   0  1  0  4  1  0  0
    6  2.4638711138308245e-20   4  0  0  0  2  0  0
    6 -6.0469830329552795e-21   3  1  0  0  2  0  0
    6  6.0469830329552795e-21   1  3  0  0  2  0  0
    6 -2.4638711138308245e-20   0  4  0  0  2  0  0
    6 -9.4624703424022392e-22   2  0  2  0  2  0  0
    6  9.3387700331440049e-21   1  1  2  0  2  0  0
    6  2.3506776169303211e-21   0  2  2  0  2  0  0
    6 -6.9332070657491038e-22   0  0  4  0  2  0  0
    6 -5.7907290580379016e-22   2  0  1  1  2  0  0
    6  5.7907290580379016e-22   0  2  1  1  2  0  0
    6  3.7950537547081094e-21   0  0  3  1  2  0  0
    6 -2.3506776169303211e-21   2  0  0  2  2  0  0
    6 -9.3387700331440049e-21   1  1  0  2  2  0  0
    6  9.4624703424022392e-22   0  2  0  2  2  0  0
    6 -3.7950537547081094e-21   0  0  1  3  2  0  0
    6  6.9332070657491038e-22   0  0  0  4  2  0  0
    6 -7.3654572386876998e-20   3  0  0  0  3  0  0
    6  5.0145031480599130e-19   2  1  0  0  3  0  0
    6 -5.0145031480599130e-19   1  2  0  0  3  0  0
    6  7.3654572386876998e-20   0  3  0  0  3  0  0
    6  9.2951907604609902e-21   1  0  2  0  3  0  0
    6  1.2731193045427121e-19   0  1  2  0  3  0  0
    6  6.4133105584334320e-20   1  0  1  1  3  0  0
    6 -6.4133105584334320e-20   0  1  1  1  3  0  0
    6 -1.2731193045427121e-19   1  0  0  2  3  0  0
    6 -9.2951907604609902e-21   0  1  0  2  3  0  0
    6 -6.4656952343214640e-20   2  0  0  0  4  0  0
    6  6.4656952343214640e-20   0  2  0  0  4  0  0
    6  6.7705027080867789e-20   0  0  2  0  4  0  0
    6 -6.7705027080867789e-20   0  0  0  2  4  0  0
    7  3.1443020042872785e-25   6  1  0  0  0  0  0
    7  1.1547102316103448e-24   4  3  0  0  0  0  0
    7 -1.1547102316103448e-24   3  4  0  0  0  0  0
    7 -3.1443020042872785e-25   1  6  0  0  0  0  0
    7  3.9568284904837410e-25   4  1  2  0  0  0  0
    7 -1.0016862131222795e-24   3  2  2  0  0  0  0
    7  2.8288621484544964e-24   2  3  2  0  0  0  0
    7 -1.1512592365585613e-25   1  4  2  0  0  0  0
    7 -2.0686550759856660e-25   3  0  4  0  0  0  0
    7  2.8884221776593558e-25   1  2  4  0  0  0  0
    7 -7.9744446998710108e-25   5  0  1  1  0  0  0
    7  5.5972765551336946e-25   4  1  1  1  0  0  0
    7  1.2524568185974320e-24   3  2  1  1  0  0  0
    7 -1.2524568185974320e-24   2  3  1  1  0  0  0
    7 -5.5972765551336946e-25   1  4  1  1  0  0  0
    7  7.9744446998710108e-25   0  5  1  1  0  0  0
    7 -1.3443405178028135e-25   3  0  3  1  0  0  0
    7 -5.7509559981206047e-25   2  1  3  1  0  0  0
    7  3.3702085338310473e-24   1  2  3  1  0  0  0
    7 -1.5315588981927470e-25   0  1  5  1  0  0  0
    7  1.1512592365585613e-25   4  1  0  2  0  0  0
    7 -2.8288621484544964e-24   3  2  0  2  0  0  0
    7  1.0016862131222795e-24   2  3  0  2  0  0  0
    7 -3.9568284904837410e-25   1  4  0  2  0  0  0
    7  1.5244625484929075e-25   3  0  2  2  0  0  0
    7  1.1510565090271905e-24   2  1  2  2  0  0  0
    7 -1.1510565090271905e-24   1  2  2  2  0  0  0
    7 -1.5244625484929075e-25   0  3  2  2  0  0  0
    7  1.6353114399304845e-25   0  1  4  2  0  0  0
    7 -3.3702085338310481e-24   2  1  1  3  0  0  0
    7  5.7509559981206047e-25   1  2  1  3  0  0  0
    7  1.3443405178028138e-25   0  3  1  3  0  0  0
    7  1.9755904554829970e-25   1  0  3  3  0  0  0
    7 -1.9755904554829970e-25   0  1  3  3  0  0  0
    7 -2.8884221776593558e-25   2  1  0  4  0  0  0
    7  2.0686550759856660e-25   0  3  0  4  0  0  0
    7 -1.6353114399304848e-25   1  0  2  4  0  0  0
    7  1.5315588981927470e-25   1  0  1  5  0  0  0
    7  8.6868473963270587e-25   6  0  0  0  1  0  0
    7  1.6223562096433731e-24   5  1  0  0  1  0  0
    7  4.5099375328551408e-24   4  2  0  0  1  0  0
    7 -4.5099375328551408e-24   2  4  0  0  1  0  0
    7 -1.6223562096433731e-24   1  5  0  0  1  0  0
    7 -8.6868473963270587e-25   0  6  0  0  1  0  0
    7 -5.7383444182602536e-23   4  0  2  0  1  0  0
    7  1.3555821365133663e-24   3  1  2  0  1  0  0
    7 -7.4261921082922382e-24   2  2  2  0  1  0  0
    7  4.7630411074218918e-24   1  3  2  0  1  0  0
    7  1.4750877379265771e-24   0  4  2  0  1  0  0
    7 -7.7742345511586295e-25   2  0  4  0  1  0  0
    7  6.6771020054922461e-25   1  1  4  0  1  0  0
    7 -1.2349355548924559e-24   0  2  4  0  1  0  0
    7 -3.9151680330621861e-24   4  0  1  1  1  0  0
    7  5.0034526216017539e-24   3  1  1  1  1  0  0
    7 -5.0034526216017539e-24   1  3  1  1  1  0  0
    7  3.9151680330621861e-24   0  4  1  1  1  0  0
    7 -1.3022360665470286e-24   2  0  3  1  1  0  0
    7 -6.5586240791462584e-24   1  1  3  1  1  0  0
    7  3.2146695091003058e-24   0  2  3  1  1  0  0
    7 -1.4750877379265771e-24   4  0  0  2  1  0  0
    7 -4.7630411074218918e-24   3  1  0  2  1  0  0
    7  7.4261921082922382e-24   2  2  0  2  1  0  0
    7 -1.3555821365133663e-24   1  3  0  2  1  0  0
    7  5.7383444182602536e-23   0  4  0  2  1  0  0
    7  2.7841773271513554e-24   2  0  2  2  1  0  0
    7 -2.7841773271513554e-24   0  2  2  2  1  0  0
    7 -1.4911815743096330e-25   0  0  4  2  1  0  0
    7 -3.2146695091003061e-24   2  0  1  3  1  0  0
    7  6.5586240791462591e-24   1  1  1  3  1  0  0
    7  1.3022360665470288e-24   0  2  1  3  1  0  0
    7  1.2349355548924559e-24   2  0  0  4  1  0  0
    7 -6.6771020054922461e-25   1  1  0  4  1  0  0
    7  7.7742345511586295e-25   0  2  0  4  1  0  0
    7  1.4911815743096330e-25   0  0  2  4  1  0  0
    7 -2.4409550685571115e-22   5  0  0  0  2  0  0
    7 -8.4132403816917737e-24   4  1  0  0  2  0  0
    7 -1.1367087888843191e-22   3  2  0  0  2  0  0
    7  1.1367087888843191e-22   2  3  0  0  2  0  0
    7  8.4132403816917737e-24   1  4  0  0  2  0  0
    7  2.4409550685571115e-22   0  5  0  0  2  0  0
    7 -1.1470481458299571e-23   3  0  2  0  2  0  0
    7 -6.6670843781223725e-24   2  1  2  0  2  0  0
    7 -1.8502978902616359e-22   1  2  2  0  2  0  0
    7 -4.1986570034500635e-24   0  3  2  0  2  0  0
    7  1.5202544940545216e-24   1  0  4  0  2  0  0
    7  1.0768540312097379e-23   0  1  4  0  2  0  0
    7 -2.5231250815977405e-24   3  0  1  1  2  0  0
    7 -7.6859787485789791e-23   2  1  1  1  2  0  0
    7  7.6859787485789791e-23   1  2  1  1  2  0  0
    7  2.5231250815977405e-24   0  3  1  1  2  0  0
    7 -2.8813463592446918e-24   1  0  3  1  2  0  0
    7 -2.5668867065768601e-23   0  1  3  1  2  0  0
    7  4.1986570034500635e-24   3  0  0  2  2  0  0
    7  1.8502978902616359e-22   2  1  0  2  2  0  0
    7  6.6670843781223725e-24   1  2  0  2  2  0  0
    7  1.1470481458299571e-23   0  3  0  2  2  0  0
    7 -4.1003267953180764e-25   1  0  2  2  2  0  0
    7  4.1003267953180764e-25   0  1  2  2  2  0  0
    7  2.5668867065768606e-23   1  0  1  3  2  0  0
    7  2.8813463592446921e-24   0  1  1  3  2  0  0
    7 -1.0768540312097379e-23   1  0  0  4  2  0  0
    7 -1.5202544940545216e-24   0  1  0  4  2  0  0
    7 -3.1160873155267340e-22   4  0  0  0  3  0  0
    7  1.4402127456461841e-22   3  1  0  0  3  0  0
    7 -1.4402127456461841e-22   1  3  0  0  3  0  0
    7  3.1160873155267340e-22   0  4  0  0  3  0  0
    7  3.6955102240728451e-23   2  0  2  0  3  0  0
    7  2.9258883103559423e-22   1  1  2  0  3  0  0
    7  4.0363331134859713e-24   0  2  2  0  3  0  0
    7 -2.3312571003762958e-24   0  0  4  0  3  0  0
    7 -1.1452289473526316e-22   2  0  1  1  3  0  0
    7  1.1452289473526316e-22   0  2  1  1  3  0  0
    7 -5.3761411817586633e-23   0  0  3  1  3  0  0
    7 -4.0363331134859713e-24   2  0  0  2  3  0  0
    7 -2.9258883103559423e-22   1  1  0  2  3  0  0
    7 -3.6955102240728451e-23   0  2  0  2  3  0  0
    7  5.3761411817586633e-23   0  0  1  3  3  0  0
    7  2.3312571003762958e-24   0  0  0  4  3  0  0
    7  9.8643194597855890e-22   3  0  0  0  4  0  0
    7 -8.8744059174932484e-21   2  1  0  0  4  0  0
    7  8.8744059174932484e-21   1  2  0  0  4  0  0
    7 -9.8643194597855890e-22   0  3  0  0  4  0  0
    7 -1.0449788804835287e-22   1  0  2  0  4  0  0
    7 -1.3643840706565857e-21   0  1  2  0  4  0  0
    7 -1.5892379224123360e-21   1  0  1  1  4  0  0
    7  1.5892379224123360e-21   0  1  1  1  4  0  0
    7  1.3643840706565857e-21   1  0  0  2  4  0  0
    7  1.0449788804835287e-22   0  1  0  2  4  0  0
    7  3.2508458382891921e-21   2  0  0  0  5  0  0
    7 -3.2508458382891921e-21   0  2  0  0  5  0  0
    7  1.1829183204487159e-21   0  0  2  0  5  0  0
    7 -1.1829183204487159e-21   0  0  0  2  5  0  0
    8  1.0701915095213204e-25   6  1  0  0  1  0  0
    8 -1.0701915095213204e-25   1  6  0  0  1  0  0
    8 -2.4900882031680838e-24   4  0  2  0  2  0  0
    8 -1.2903728542286575e-25   2  2  2  0  2  0  0
    8 -1.0143332749240254e-25   1  1  3  1  2  0  0
    8  1.2903728542286575e-25   2  2  0  2  2  0  0
    8  2.4900882031680838e-24   0  4  0  2  2  0  0
    8  1.0143332749240257e-25   1  1  1  3  2  0  0
    8  6.8093624399791090e-24   5  0  0  0  3  0  0
    8  3.6158704119989539e-25   4  1  0  0  3  0  0
    8  2.0900505949815862e-24   3  2  0  0  3  0  0
    8 -2.0900505949815862e-24   2  3  0  0  3  0  0
    8 -3.6158704119989539e-25   1  4  0  0  3  0  0
    8 -6.8093624399791090e-24   0  5  0  0  3  0  0
    8  2.8714897618315423e-25   2  1  2  0  3  0  0
    8  6.6466048786164588e-24   1  2  2  0  3  0  0
    8  3.2899544513766290e-25   0  3  2  0  3  0  0
    8  1.2478114095340630e-25   0  1  4  0  3  0  0
    8 -2.0639018347333045e-25   3  0  1  1  3  0  0
    8  2.7669580871452324e-24   2  1  1  1  3  0  0
    8 -2.7669580871452324e-24   1  2  1  1  3  0  0
    8  2.0639018347333045e-25   0  3  1  1  3  0  0
    8 -1.8585633918379147e-25   1  0  3  1  3  0  0
    8  1.8519455571625194e-24   0  1  3  1  3  0  0
    8 -3.2899544513766290e-25   3  0  0  2  3  0  0
    8 -6.6466048786164588e-24   2  1  0  2  3  0  0
    8 -2.8714897618315423e-25   1  2  0  2  3  0  0
    8  6.5235149446358390e-25   1  0  2  2  3  0  0
    8 -6.5235149446358390e-25   0  1  2  2  3  0  0
    8 -1.8519455571625198e-24   1  0  1  3  3  0  0
    8  1.8585633918379149e-25   0  1  1  3  3  0  0
    8 -1.2478114095340630e-25   1  0  0  4  3  0  0
    8  2.4987096362525176e-24   4  0  0  0  4  0  0
    8 -5.1924100734523247e-24   3  1  0  0  4  0  0
    8  5.1924100734523247e-24   1  3  0  0  4  0  0
    8 -2.4987096362525176e-24   0  4  0  0  4  0  0
    8 -1.0299197060927360e-24   2  0  2  0  4  0  0
    8 -4.5853221213779095e-24   1  1  2  0  4  0  0
    8 -1.1914423935731945e-24   0  2  2  0  4  0  0
    8  1.4224560338875069e-25   0  0  4  0  4  0  0
    8 -3.2235146119493528e-25   2  0  1  1  4  0  0
    8  3.2235146119493528e-25   0  2  1  1  4  0  0
    8 -3.5244464422750366e-25   0  0  3  1  4  0  0
    8  1.1914423935731945e-24   2  0  0  2  4  0  0
    8  4.5853221213779095e-24   1  1  0  2  4  0  0
    8  1.0299197060927360e-24   0  2  0  2  4  0  0
    8  3.5244464422750366e-25   0  0  1  3  4  0  0
    8 -1.4224560338875069e-25   0  0  0  4  4  0  0
    8 -9.5448181025742453e-24   3  0  0  0  5  0  0
    8  1.1762192362121166e-22   2  1  0  0  5  0  0
    8 -1.1762192362121166e-22   1  2  0  0  5  0  0
    8  9.5448181025742453e-24   0  3  0  0  5  0  0
    8  6.1213170282073365e-24   1  0  2  0  5  0  0
    8  1.8513887947163628e-24   0  1  2  0  5  0  0
    8  7.6581393909385709e-24   1  0  1  1  5  0  0
    8 -7.6581393909385709e-24   0  1  1  1  5  0  0
    8 -1.8513887947163628e-24   1  0  0  2  5  0  0
    8 -6.1213170282073365e-24   0  1  0  2  5  0  0
    8 -6.6247369991264775e-23   2  0  0  0  6  0  0
    8  6.6247369991264775e-23   0  2  0  0  6  0  0
    8 -2.4889576078191704e-23   0  0  2  0  6  0  0
    8  2.4889576078191704e-23   0  0  0  2  6  0  0
 -394  0.0000000000000000e+00   0  0  0  0  0  0  0
