
tpsa, NO = 8, NV = 7, INA = 48092
------------------------------------------------------------------

   |I|         a                i  i  i  i  i  i  i
                I                1  2  3  4  5  6  7

    2 -1.3348125473275462e-05   1  1  0  0  0  0  0
    2 -4.3126491815769120e-06   0  0  1  1  0  0  0
    2  8.6189625269121687e-06   0  0  0  0  2  0  0
    3 -7.5512837374365701e-07   3  0  0  0  0  0  0
    3 -1.1938894500118135e-06   2  1  0  0  0  0  0
    3 -1.1938894500118135e-06   1  2  0  0  0  0  0
    3 -7.5512837374365701e-07   0  3  0  0  0  0  0
    3  2.1962642823222887e-06   1  0  2  0  0  0  0
    3 -1.8033330303950493e-08   0  1  2  0  0  0  0
    3 -2.9094302238247454e-07   1  0  1  1  0  0  0
    3 -2.9094302238247454e-07   0  1  1  1  0  0  0
    3 -1.8033330303950493e-08   1  0  0  2  0  0  0
    3  2.1962642823222887e-06   0  1  0  2  0  0  0
    3 -1.1886497885825153e-06   2  0  0  0  1  0  0
    3 -2.5751392292778840e-07   1  1  0  0  1  0  0
    3 -1.1886497885825153e-06   0  2  0  0  1  0  0
    3  3.1994007813567854e-07   0  0  2  0  1  0  0
    3 -2.1562712445159496e-07   0  0  1  1  1  0  0
    3  3.1994007813567854e-07   0  0  0  2  1  0  0
    3  2.0853748383688603e-21   1  0  0  0  2  0  0
    3  2.0853748383688603e-21   0  1  0  0  2  0  0
    3 -6.5359395261765831e-08   0  0  0  0  3  0  0
    4 -3.6997940391173445e-07   4  0  0  0  0  0  0
    4 -7.6203810296537299e-08   3  1  0  0  0  0  0
    4 -3.7168232220532254e-07   2  2  0  0  0  0  0
    4 -7.6203810296537299e-08   1  3  0  0  0  0  0
    4 -3.6997940391173445e-07   0  4  0  0  0  0  0
    4 -2.0205378971685766e-07   2  0  2  0  0  0  0
    4  2.1626259633519497e-07   1  1  2  0  0  0  0
    4 -5.3309760025658635e-08   0  2  2  0  0  0  0
    4  8.3718920236518847e-08   0  0  4  0  0  0  0
    4 -3.5661558691641961e-07   2  0  1  1  0  0  0
    4 -1.0111317955578851e-06   1  1  1  1  0  0  0
    4 -3.5661558691641961e-07   0  2  1  1  0  0  0
    4 -9.9179107951210597e-08   0  0  3  1  0  0  0
    4 -5.3309760025658635e-08   2  0  0  2  0  0  0
    4  2.1626259633519497e-07   1  1  0  2  0  0  0
    4 -2.0205378971685766e-07   0  2  0  2  0  0  0
    4 -1.0697916491425479e-07   0  0  2  2  0  0  0
    4 -9.9179107951210597e-08   0  0  1  3  0  0  0
    4  8.3718920236518847e-08   0  0  0  4  0  0  0
    4  1.0060960308342630e-07   3  0  0  0  1  0  0
    4 -7.4728019652711419e-07   2  1  0  0  1  0  0
    4 -7.4728019652711419e-07   1  2  0  0  1  0  0
    4  1.0060960308342630e-07   0  3  0  0  1  0  0
    4 -1.2748483490779024e-08   1  0  2  0  1  0  0
    4  1.7396235253181510e-07   0  1  2  0  1  0  0
    4 -3.8032517761673707e-07   1  0  1  1  1  0  0
    4 -3.8032517761673707e-07   0  1  1  1  1  0  0
    4  1.7396235253181510e-07   1  0  0  2  1  0  0
    4 -1.2748483490779024e-08   0  1  0  2  1  0  0
    4 -4.4078630837798133e-07   2  0  0  0  2  0  0
    4 -1.0391734933181448e-07   1  1  0  0  2  0  0
    4 -4.4078630837798133e-07   0  2  0  0  2  0  0
    4  2.6939444125889294e-07   0  0  2  0  2  0  0
    4  7.7930609852791814e-09   0  0  1  1  2  0  0
    4  2.6939444125889294e-07   0  0  0  2  2  0  0
    4  8.1092553391723737e-22   1  0  0  0  3  0  0
    4  8.1092553391723737e-22   0  1  0  0  3  0  0
    4  2.0951061114170292e-07   0  0  0  0  4  0  0
    5  4.2581856599297389e-07   5  0  0  0  0  0  0
    5 -1.6884989808258887e-07   4  1  0  0  0  0  0
    5 -1.0528269510738417e-08   3  2  0  0  0  0  0
    5 -1.0528269510738417e-08   2  3  0  0  0  0  0
    5 -1.6884989808258887e-07   1  4  0  0  0  0  0
    5  4.2581856599297389e-07   0  5  0  0  0  0  0
    5  1.1543606774198107e-07   3  0  2  0  0  0  0
    5  2.2018923166506950e-09   2  1  2  0  0  0  0
    5  2.1853188551013968e-08   1  2  2  0  0  0  0
    5  5.8408340085457497e-08   0  3  2  0  0  0  0
    5 -5.7243378117296017e-08   1  0  4  0  0  0  0
    5  3.0996381049533557e-09   0  1  4  0  0  0  0
    5 -4.4277124148953119e-08   3  0  1  1  0  0  0
    5  2.0088762076036553e-07   2  1  1  1  0  0  0
    5  2.0088762076036553e-07   1  2  1  1  0  0  0
    5 -4.4277124148953119e-08   0  3  1  1  0  0  0
    5  7.0136148797411462e-09   1  0  3  1  0  0  0
    5 -2.3159673069623764e-08   0  1  3  1  0  0  0
    5  5.8408340085457497e-08   3  0  0  2  0  0  0
    5  2.1853188551013968e-08   2  1  0  2  0  0  0
    5  2.2018923166506950e-09   1  2  0  2  0  0  0
    5  1.1543606774198107e-07   0  3  0  2  0  0  0
    5  1.3139430548587709e-07   1  0  2  2  0  0  0
    5  1.3139430548587709e-07   0  1  2  2  0  0  0
    5 -2.3159673069623764e-08   1  0  1  3  0  0  0
    5  7.0136148797411462e-09   0  1  1  3  0  0  0
    5  3.0996381049533557e-09   1  0  0  4  0  0  0
    5 -5.7243378117296017e-08   0  1  0  4  0  0  0
    5 -2.3859904499389433e-07   4  0  0  0  1  0  0
    5 -7.0074393244608973e-08   3  1  0  0  1  0  0
    5  1.8336538208744634e-07   2  2  0  0  1  0  0
    5 -7.0074393244608973e-08   1  3  0  0  1  0  0
    5 -2.3859904499389433e-07   0  4  0  0  1  0  0
    5  6.4189537650421693e-08   2  0  2  0  1  0  0
    5 -1.4948851461242434e-08   1  1  2  0  1  0  0
    5 -1.6849299218143039e-08   0  2  2  0  1  0  0
    5 -2.0095734483860095e-08   0  0  4  0  1  0  0
    5 -2.8874935795813005e-08   2  0  1  1  1  0  0
    5 -6.3110506452973378e-08   1  1  1  1  1  0  0
    5 -2.8874935795813005e-08   0  2  1  1  1  0  0
    5  8.8394109876692046e-09   0  0  3  1  1  0  0
    5 -1.6849299218143039e-08   2  0  0  2  1  0  0
    5 -1.4948851461242434e-08   1  1  0  2  1  0  0
    5  6.4189537650421693e-08   0  2  0  2  1  0  0
    5  3.6604557713413417e-08   0  0  2  2  1  0  0
    5  8.8394109876692046e-09   0  0  1  3  1  0  0
    5 -2.0095734483860095e-08   0  0  0  4  1  0  0
    5  5.9932826115834828e-08   3  0  0  0  2  0  0
    5 -3.1295587144352950e-07   2  1  0  0  2  0  0
    5 -3.1295587144352950e-07   1  2  0  0  2  0  0
    5  5.9932826115834828e-08   0  3  0  0  2  0  0
    5 -1.0792656232158601e-08   1  0  2  0  2  0  0
    5  1.2241598343494615e-08   0  1  2  0  2  0  0
    5 -1.5652929386160770e-07   1  0  1  1  2  0  0
    5 -1.5652929386160770e-07   0  1  1  1  2  0  0
    5  1.2241598343494615e-08   1  0  0  2  2  0  0
    5 -1.0792656232158601e-08   0  1  0  2  2  0  0
    5  8.1727576364201886e-09   2  0  0  0  3  0  0
    5 -1.8985979706544111e-08   1  1  0  0  3  0  0
    5  8.1727576364201886e-09   0  2  0  0  3  0  0
    5 -5.5807522277927120e-08   0  0  2  0  3  0  0
    5 -6.9237640169452798e-08   0  0  1  1  3  0  0
    5 -5.5807522277927120e-08   0  0  0  2  3  0  0
    5  2.2240776777878382e-22   1  0  0  0  4  0  0
    5  2.2240776777878382e-22   0  1  0  0  4  0  0
    5 -4.7693488719908230e-08   0  0  0  0  5  0  0
    6 -1.8626335336407452e-07   6  0  0  0  0  0  0
    6  3.9890921544152204e-07   5  1  0  0  0  0  0
    6  8.9047866166447170e-08   4  2  0  0  0  0  0
    6 -1.6366402259079331e-07   3  3  0  0  0  0  0
    6  8.9047866166447170e-08   2  4  0  0  0  0  0
    6  3.9890921544152204e-07   1  5  0  0  0  0  0
    6 -1.8626335336407452e-07   0  6  0  0  0  0  0
    6 -8.0446816207602111e-07   4  0  2  0  0  0  0
    6 -3.5788020868669050e-08   3  1  2  0  0  0  0
    6  1.5796249792905154e-08   2  2  2  0  0  0  0
    6  3.2383534850248024e-08   1  3  2  0  0  0  0
    6 -2.0839612105937359e-07   0  4  2  0  0  0  0
    6  3.5113040286327177e-08   2  0  4  0  0  0  0
    6 -3.9091619597174647e-09   1  1  4  0  0  0  0
    6 -1.3460394616627465e-09   0  2  4  0  0  0  0
    6 -3.1013992250169707e-09   0  0  6  0  0  0  0
    6 -1.9655097670389395e-08   4  0  1  1  0  0  0
    6 -8.4262201707618171e-08   3  1  1  1  0  0  0
    6 -6.6815923588879427e-08   2  2  1  1  0  0  0
    6 -8.4262201707618171e-08   1  3  1  1  0  0  0
    6 -1.9655097670389395e-08   0  4  1  1  0  0  0
    6 -2.3049397967503973e-08   2  0  3  1  0  0  0
    6  8.6956419644479135e-09   1  1  3  1  0  0  0
    6  1.4252738273136145e-08   0  2  3  1  0  0  0
    6  1.3515912433935013e-09   0  0  5  1  0  0  0
    6 -2.0839612105937359e-07   4  0  0  2  0  0  0
    6  3.2383534850248024e-08   3  1  0  2  0  0  0
    6  1.5796249792905154e-08   2  2  0  2  0  0  0
    6 -3.5788020868669050e-08   1  3  0  2  0  0  0
    6 -8.0446816207602111e-07   0  4  0  2  0  0  0
    6 -3.7147709584507724e-08   2  0  2  2  0  0  0
    6 -5.0714737620935707e-08   1  1  2  2  0  0  0
    6 -3.7147709584507724e-08   0  2  2  2  0  0  0
    6  9.2137647452271241e-09   0  0  4  2  0  0  0
    6  1.4252738273136145e-08   2  0  1  3  0  0  0
    6  8.6956419644479135e-09   1  1  1  3  0  0  0
    6 -2.3049397967503973e-08   0  2  1  3  0  0  0
    6 -1.9543745043445340e-08   0  0  3  3  0  0  0
    6 -1.3460394616627465e-09   2  0  0  4  0  0  0
    6 -3.9091619597174647e-09   1  1  0  4  0  0  0
    6  3.5113040286327177e-08   0  2  0  4  0  0  0
    6  9.2137647452271241e-09   0  0  2  4  0  0  0
    6  1.3515912433935013e-09   0  0  1  5  0  0  0
    6 -3.1013992250169707e-09   0  0  0  6  0  0  0
    6  6.8090383633245382e-07   5  0  0  0  1  0  0
    6 -3.9103676213358672e-08   4  1  0  0  1  0  0
    6  1.0189317844057398e-08   3  2  0  0  1  0  0
    6  1.0189317844057398e-08   2  3  0  0  1  0  0
    6 -3.9103676213358672e-08   1  4  0  0  1  0  0
    6  6.8090383633245382e-07   0  5  0  0  1  0  0
    6 -4.4960776914777825e-08   3  0  2  0  1  0  0
    6 -2.5790511666966715e-08   2  1  2  0  1  0  0
    6  9.9052889761107190e-09   1  2  2  0  1  0  0
    6  8.4381412058674269e-08   0  3  2  0  1  0  0
    6  8.0141180958939179e-09   1  0  4  0  1  0  0
    6 -6.9938556966395382e-09   0  1  4  0  1  0  0
    6 -7.1105787043317645e-08   3  0  1  1  1  0  0
    6  5.6584344566812648e-09   2  1  1  1  1  0  0
    6  5.6584344566812648e-09   1  2  1  1  1  0  0
    6 -7.1105787043317645e-08   0  3  1  1  1  0  0
    6 -2.2214731580882109e-09   1  0  3  1  1  0  0
    6  1.6425511773163565e-08   0  1  3  1  1  0  0
    6  8.4381412058674269e-08   3  0  0  2  1  0  0
    6  9.9052889761107190e-09   2  1  0  2  1  0  0
    6 -2.5790511666966715e-08   1  2  0  2  1  0  0
    6 -4.4960776914777825e-08   0  3  0  2  1  0  0
    6 -2.5918155716300963e-08   1  0  2  2  1  0  0
    6 -2.5918155716300963e-08   0  1  2  2  1  0  0
    6  1.6425511773163565e-08   1  0  1  3  1  0  0
    6 -2.2214731580882109e-09   0  1  1  3  1  0  0
    6 -6.9938556966395382e-09   1  0  0  4  1  0  0
    6  8.0141180958939179e-09   0  1  0  4  1  0  0
    6  3.1848865290618848e-07   4  0  0  0  2  0  0
    6 -9.6378852863057975e-08   3  1  0  0  2  0  0
    6 -2.0286491645462010e-07   2  2  0  0  2  0  0
    6 -9.6378852863057975e-08   1  3  0  0  2  0  0
    6  3.1848865290618848e-07   0  4  0  0  2  0  0
    6  2.9818305015763228e-08   2  0  2  0  2  0  0
    6  2.8048018420080273e-08   1  1  2  0  2  0  0
    6 -2.4810732196326614e-08   0  2  2  0  2  0  0
    6 -5.7170740220095328e-09   0  0  4  0  2  0  0
    6  4.4076733391899575e-08   2  0  1  1  2  0  0
    6  1.1740646882555172e-08   1  1  1  1  2  0  0
    6  4.4076733391899575e-08   0  2  1  1  2  0  0
    6  7.1330649213541118e-10   0  0  3  1  2  0  0
    6 -2.4810732196326614e-08   2  0  0  2  2  0  0
    6  2.8048018420080273e-08   1  1  0  2  2  0  0
    6  2.9818305015763228e-08   0  2  0  2  2  0  0
    6  2.3254227467233850e-08   0  0  2  2  2  0  0
    6  7.1330649213541118e-10   0  0  1  3  2  0  0
    6 -5.7170740220095328e-09   0  0  0  4  2  0  0
    6 -1.2532653636420882e-07   3  0  0  0  3  0  0
    6  2.3328872758207869e-07   2  1  0  0  3  0  0
    6  2.3328872758207869e-07   1  2  0  0  3  0  0
    6 -1.2532653636420882e-07   0  3  0  0  3  0  0
    6  9.0180259546205756e-09   1  0  2  0  3  0  0
    6 -7.0772176520951941e-09   0  1  2  0  3  0  0
    6  6.1420009046538435e-08   1  0  1  1  3  0  0
    6  6.1420009046538435e-08   0  1  1  1  3  0  0
    6 -7.0772176520951941e-09   1  0  0  2  3  0  0
    6  9.0180259546205756e-09   0  1  0  2  3  0  0
    6 -1.3442340827044529e-09   2  0  0  0  4  0  0
    6 -1.7107044245065332e-07   1  1  0  0  4  0  0
    6 -1.3442340827044529e-09   0  2  0  0  4  0  0
    6  1.2403372665311064e-10   0  0  2  0  4  0  0
    6 -7.1997716365930041e-10   0  0  1  1  4  0  0
    6  1.2403372665311064e-10   0  0  0  2  4  0  0
    6 -2.5476769965138564e-22   1  0  0  0  5  0  0
    6 -2.5476769965138564e-22   0  1  0  0  5  0  0
    6 -2.8825793717219875e-09   0  0  0  0  6  0  0
    7  6.7886141220103654e-08   7  0  0  0  0  0  0
    7 -1.0812617916853830e-07   6  1  0  0  0  0  0
    7  9.4147757015985440e-08   5  2  0  0  0  0  0
    7  1.5114919995721267e-07   4  3  0  0  0  0  0
    7  1.5114919995721267e-07   3  4  0  0  0  0  0
    7  9.4147757015985440e-08   2  5  0  0  0  0  0
    7 -1.0812617916853830e-07   1  6  0  0  0  0  0
    7  6.7886141220103654e-08   0  7  0  0  0  0  0
    7  3.2072636050967875e-07   5  0  2  0  0  0  0
    7 -4.9524560630434115e-07   4  1  2  0  0  0  0
    7 -1.8169633898634996e-07   3  2  2  0  0  0  0
    7 -2.6822580542784417e-08   2  3  2  0  0  0  0
    7 -1.4857143483773695e-07   1  4  2  0  0  0  0
    7  1.2757112623412576e-07   0  5  2  0  0  0  0
    7 -1.6661844552710957e-07   3  0  4  0  0  0  0
    7  1.0057316631054111e-08   2  1  4  0  0  0  0
    7 -4.4351386518731108e-09   1  2  4  0  0  0  0
    7  4.0495038960020960e-08   0  3  4  0  0  0  0
    7  2.5199437969789994e-09   1  0  6  0  0  0  0
    7 -3.5607499103236720e-10   0  1  6  0  0  0  0
    7 -1.8589747823359813e-07   5  0  1  1  0  0  0
    7  4.5396829053143967e-07   4  1  1  1  0  0  0
    7 -3.6225439407635955e-08   3  2  1  1  0  0  0
    7 -3.6225439407635955e-08   2  3  1  1  0  0  0
    7  4.5396829053143967e-07   1  4  1  1  0  0  0
    7 -1.8589747823359813e-07   0  5  1  1  0  0  0
    7 -6.4984304797499624e-08   3  0  3  1  0  0  0
    7 -2.7815925028826869e-10   2  1  3  1  0  0  0
    7  1.7518337318848265e-08   1  2  3  1  0  0  0
    7 -4.5285657212914065e-09   0  3  3  1  0  0  0
    7 -5.3977872757632079e-10   1  0  5  1  0  0  0
    7  1.0837342068276992e-09   0  1  5  1  0  0  0
    7  1.2757112623412576e-07   5  0  0  2  0  0  0
    7 -1.4857143483773695e-07   4  1  0  2  0  0  0
    7 -2.6822580542784417e-08   3  2  0  2  0  0  0
    7 -1.8169633898634996e-07   2  3  0  2  0  0  0
    7 -4.9524560630434115e-07   1  4  0  2  0  0  0
    7  3.2072636050967875e-07   0  5  0  2  0  0  0
    7  3.1300979290950592e-07   3  0  2  2  0  0  0
    7 -2.3747069095604284e-09   2  1  2  2  0  0  0
    7 -2.3747069095604284e-09   1  2  2  2  0  0  0
    7  3.1300979290950592e-07   0  3  2  2  0  0  0
    7 -3.2501796106661349e-09   1  0  4  2  0  0  0
    7  6.4559450882331766e-10   0  1  4  2  0  0  0
    7 -4.5285657212914065e-09   3  0  1  3  0  0  0
    7  1.7518337318848265e-08   2  1  1  3  0  0  0
    7 -2.7815925028826869e-10   1  2  1  3  0  0  0
    7 -6.4984304797499624e-08   0  3  1  3  0  0  0
    7  2.0550044006838784e-09   1  0  3  3  0  0  0
    7  2.0550044006838784e-09   0  1  3  3  0  0  0
    7  4.0495038960020960e-08   3  0  0  4  0  0  0
    7 -4.4351386518731108e-09   2  1  0  4  0  0  0
    7  1.0057316631054111e-08   1  2  0  4  0  0  0
    7 -1.6661844552710957e-07   0  3  0  4  0  0  0
    7  6.4559450882331766e-10   1  0  2  4  0  0  0
    7 -3.2501796106661349e-09   0  1  2  4  0  0  0
    7  1.0837342068276992e-09   1  0  1  5  0  0  0
    7 -5.3977872757632079e-10   0  1  1  5  0  0  0
    7 -3.5607499103236720e-10   1  0  0  6  0  0  0
    7  2.5199437969789994e-09   0  1  0  6  0  0  0
    7 -2.7303649798764821e-07   6  0  0  0  1  0  0
    7  6.4619241238935347e-07   5  1  0  0  1  0  0
    7  2.7916550614663462e-07   4  2  0  0  1  0  0
    7 -3.3673735827968465e-09   3  3  0  0  1  0  0
    7  2.7916550614663462e-07   2  4  0  0  1  0  0
    7  6.4619241238935347e-07   1  5  0  0  1  0  0
    7 -2.7303649798764821e-07   0  6  0  0  1  0  0
    7 -1.5877270773401332e-06   4  0  2  0  1  0  0
    7 -2.7109672541685643e-07   3  1  2  0  1  0  0
    7 -5.1388033168280721e-09   2  2  2  0  1  0  0
    7 -2.1250779786296849e-08   1  3  2  0  1  0  0
    7 -3.2653021516737624e-07   0  4  2  0  1  0  0
    7 -1.0351668539499055e-08   2  0  4  0  1  0  0
    7 -1.6755990627854255e-10   1  1  4  0  1  0  0
    7 -1.1475925087269315e-08   0  2  4  0  1  0  0
    7  6.7145504073351306e-10   0  0  6  0  1  0  0
    7  8.2352528588337258e-08   4  0  1  1  1  0  0
    7 -3.5520098011019026e-08   3  1  1  1  1  0  0
    7  2.6170001084355885e-08   2  2  1  1  1  0  0
    7 -3.5520098011019026e-08   1  3  1  1  1  0  0
    7  8.2352528588337258e-08   0  4  1  1  1  0  0
    7  2.7818021502955462e-09   2  0  3  1  1  0  0
    7  3.5842875726205053e-09   1  1  3  1  1  0  0
    7  1.2875677836576715e-08   0  2  3  1  1  0  0
    7 -1.2983190257666605e-10   0  0  5  1  1  0  0
    7 -3.2653021516737624e-07   4  0  0  2  1  0  0
    7 -2.1250779786296849e-08   3  1  0  2  1  0  0
    7 -5.1388033168280721e-09   2  2  0  2  1  0  0
    7 -2.7109672541685643e-07   1  3  0  2  1  0  0
    7 -1.5877270773401332e-06   0  4  0  2  1  0  0
    7  6.1274437464261621e-09   2  0  2  2  1  0  0
    7 -4.1603257239074306e-09   1  1  2  2  1  0  0
    7  6.1274437464261621e-09   0  2  2  2  1  0  0
    7 -2.3419832441230943e-09   0  0  4  2  1  0  0
    7  1.2875677836576715e-08   2  0  1  3  1  0  0
    7  3.5842875726205053e-09   1  1  1  3  1  0  0
    7  2.7818021502955462e-09   0  2  1  3  1  0  0
    7  4.5626696440363444e-09   0  0  3  3  1  0  0
    7 -1.1475925087269315e-08   2  0  0  4  1  0  0
    7 -1.6755990627854255e-10   1  1  0  4  1  0  0
    7 -1.0351668539499055e-08   0  2  0  4  1  0  0
    7 -2.3419832441230943e-09   0  0  2  4  1  0  0
    7 -1.2983190257666605e-10   0  0  1  5  1  0  0
    7  6.7145504073351306e-10   0  0  0  6  1  0  0
    7 -1.0320949964297581e-06   5  0  0  0  2  0  0
    7  5.0558637343927900e-07   4  1  0  0  2  0  0
    7 -5.8838492853073085e-08   3  2  0  0  2  0  0
    7 -5.8838492853073085e-08   2  3  0  0  2  0  0
    7  5.0558637343927900e-07   1  4  0  0  2  0  0
    7 -1.0320949964297581e-06   0  5  0  0  2  0  0
    7 -3.9417865165578566e-08   3  0  2  0  2  0  0
    7  8.6650367997255302e-09   2  1  2  0  2  0  0
    7  2.7869289794315306e-08   1  2  2  0  2  0  0
    7 -9.7472867539154956e-08   0  3  2  0  2  0  0
    7  4.5840815300398459e-09   1  0  4  0  2  0  0
    7  3.2722063188195971e-09   0  1  4  0  2  0  0
    7  3.1135664117831766e-08   3  0  1  1  2  0  0
    7 -9.1401138771185895e-08   2  1  1  1  2  0  0
    7 -9.1401138771185895e-08   1  2  1  1  2  0  0
    7  3.1135664117831766e-08   0  3  1  1  2  0  0
    7  3.0048839760602790e-09   1  0  3  1  2  0  0
    7  1.7972933677253782e-09   0  1  3  1  2  0  0
    7 -9.7472867539154956e-08   3  0  0  2  2  0  0
    7  2.7869289794315306e-08   2  1  0  2  2  0  0
    7  8.6650367997255302e-09   1  2  0  2  2  0  0
    7 -3.9417865165578566e-08   0  3  0  2  2  0  0
    7 -1.7093451324261366e-08   1  0  2  2  2  0  0
    7 -1.7093451324261366e-08   0  1  2  2  2  0  0
    7  1.7972933677253782e-09   1  0  1  3  2  0  0
    7  3.0048839760602790e-09   0  1  1  3  2  0  0
    7  3.2722063188195971e-09   1  0  0  4  2  0  0
    7  4.5840815300398459e-09   0  1  0  4  2  0  0
    7 -9.0607020820032096e-08   4  0  0  0  3  0  0
    7  8.3855489498652669e-08   3  1  0  0  3  0  0
    7  1.2048982842976144e-07   2  2  0  0  3  0  0
    7  8.3855489498652669e-08   1  3  0  0  3  0  0
    7 -9.0607020820032096e-08   0  4  0  0  3  0  0
    7 -2.2537508181143937e-08   2  0  2  0  3  0  0
    7 -3.5116768172033187e-08   1  1  2  0  3  0  0
    7  2.9910850923896304e-08   0  2  2  0  3  0  0
    7  1.9007464000369139e-09   0  0  4  0  3  0  0
    7 -1.1821473121259166e-08   2  0  1  1  3  0  0
    7  4.3465309430061856e-08   1  1  1  1  3  0  0
    7 -1.1821473121259166e-08   0  2  1  1  3  0  0
    7  5.3223744462049544e-10   0  0  3  1  3  0  0
    7  2.9910850923896304e-08   2  0  0  2  3  0  0
    7 -3.5116768172033187e-08   1  1  0  2  3  0  0
    7 -2.2537508181143937e-08   0  2  0  2  3  0  0
    7 -1.0909753448898579e-08   0  0  2  2  3  0  0
    7  5.3223744462049544e-10   0  0  1  3  3  0  0
    7  1.9007464000369139e-09   0  0  0  4  3  0  0
    7  5.8507441440386472e-08   3  0  0  0  4  0  0
    7 -1.5187029841623979e-07   2  1  0  0  4  0  0
    7 -1.5187029841623979e-07   1  2  0  0  4  0  0
    7  5.8507441440386472e-08   0  3  0  0  4  0  0
    7  9.7292801741903360e-09   1  0  2  0  4  0  0
    7  3.5986670511341046e-09   0  1  2  0  4  0  0
    7 -1.3218798160979190e-08   1  0  1  1  4  0  0
    7 -1.3218798160979190e-08   0  1  1  1  4  0  0
    7  3.5986670511341046e-09   1  0  0  2  4  0  0
    7  9.7292801741903360e-09   0  1  0  2  4  0  0
    7  5.5306569442003462e-09   2  0  0  0  5  0  0
    7  1.3787580531655362e-07   1  1  0  0  5  0  0
    7  5.5306569442003462e-09   0  2  0  0  5  0  0
    7  4.4526814890536588e-09   0  0  2  0  5  0  0
    7  1.6041825907975892e-08   0  0  1  1  5  0  0
    7  4.4526814890536588e-09   0  0  0  2  5  0  0
    7  1.9118425400459265e-22   1  0  0  0  6  0  0
    7  1.9118425400459265e-22   0  1  0  0  6  0  0
    7  8.8551905480752393e-09   0  0  0  0  7  0  0
    8 -1.1744982407729293e-08   8  0  0  0  0  0  0
    8  5.4437505369746113e-08   7  1  0  0  0  0  0
    8 -4.0910988828758275e-08   6  2  0  0  0  0  0
    8  1.2109719049176783e-08   5  3  0  0  0  0  0
    8  8.9279782170510240e-08   4  4  0  0  0  0  0
    8  1.2109719049176783e-08   3  5  0  0  0  0  0
    8 -4.0910988828758275e-08   2  6  0  0  0  0  0
    8  5.4437505369746113e-08   1  7  0  0  0  0  0
    8 -1.1744982407729293e-08   0  8  0  0  0  0  0
    8 -4.2140567068080383e-08   6  0  2  0  0  0  0
    8  1.3423329983415659e-06   5  1  2  0  0  0  0
    8 -5.1213672613399475e-08   4  2  2  0  0  0  0
    8 -2.6186284761621281e-07   3  3  2  0  0  0  0
    8 -9.0328399376794684e-08   2  4  2  0  0  0  0
    8  1.2323543137148057e-07   1  5  2  0  0  0  0
    8 -1.9268564583319482e-08   0  6  2  0  0  0  0
    8  1.5392109955815205e-07   4  0  4  0  0  0  0
    8 -1.7180846093583496e-07   3  1  4  0  0  0  0
    8 -1.5752426189017974e-08   2  2  4  0  0  0  0
    8  2.3203587484633141e-08   1  3  4  0  0  0  0
    8 -2.8629750935828386e-08   0  4  4  0  0  0  0
    8  2.5452968956042304e-09   2  0  6  0  0  0  0
    8  8.3586346396207639e-10   1  1  6  0  0  0  0
    8 -4.0921874038504560e-09   0  2  6  0  0  0  0
    8  9.0086204857881268e-11   0  0  8  0  0  0  0
    8  1.5105602941379923e-07   6  0  1  1  0  0  0
    8 -5.2318863795595947e-07   5  1  1  1  0  0  0
    8  2.1304482501658463e-07   4  2  1  1  0  0  0
    8  2.0604356701974294e-07   3  3  1  1  0  0  0
    8  2.1304482501658463e-07   2  4  1  1  0  0  0
    8 -5.2318863795595947e-07   1  5  1  1  0  0  0
    8  1.5105602941379923e-07   0  6  1  1  0  0  0
    8  8.4578393116395653e-07   4  0  3  1  0  0  0
    8 -7.6369823741707743e-09   3  1  3  1  0  0  0
    8 -2.4444934910086957e-08   2  2  3  1  0  0  0
    8 -1.7085369365640681e-07   1  3  3  1  0  0  0
    8  1.2802320479947446e-07   0  4  3  1  0  0  0
    8 -8.3378346238449669e-09   2  0  5  1  0  0  0
    8  1.1104043830877547e-09   1  1  5  1  0  0  0
    8  1.5020298092752874e-09   0  2  5  1  0  0  0
    8  2.8466192842946170e-11   0  0  7  1  0  0  0
    8 -1.9268564583319482e-08   6  0  0  2  0  0  0
    8  1.2323543137148057e-07   5  1  0  2  0  0  0
    8 -9.0328399376794684e-08   4  2  0  2  0  0  0
    8 -2.6186284761621281e-07   3  3  0  2  0  0  0
    8 -5.1213672613399475e-08   2  4  0  2  0  0  0
    8  1.3423329983415659e-06   1  5  0  2  0  0  0
    8 -4.2140567068080383e-08   0  6  0  2  0  0  0
    8 -2.7600997088776231e-07   4  0  2  2  0  0  0
    8  1.7286692787319886e-07   3  1  2  2  0  0  0
    8  1.1657388575553354e-07   2  2  2  2  0  0  0
    8  1.7286692787319886e-07   1  3  2  2  0  0  0
    8 -2.7600997088776231e-07   0  4  2  2  0  0  0
    8  4.3228709245339479e-08   2  0  4  2  0  0  0
    8 -9.0137590414433714e-09   1  1  4  2  0  0  0
    8 -4.3273312328380042e-08   0  2  4  2  0  0  0
    8 -2.3168470375916468e-10   0  0  6  2  0  0  0
    8  1.2802320479947446e-07   4  0  1  3  0  0  0
    8 -1.7085369365640681e-07   3  1  1  3  0  0  0
    8 -2.4444934910086957e-08   2  2  1  3  0  0  0
    8 -7.6369823741707743e-09   1  3  1  3  0  0  0
    8  8.4578393116395653e-07   0  4  1  3  0  0  0
    8  1.7020539518205720e-08   2  0  3  3  0  0  0
    8  1.2359061977003074e-08   1  1  3  3  0  0  0
    8  1.7020539518205720e-08   0  2  3  3  0  0  0
    8 -5.0901179948659343e-10   0  0  5  3  0  0  0
    8 -2.8629750935828386e-08   4  0  0  4  0  0  0
    8  2.3203587484633141e-08   3  1  0  4  0  0  0
    8 -1.5752426189017974e-08   2  2  0  4  0  0  0
    8 -1.7180846093583496e-07   1  3  0  4  0  0  0
    8  1.5392109955815205e-07   0  4  0  4  0  0  0
    8 -4.3273312328380042e-08   2  0  2  4  0  0  0
    8 -9.0137590414433714e-09   1  1  2  4  0  0  0
    8  4.3228709245339479e-08   0  2  2  4  0  0  0
    8  1.1223316137739488e-09   0  0  4  4  0  0  0
    8  1.5020298092752874e-09   2  0  1  5  0  0  0
    8  1.1104043830877547e-09   1  1  1  5  0  0  0
    8 -8.3378346238449669e-09   0  2  1  5  0  0  0
    8 -5.0901179948659343e-10   0  0  3  5  0  0  0
    8 -4.0921874038504560e-09   2  0  0  6  0  0  0
    8  8.3586346396207639e-10   1  1  0  6  0  0  0
    8  2.5452968956042304e-09   0  2  0  6  0  0  0
    8 -2.3168470375916468e-10   0  0  2  6  0  0  0
    8  2.8466192842946170e-11   0  0  1  7  0  0  0
    8  9.0086204857881268e-11   0  0  0  8  0  0  0
    8  1.2299457909684382e-07   7  0  0  0  1  0  0
    8  3.5491077306154683e-07   6  1  0  0  1  0  0
    8  2.1641110719389517e-07   5  2  0  0  1  0  0
    8  3.5972271569420390e-07   4  3  0  0  1  0  0
    8  3.5972271569420390e-07   3  4  0  0  1  0  0
    8  2.1641110719389517e-07   2  5  0  0  1  0  0
    8  3.5491077306154683e-07   1  6  0  0  1  0  0
    8  1.2299457909684382e-07   0  7  0  0  1  0  0
    8  6.7692863309869843e-07   5  0  2  0  1  0  0
    8 -1.1849519014986661e-06   4  1  2  0  1  0  0
    8 -5.4147753636520150e-07   3  2  2  0  1  0  0
    8 -1.5362536365860059e-07   2  3  2  0  1  0  0
    8 -2.5508325148251684e-07   1  4  2  0  1  0  0
    8  2.4324419231246417e-07   0  5  2  0  1  0  0
    8 -3.2358313340704367e-07   3  0  4  0  1  0  0
    8 -3.8861755291176495e-08   2  1  4  0  1  0  0
    8  6.4272275971367722e-09   1  2  4  0  1  0  0
    8  5.9399059594478874e-08   0  3  4  0  1  0  0
    8 -1.0448034072435927e-09   1  0  6  0  1  0  0
    8  7.5212030101333748e-10   0  1  6  0  1  0  0
    8  2.2844664160748489e-07   5  0  1  1  1  0  0
    8  8.3337523892914972e-07   4  1  1  1  1  0  0
    8  1.5608618208552130e-07   3  2  1  1  1  0  0
    8  1.5608618208552130e-07   2  3  1  1  1  0  0
    8  8.3337523892914972e-07   1  4  1  1  1  0  0
    8  2.2844664160748489e-07   0  5  1  1  1  0  0
    8 -1.5992965755969103e-07   3  0  3  1  1  0  0
    8 -2.4136443379222041e-08   2  1  3  1  1  0  0
    8  3.3211828361353445e-09   1  2  3  1  1  0  0
    8 -4.0976267415724073e-08   0  3  3  1  1  0  0
    8  1.1761244103410721e-09   1  0  5  1  1  0  0
    8 -5.2846148766385612e-10   0  1  5  1  1  0  0
    8  2.4324419231246417e-07   5  0  0  2  1  0  0
    8 -2.5508325148251684e-07   4  1  0  2  1  0  0
    8 -1.5362536365860059e-07   3  2  0  2  1  0  0
    8 -5.4147753636520150e-07   2  3  0  2  1  0  0
    8 -1.1849519014986661e-06   1  4  0  2  1  0  0
    8  6.7692863309869843e-07   0  5  0  2  1  0  0
    8  6.0827000000644071e-07   3  0  2  2  1  0  0
    8  8.1545116054678204e-08   2  1  2  2  1  0  0
    8  8.1545116054678204e-08   1  2  2  2  1  0  0
    8  6.0827000000644071e-07   0  3  2  2  1  0  0
    8 -5.5538151794950772e-10   1  0  4  2  1  0  0
    8 -2.4220066929078297e-09   0  1  4  2  1  0  0
    8 -4.0976267415724073e-08   3  0  1  3  1  0  0
    8  3.3211828361353445e-09   2  1  1  3  1  0  0
    8 -2.4136443379222041e-08   1  2  1  3  1  0  0
    8 -1.5992965755969103e-07   0  3  1  3  1  0  0
    8  1.7908256957724664e-09   1  0  3  3  1  0  0
    8  1.7908256957724664e-09   0  1  3  3  1  0  0
    8  5.9399059594478874e-08   3  0  0  4  1  0  0
    8  6.4272275971367722e-09   2  1  0  4  1  0  0
    8 -3.8861755291176495e-08   1  2  0  4  1  0  0
    8 -3.2358313340704367e-07   0  3  0  4  1  0  0
    8 -2.4220066929078297e-09   1  0  2  4  1  0  0
    8 -5.5538151794950772e-10   0  1  2  4  1  0  0
    8 -5.2846148766385612e-10   1  0  1  5  1  0  0
    8  1.1761244103410721e-09   0  1  1  5  1  0  0
    8  7.5212030101333748e-10   1  0  0  6  1  0  0
    8 -1.0448034072435927e-09   0  1  0  6  1  0  0
    8  3.9516928330413814e-07   6  0  0  0  2  0  0
    8 -8.9200653410536442e-07   5  1  0  0  2  0  0
    8  1.1549428410794314e-10   4  2  0  0  2  0  0
    8  2.8067308243445251e-07   3  3  0  0  2  0  0
    8  1.1549428410794314e-10   2  4  0  0  2  0  0
    8 -8.9200653410536442e-07   1  5  0  0  2  0  0
    8  3.9516928330413814e-07   0  6  0  0  2  0  0
    8 -2.3926617838105588e-06   4  0  2  0  2  0  0
    8 -6.7500590405016206e-07   3  1  2  0  2  0  0
    8 -3.4293646331353110e-08   2  2  2  0  2  0  0
    8 -1.6526125867412432e-07   1  3  2  0  2  0  0
    8  4.9292140126478112e-07   0  4  2  0  2  0  0
    8 -3.8412479201461351e-09   2  0  4  0  2  0  0
    8 -3.2411927768942549e-09   1  1  4  0  2  0  0
    8  1.3217572616258732e-08   0  2  4  0  2  0  0
    8  1.5975168663503487e-10   0  0  6  0  2  0  0
    8  2.1069588473500821e-07   4  0  1  1  2  0  0
    8  6.0715900172978031e-08   3  1  1  1  2  0  0
    8 -6.0042783567748752e-08   2  2  1  1  2  0  0
    8  6.0715900172978031e-08   1  3  1  1  2  0  0
    8  2.1069588473500821e-07   0  4  1  1  2  0  0
    8 -1.4898106333737328e-09   2  0  3  1  2  0  0
    8  1.1524836246341401e-08   1  1  3  1  2  0  0
    8 -8.2282040288581658e-09   0  2  3  1  2  0  0
    8  1.5881601098137640e-10   0  0  5  1  2  0  0
    8  4.9292140126478112e-07   4  0  0  2  2  0  0
    8 -1.6526125867412432e-07   3  1  0  2  2  0  0
    8 -3.4293646331353110e-08   2  2  0  2  2  0  0
    8 -6.7500590405016206e-07   1  3  0  2  2  0  0
    8 -2.3926617838105588e-06   0  4  0  2  2  0  0
    8  8.8243561030975676e-09   2  0  2  2  2  0  0
    8 -1.3285345332642131e-08   1  1  2  2  2  0  0
    8  8.8243561030975676e-09   0  2  2  2  2  0  0
    8  4.4721570104123139e-10   0  0  4  2  2  0  0
    8 -8.2282040288581658e-09   2  0  1  3  2  0  0
    8  1.1524836246341401e-08   1  1  1  3  2  0  0
    8 -1.4898106333737328e-09   0  2  1  3  2  0  0
    8 -9.7138411472025149e-10   0  0  3  3  2  0  0
    8  1.3217572616258732e-08   2  0  0  4  2  0  0
    8 -3.2411927768942549e-09   1  1  0  4  2  0  0
    8 -3.8412479201461351e-09   0  2  0  4  2  0  0
    8  4.4721570104123139e-10   0  0  2  4  2  0  0
    8  1.5881601098137640e-10   0  0  1  5  2  0  0
    8  1.5975168663503487e-10   0  0  0  6  2  0  0
    8  8.8443013622091064e-07   5  0  0  0  3  0  0
    8 -3.3394419522356366e-07   4  1  0  0  3  0  0
    8  1.1899092048430097e-07   3  2  0  0  3  0  0
    8  1.1899092048430097e-07   2  3  0  0  3  0  0
    8 -3.3394419522356366e-07   1  4  0  0  3  0  0
    8  8.8443013622091064e-07   0  5  0  0  3  0  0
    8  2.1649278099950073e-08   3  0  2  0  3  0  0
    8 -7.6628946936291228e-09   2  1  2  0  3  0  0
    8 -3.3618191918199625e-08   1  2  2  0  3  0  0
    8  3.0615122574262020e-08   0  3  2  0  3  0  0
    8 -1.7996651930117643e-09   1  0  4  0  3  0  0
    8 -2.5082687813586719e-09   0  1  4  0  3  0  0
    8 -2.2510240683732712e-09   3  0  1  1  3  0  0
    8  5.6784002925676484e-08   2  1  1  1  3  0  0
    8  5.6784002925676484e-08   1  2  1  1  3  0  0
    8 -2.2510240683732712e-09   0  3  1  1  3  0  0
    8 -2.2094792982811558e-09   1  0  3  1  3  0  0
    8 -3.9470970042322741e-10   0  1  3  1  3  0  0
    8  3.0615122574262020e-08   3  0  0  2  3  0  0
    8 -3.3618191918199625e-08   2  1  0  2  3  0  0
    8 -7.6628946936291228e-09   1  2  0  2  3  0  0
    8  2.1649278099950073e-08   0  3  0  2  3  0  0
    8  8.8078303114315127e-09   1  0  2  2  3  0  0
    8  8.8078303114315127e-09   0  1  2  2  3  0  0
    8 -3.9470970042322741e-10   1  0  1  3  3  0  0
    8 -2.2094792982811558e-09   0  1  1  3  3  0  0
    8 -2.5082687813586719e-09   1  0  0  4  3  0  0
    8 -1.7996651930117643e-09   0  1  0  4  3  0  0
    8  1.5434267985995677e-08   4  0  0  0  4  0  0
    8 -2.9362911414612669e-08   3  1  0  0  4  0  0
    8 -6.9373283467102502e-08   2  2  0  0  4  0  0
    8 -2.9362911414612669e-08   1  3  0  0  4  0  0
    8  1.5434267985995677e-08   0  4  0  0  4  0  0
    8  2.8833739967896030e-10   2  0  2  0  4  0  0
    8  2.2607727029289389e-08   1  1  2  0  4  0  0
    8 -1.0669315813774087e-08   0  2  2  0  4  0  0
    8  8.6386437894124032e-11   0  0  4  0  4  0  0
    8 -1.1501593754279247e-08   2  0  1  1  4  0  0
    8 -5.9973600911277111e-08   1  1  1  1  4  0  0
    8 -1.1501593754279247e-08   0  2  1  1  4  0  0
    8  1.4346796270794011e-09   0  0  3  1  4  0  0
    8 -1.0669315813774087e-08   2  0  0  2  4  0  0
    8  2.2607727029289389e-08   1  1  0  2  4  0  0
    8  2.8833739967896030e-10   0  2  0  2  4  0  0
    8 -2.4556051550127555e-09   0  0  2  2  4  0  0
    8  1.4346796270794011e-09   0  0  1  3  4  0  0
    8  8.6386437894124032e-11   0  0  0  4  4  0  0
    8 -1.3674937004809928e-08   3  0  0  0  5  0  0
    8  7.1568425622540711e-08   2  1  0  0  5  0  0
    8  7.1568425622540711e-08   1  2  0  0  5  0  0
    8 -1.3674937004809928e-08   0  3  0  0  5  0  0
    8 -1.0528168262527073e-08   1  0  2  0  5  0  0
    8 -2.2715103017134110e-09   0  1  2  0  5  0  0
    8  6.3874627358139607e-09   1  0  1  1  5  0  0
    8  6.3874627358139607e-09   0  1  1  1  5  0  0
    8 -2.2715103017134110e-09   1  0  0  2  5  0  0
    8 -1.0528168262527073e-08   0  1  0  2  5  0  0
    8 -3.8631638745389809e-09   2  0  0  0  6  0  0
    8 -7.2437142946682510e-08   1  1  0  0  6  0  0
    8 -3.8631638745389809e-09   0  2  0  0  6  0  0
    8 -3.3067751462275052e-09   0  0  2  0  6  0  0
    8 -8.5753351531312914e-09   0  0  1  1  6  0  0
    8 -3.3067751462275052e-09   0  0  0  2  6  0  0
    8 -3.8745042914310892e-23   1  0  0  0  7  0  0
    8 -3.8745042914310892e-23   0  1  0  0  7  0  0
    8 -6.1015303479033526e-09   0  0  0  0  8  0  0
 -661  0.0000000000000000e+00   0  0  0  0  0  0  0

tpsa, NO = 8, NV = 7, INA = 50240
------------------------------------------------------------------

   |I|         a                i  i  i  i  i  i  i
                I                1  2  3  4  5  6  7

    2 -2.7354072178554951e-10   1  1  0  0  0  0  0
    2 -7.4002862205874734e-11   0  0  1  1  0  0  0
    2  7.7570662742209518e-09   0  0  0  0  2  0  0
    3 -7.0052453626778081e-14   3  0  0  0  0  0  0
    3 -1.1075585058182921e-13   2  1  0  0  0  0  0
    3 -1.1075585058182921e-13   1  2  0  0  0  0  0
    3 -7.0052453626778081e-14   0  3  0  0  0  0  0
    3  1.7060424720500864e-13   1  0  2  0  0  0  0
    3 -1.4008162705499376e-15   0  1  2  0  0  0  0
    3 -2.2600247025202155e-14   1  0  1  1  0  0  0
    3 -2.2600247025202155e-14   0  1  1  1  0  0  0
    3 -1.4008162705499376e-15   1  0  0  2  0  0  0
    3  1.7060424720500864e-13   0  1  0  2  0  0  0
    3 -7.3076355575937460e-13   2  0  0  0  1  0  0
    3 -1.5831558780712536e-13   1  1  0  0  1  0  0
    3 -7.3076355575937460e-13   0  2  0  0  1  0  0
    3  1.6470026092700277e-13   0  0  2  0  1  0  0
    3 -1.1100154712426013e-13   0  0  1  1  1  0  0
    3  1.6470026092700277e-13   0  0  0  2  1  0  0
    3 -1.7647036720676773e-12   0  0  0  0  3  0  0
    4 -1.5537493667521168e-16   4  0  0  0  0  0  0
    4 -3.2002219783182902e-17   3  1  0  0  0  0  0
    4 -1.5609008681392705e-16   2  2  0  0  0  0  0
    4 -3.2002219783182902e-17   1  3  0  0  0  0  0
    4 -1.5537493667521168e-16   0  4  0  0  0  0  0
    4 -7.1051474417459116e-17   2  0  2  0  0  0  0
    4  7.6047949174800375e-17   1  1  2  0  0  0  0
    4 -1.8746181677521648e-17   0  2  2  0  0  0  0
    4  2.4650877884864540e-17   0  0  4  0  0  0  0
    4 -1.2540256377356708e-16   2  0  1  1  0  0  0
    4 -3.5556078906233277e-16   1  1  1  1  0  0  0
    4 -1.2540256377356708e-16   0  2  1  1  0  0  0
    4 -2.9203100946930593e-17   0  0  3  1  0  0  0
    4 -1.8746181677521648e-17   2  0  0  2  0  0  0
    4  7.6047949174800375e-17   1  1  0  2  0  0  0
    4 -7.1051474417459116e-17   0  2  0  2  0  0  0
    4 -3.1499812982247986e-17   0  0  2  2  0  0  0
    4 -2.9203100946930593e-17   0  0  1  3  0  0  0
    4  2.4650877884864540e-17   0  0  0  4  0  0  0
    4  2.8000336629396075e-16   3  0  0  0  1  0  0
    4 -2.0797315979757936e-15   2  1  0  0  1  0  0
    4 -2.0797315979757936e-15   1  2  0  0  1  0  0
    4  2.8000336629396075e-16   0  3  0  0  1  0  0
    4 -2.9708793879533791e-17   1  0  2  0  1  0  0
    4  4.0539815405531602e-16   0  1  2  0  1  0  0
    4 -8.8630167793567656e-16   1  0  1  1  1  0  0
    4 -8.8630167793567656e-16   0  1  1  1  1  0  0
    4  4.0539815405531602e-16   1  0  0  2  1  0  0
    4 -2.9708793879533791e-17   0  1  0  2  1  0  0
    4 -8.1296587052221005e-15   2  0  0  0  2  0  0
    4 -1.9166035050583996e-15   1  1  0  0  2  0  0
    4 -8.1296587052221005e-15   0  2  0  0  2  0  0
    4  4.1604041943886631e-15   0  0  2  0  2  0  0
    4  1.2035245960819120e-16   0  0  1  1  2  0  0
    4  4.1604041943886631e-15   0  0  0  2  2  0  0
    4  1.6970359502477936e-13   0  0  0  0  4  0  0
    5  8.0952238691539737e-19   5  0  0  0  0  0  0
    5 -3.2100003015954521e-19   4  1  0  0  0  0  0
    5 -2.0015261299250619e-20   3  2  0  0  0  0  0
    5 -2.0015261299250619e-20   2  3  0  0  0  0  0
    5 -3.2100003015954521e-19   1  4  0  0  0  0  0
    5  8.0952238691539737e-19   0  5  0  0  0  0  0
    5  1.8375893811439568e-19   3  0  2  0  0  0  0
    5  3.5051210758007281e-21   2  1  2  0  0  0  0
    5  3.4787383190527586e-20   1  2  2  0  0  0  0
    5  9.2978345166073512e-20   0  3  2  0  0  0  0
    5 -7.6301817153128031e-20   1  0  4  0  0  0  0
    5  4.1316223413718939e-21   0  1  4  0  0  0  0
    5 -7.0483320122761991e-20   3  0  1  1  0  0  0
    5  3.1978649821789814e-19   2  1  1  1  0  0  0
    5  3.1978649821789814e-19   1  2  1  1  0  0  0
    5 -7.0483320122761991e-20   0  3  1  1  0  0  0
    5  9.3487068327781237e-21   1  0  3  1  0  0  0
    5 -3.0870385326730414e-20   0  1  3  1  0  0  0
    5  9.2978345166073512e-20   3  0  0  2  0  0  0
    5  3.4787383190527586e-20   2  1  0  2  0  0  0
    5  3.5051210758007281e-21   1  2  0  2  0  0  0
    5  1.8375893811439568e-19   0  3  0  2  0  0  0
    5  1.7514033241718156e-19   1  0  2  2  0  0  0
    5  1.7514033241718156e-19   0  1  2  2  0  0  0
    5 -3.0870385326730414e-20   1  0  1  3  0  0  0
    5  9.3487068327781237e-21   0  1  1  3  0  0  0
    5  4.1316223413718939e-21   1  0  0  4  0  0  0
    5 -7.6301817153128031e-20   0  1  0  4  0  0  0
    5 -3.0060304261317699e-18   4  0  0  0  1  0  0
    5 -8.8284409600804350e-19   3  1  0  0  1  0  0
    5  2.3101597815206938e-18   2  2  0  0  1  0  0
    5 -8.8284409600804350e-19   1  3  0  0  1  0  0
    5 -3.0060304261317699e-18   0  4  0  0  1  0  0
    5  6.7716046780838294e-19   2  0  2  0  1  0  0
    5 -1.5770126439953340e-19   1  1  2  0  1  0  0
    5 -1.7774982899765763e-19   0  2  2  0  1  0  0
    5 -1.7751453149495195e-19   0  0  4  0  1  0  0
    5 -3.0461295948127622e-19   2  0  1  1  1  0  0
    5 -6.6577734686391950e-19   1  1  1  1  1  0  0
    5 -3.0461295948127622e-19   0  2  1  1  1  0  0
    5  7.8082435923288721e-20   0  0  3  1  1  0  0
    5 -1.7774982899765763e-19   2  0  0  2  1  0  0
    5 -1.5770126439953340e-19   1  1  0  2  1  0  0
    5  6.7716046780838294e-19   0  2  0  2  1  0  0
    5  3.2334428573861075e-19   0  0  2  2  1  0  0
    5  7.8082435923288721e-20   0  0  1  3  1  0  0
    5 -1.7751453149495195e-19   0  0  0  4  1  0  0
    5  5.0039139057220277e-18   3  0  0  0  2  0  0
    5 -2.6129324086385427e-17   2  1  0  0  2  0  0
    5 -2.6129324086385427e-17   1  2  0  0  2  0  0
    5  5.0039139057220277e-18   0  3  0  0  2  0  0
    5 -7.5452927317774420e-19   1  0  2  0  2  0  0
    5  8.5582678647066305e-19   0  1  2  0  2  0  0
    5 -1.0943175784336314e-17   1  0  1  1  2  0  0
    5 -1.0943175784336314e-17   0  1  1  1  2  0  0
    5  8.5582678647066305e-19   1  0  0  2  2  0  0
    5 -7.5452927317774420e-19   0  1  0  2  2  0  0
    5  4.5220368011716186e-18   2  0  0  0  3  0  0
    5 -1.0505058727875862e-17   1  1  0  0  3  0  0
    5  4.5220368011716186e-18   0  2  0  0  3  0  0
    5 -2.5855973346576490e-17   0  0  2  0  3  0  0
    5 -3.2078230778385307e-17   0  0  1  1  3  0  0
    5 -2.5855973346576490e-17   0  0  0  2  3  0  0
    5 -1.1589517758937700e-15   0  0  0  0  5  0  0
    6 -1.6029963810907165e-21   6  0  0  0  0  0  0
    6  3.4330426097645381e-21   5  1  0  0  0  0  0
    6  7.6635261113148655e-22   4  2  0  0  0  0  0
    6 -1.4085048464417486e-21   3  3  0  0  0  0  0
    6  7.6635261113148655e-22   2  4  0  0  0  0  0
    6  3.4330426097645381e-21   1  5  0  0  0  0  0
    6 -1.6029963810907165e-21   0  6  0  0  0  0  0
    6 -5.7971783713474592e-21   4  0  2  0  0  0  0
    6 -2.5789652134620356e-22   3  1  2  0  0  0  0
    6  1.1383132604218334e-22   2  2  2  0  0  0  0
    6  2.3336302997643556e-22   1  3  2  0  0  0  0
    6 -1.5017492831045596e-21   0  4  2  0  0  0  0
    6  2.1187460936051391e-22   2  0  4  0  0  0  0
    6 -2.3588164294182059e-23   1  1  4  0  0  0  0
    6 -8.1220988783099731e-24   0  2  4  0  0  0  0
    6 -1.5670066224571770e-23   0  0  6  0  0  0  0
    6 -1.4163905108122312e-22   4  0  1  1  0  0  0
    6 -6.0721236251405567e-22   3  1  1  1  0  0  0
    6 -4.8149056153008191e-22   2  2  1  1  0  0  0
    6 -6.0721236251405567e-22   1  3  1  1  0  0  0
    6 -1.4163905108122312e-22   0  4  1  1  0  0  0
    6 -1.3908172435474257e-22   2  0  3  1  0  0  0
    6  5.2470128742275509e-23   1  1  3  1  0  0  0
    6  8.6002047367976190e-23   0  2  3  1  0  0  0
    6  6.8290222431494841e-24   0  0  5  1  0  0  0
    6 -1.5017492831045596e-21   4  0  0  2  0  0  0
    6  2.3336302997643556e-22   3  1  0  2  0  0  0
    6  1.1383132604218334e-22   2  2  0  2  0  0  0
    6 -2.5789652134620356e-22   1  3  0  2  0  0  0
    6 -5.7971783713474592e-21   0  4  0  2  0  0  0
    6 -2.2415195017789965e-22   2  0  2  2  0  0  0
    6 -3.0601637268194119e-22   1  1  2  2  0  0  0
    6 -2.2415195017789965e-22   0  2  2  2  0  0  0
    6  4.6553279104061051e-23   0  0  4  2  0  0  0
    6  8.6002047367976190e-23   2  0  1  3  0  0  0
    6  5.2470128742275509e-23   1  1  1  3  0  0  0
    6 -1.3908172435474257e-22   0  2  1  3  0  0  0
    6 -9.8746326057155363e-23   0  0  3  3  0  0  0
    6 -8.1220988783099731e-24   2  0  0  4  0  0  0
    6 -2.3588164294182059e-23   1  1  0  4  0  0  0
    6  2.1187460936051391e-22   0  2  0  4  0  0  0
    6  4.6553279104061051e-23   0  0  2  4  0  0  0
    6  6.8290222431494841e-24   0  0  1  5  0  0  0
    6 -1.5670066224571770e-23   0  0  0  6  0  0  0
    6  3.8833926667499568e-20   5  0  0  0  1  0  0
    6 -2.2301964146340639e-21   4  1  0  0  1  0  0
    6  5.8112643935049307e-22   3  2  0  0  1  0  0
    6  5.8112643935049307e-22   2  3  0  0  1  0  0
    6 -2.2301964146340639e-21   1  4  0  0  1  0  0
    6  3.8833926667499568e-20   0  5  0  0  1  0  0
    6 -2.1471481446660077e-21   3  0  2  0  1  0  0
    6 -1.2316524107374459e-21   2  1  2  0  1  0  0
    6  4.7303726285135271e-22   1  2  2  0  1  0  0
    6  4.0297211209117221e-21   0  3  2  0  1  0  0
    6  3.2046943788510141e-22   1  0  4  0  1  0  0
    6 -2.7967107259124862e-22   0  1  4  0  1  0  0
    6 -3.3957299940449702e-21   3  0  1  1  1  0  0
    6  2.7022435729717251e-22   2  1  1  1  1  0  0
    6  2.7022435729717251e-22   1  2  1  1  1  0  0
    6 -3.3957299940449702e-21   0  3  1  1  1  0  0
    6 -8.8832513538092672e-23   1  0  3  1  1  0  0
    6  6.5682517551342555e-22   0  1  3  1  1  0  0
    6  4.0297211209117221e-21   3  0  0  2  1  0  0
    6  4.7303726285135271e-22   2  1  0  2  1  0  0
    6 -1.2316524107374459e-21   1  2  0  2  1  0  0
    6 -2.1471481446660077e-21   0  3  0  2  1  0  0
    6 -1.0364180679689653e-21   1  0  2  2  1  0  0
    6 -1.0364180679689653e-21   0  1  2  2  1  0  0
    6  6.5682517551342555e-22   1  0  1  3  1  0  0
    6 -8.8832513538092672e-23   0  1  1  3  1  0  0
    6 -2.7967107259124862e-22   1  0  0  4  1  0  0
    6  3.2046943788510141e-22   0  1  0  4  1  0  0
    6  1.2037599492968074e-19   4  0  0  0  2  0  0
    6 -3.6427358393170818e-20   3  1  0  0  2  0  0
    6 -7.6674838904682863e-20   2  2  0  0  2  0  0
    6 -3.6427358393170818e-20   1  3  0  0  2  0  0
    6  1.2037599492968074e-19   0  4  0  0  2  0  0
    6  9.4369478794312332e-21   2  0  2  0  2  0  0
    6  8.8766845671375191e-21   1  1  2  0  2  0  0
    6 -7.8521427178199949e-21   0  2  2  0  2  0  0
    6 -1.5150434795315465e-21   0  0  4  0  2  0  0
    6  1.3949479539331752e-20   2  0  1  1  2  0  0
    6  3.7156998911543939e-21   1  1  1  1  2  0  0
    6  1.3949479539331752e-20   0  2  1  1  2  0  0
    6  1.8902857399726582e-22   0  0  3  1  2  0  0
    6 -7.8521427178199949e-21   2  0  0  2  2  0  0
    6  8.8766845671375191e-21   1  1  0  2  2  0  0
    6  9.4369478794312332e-21   0  2  0  2  2  0  0
    6  6.1624470070080352e-21   0  0  2  2  2  0  0
    6  1.8902857399726582e-22   0  0  1  3  2  0  0
    6 -1.5150434795315465e-21   0  0  0  4  2  0  0
    6 -3.1391304500981137e-19   3  0  0  0  3  0  0
    6  5.8433255211757883e-19   2  1  0  0  3  0  0
    6  5.8433255211757883e-19   1  2  0  0  3  0  0
    6 -3.1391304500981137e-19   0  3  0  0  3  0  0
    6  1.8913873719325293e-20   1  0  2  0  3  0  0
    6 -1.4843337292384214e-20   0  1  2  0  3  0  0
    6  1.2881869056396189e-19   1  0  1  1  3  0  0
    6  1.2881869056396189e-19   0  1  1  1  3  0  0
    6 -1.4843337292384214e-20   1  0  0  2  3  0  0
    6  1.8913873719325293e-20   0  1  0  2  3  0  0
    6 -2.2313188259579697e-20   2  0  0  0  4  0  0
    6 -2.8396296725131215e-18   1  1  0  0  4  0  0
    6 -2.2313188259579697e-20   0  2  0  0  4  0  0
    6  1.7239679882838020e-21   0  0  2  0  4  0  0
    6 -1.0007097391464803e-20   0  0  1  1  4  0  0
    6  1.7239679882838020e-21   0  0  0  2  4  0  0
    6 -2.1014003619853287e-18   0  0  0  0  6  0  0
    7  2.6447650780464983e-24   7  0  0  0  0  0  0
    7 -4.2124701382034486e-24   6  1  0  0  0  0  0
    7  3.6678870746971780e-24   5  2  0  0  0  0  0
    7  5.8885969718826946e-24   4  3  0  0  0  0  0
    7  5.8885969718826946e-24   3  4  0  0  0  0  0
    7  3.6678870746971780e-24   2  5  0  0  0  0  0
    7 -4.2124701382034486e-24   1  6  0  0  0  0  0
    7  2.6447650780464983e-24   0  7  0  0  0  0  0
    7  1.0462688907237770e-23   5  0  2  0  0  0  0
    7 -1.6155830481798846e-23   4  1  2  0  0  0  0
    7 -5.9272716697723033e-24   3  2  2  0  0  0  0
    7 -8.7500233988410581e-25   2  3  2  0  0  0  0
    7 -4.8466758414835058e-24   1  4  2  0  0  0  0
    7  4.1616068140221913e-24   0  5  2  0  0  0  0
    7 -4.5512889904182102e-24   3  0  4  0  0  0  0
    7  2.7472201118704434e-25   2  1  4  0  0  0  0
    7 -1.2114863785572927e-25   1  2  4  0  0  0  0
    7  1.1061477881529790e-24   0  3  4  0  0  0  0
    7 -6.0643206261789228e-24   5  0  1  1  0  0  0
    7  1.4809287861568369e-23   4  1  1  1  0  0  0
    7 -1.1817410407045381e-24   3  2  1  1  0  0  0
    7 -1.1817410407045381e-24   2  3  1  1  0  0  0
    7  1.4809287861568369e-23   1  4  1  1  0  0  0
    7 -6.0643206261789228e-24   0  5  1  1  0  0  0
    7 -1.7750876863553469e-24   3  0  3  1  0  0  0
    7  4.7852454461132260e-25   1  2  3  1  0  0  0
    7 -1.2370065777828545e-25   0  3  3  1  0  0  0
    7  4.1616068140221913e-24   5  0  0  2  0  0  0
    7 -4.8466758414835058e-24   4  1  0  2  0  0  0
    7 -8.7500233988410581e-25   3  2  0  2  0  0  0
    7 -5.9272716697723033e-24   2  3  0  2  0  0  0
    7 -1.6155830481798846e-23   1  4  0  2  0  0  0
    7  1.0462688907237770e-23   0  5  0  2  0  0  0
    7  8.5500619085437919e-24   3  0  2  2  0  0  0
    7  8.5500619085437919e-24   0  3  2  2  0  0  0
    7 -1.2370065777828545e-25   3  0  1  3  0  0  0
    7  4.7852454461132260e-25   2  1  1  3  0  0  0
    7 -1.7750876863553469e-24   0  3  1  3  0  0  0
    7  1.1061477881529790e-24   3  0  0  4  0  0  0
    7 -1.2114863785572927e-25   2  1  0  4  0  0  0
    7  2.7472201118704434e-25   1  2  0  4  0  0  0
    7 -4.5512889904182102e-24   0  3  0  4  0  0  0
    7 -7.0493177043429015e-23   6  0  0  0  1  0  0
    7  1.6683541016096647e-22   5  1  0  0  1  0  0
    7  7.2075578152571549e-23   4  2  0  0  1  0  0
    7 -8.6939608401438904e-25   3  3  0  0  1  0  0
    7  7.2075578152571549e-23   2  4  0  0  1  0  0
    7  1.6683541016096647e-22   1  5  0  0  1  0  0
    7 -7.0493177043429015e-23   0  6  0  0  1  0  0
    7 -3.4324554430865611e-22   4  0  2  0  1  0  0
    7 -5.8607517881405264e-23   3  1  2  0  1  0  0
    7 -1.1109411477284462e-24   2  2  2  0  1  0  0
    7 -4.5941368506170723e-24   1  3  2  0  1  0  0
    7 -7.0591503437802831e-23   0  4  2  0  1  0  0
    7 -1.8738813644313722e-24   2  0  4  0  1  0  0
    7 -2.0773967093893350e-24   0  2  4  0  1  0  0
    7  1.0177739973213972e-25   0  0  6  0  1  0  0
    7  1.7803524865150621e-23   4  0  1  1  1  0  0
    7 -7.6789742706372984e-24   3  1  1  1  1  0  0
    7  5.6576072770682587e-24   2  2  1  1  1  0  0
    7 -7.6789742706372984e-24   1  3  1  1  1  0  0
    7  1.7803524865150621e-23   0  4  1  1  1  0  0
    7  5.0356782475052119e-25   2  0  3  1  1  0  0
    7  6.4883546661759270e-25   1  1  3  1  1  0  0
    7  2.3307829709113491e-24   0  2  3  1  1  0  0
    7 -7.0591503437802831e-23   4  0  0  2  1  0  0
    7 -4.5941368506170723e-24   3  1  0  2  1  0  0
    7 -1.1109411477284462e-24   2  2  0  2  1  0  0
    7 -5.8607517881405264e-23   1  3  0  2  1  0  0
    7 -3.4324554430865611e-22   0  4  0  2  1  0  0
    7  1.1092030820168809e-24   2  0  2  2  1  0  0
    7 -7.5311113510323628e-25   1  1  2  2  1  0  0
    7  1.1092030820168809e-24   0  2  2  2  1  0  0
    7 -3.5499169764620203e-25   0  0  4  2  1  0  0
    7  2.3307829709113491e-24   2  0  1  3  1  0  0
    7  6.4883546661759270e-25   1  1  1  3  1  0  0
    7  5.0356782475052119e-25   0  2  1  3  1  0  0
    7  6.9159753674570796e-25   0  0  3  3  1  0  0
    7 -2.0773967093893350e-24   2  0  0  4  1  0  0
    7 -1.8738813644313722e-24   0  2  0  4  1  0  0
    7 -3.5499169764620203e-25   0  0  2  4  1  0  0
    7  1.0177739973213972e-25   0  0  0  6  1  0  0
    7 -1.7659014063335560e-21   5  0  0  0  2  0  0
    7  8.6505185178491281e-22   4  1  0  0  2  0  0
    7 -1.0067191260030493e-22   3  2  0  0  2  0  0
    7 -1.0067191260030493e-22   2  3  0  0  2  0  0
    7  8.6505185178491281e-22   1  4  0  0  2  0  0
    7 -1.7659014063335560e-21   0  5  0  0  2  0  0
    7 -5.6473220792464887e-23   3  0  2  0  2  0  0
    7  1.2414232336282099e-23   2  1  2  0  2  0  0
    7  3.9927797948274696e-23   1  2  2  0  2  0  0
    7 -1.3964751126654744e-22   0  3  2  0  2  0  0
    7  5.4992627270018355e-24   1  0  4  0  2  0  0
    7  3.9254804100284140e-24   0  1  4  0  2  0  0
    7  4.4607469908892802e-23   3  0  1  1  2  0  0
    7 -1.3094866170011014e-22   2  1  1  1  2  0  0
    7 -1.3094866170011014e-22   1  2  1  1  2  0  0
    7  4.4607469908892802e-23   0  3  1  1  2  0  0
    7  3.6047889506820644e-24   1  0  3  1  2  0  0
    7  2.1561109596002023e-24   0  1  3  1  2  0  0
    7 -1.3964751126654744e-22   3  0  0  2  2  0  0
    7  3.9927797948274696e-23   2  1  0  2  2  0  0
    7  1.2414232336282099e-23   1  2  0  2  2  0  0
    7 -5.6473220792464887e-23   0  3  0  2  2  0  0
    7 -2.0506044477466702e-23   1  0  2  2  2  0  0
    7 -2.0506044477466702e-23   0  1  2  2  2  0  0
    7  2.1561109596002023e-24   1  0  1  3  2  0  0
    7  3.6047889506820644e-24   0  1  1  3  2  0  0
    7  3.9254804100284140e-24   1  0  0  4  2  0  0
    7  5.4992627270018355e-24   0  1  0  4  2  0  0
    7 -1.0273750897528819e-21   4  0  0  0  3  0  0
    7  9.5082081134824365e-22   3  1  0  0  3  0  0
    7  1.3662103353250020e-21   2  2  0  0  3  0  0
    7  9.5082081134824365e-22   1  3  0  0  3  0  0
    7 -1.0273750897528819e-21   0  4  0  0  3  0  0
    7 -2.1398126747171825e-22   2  0  2  0  3  0  0
    7 -3.3341443528566484e-22   1  1  2  0  3  0  0
    7  2.8398710897453277e-22   0  2  2  0  3  0  0
    7  1.5111122027803185e-23   0  0  4  0  3  0  0
    7 -1.1223839749889741e-22   2  0  1  1  3  0  0
    7  4.1267925132364769e-22   1  1  1  1  3  0  0
    7 -1.1223839749889741e-22   0  2  1  1  3  0  0
    7  4.2313403688520739e-24   0  0  3  1  3  0  0
    7  2.8398710897453277e-22   2  0  0  2  3  0  0
    7 -3.3341443528566484e-22   1  1  0  2  3  0  0
    7 -2.1398126747171825e-22   0  2  0  2  3  0  0
    7 -8.6733619832899027e-23   0  0  2  2  3  0  0
    7  4.2313403688520739e-24   0  0  1  3  3  0  0
    7  1.5111122027803185e-23   0  0  0  4  3  0  0
    7  4.3964150684523433e-21   3  0  0  0  4  0  0
    7 -1.1411964905144898e-20   2  1  0  0  4  0  0
    7 -1.1411964905144898e-20   1  2  0  0  4  0  0
    7  4.3964150684523433e-21   0  3  0  0  4  0  0
    7  6.1216848627593106e-22   1  0  2  0  4  0  0
    7  2.2642893635110729e-22   0  1  2  0  4  0  0
    7 -8.3172973906747559e-22   1  0  1  1  4  0  0
    7 -8.3172973906747559e-22   0  1  1  1  4  0  0
    7  2.2642893635110729e-22   1  0  0  2  4  0  0
    7  6.1216848627593106e-22   0  1  0  2  4  0  0
    7  2.7541316914122602e-21   2  0  0  0  5  0  0
    7  6.8658773945381744e-20   1  1  0  0  5  0  0
    7  2.7541316914122602e-21   0  2  0  0  5  0  0
    7  1.8566596093546901e-21   0  0  2  0  5  0  0
    7  6.6890502491272036e-21   0  0  1  1  5  0  0
    7  1.8566596093546901e-21   0  0  0  2  5  0  0
    7  1.9366301728640547e-19   0  0  0  0  7  0  0
    8  1.9823018072293461e-25   5  1  2  0  0  0  0
    8  1.0458553396191549e-25   4  0  3  1  0  0  0
    8  1.9823018072293461e-25   1  5  0  2  0  0  0
    8  1.0458553396191549e-25   0  4  1  3  0  0  0
    8  1.4375177101156068e-25   7  0  0  0  1  0  0
    8  4.1480732365048326e-25   6  1  0  0  1  0  0
    8  2.5293374841504240e-25   5  2  0  0  1  0  0
    8  4.2043135424215532e-25   4  3  0  0  1  0  0
    8  4.2043135424215532e-25   3  4  0  0  1  0  0
    8  2.5293374841504240e-25   2  5  0  0  1  0  0
    8  4.1480732365048326e-25   1  6  0  0  1  0  0
    8  1.4375177101156068e-25   0  7  0  0  1  0  0
    8  6.6248003649512725e-25   5  0  2  0  1  0  0
    8 -1.1596598822483997e-24   4  1  2  0  1  0  0
    8 -5.2992005436444294e-25   3  2  2  0  1  0  0
    8 -1.5034633127756611e-25   2  3  2  0  1  0  0
    8 -2.4963866719284503e-25   1  4  2  0  1  0  0
    8  2.3805230495678208e-25   0  5  2  0  1  0  0
    8 -2.6516638321191512e-25   3  0  4  0  1  0  0
    8  2.2357059824244395e-25   5  0  1  1  1  0  0
    8  8.1558739238530825e-25   4  1  1  1  1  0  0
    8  1.5275462515311358e-25   3  2  1  1  1  0  0
    8  1.5275462515311358e-25   2  3  1  1  1  0  0
    8  8.1558739238530825e-25   1  4  1  1  1  0  0
    8  2.2357059824244395e-25   0  5  1  1  1  0  0
    8 -1.3105741457196811e-25   3  0  3  1  1  0  0
    8  2.3805230495678208e-25   5  0  0  2  1  0  0
    8 -2.4963866719284503e-25   4  1  0  2  1  0  0
    8 -1.5034633127756611e-25   3  2  0  2  1  0  0
    8 -5.2992005436444294e-25   2  3  0  2  1  0  0
    8 -1.1596598822483997e-24   1  4  0  2  1  0  0
    8  6.6248003649512725e-25   0  5  0  2  1  0  0
    8  4.9845847717632771e-25   3  0  2  2  1  0  0
    8  4.9845847717632771e-25   0  3  2  2  1  0  0
    8 -1.3105741457196811e-25   0  3  1  3  1  0  0
    8 -2.6516638321191512e-25   0  3  0  4  1  0  0
    8  3.0607708261051347e-24   6  0  0  0  2  0  0
    8 -6.9090075864615261e-24   5  1  0  0  2  0  0
    8  2.1739442276620335e-24   3  3  0  0  2  0  0
    8 -6.9090075864615261e-24   1  5  0  0  2  0  0
    8  3.0607708261051347e-24   0  6  0  0  2  0  0
    8 -1.5517852684853545e-23   4  0  2  0  2  0  0
    8 -4.3778198203069310e-24   3  1  2  0  2  0  0
    8 -2.2241495032736325e-25   2  2  2  0  2  0  0
    8 -1.0718187936007854e-24   1  3  2  0  2  0  0
    8  3.1968921565907699e-24   0  4  2  0  2  0  0
    8  1.3664897072981417e-24   4  0  1  1  2  0  0
    8  3.9377917969334900e-25   3  1  1  1  2  0  0
    8 -3.8941361311375437e-25   2  2  1  1  2  0  0
    8  3.9377917969334900e-25   1  3  1  1  2  0  0
    8  1.3664897072981417e-24   0  4  1  1  2  0  0
    8  3.1968921565907699e-24   4  0  0  2  2  0  0
    8 -1.0718187936007854e-24   3  1  0  2  2  0  0
    8 -2.2241495032736325e-25   2  2  0  2  2  0  0
    8 -4.3778198203069310e-24   1  3  0  2  2  0  0
    8 -1.5517852684853545e-23   0  4  0  2  2  0  0
    8  4.5397461282893971e-23   5  0  0  0  3  0  0
    8 -1.7141228065890143e-23   4  1  0  0  3  0  0
    8  6.1077585266188845e-24   3  2  0  0  3  0  0
    8  6.1077585266188845e-24   2  3  0  0  3  0  0
    8 -1.7141228065890143e-23   1  4  0  0  3  0  0
    8  4.5397461282893971e-23   0  5  0  0  3  0  0
    8  9.3049518815919116e-25   3  0  2  0  3  0  0
    8 -3.2935447578776036e-25   2  1  2  0  3  0  0
    8 -1.4449241988613512e-24   1  2  2  0  3  0  0
    8  1.3158510001458355e-24   0  3  2  0  3  0  0
    8  2.4406006169268643e-24   2  1  1  1  3  0  0
    8  2.4406006169268643e-24   1  2  1  1  3  0  0
    8  1.3158510001458355e-24   3  0  0  2  3  0  0
    8 -1.4449241988613512e-24   2  1  0  2  3  0  0
    8 -3.2935447578776036e-25   1  2  0  2  3  0  0
    8  9.3049518815919116e-25   0  3  0  2  3  0  0
    8  3.1698764051208706e-25   1  0  2  2  3  0  0
    8  3.1698764051208706e-25   0  1  2  2  3  0  0
    8  5.2501833678687509e-24   4  0  0  0  4  0  0
    8 -9.9882073630625710e-24   3  1  0  0  4  0  0
    8 -2.3598298238951399e-23   2  2  0  0  4  0  0
    8 -9.9882073630625710e-24   1  3  0  0  4  0  0
    8  5.2501833678687509e-24   0  4  0  0  4  0  0
    8  6.4394387065772201e-24   1  1  2  0  4  0  0
    8 -3.0389788913721159e-24   0  2  2  0  4  0  0
    8 -3.2760395555324686e-24   2  0  1  1  4  0  0
    8 -1.7082492485005543e-23   1  1  1  1  4  0  0
    8 -3.2760395555324686e-24   0  2  1  1  4  0  0
    8  3.4217535145949449e-25   0  0  3  1  4  0  0
    8 -3.0389788913721159e-24   2  0  0  2  4  0  0
    8  6.4394387065772201e-24   1  1  0  2  4  0  0
    8 -5.8566912159527950e-25   0  0  2  2  4  0  0
    8  3.4217535145949449e-25   0  0  1  3  4  0  0
    8 -3.0827206400406449e-23   3  0  0  0  5  0  0
    8  1.6133563376871040e-22   2  1  0  0  5  0  0
    8  1.6133563376871040e-22   1  2  0  0  5  0  0
    8 -3.0827206400406449e-23   0  3  0  0  5  0  0
    8 -1.9873041108303308e-23   1  0  2  0  5  0  0
    8 -4.2877180985564617e-24   0  1  2  0  5  0  0
    8  1.2057017551514454e-23   1  0  1  1  5  0  0
    8  1.2057017551514454e-23   0  1  1  1  5  0  0
    8 -4.2877180985564617e-24   1  0  0  2  5  0  0
    8 -1.9873041108303308e-23   0  1  0  2  5  0  0
    8 -5.7712829578829317e-23   2  0  0  0  6  0  0
    8 -1.0821576877988591e-21   1  1  0  0  6  0  0
    8 -5.7712829578829317e-23   0  2  0  0  6  0  0
    8 -4.1365338165183350e-23   0  0  2  0  6  0  0
    8 -1.0727116988699402e-22   0  0  1  1  6  0  0
    8 -4.1365338165183350e-23   0  0  0  2  6  0  0
    8 -4.0032140612593889e-21   0  0  0  0  8  0  0
 -480  0.0000000000000000e+00   0  0  0  0  0  0  0
