
tpsa, NO = 8, NV = 7, INA = 48089
------------------------------------------------------------------

   |I|         a                i  i  i  i  i  i  i
                I                1  2  3  4  5  6  7

    3  9.7395594875655478e-08   3  0  0  0  0  0  0
    3 -8.5807404767370435e-07   2  1  0  0  0  0  0
    3 -8.5807404767370435e-07   1  2  0  0  0  0  0
    3  9.7395594875655478e-08   0  3  0  0  0  0  0
    3  7.4539456419111622e-07   1  0  2  0  0  0  0
    3 -3.5965065400905077e-08   0  1  2  0  0  0  0
    3 -2.3579748114104814e-07   1  0  1  1  0  0  0
    3 -2.3579748114104814e-07   0  1  1  1  0  0  0
    3 -3.5965065400905077e-08   1  0  0  2  0  0  0
    3  7.4539456419111622e-07   0  1  0  2  0  0  0
    3 -2.3976928449014634e-07   2  0  0  0  1  0  0
    3 -2.5751392292779004e-07   1  1  0  0  1  0  0
    3 -2.3976928449014634e-07   0  2  0  0  1  0  0
    3  1.9766416933361686e-07   0  0  2  0  1  0  0
    3 -2.1562712445159615e-07   0  0  1  1  1  0  0
    3  1.9766416933361686e-07   0  0  0  2  1  0  0
    3  1.3046679368486924e-06   1  0  0  0  2  0  0
    3  1.3046679368486924e-06   0  1  0  0  2  0  0
    3 -6.5359395261764733e-08   0  0  0  0  3  0  0
    4  2.7382464651423177e-08   4  0  0  0  0  0  0
    4  3.6715145100818234e-08   3  1  0  0  0  0  0
    4 -1.3560073716373258e-07   2  2  0  0  0  0  0
    4  3.6715145100818234e-08   1  3  0  0  0  0  0
    4  2.7382464651423177e-08   0  4  0  0  0  0  0
    4  1.9924159017240596e-08   2  0  2  0  0  0  0
    4  2.7465510163647088e-08   1  1  2  0  0  0  0
    4 -1.5775441329222638e-07   0  2  2  0  0  0  0
    4  3.7649864150366631e-08   0  0  4  0  0  0  0
    4 -8.0488278266874315e-08   2  0  1  1  0  0  0
    4 -3.2232717106636848e-07   1  1  1  1  0  0  0
    4 -8.0488278266874315e-08   0  2  1  1  0  0  0
    4 -9.0958022148448718e-08   0  0  3  1  0  0  0
    4 -1.5775441329222638e-07   2  0  0  2  0  0  0
    4  2.7465510163647088e-08   1  1  0  2  0  0  0
    4  1.9924159017240596e-08   0  2  0  2  0  0  0
    4  3.3400586281525670e-08   0  0  2  2  0  0  0
    4 -9.0958022148448718e-08   0  0  1  3  0  0  0
    4  3.7649864150366631e-08   0  0  0  4  0  0  0
    4 -2.4539581952091882e-08   3  0  0  0  1  0  0
    4 -3.0439190132735309e-07   2  1  0  0  1  0  0
    4 -3.0439190132735309e-07   1  2  0  0  1  0  0
    4 -2.4539581952091882e-08   0  3  0  0  1  0  0
    4  6.6720733186391919e-09   1  0  2  0  1  0  0
    4  2.3697237321178935e-08   0  1  2  0  1  0  0
    4 -2.1170282312131838e-07   1  0  1  1  1  0  0
    4 -2.1170282312131838e-07   0  1  1  1  1  0  0
    4  2.3697237321178935e-08   1  0  0  2  1  0  0
    4  6.6720733186391919e-09   0  1  0  2  1  0  0
    4 -2.7245688483432690e-08   2  0  0  0  2  0  0
    4  5.1912443326043028e-07   1  1  0  0  2  0  0
    4 -2.7245688483432690e-08   0  2  0  0  2  0  0
    4  7.7774764826693526e-08   0  0  2  0  2  0  0
    4  7.2674560669564602e-08   0  0  1  1  2  0  0
    4  7.7774764826693526e-08   0  0  0  2  2  0  0
    4 -1.4026246151495743e-07   1  0  0  0  3  0  0
    4 -1.4026246151495743e-07   0  1  0  0  3  0  0
    4  4.6649600246390187e-08   0  0  0  0  4  0  0
    5 -8.3611240670052471e-09   5  0  0  0  0  0  0
    5 -5.7566454054954134e-09   4  1  0  0  0  0  0
    5  6.8250768036502302e-08   3  2  0  0  0  0  0
    5  6.8250768036502302e-08   2  3  0  0  0  0  0
    5 -5.7566454054954134e-09   1  4  0  0  0  0  0
    5 -8.3611240670052471e-09   0  5  0  0  0  0  0
    5 -7.5899358031500320e-08   3  0  2  0  0  0  0
    5 -1.0026414241937081e-07   2  1  2  0  0  0  0
    5  1.7207043357414248e-08   1  2  2  0  0  0  0
    5 -1.7156505284878902e-08   0  3  2  0  0  0  0
    5 -1.3192639402834694e-08   1  0  4  0  0  0  0
    5 -2.5863017537676858e-08   0  1  4  0  0  0  0
    5 -9.6838826045129017e-08   3  0  1  1  0  0  0
    5  2.4121805855635859e-07   2  1  1  1  0  0  0
    5  2.4121805855635859e-07   1  2  1  1  0  0  0
    5 -9.6838826045129017e-08   0  3  1  1  0  0  0
    5 -2.7811882617156662e-08   1  0  3  1  0  0  0
    5 -8.4246453281982748e-09   0  1  3  1  0  0  0
    5 -1.7156505284878902e-08   3  0  0  2  0  0  0
    5  1.7207043357414248e-08   2  1  0  2  0  0  0
    5 -1.0026414241937081e-07   1  2  0  2  0  0  0
    5 -7.5899358031500320e-08   0  3  0  2  0  0  0
    5  2.6197341503308121e-08   1  0  2  2  0  0  0
    5  2.6197341503308121e-08   0  1  2  2  0  0  0
    5 -8.4246453281982748e-09   1  0  1  3  0  0  0
    5 -2.7811882617156662e-08   0  1  1  3  0  0  0
    5 -2.5863017537676858e-08   1  0  0  4  0  0  0
    5 -1.3192639402834694e-08   0  1  0  4  0  0  0
    5  3.9789534129654676e-08   4  0  0  0  1  0  0
    5  9.8793938105637282e-08   3  1  0  0  1  0  0
    5  2.1562907504395668e-07   2  2  0  0  1  0  0
    5  9.8793938105637282e-08   1  3  0  0  1  0  0
    5  3.9789534129654676e-08   0  4  0  0  1  0  0
    5 -1.0889021559873928e-07   2  0  2  0  1  0  0
    5 -1.2775764290502103e-07   1  1  2  0  1  0  0
    5 -8.3239091350230949e-09   0  2  2  0  1  0  0
    5 -3.5055424858653030e-09   0  0  4  0  1  0  0
    5  2.5702236207249662e-08   2  0  1  1  1  0  0
    5  1.0028524665007158e-07   1  1  1  1  1  0  0
    5  2.5702236207249662e-08   0  2  1  1  1  0  0
    5 -1.7727088171390022e-08   0  0  3  1  1  0  0
    5 -8.3239091350230949e-09   2  0  0  2  1  0  0
    5 -1.2775764290502103e-07   1  1  0  2  1  0  0
    5 -1.0889021559873928e-07   0  2  0  2  1  0  0
    5  2.4269359210278539e-08   0  0  2  2  1  0  0
    5 -1.7727088171390022e-08   0  0  1  3  1  0  0
    5 -3.5055424858653030e-09   0  0  0  4  1  0  0
    5  2.2646078367300698e-09   3  0  0  0  2  0  0
    5 -9.6303269481564338e-08   2  1  0  0  2  0  0
    5 -9.6303269481564338e-08   1  2  0  0  2  0  0
    5  2.2646078367300698e-09   0  3  0  0  2  0  0
    5  6.6831744050666424e-08   1  0  2  0  2  0  0
    5 -1.6073837042677636e-08   0  1  2  0  2  0  0
    5  7.7650553937254693e-08   1  0  1  1  2  0  0
    5  7.7650553937254693e-08   0  1  1  1  2  0  0
    5 -1.6073837042677636e-08   1  0  0  2  2  0  0
    5  6.6831744050666424e-08   0  1  0  2  2  0  0
    5 -1.0405235781116707e-07   2  0  0  0  3  0  0
    5  1.6985985418855222e-07   1  1  0  0  3  0  0
    5 -1.0405235781116707e-07   0  2  0  0  3  0  0
    5 -1.0989957430781506e-08   0  0  2  0  3  0  0
    5 -2.0405951317941061e-09   0  0  1  1  3  0  0
    5 -1.0989957430781506e-08   0  0  0  2  3  0  0
    5  2.2521213205202541e-08   1  0  0  0  4  0  0
    5  2.2521213205202541e-08   0  1  0  0  4  0  0
    5  7.0812694802558247e-09   0  0  0  0  5  0  0
    6 -3.1242756162405644e-09   6  0  0  0  0  0  0
    6 -6.4547252721991212e-09   5  1  0  0  0  0  0
    6 -7.9194091215628592e-09   4  2  0  0  0  0  0
    6 -8.3972350423190688e-08   3  3  0  0  0  0  0
    6 -7.9194091215628592e-09   2  4  0  0  0  0  0
    6 -6.4547252721991212e-09   1  5  0  0  0  0  0
    6 -3.1242756162405644e-09   0  6  0  0  0  0  0
    6 -2.6980733271818578e-09   4  0  2  0  0  0  0
    6  7.8504748512965455e-08   3  1  2  0  0  0  0
    6  9.8029341448029240e-08   2  2  2  0  0  0  0
    6 -7.5470133102230232e-09   1  3  2  0  0  0  0
    6 -8.5738359680447558e-09   0  4  2  0  0  0  0
    6 -2.4232313660626524e-08   2  0  4  0  0  0  0
    6  2.7062437220652260e-09   1  1  4  0  0  0  0
    6  6.4680116633162430e-10   0  2  4  0  0  0  0
    6 -1.3242833920057876e-09   0  0  6  0  0  0  0
    6 -1.7536694833076348e-08   4  0  1  1  0  0  0
    6 -3.9172003948214195e-08   3  1  1  1  0  0  0
    6 -1.6998416637638419e-07   2  2  1  1  0  0  0
    6 -3.9172003948214195e-08   1  3  1  1  0  0  0
    6 -1.7536694833076348e-08   0  4  1  1  0  0  0
    6  4.7442995379731804e-08   2  0  3  1  0  0  0
    6  7.5870924781032478e-08   1  1  3  1  0  0  0
    6 -2.9672541620720977e-08   0  2  3  1  0  0  0
    6  1.0203288023117522e-09   0  0  5  1  0  0  0
    6 -8.5738359680447558e-09   4  0  0  2  0  0  0
    6 -7.5470133102230232e-09   3  1  0  2  0  0  0
    6  9.8029341448029240e-08   2  2  0  2  0  0  0
    6  7.8504748512965455e-08   1  3  0  2  0  0  0
    6 -2.6980733271818578e-09   0  4  0  2  0  0  0
    6 -3.8550429499966477e-08   2  0  2  2  0  0  0
    6 -1.0279413776806132e-07   1  1  2  2  0  0  0
    6 -3.8550429499966477e-08   0  2  2  2  0  0  0
    6  7.4237854058106016e-09   0  0  4  2  0  0  0
    6 -2.9672541620720977e-08   2  0  1  3  0  0  0
    6  7.5870924781032478e-08   1  1  1  3  0  0  0
    6  4.7442995379731804e-08   0  2  1  3  0  0  0
    6 -1.9008865271662804e-08   0  0  3  3  0  0  0
    6  6.4680116633162430e-10   2  0  0  4  0  0  0
    6  2.7062437220652260e-09   1  1  0  4  0  0  0
    6 -2.4232313660626524e-08   0  2  0  4  0  0  0
    6  7.4237854058106016e-09   0  0  2  4  0  0  0
    6  1.0203288023117522e-09   0  0  1  5  0  0  0
    6 -1.3242833920057876e-09   0  0  0  6  0  0  0
    6  1.2605107415262737e-08   5  0  0  0  1  0  0
    6 -1.6595990860035487e-08   4  1  0  0  1  0  0
    6  6.5717896464204363e-10   3  2  0  0  1  0  0
    6  6.5717896464204363e-10   2  3  0  0  1  0  0
    6 -1.6595990860035487e-08   1  4  0  0  1  0  0
    6  1.2605107415262737e-08   0  5  0  0  1  0  0
    6  2.3777107624089061e-08   3  0  2  0  1  0  0
    6  8.6764365789632366e-08   2  1  2  0  1  0  0
    6  6.3572942271005913e-08   1  2  2  0  1  0  0
    6  1.6775326796222469e-08   0  3  2  0  1  0  0
    6 -1.3798982196403708e-08   1  0  4  0  1  0  0
    6 -5.3844745470556857e-09   0  1  4  0  1  0  0
    6 -2.7391658165284254e-08   3  0  1  1  1  0  0
    6 -1.1169185167683021e-07   2  1  1  1  1  0  0
    6 -1.1169185167683021e-07   1  2  1  1  1  0  0
    6 -2.7391658165284254e-08   0  3  1  1  1  0  0
    6  2.8126741638524565e-08   1  0  3  1  1  0  0
    6  1.8094321087803087e-08   0  1  3  1  1  0  0
    6  1.6775326796222469e-08   3  0  0  2  1  0  0
    6  6.3572942271005913e-08   2  1  0  2  1  0  0
    6  8.6764365789632366e-08   1  2  0  2  1  0  0
    6  2.3777107624089061e-08   0  3  0  2  1  0  0
    6 -5.7662065498918792e-08   1  0  2  2  1  0  0
    6 -5.7662065498918792e-08   0  1  2  2  1  0  0
    6  1.8094321087803087e-08   1  0  1  3  1  0  0
    6  2.8126741638524565e-08   0  1  1  3  1  0  0
    6 -5.3844745470556857e-09   1  0  0  4  1  0  0
    6 -1.3798982196403708e-08   0  1  0  4  1  0  0
    6 -4.8143504799566218e-08   4  0  0  0  2  0  0
    6 -2.2324557720444036e-08   3  1  0  0  2  0  0
    6 -2.6183306631930798e-07   2  2  0  0  2  0  0
    6 -2.2324557720444036e-08   1  3  0  0  2  0  0
    6 -4.8143504799566218e-08   0  4  0  0  2  0  0
    6  2.8881631314201245e-09   2  0  2  0  2  0  0
    6  5.6467668609101584e-09   1  1  2  0  2  0  0
    6  4.0309428919523315e-09   0  2  2  0  2  0  0
    6  2.6363735701935016e-10   0  0  4  0  2  0  0
    6 -7.4408547584632449e-09   2  0  1  1  2  0  0
    6 -1.8684864125043978e-08   1  1  1  1  2  0  0
    6 -7.4408547584632449e-09   0  2  1  1  2  0  0
    6  1.4757183506312081e-08   0  0  3  1  2  0  0
    6  4.0309428919523315e-09   2  0  0  2  2  0  0
    6  5.6467668609101584e-09   1  1  0  2  2  0  0
    6  2.8881631314201245e-09   0  2  0  2  2  0  0
    6 -5.6330422263096896e-09   0  0  2  2  2  0  0
    6  1.4757183506312081e-08   0  0  1  3  2  0  0
    6  2.6363735701935016e-10   0  0  0  4  2  0  0
    6  3.5432597623889440e-08   3  0  0  0  3  0  0
    6  1.6887667195243440e-07   2  1  0  0  3  0  0
    6  1.6887667195243440e-07   1  2  0  0  3  0  0
    6  3.5432597623889440e-08   0  3  0  0  3  0  0
    6  6.5178759805292150e-09   1  0  2  0  3  0  0
    6 -2.3465843060676136e-08   0  1  2  0  3  0  0
    6  1.2012935052904347e-08   1  0  1  1  3  0  0
    6  1.2012935052904347e-08   0  1  1  1  3  0  0
    6 -2.3465843060676136e-08   1  0  0  2  3  0  0
    6  6.5178759805292150e-09   0  1  0  2  3  0  0
    6 -3.7824822324870863e-08   2  0  0  0  4  0  0
    6 -1.1163221888601326e-07   1  1  0  0  4  0  0
    6 -3.7824822324870863e-08   0  2  0  0  4  0  0
    6  7.2901795630356464e-09   0  0  2  0  4  0  0
    6 -3.2367353132759819e-09   0  0  1  1  4  0  0
    6  7.2901795630356464e-09   0  0  0  2  4  0  0
    6  2.1242597795472769e-08   1  0  0  0  5  0  0
    6  2.1242597795472769e-08   0  1  0  0  5  0  0
    6 -5.4837379118410674e-10   0  0  0  0  6  0  0
    7  6.3284124130394725e-11   7  0  0  0  0  0  0
    7 -2.4484493285050574e-09   6  1  0  0  0  0  0
    7  1.0784773965638862e-08   5  2  0  0  0  0  0
    7  1.0782928255462918e-08   4  3  0  0  0  0  0
    7  1.0782928255462918e-08   3  4  0  0  0  0  0
    7  1.0784773965638862e-08   2  5  0  0  0  0  0
    7 -2.4484493285050574e-09   1  6  0  0  0  0  0
    7  6.3284124130394725e-11   0  7  0  0  0  0  0
    7 -9.0674582603342725e-10   5  0  2  0  0  0  0
    7 -2.6856747842725519e-08   4  1  2  0  0  0  0
    7 -6.2068826806525902e-08   3  2  2  0  0  0  0
    7 -2.5895579212592118e-09   2  3  2  0  0  0  0
    7 -3.7220334926985728e-09   1  4  2  0  0  0  0
    7 -3.2476214268705689e-09   0  5  2  0  0  0  0
    7  1.4179556708636756e-08   3  0  4  0  0  0  0
    7  2.4234726353822146e-08   2  1  4  0  0  0  0
    7  1.0852276267764051e-08   1  2  4  0  0  0  0
    7 -1.5621509326430541e-09   0  3  4  0  0  0  0
    7 -1.6929548343857305e-09   1  0  6  0  0  0  0
    7  1.3892654117045555e-09   0  1  6  0  0  0  0
    7 -1.2077293128012105e-08   5  0  1  1  0  0  0
    7  7.7198017049873468e-10   4  1  1  1  0  0  0
    7  6.7038190262373427e-08   3  2  1  1  0  0  0
    7  6.7038190262373427e-08   2  3  1  1  0  0  0
    7  7.7198017049873468e-10   1  4  1  1  0  0  0
    7 -1.2077293128012105e-08   0  5  1  1  0  0  0
    7 -1.9675030800442140e-08   3  0  3  1  0  0  0
    7 -8.0341404785934132e-08   2  1  3  1  0  0  0
    7 -1.8358812504171046e-08   1  2  3  1  0  0  0
    7 -5.7560101515959899e-09   0  3  3  1  0  0  0
    7  1.0196065131157090e-08   1  0  5  1  0  0  0
    7 -9.3485277132864942e-10   0  1  5  1  0  0  0
    7 -3.2476214268705689e-09   5  0  0  2  0  0  0
    7 -3.7220334926985728e-09   4  1  0  2  0  0  0
    7 -2.5895579212592118e-09   3  2  0  2  0  0  0
    7 -6.2068826806525902e-08   2  3  0  2  0  0  0
    7 -2.6856747842725519e-08   1  4  0  2  0  0  0
    7 -9.0674582603342725e-10   0  5  0  2  0  0  0
    7 -1.6124925691864624e-08   3  0  2  2  0  0  0
    7  1.0573744791401364e-07   2  1  2  2  0  0  0
    7  1.0573744791401364e-07   1  2  2  2  0  0  0
    7 -1.6124925691864624e-08   0  3  2  2  0  0  0
    7 -3.2819806921483355e-08   1  0  4  2  0  0  0
    7 -4.9597710144276686e-09   0  1  4  2  0  0  0
    7 -5.7560101515959899e-09   3  0  1  3  0  0  0
    7 -1.8358812504171046e-08   2  1  1  3  0  0  0
    7 -8.0341404785934132e-08   1  2  1  3  0  0  0
    7 -1.9675030800442140e-08   0  3  1  3  0  0  0
    7  2.5403651107054120e-08   1  0  3  3  0  0  0
    7  2.5403651107054120e-08   0  1  3  3  0  0  0
    7 -1.5621509326430541e-09   3  0  0  4  0  0  0
    7  1.0852276267764051e-08   2  1  0  4  0  0  0
    7  2.4234726353822146e-08   1  2  0  4  0  0  0
    7  1.4179556708636756e-08   0  3  0  4  0  0  0
    7 -4.9597710144276686e-09   1  0  2  4  0  0  0
    7 -3.2819806921483355e-08   0  1  2  4  0  0  0
    7 -9.3485277132864942e-10   1  0  1  5  0  0  0
    7  1.0196065131157090e-08   0  1  1  5  0  0  0
    7  1.3892654117045555e-09   1  0  0  6  0  0  0
    7 -1.6929548343857305e-09   0  1  0  6  0  0  0
    7 -2.4393410413027218e-09   6  0  0  0  1  0  0
    7  1.4221756761247224e-08   5  1  0  0  1  0  0
    7  6.2606821099721538e-09   4  2  0  0  1  0  0
    7  7.4435057677205461e-08   3  3  0  0  1  0  0
    7  6.2606821099721538e-09   2  4  0  0  1  0  0
    7  1.4221756761247224e-08   1  5  0  0  1  0  0
    7 -2.4393410413027218e-09   0  6  0  0  1  0  0
    7 -3.1729650984560665e-08   4  0  2  0  1  0  0
    7 -4.1727096861149398e-08   3  1  2  0  1  0  0
    7 -3.5265164780257070e-08   2  2  2  0  1  0  0
    7 -2.0993604585959157e-08   1  3  2  0  1  0  0
    7  4.3511655659692455e-09   0  4  2  0  1  0  0
    7  1.0216998584311502e-08   2  0  4  0  1  0  0
    7  1.5123773872561806e-08   1  1  4  0  1  0  0
    7  5.9694953549104447e-09   0  2  4  0  1  0  0
    7 -6.9017688195277340e-10   0  0  6  0  1  0  0
    7  9.1503517979999638e-09   4  0  1  1  1  0  0
    7  5.4788328033877406e-08   3  1  1  1  1  0  0
    7  1.0164199201480319e-07   2  2  1  1  1  0  0
    7  5.4788328033877406e-08   1  3  1  1  1  0  0
    7  9.1503517979999638e-09   0  4  1  1  1  0  0
    7 -3.4661965604135769e-08   2  0  3  1  1  0  0
    7 -4.6838092791057577e-08   1  1  3  1  1  0  0
    7 -1.4522686081290456e-08   0  2  3  1  1  0  0
    7  3.0335376651074484e-09   0  0  5  1  1  0  0
    7  4.3511655659692455e-09   4  0  0  2  1  0  0
    7 -2.0993604585959157e-08   3  1  0  2  1  0  0
    7 -3.5265164780257070e-08   2  2  0  2  1  0  0
    7 -4.1727096861149398e-08   1  3  0  2  1  0  0
    7 -3.1729650984560665e-08   0  4  0  2  1  0  0
    7  3.3700083868419372e-08   2  0  2  2  1  0  0
    7  7.8456960685685214e-08   1  1  2  2  1  0  0
    7  3.3700083868419372e-08   0  2  2  2  1  0  0
    7 -1.3074941811004052e-08   0  0  4  2  1  0  0
    7 -1.4522686081290456e-08   2  0  1  3  1  0  0
    7 -4.6838092791057577e-08   1  1  1  3  1  0  0
    7 -3.4661965604135769e-08   0  2  1  3  1  0  0
    7  1.7182652697108894e-08   0  0  3  3  1  0  0
    7  5.9694953549104447e-09   2  0  0  4  1  0  0
    7  1.5123773872561806e-08   1  1  0  4  1  0  0
    7  1.0216998584311502e-08   0  2  0  4  1  0  0
    7 -1.3074941811004052e-08   0  0  2  4  1  0  0
    7  3.0335376651074484e-09   0  0  1  5  1  0  0
    7 -6.9017688195277340e-10   0  0  0  6  1  0  0
    7 -4.3601357279888431e-09   5  0  0  0  2  0  0
    7  1.9360271789838996e-08   4  1  0  0  2  0  0
    7 -5.4499702466194079e-08   3  2  0  0  2  0  0
    7 -5.4499702466194079e-08   2  3  0  0  2  0  0
    7  1.9360271789838996e-08   1  4  0  0  2  0  0
    7 -4.3601357279888431e-09   0  5  0  0  2  0  0
    7 -1.1982435419666680e-08   3  0  2  0  2  0  0
    7 -4.4537231439872893e-08   2  1  2  0  2  0  0
    7  8.3208881102963601e-09   1  2  2  0  2  0  0
    7 -1.9507459359124230e-08   0  3  2  0  2  0  0
    7  5.3195248133256114e-09   1  0  4  0  2  0  0
    7  4.5433744772104032e-09   0  1  4  0  2  0  0
    7  3.9386101678008378e-09   3  0  1  1  2  0  0
    7 -4.1184703211818630e-08   2  1  1  1  2  0  0
    7 -4.1184703211818630e-08   1  2  1  1  2  0  0
    7  3.9386101678008378e-09   0  3  1  1  2  0  0
    7 -7.4782993585643728e-09   1  0  3  1  2  0  0
    7  2.7602698903646648e-09   0  1  3  1  2  0  0
    7 -1.9507459359124230e-08   3  0  0  2  2  0  0
    7  8.3208881102963601e-09   2  1  0  2  2  0  0
    7 -4.4537231439872893e-08   1  2  0  2  2  0  0
    7 -1.1982435419666680e-08   0  3  0  2  2  0  0
    7 -5.5241455076697564e-09   1  0  2  2  2  0  0
    7 -5.5241455076697564e-09   0  1  2  2  2  0  0
    7  2.7602698903646648e-09   1  0  1  3  2  0  0
    7 -7.4782993585643728e-09   0  1  1  3  2  0  0
    7  4.5433744772104032e-09   1  0  0  4  2  0  0
    7  5.3195248133256114e-09   0  1  0  4  2  0  0
    7  1.2947062829290780e-08   4  0  0  0  3  0  0
    7  4.8517753665672965e-08   3  1  0  0  3  0  0
    7  1.1023808725838282e-07   2  2  0  0  3  0  0
    7  4.8517753665672965e-08   1  3  0  0  3  0  0
    7  1.2947062829290780e-08   0  4  0  0  3  0  0
    7  2.2740278584849085e-08   2  0  2  0  3  0  0
    7  3.1456227867752038e-08   1  1  2  0  3  0  0
    7  1.4282708006134774e-08   0  2  2  0  3  0  0
    7 -1.5574343592563457e-09   0  0  4  0  3  0  0
    7 -1.6632349027085402e-09   2  0  1  1  3  0  0
    7  3.0739380732562635e-08   1  1  1  1  3  0  0
    7 -1.6632349027085402e-09   0  2  1  1  3  0  0
    7 -2.1384600639907502e-09   0  0  3  1  3  0  0
    7  1.4282708006134774e-08   2  0  0  2  3  0  0
    7  3.1456227867752038e-08   1  1  0  2  3  0  0
    7  2.2740278584849085e-08   0  2  0  2  3  0  0
    7 -6.2273410120855352e-11   0  0  2  2  3  0  0
    7 -2.1384600639907502e-09   0  0  1  3  3  0  0
    7 -1.5574343592563457e-09   0  0  0  4  3  0  0
    7 -4.0431277506857407e-08   3  0  0  0  4  0  0
    7 -1.0266605711940758e-07   2  1  0  0  4  0  0
    7 -1.0266605711940758e-07   1  2  0  0  4  0  0
    7 -4.0431277506857407e-08   0  3  0  0  4  0  0
    7 -5.0861815342924746e-09   1  0  2  0  4  0  0
    7 -2.8033818417477688e-10   0  1  2  0  4  0  0
    7 -1.5300595663829907e-08   1  0  1  1  4  0  0
    7 -1.5300595663829907e-08   0  1  1  1  4  0  0
    7 -2.8033818417477688e-10   1  0  0  2  4  0  0
    7 -5.0861815342924746e-09   0  1  0  2  4  0  0
    7  3.7843947279721313e-08   2  0  0  0  5  0  0
    7  6.0164939192685861e-08   1  1  0  0  5  0  0
    7  3.7843947279721313e-08   0  2  0  0  5  0  0
    7  8.1521165132003408e-11   0  0  2  0  5  0  0
    7  8.2582454319311725e-10   0  0  1  1  5  0  0
    7  8.1521165132003408e-11   0  0  0  2  5  0  0
    7 -1.5811765202689612e-08   1  0  0  0  6  0  0
    7 -1.5811765202689612e-08   0  1  0  0  6  0  0
    7  2.6758373882457235e-09   0  0  0  0  7  0  0
    8  1.2179199702837535e-10   8  0  0  0  0  0  0
    8  4.8377002162300618e-10   7  1  0  0  0  0  0
    8 -3.5907193214726636e-10   6  2  0  0  0  0  0
    8  4.9013118832204755e-10   5  3  0  0  0  0  0
    8 -1.0211846961779966e-08   4  4  0  0  0  0  0
    8  4.9013118832204755e-10   3  5  0  0  0  0  0
    8 -3.5907193214726636e-10   2  6  0  0  0  0  0
    8  4.8377002162300618e-10   1  7  0  0  0  0  0
    8  1.2179199702837535e-10   0  8  0  0  0  0  0
    8 -1.3086505537441997e-09   6  0  2  0  0  0  0
    8  9.3663194085464187e-09   5  1  2  0  0  0  0
    8  1.9939708670233476e-08   4  2  2  0  0  0  0
    8  6.6170814051120979e-09   3  3  2  0  0  0  0
    8  1.7026253096073886e-09   2  4  2  0  0  0  0
    8 -1.7601733998022800e-09   1  5  2  0  0  0  0
    8 -8.6257121312975062e-12   0  6  2  0  0  0  0
    8 -6.7125496744908226e-09   4  0  4  0  0  0  0
    8 -1.6658072956498432e-08   3  1  4  0  0  0  0
    8 -5.1592755298073121e-09   2  2  4  0  0  0  0
    8 -2.4124747522280154e-09   1  3  4  0  0  0  0
    8 -1.4855830200072909e-09   0  4  4  0  0  0  0
    8  3.4872317595279795e-09   2  0  6  0  0  0  0
    8  2.8754679814264038e-09   1  1  6  0  0  0  0
    8  4.2043998216941269e-10   0  2  6  0  0  0  0
    8  5.6143362618689624e-11   0  0  8  0  0  0  0
    8 -3.6639771809757328e-10   6  0  1  1  0  0  0
    8  2.2703838247000446e-09   5  1  1  1  0  0  0
    8  9.8430808652929062e-10   4  2  1  1  0  0  0
    8 -4.2692611624266646e-08   3  3  1  1  0  0  0
    8  9.8430808652929062e-10   2  4  1  1  0  0  0
    8  2.2703838247000446e-09   1  5  1  1  0  0  0
    8 -3.6639771809757328e-10   0  6  1  1  0  0  0
    8  3.1989113965433902e-09   4  0  3  1  0  0  0
    8  4.1995673492895400e-08   3  1  3  1  0  0  0
    8  3.7421891756108147e-08   2  2  3  1  0  0  0
    8 -1.0140738674972154e-09   1  3  3  1  0  0  0
    8 -3.9401466428055971e-09   0  4  3  1  0  0  0
    8 -1.2351083596288764e-08   2  0  5  1  0  0  0
    8 -7.3767953947194872e-09   1  1  5  1  0  0  0
    8 -2.5759373744563319e-09   0  2  5  1  0  0  0
    8  3.2916087452707778e-10   0  0  7  1  0  0  0
    8 -8.6257121312975062e-12   6  0  0  2  0  0  0
    8 -1.7601733998022800e-09   5  1  0  2  0  0  0
    8  1.7026253096073886e-09   4  2  0  2  0  0  0
    8  6.6170814051120979e-09   3  3  0  2  0  0  0
    8  1.9939708670233476e-08   2  4  0  2  0  0  0
    8  9.3663194085464187e-09   1  5  0  2  0  0  0
    8 -1.3086505537441997e-09   0  6  0  2  0  0  0
    8  3.1621904678465457e-09   4  0  2  2  0  0  0
    8 -1.7153161319580346e-08   3  1  2  2  0  0  0
    8 -8.0410035419263678e-08   2  2  2  2  0  0  0
    8 -1.7153161319580346e-08   1  3  2  2  0  0  0
    8  3.1621904678465457e-09   0  4  2  2  0  0  0
    8  1.8023184551125310e-08   2  0  4  2  0  0  0
    8  3.0142888302405186e-08   1  1  4  2  0  0  0
    8  1.0245383629511728e-09   0  2  4  2  0  0  0
    8 -1.5969151311371094e-09   0  0  6  2  0  0  0
    8 -3.9401466428055971e-09   4  0  1  3  0  0  0
    8 -1.0140738674972154e-09   3  1  1  3  0  0  0
    8  3.7421891756108147e-08   2  2  1  3  0  0  0
    8  4.1995673492895400e-08   1  3  1  3  0  0  0
    8  3.1989113965433902e-09   0  4  1  3  0  0  0
    8 -9.0980008556534231e-09   2  0  3  3  0  0  0
    8 -4.3770861968678599e-08   1  1  3  3  0  0  0
    8 -9.0980008556534231e-09   0  2  3  3  0  0  0
    8  3.2584303044552886e-09   0  0  5  3  0  0  0
    8 -1.4855830200072909e-09   4  0  0  4  0  0  0
    8 -2.4124747522280154e-09   3  1  0  4  0  0  0
    8 -5.1592755298073121e-09   2  2  0  4  0  0  0
    8 -1.6658072956498432e-08   1  3  0  4  0  0  0
    8 -6.7125496744908226e-09   0  4  0  4  0  0  0
    8  1.0245383629511728e-09   2  0  2  4  0  0  0
    8  3.0142888302405186e-08   1  1  2  4  0  0  0
    8  1.8023184551125310e-08   0  2  2  4  0  0  0
    8 -4.3970913603113405e-09   0  0  4  4  0  0  0
    8 -2.5759373744563319e-09   2  0  1  5  0  0  0
    8 -7.3767953947194872e-09   1  1  1  5  0  0  0
    8 -1.2351083596288764e-08   0  2  1  5  0  0  0
    8  3.2584303044552886e-09   0  0  3  5  0  0  0
    8  4.2043998216941269e-10   2  0  0  6  0  0  0
    8  2.8754679814264038e-09   1  1  0  6  0  0  0
    8  3.4872317595279795e-09   0  2  0  6  0  0  0
    8 -1.5969151311371094e-09   0  0  2  6  0  0  0
    8  3.2916087452707778e-10   0  0  1  7  0  0  0
    8  5.6143362618689624e-11   0  0  0  8  0  0  0
    8 -2.1950234496967415e-09   7  0  0  0  1  0  0
    8 -2.3649672246995559e-09   6  1  0  0  1  0  0
    8 -2.4268298681814243e-08   5  2  0  0  1  0  0
    8 -1.1274304337937904e-09   4  3  0  0  1  0  0
    8 -1.1274304337937904e-09   3  4  0  0  1  0  0
    8 -2.4268298681814243e-08   2  5  0  0  1  0  0
    8 -2.3649672246995559e-09   1  6  0  0  1  0  0
    8 -2.1950234496967415e-09   0  7  0  0  1  0  0
    8  8.5430590665653363e-09   5  0  2  0  1  0  0
    8  3.5586186210915517e-08   4  1  2  0  1  0  0
    8  4.0006606877225333e-08   3  2  2  0  1  0  0
    8  4.6819690960195178e-09   2  3  2  0  1  0  0
    8  1.0937495346468877e-08   1  4  2  0  1  0  0
    8 -2.6655510623599044e-09   0  5  2  0  1  0  0
    8 -1.2196337102206225e-08   3  0  4  0  1  0  0
    8 -1.1823574823579439e-08   2  1  4  0  1  0  0
    8 -9.3308098048282895e-09   1  2  4  0  1  0  0
    8  1.3178923262415284e-10   0  3  4  0  1  0  0
    8  1.8771135495935754e-09   1  0  6  0  1  0  0
    8  8.8477511525164165e-10   0  1  6  0  1  0  0
    8  1.3604127547815017e-09   5  0  1  1  1  0  0
    8 -3.5344273545744234e-08   4  1  1  1  1  0  0
    8 -1.5605488098932704e-08   3  2  1  1  1  0  0
    8 -1.5605488098932704e-08   2  3  1  1  1  0  0
    8 -3.5344273545744234e-08   1  4  1  1  1  0  0
    8  1.3604127547815017e-09   0  5  1  1  1  0  0
    8  2.6959869940789700e-08   3  0  3  1  1  0  0
    8  3.9880354414409967e-08   2  1  3  1  1  0  0
    8  2.5391786196016902e-08   1  2  3  1  1  0  0
    8  5.6150718501464026e-09   0  3  3  1  1  0  0
    8 -7.7621457031186533e-09   1  0  5  1  1  0  0
    8 -4.2687880407326203e-09   0  1  5  1  1  0  0
    8 -2.6655510623599044e-09   5  0  0  2  1  0  0
    8  1.0937495346468877e-08   4  1  0  2  1  0  0
    8  4.6819690960195178e-09   3  2  0  2  1  0  0
    8  4.0006606877225333e-08   2  3  0  2  1  0  0
    8  3.5586186210915517e-08   1  4  0  2  1  0  0
    8  8.5430590665653363e-09   0  5  0  2  1  0  0
    8 -2.0252334357967676e-08   3  0  2  2  1  0  0
    8 -4.0130897415139021e-08   2  1  2  2  1  0  0
    8 -4.0130897415139021e-08   1  2  2  2  1  0  0
    8 -2.0252334357967676e-08   0  3  2  2  1  0  0
    8  1.6730557529388287e-08   1  0  4  2  1  0  0
    8  7.9782701006951266e-09   0  1  4  2  1  0  0
    8  5.6150718501464026e-09   3  0  1  3  1  0  0
    8  2.5391786196016902e-08   2  1  1  3  1  0  0
    8  3.9880354414409967e-08   1  2  1  3  1  0  0
    8  2.6959869940789700e-08   0  3  1  3  1  0  0
    8 -1.6690721760654639e-08   1  0  3  3  1  0  0
    8 -1.6690721760654639e-08   0  1  3  3  1  0  0
    8  1.3178923262415284e-10   3  0  0  4  1  0  0
    8 -9.3308098048282895e-09   2  1  0  4  1  0  0
    8 -1.1823574823579439e-08   1  2  0  4  1  0  0
    8 -1.2196337102206225e-08   0  3  0  4  1  0  0
    8  7.9782701006951266e-09   1  0  2  4  1  0  0
    8  1.6730557529388287e-08   0  1  2  4  1  0  0
    8 -4.2687880407326203e-09   1  0  1  5  1  0  0
    8 -7.7621457031186533e-09   0  1  1  5  1  0  0
    8  8.8477511525164165e-10   1  0  0  6  1  0  0
    8  1.8771135495935754e-09   0  1  0  6  1  0  0
    8 -1.1445955128859924e-09   6  0  0  0  2  0  0
    8  5.0954038572500023e-09   5  1  0  0  2  0  0
    8 -1.1539360616643017e-08   4  2  0  0  2  0  0
    8 -2.7109998011818888e-08   3  3  0  0  2  0  0
    8 -1.1539360616643017e-08   2  4  0  0  2  0  0
    8  5.0954038572500023e-09   1  5  0  0  2  0  0
    8 -1.1445955128859924e-09   0  6  0  0  2  0  0
    8  2.8573941998348487e-09   4  0  2  0  2  0  0
    8 -2.2391391153915175e-09   3  1  2  0  2  0  0
    8 -1.2227001173083193e-08   2  2  2  0  2  0  0
    8  7.8722464317613450e-09   1  3  2  0  2  0  0
    8 -3.6330704524428090e-09   0  4  2  0  2  0  0
    8 -5.1336450710290091e-09   2  0  4  0  2  0  0
    8  2.0729505928402767e-09   1  1  4  0  2  0  0
    8 -2.5896405078765560e-09   0  2  4  0  2  0  0
    8  6.5594876144826489e-10   0  0  6  0  2  0  0
    8 -1.0619607692070671e-08   4  0  1  1  2  0  0
    8  4.7293411879166284e-09   3  1  1  1  2  0  0
    8 -5.0219574777197548e-08   2  2  1  1  2  0  0
    8  4.7293411879166284e-09   1  3  1  1  2  0  0
    8 -1.0619607692070671e-08   0  4  1  1  2  0  0
    8 -4.7376697325825382e-09   2  0  3  1  2  0  0
    8 -6.8323931152903567e-09   1  1  3  1  2  0  0
    8  7.9335641165794309e-12   0  2  3  1  2  0  0
    8 -3.0427952497772300e-10   0  0  5  1  2  0  0
    8 -3.6330704524428090e-09   4  0  0  2  2  0  0
    8  7.8722464317613450e-09   3  1  0  2  2  0  0
    8 -1.2227001173083193e-08   2  2  0  2  2  0  0
    8 -2.2391391153915175e-09   1  3  0  2  2  0  0
    8  2.8573941998348487e-09   0  4  0  2  2  0  0
    8 -5.7411854473236980e-09   2  0  2  2  2  0  0
    8 -1.2551656076834556e-08   1  1  2  2  2  0  0
    8 -5.7411854473236980e-09   0  2  2  2  2  0  0
    8  1.8170493642341960e-09   0  0  4  2  2  0  0
    8  7.9335641165794309e-12   2  0  1  3  2  0  0
    8 -6.8323931152903567e-09   1  1  1  3  2  0  0
    8 -4.7376697325825382e-09   0  2  1  3  2  0  0
    8 -2.7504272089840784e-09   0  0  3  3  2  0  0
    8 -2.5896405078765560e-09   2  0  0  4  2  0  0
    8  2.0729505928402767e-09   1  1  0  4  2  0  0
    8 -5.1336450710290091e-09   0  2  0  4  2  0  0
    8  1.8170493642341960e-09   0  0  2  4  2  0  0
    8 -3.0427952497772300e-10   0  0  1  5  2  0  0
    8  6.5594876144826489e-10   0  0  0  6  2  0  0
    8  1.1468924309225941e-09   5  0  0  0  3  0  0
    8  1.6734968340319402e-08   4  1  0  0  3  0  0
    8  3.3303441602675796e-08   3  2  0  0  3  0  0
    8  3.3303441602675796e-08   2  3  0  0  3  0  0
    8  1.6734968340319402e-08   1  4  0  0  3  0  0
    8  1.1468924309225941e-09   0  5  0  0  3  0  0
    8 -8.1755677258952830e-10   3  0  2  0  3  0  0
    8  7.3570801131731954e-09   2  1  2  0  3  0  0
    8  1.4844990518598590e-09   1  2  2  0  3  0  0
    8  1.3897788769525890e-09   0  3  2  0  3  0  0
    8  1.2571144982143251e-09   1  0  4  0  3  0  0
    8  1.9684788381854557e-09   0  1  4  0  3  0  0
    8  1.2746676438147758e-08   3  0  1  1  3  0  0
    8  4.6888636374869188e-08   2  1  1  1  3  0  0
    8  4.6888636374869188e-08   1  2  1  1  3  0  0
    8  1.2746676438147758e-08   0  3  1  1  3  0  0
    8 -9.6014680465387410e-10   1  0  3  1  3  0  0
    8 -5.0138723827845725e-09   0  1  3  1  3  0  0
    8  1.3897788769525890e-09   3  0  0  2  3  0  0
    8  1.4844990518598590e-09   2  1  0  2  3  0  0
    8  7.3570801131731954e-09   1  2  0  2  3  0  0
    8 -8.1755677258952830e-10   0  3  0  2  3  0  0
    8  1.1217110726225819e-08   1  0  2  2  3  0  0
    8  1.1217110726225819e-08   0  1  2  2  3  0  0
    8 -5.0138723827845725e-09   1  0  1  3  3  0  0
    8 -9.6014680465387410e-10   0  1  1  3  3  0  0
    8  1.9684788381854557e-09   1  0  0  4  3  0  0
    8  1.2571144982143251e-09   0  1  0  4  3  0  0
    8 -6.5896891358006937e-09   4  0  0  0  4  0  0
    8 -3.4072419434774706e-08   3  1  0  0  4  0  0
    8 -4.4847900873629815e-08   2  2  0  0  4  0  0
    8 -3.4072419434774706e-08   1  3  0  0  4  0  0
    8 -6.5896891358006937e-09   0  4  0  0  4  0  0
    8 -1.1396600858213588e-08   2  0  2  0  4  0  0
    8 -1.9390307965759119e-08   1  1  2  0  4  0  0
    8 -7.8705519024247336e-09   0  2  2  0  4  0  0
    8  5.5868480848137353e-10   0  0  4  0  4  0  0
    8 -6.7298928403399328e-09   2  0  1  1  4  0  0
    8 -2.7728452952018109e-08   1  1  1  1  4  0  0
    8 -6.7298928403399328e-09   0  2  1  1  4  0  0
    8 -9.0757525403012178e-10   0  0  3  1  4  0  0
    8 -7.8705519024247336e-09   2  0  0  2  4  0  0
    8 -1.9390307965759119e-08   1  1  0  2  4  0  0
    8 -1.1396600858213588e-08   0  2  0  2  4  0  0
    8  3.6220110845760928e-11   0  0  2  2  4  0  0
    8 -9.0757525403012178e-10   0  0  1  3  4  0  0
    8  5.5868480848137353e-10   0  0  0  4  4  0  0
    8  1.5224598150485207e-08   3  0  0  0  5  0  0
    8  4.8988984743775387e-08   2  1  0  0  5  0  0
    8  4.8988984743775387e-08   1  2  0  0  5  0  0
    8  1.5224598150485207e-08   0  3  0  0  5  0  0
    8  6.7218199999482022e-09   1  0  2  0  5  0  0
    8  5.7799731453125726e-09   0  1  2  0  5  0  0
    8  8.2880357025568890e-09   1  0  1  1  5  0  0
    8  8.2880357025568890e-09   0  1  1  1  5  0  0
    8  5.7799731453125726e-09   1  0  0  2  5  0  0
    8  6.7218199999482022e-09   0  1  0  2  5  0  0
    8 -1.6323543799551411e-08   2  0  0  0  6  0  0
    8 -3.3912910981587273e-08   1  1  0  0  6  0  0
    8 -1.6323543799551411e-08   0  2  0  0  6  0  0
    8 -1.2951803903034979e-09   0  0  2  0  6  0  0
    8 -2.7968055986627801e-09   0  0  1  1  6  0  0
    8 -1.2951803903034979e-09   0  0  0  2  6  0  0
    8  8.5358416842223987e-09   1  0  0  0  7  0  0
    8  8.5358416842223987e-09   0  1  0  0  7  0  0
    8 -1.8357184187850313e-09   0  0  0  0  8  0  0
 -658  0.0000000000000000e+00   0  0  0  0  0  0  0
