
tpsa, NO = 8, NV = 7, INA = 48092
------------------------------------------------------------------

   |I|         a                i  i  i  i  i  i  i
                I                1  2  3  4  5  6  7

    2 -3.4533150608476750e-06   1  1  0  0  0  0  0
    2 -1.9081940231439759e-05   0  0  1  1  0  0  0
    2  4.3081904011897624e-05   0  0  0  0  2  0  0
    3 -2.2473996486805799e-07   3  0  0  0  0  0  0
    3 -2.2057992515339976e-07   2  1  0  0  0  0  0
    3 -2.2057992515339976e-07   1  2  0  0  0  0  0
    3 -2.2473996486805799e-07   0  3  0  0  0  0  0
    3  1.9996702852119168e-06   1  0  2  0  0  0  0
    3 -2.2967041829646857e-07   0  1  2  0  0  0  0
    3 -1.4958831216843205e-07   1  0  1  1  0  0  0
    3 -1.4958831216843205e-07   0  1  1  1  0  0  0
    3 -2.2967041829646857e-07   1  0  0  2  0  0  0
    3  1.9996702852119168e-06   0  1  0  2  0  0  0
    3 -3.2358618896402582e-07   2  0  0  0  1  0  0
    3 -1.2735631629439563e-06   1  1  0  0  1  0  0
    3 -3.2358618896402582e-07   0  2  0  0  1  0  0
    3  6.7759030886477032e-07   0  0  2  0  1  0  0
    3 -1.0313196172311105e-06   0  0  1  1  1  0  0
    3  6.7759030886477032e-07   0  0  0  2  1  0  0
    3  3.4661035621915932e-21   1  0  0  0  2  0  0
    3  3.4661035621915932e-21   0  1  0  0  2  0  0
    3 -3.6151726262114942e-07   0  0  0  0  3  0  0
    4 -7.4372696533070136e-08   4  0  0  0  0  0  0
    4 -1.0393459007193589e-08   3  1  0  0  0  0  0
    4  4.2314143658060719e-07   2  2  0  0  0  0  0
    4 -1.0393459007193589e-08   1  3  0  0  0  0  0
    4 -7.4372696533070136e-08   0  4  0  0  0  0  0
    4 -1.4650990279762665e-07   2  0  2  0  0  0  0
    4 -1.0743044686644424e-06   1  1  2  0  0  0  0
    4  5.9860699678873436e-07   0  2  2  0  0  0  0
    4  1.8090666290059951e-07   0  0  4  0  0  0  0
    4 -1.0688002805840251e-07   2  0  1  1  0  0  0
    4 -8.5851293669209181e-07   1  1  1  1  0  0  0
    4 -1.0688002805840251e-07   0  2  1  1  0  0  0
    4 -5.5386559973866889e-07   0  0  3  1  0  0  0
    4  5.9860699678873436e-07   2  0  0  2  0  0  0
    4 -1.0743044686644424e-06   1  1  0  2  0  0  0
    4 -1.4650990279762665e-07   0  2  0  2  0  0  0
    4  5.2697971990265031e-07   0  0  2  2  0  0  0
    4 -5.5386559973866889e-07   0  0  1  3  0  0  0
    4  1.8090666290059951e-07   0  0  0  4  0  0  0
    4  9.5126425459280991e-10   3  0  0  0  1  0  0
    4 -3.1578070803942289e-07   2  1  0  0  1  0  0
    4 -3.1578070803942289e-07   1  2  0  0  1  0  0
    4  9.5126425459280991e-10   0  3  0  0  1  0  0
    4 -5.9113702544522984e-07   1  0  2  0  1  0  0
    4  9.7963738475998802e-07   0  1  2  0  1  0  0
    4 -9.0390459414210129e-07   1  0  1  1  1  0  0
    4 -9.0390459414210129e-07   0  1  1  1  1  0  0
    4  9.7963738475998802e-07   1  0  0  2  1  0  0
    4 -5.9113702544522984e-07   0  1  0  2  1  0  0
    4 -2.3999910065947613e-07   2  0  0  0  2  0  0
    4  5.9368231138551151e-07   1  1  0  0  2  0  0
    4 -2.3999910065947613e-07   0  2  0  0  2  0  0
    4  1.2557849268423248e-06   0  0  2  0  2  0  0
    4 -4.5814016075391088e-07   0  0  1  1  2  0  0
    4  1.2557849268423248e-06   0  0  0  2  2  0  0
    4  1.2997939573073223e-21   1  0  0  0  3  0  0
    4  1.2997939573073223e-21   0  1  0  0  3  0  0
    4  1.0164648723655595e-06   0  0  0  0  4  0  0
    5  7.5752685292820626e-08   5  0  0  0  0  0  0
    5  2.6928042552784774e-08   4  1  0  0  0  0  0
    5  9.9789940512633647e-08   3  2  0  0  0  0  0
    5  9.9789940512633647e-08   2  3  0  0  0  0  0
    5  2.6928042552784774e-08   1  4  0  0  0  0  0
    5  7.5752685292820626e-08   0  5  0  0  0  0  0
    5  8.6665415491960864e-08   3  0  2  0  0  0  0
    5  1.5242139927205439e-07   2  1  2  0  0  0  0
    5 -5.0264609577774035e-07   1  2  2  0  0  0  0
    5 -1.8762603599615751e-08   0  3  2  0  0  0  0
    5  1.8578596218239551e-07   1  0  4  0  0  0  0
    5 -4.4764122019636096e-07   0  1  4  0  0  0  0
    5 -4.6052138104375812e-08   3  0  1  1  0  0  0
    5  3.1884814115493964e-07   2  1  1  1  0  0  0
    5  3.1884814115493964e-07   1  2  1  1  0  0  0
    5 -4.6052138104375812e-08   0  3  1  1  0  0  0
    5  2.2823765450882510e-07   1  0  3  1  0  0  0
    5 -3.5829957805740282e-07   0  1  3  1  0  0  0
    5 -1.8762603599615751e-08   3  0  0  2  0  0  0
    5 -5.0264609577774035e-07   2  1  0  2  0  0  0
    5  1.5242139927205439e-07   1  2  0  2  0  0  0
    5  8.6665415491960864e-08   0  3  0  2  0  0  0
    5  3.6585272763849693e-07   1  0  2  2  0  0  0
    5  3.6585272763849693e-07   0  1  2  2  0  0  0
    5 -3.5829957805740282e-07   1  0  1  3  0  0  0
    5  2.2823765450882510e-07   0  1  1  3  0  0  0
    5 -4.4764122019636096e-07   1  0  0  4  0  0  0
    5  1.8578596218239551e-07   0  1  0  4  0  0  0
    5 -9.9062591349749781e-08   4  0  0  0  1  0  0
    5  5.4242878092824857e-08   3  1  0  0  1  0  0
    5  1.6156124781148524e-06   2  2  0  0  1  0  0
    5  5.4242878092824857e-08   1  3  0  0  1  0  0
    5 -9.9062591349749781e-08   0  4  0  0  1  0  0
    5 -1.7609402307510897e-07   2  0  2  0  1  0  0
    5 -4.9004529310769648e-07   1  1  2  0  1  0  0
    5 -6.0378798272438363e-08   0  2  2  0  1  0  0
    5 -1.1738659607623872e-07   0  0  4  0  1  0  0
    5 -2.3277658964671819e-07   2  0  1  1  1  0  0
    5  1.2677151062552925e-06   1  1  1  1  1  0  0
    5 -2.3277658964671819e-07   0  2  1  1  1  0  0
    5  9.9233640398752345e-08   0  0  3  1  1  0  0
    5 -6.0378798272438363e-08   2  0  0  2  1  0  0
    5 -4.9004529310769648e-07   1  1  0  2  1  0  0
    5 -1.7609402307510897e-07   0  2  0  2  1  0  0
    5  2.1005882470366043e-07   0  0  2  2  1  0  0
    5  9.9233640398752345e-08   0  0  1  3  1  0  0
    5 -1.1738659607623872e-07   0  0  0  4  1  0  0
    5  7.3573785012255278e-08   3  0  0  0  2  0  0
    5 -1.1598462539229664e-07   2  1  0  0  2  0  0
    5 -1.1598462539229664e-07   1  2  0  0  2  0  0
    5  7.3573785012255278e-08   0  3  0  0  2  0  0
    5 -1.5559444503710635e-07   1  0  2  0  2  0  0
    5  8.3372343351095774e-07   0  1  2  0  2  0  0
    5 -3.5282590401551455e-07   1  0  1  1  2  0  0
    5 -3.5282590401551455e-07   0  1  1  1  2  0  0
    5  8.3372343351095774e-07   1  0  0  2  2  0  0
    5 -1.5559444503710635e-07   0  1  0  2  2  0  0
    5  3.5904974968614377e-08   2  0  0  0  3  0  0
    5  6.6288454540148958e-07   1  1  0  0  3  0  0
    5  3.5904974968614377e-08   0  2  0  0  3  0  0
    5 -2.7991885256684043e-07   0  0  2  0  3  0  0
    5 -3.2272612801700807e-07   0  0  1  1  3  0  0
    5 -2.7991885256684043e-07   0  0  0  2  3  0  0
    5  4.6315664295129407e-21   1  0  0  0  4  0  0
    5  4.6315664295129407e-21   0  1  0  0  4  0  0
    5 -2.2089314620305081e-07   0  0  0  0  5  0  0
    6 -2.7310470333580347e-08   6  0  0  0  0  0  0
    6  1.0174980775806175e-07   5  1  0  0  0  0  0
    6  4.0537149603393885e-08   4  2  0  0  0  0  0
    6 -4.7000156982156550e-07   3  3  0  0  0  0  0
    6  4.0537149603393885e-08   2  4  0  0  0  0  0
    6  1.0174980775806175e-07   1  5  0  0  0  0  0
    6 -2.7310470333580347e-08   0  6  0  0  0  0  0
    6 -8.3170331444379526e-07   4  0  2  0  0  0  0
    6  1.5363427822128295e-07   3  1  2  0  0  0  0
    6  2.9572956387342911e-07   2  2  2  0  0  0  0
    6 -3.0414128299344307e-08   1  3  2  0  0  0  0
    6 -2.7355640445490892e-08   0  4  2  0  0  0  0
    6  2.4513555248018021e-08   2  0  4  0  0  0  0
    6  3.4024744582804420e-07   1  1  4  0  0  0  0
    6  5.6747815675705175e-09   0  2  4  0  0  0  0
    6  7.9308086491827622e-08   0  0  6  0  0  0  0
    6  3.4310215171425003e-08   4  0  1  1  0  0  0
    6  2.3794521039277561e-07   3  1  1  1  0  0  0
    6 -1.0915666206483128e-06   2  2  1  1  0  0  0
    6  2.3794521039277561e-07   1  3  1  1  0  0  0
    6  3.4310215171425003e-08   0  4  1  1  0  0  0
    6  2.0473762925960522e-08   2  0  3  1  0  0  0
    6  4.1296659347893482e-07   1  1  3  1  0  0  0
    6 -2.8217681130282484e-08   0  2  3  1  0  0  0
    6  2.8814951086794571e-08   0  0  5  1  0  0  0
    6 -2.7355640445490892e-08   4  0  0  2  0  0  0
    6 -3.0414128299344307e-08   3  1  0  2  0  0  0
    6  2.9572956387342911e-07   2  2  0  2  0  0  0
    6  1.5363427822128295e-07   1  3  0  2  0  0  0
    6 -8.3170331444379526e-07   0  4  0  2  0  0  0
    6  1.4531329660945729e-07   2  0  2  2  0  0  0
    6 -4.3852663229396470e-07   1  1  2  2  0  0  0
    6  1.4531329660945729e-07   0  2  2  2  0  0  0
    6 -3.7560033556929855e-08   0  0  4  2  0  0  0
    6 -2.8217681130282484e-08   2  0  1  3  0  0  0
    6  4.1296659347893482e-07   1  1  1  3  0  0  0
    6  2.0473762925960522e-08   0  2  1  3  0  0  0
    6 -1.5285390374908832e-07   0  0  3  3  0  0  0
    6  5.6747815675705175e-09   2  0  0  4  0  0  0
    6  3.4024744582804420e-07   1  1  0  4  0  0  0
    6  2.4513555248018021e-08   0  2  0  4  0  0  0
    6 -3.7560033556929855e-08   0  0  2  4  0  0  0
    6  2.8814951086794571e-08   0  0  1  5  0  0  0
    6  7.9308086491827622e-08   0  0  0  6  0  0  0
    6  1.5990128215561090e-07   5  0  0  0  1  0  0
    6  1.3424893264206894e-07   4  1  0  0  1  0  0
    6  3.2588368819287850e-07   3  2  0  0  1  0  0
    6  3.2588368819287850e-07   2  3  0  0  1  0  0
    6  1.3424893264206894e-07   1  4  0  0  1  0  0
    6  1.5990128215561090e-07   0  5  0  0  1  0  0
    6  1.0294494043829125e-07   3  0  2  0  1  0  0
    6  5.6995155955945328e-07   2  1  2  0  1  0  0
    6 -6.4447261383011728e-07   1  2  2  0  1  0  0
    6 -3.4333822724110882e-08   0  3  2  0  1  0  0
    6  6.8192607989431809e-08   1  0  4  0  1  0  0
    6 -1.5086362427272857e-07   0  1  4  0  1  0  0
    6  1.7536027951800441e-07   3  0  1  1  1  0  0
    6  4.5519193287680368e-07   2  1  1  1  1  0  0
    6  4.5519193287680368e-07   1  2  1  1  1  0  0
    6  1.7536027951800441e-07   0  3  1  1  1  0  0
    6  5.0362784692216847e-08   1  0  3  1  1  0  0
    6 -1.3949805465418892e-08   0  1  3  1  1  0  0
    6 -3.4333822724110882e-08   3  0  0  2  1  0  0
    6 -6.4447261383011728e-07   2  1  0  2  1  0  0
    6  5.6995155955945328e-07   1  2  0  2  1  0  0
    6  1.0294494043829125e-07   0  3  0  2  1  0  0
    6  2.1760510044324275e-07   1  0  2  2  1  0  0
    6  2.1760510044324275e-07   0  1  2  2  1  0  0
    6 -1.3949805465418892e-08   1  0  1  3  1  0  0
    6  5.0362784692216847e-08   0  1  1  3  1  0  0
    6 -1.5086362427272857e-07   1  0  0  4  1  0  0
    6  6.8192607989431809e-08   0  1  0  4  1  0  0
    6  9.2390007135660672e-08   4  0  0  0  2  0  0
    6  2.7955221460918416e-07   3  1  0  0  2  0  0
    6 -7.8316001632029152e-07   2  2  0  0  2  0  0
    6  2.7955221460918416e-07   1  3  0  0  2  0  0
    6  9.2390007135660672e-08   0  4  0  0  2  0  0
    6 -2.9127872482516502e-07   2  0  2  0  2  0  0
    6 -8.6952403695035482e-09   1  1  2  0  2  0  0
    6  1.0133426138395090e-07   0  2  2  0  2  0  0
    6 -1.3615769766991296e-07   0  0  4  0  2  0  0
    6  1.1249871629039080e-07   2  0  1  1  2  0  0
    6 -5.5474425139262081e-10   1  1  1  1  2  0  0
    6  1.1249871629039080e-07   0  2  1  1  2  0  0
    6 -1.5696562368366589e-08   0  0  3  1  2  0  0
    6  1.0133426138395090e-07   2  0  0  2  2  0  0
    6 -8.6952403695035482e-09   1  1  0  2  2  0  0
    6 -2.9127872482516502e-07   0  2  0  2  2  0  0
    6  2.3609128555266416e-07   0  0  2  2  2  0  0
    6 -1.5696562368366589e-08   0  0  1  3  2  0  0
    6 -1.3615769766991296e-07   0  0  0  4  2  0  0
    6 -1.1183002941807817e-08   3  0  0  0  3  0  0
    6  1.3020596564143868e-07   2  1  0  0  3  0  0
    6  1.3020596564143868e-07   1  2  0  0  3  0  0
    6 -1.1183002941807817e-08   0  3  0  0  3  0  0
    6  2.1901362639010629e-07   1  0  2  0  3  0  0
    6  2.8384289664836338e-07   0  1  2  0  3  0  0
    6 -9.4501288361078862e-08   1  0  1  1  3  0  0
    6 -9.4501288361078862e-08   0  1  1  1  3  0  0
    6  2.8384289664836338e-07   1  0  0  2  3  0  0
    6  2.1901362639010629e-07   0  1  0  2  3  0  0
    6  7.6090220199260338e-08   2  0  0  0  4  0  0
    6 -8.0004870090570694e-07   1  1  0  0  4  0  0
    6  7.6090220199260338e-08   0  2  0  0  4  0  0
    6  3.3172944565247020e-08   0  0  2  0  4  0  0
    6 -8.7294407997860526e-08   0  0  1  1  4  0  0
    6  3.3172944565247020e-08   0  0  0  2  4  0  0
    6 -1.5676320358539157e-21   1  0  0  0  5  0  0
    6 -1.5676320358539157e-21   0  1  0  0  5  0  0
    6 -2.0346965113512830e-08   0  0  0  0  6  0  0
    7  1.0134555799409982e-08   7  0  0  0  0  0  0
    7 -4.0086830414302157e-08   6  1  0  0  0  0  0
    7 -4.0821703578483813e-08   5  2  0  0  0  0  0
    7 -8.0848607473756104e-08   4  3  0  0  0  0  0
    7 -8.0848607473756104e-08   3  4  0  0  0  0  0
    7 -4.0821703578483813e-08   2  5  0  0  0  0  0
    7 -4.0086830414302157e-08   1  6  0  0  0  0  0
    7  1.0134555799409982e-08   0  7  0  0  0  0  0
    7 -3.2293215093745420e-07   5  0  2  0  0  0  0
    7 -5.7559435770704223e-07   4  1  2  0  0  0  0
    7 -7.1146838042065356e-07   3  2  2  0  0  0  0
    7  2.1643730641344323e-07   2  3  2  0  0  0  0
    7  1.6891951494497726e-08   1  4  2  0  0  0  0
    7 -8.9235378714308899e-09   0  5  2  0  0  0  0
    7 -1.9801381588156074e-07   3  0  4  0  0  0  0
    7 -1.1270303759325546e-07   2  1  4  0  0  0  0
    7  1.7771709834456918e-07   1  2  4  0  0  0  0
    7 -1.9586736812045246e-08   0  3  4  0  0  0  0
    7 -3.3793661581067592e-08   1  0  6  0  0  0  0
    7  2.9474839129894808e-08   0  1  6  0  0  0  0
    7 -1.8426413531012192e-07   5  0  1  1  0  0  0
    7  3.6430144298150153e-08   4  1  1  1  0  0  0
    7 -3.0960254145667620e-07   3  2  1  1  0  0  0
    7 -3.0960254145667620e-07   2  3  1  1  0  0  0
    7  3.6430144298150153e-08   1  4  1  1  0  0  0
    7 -1.8426413531012192e-07   0  5  1  1  0  0  0
    7 -2.0009607982057629e-07   3  0  3  1  0  0  0
    7 -3.1846476512486873e-07   2  1  3  1  0  0  0
    7  3.2768854664071641e-08   1  2  3  1  0  0  0
    7 -4.7147199294655934e-08   0  3  3  1  0  0  0
    7 -2.8625127349603403e-08   1  0  5  1  0  0  0
    7 -1.6102495108890946e-08   0  1  5  1  0  0  0
    7 -8.9235378714308899e-09   5  0  0  2  0  0  0
    7  1.6891951494497726e-08   4  1  0  2  0  0  0
    7  2.1643730641344323e-07   3  2  0  2  0  0  0
    7 -7.1146838042065356e-07   2  3  0  2  0  0  0
    7 -5.7559435770704223e-07   1  4  0  2  0  0  0
    7 -3.2293215093745420e-07   0  5  0  2  0  0  0
    7  3.8753637647562383e-08   3  0  2  2  0  0  0
    7 -2.5584196377106052e-07   2  1  2  2  0  0  0
    7 -2.5584196377106052e-07   1  2  2  2  0  0  0
    7  3.8753637647562383e-08   0  3  2  2  0  0  0
    7 -5.3822020115173251e-08   1  0  4  2  0  0  0
    7 -1.1687212666699924e-07   0  1  4  2  0  0  0
    7 -4.7147199294655934e-08   3  0  1  3  0  0  0
    7  3.2768854664071641e-08   2  1  1  3  0  0  0
    7 -3.1846476512486873e-07   1  2  1  3  0  0  0
    7 -2.0009607982057629e-07   0  3  1  3  0  0  0
    7 -4.0031039889968365e-08   1  0  3  3  0  0  0
    7 -4.0031039889968365e-08   0  1  3  3  0  0  0
    7 -1.9586736812045246e-08   3  0  0  4  0  0  0
    7  1.7771709834456918e-07   2  1  0  4  0  0  0
    7 -1.1270303759325546e-07   1  2  0  4  0  0  0
    7 -1.9801381588156074e-07   0  3  0  4  0  0  0
    7 -1.1687212666699924e-07   1  0  2  4  0  0  0
    7 -5.3822020115173251e-08   0  1  2  4  0  0  0
    7 -1.6102495108890946e-08   1  0  1  5  0  0  0
    7 -2.8625127349603403e-08   0  1  1  5  0  0  0
    7  2.9474839129894808e-08   1  0  0  6  0  0  0
    7 -3.3793661581067592e-08   0  1  0  6  0  0  0
    7 -4.8114839139185582e-08   6  0  0  0  1  0  0
    7  2.6020999045448187e-07   5  1  0  0  1  0  0
    7 -3.6258509860612764e-09   4  2  0  0  1  0  0
    7  2.5642094182525561e-07   3  3  0  0  1  0  0
    7 -3.6258509860612764e-09   2  4  0  0  1  0  0
    7  2.6020999045448187e-07   1  5  0  0  1  0  0
    7 -4.8114839139185582e-08   0  6  0  0  1  0  0
    7 -2.1855326470647510e-06   4  0  2  0  1  0  0
    7  1.3245948903733669e-07   3  1  2  0  1  0  0
    7  1.4023990319230878e-07   2  2  2  0  1  0  0
    7  1.5989522390437399e-07   1  3  2  0  1  0  0
    7 -4.4818488373925654e-08   0  4  2  0  1  0  0
    7 -3.9753863727894354e-09   2  0  4  0  1  0  0
    7  1.9104697138004391e-07   1  1  4  0  1  0  0
    7 -1.2894298872976844e-08   0  2  4  0  1  0  0
    7 -6.1488215483224508e-09   0  0  6  0  1  0  0
    7  1.1354565717838395e-08   4  0  1  1  1  0  0
    7  9.6265682043358089e-08   3  1  1  1  1  0  0
    7  2.7120772924020226e-07   2  2  1  1  1  0  0
    7  9.6265682043358089e-08   1  3  1  1  1  0  0
    7  1.1354565717838395e-08   0  4  1  1  1  0  0
    7  1.4451061232639246e-07   2  0  3  1  1  0  0
    7 -2.9166128968823213e-07   1  1  3  1  1  0  0
    7  4.6766628269324043e-08   0  2  3  1  1  0  0
    7 -5.9538678430484866e-09   0  0  5  1  1  0  0
    7 -4.4818488373925654e-08   4  0  0  2  1  0  0
    7  1.5989522390437399e-07   3  1  0  2  1  0  0
    7  1.4023990319230878e-07   2  2  0  2  1  0  0
    7  1.3245948903733669e-07   1  3  0  2  1  0  0
    7 -2.1855326470647510e-06   0  4  0  2  1  0  0
    7 -2.5032746479248392e-07   2  0  2  2  1  0  0
    7  1.8793875979437365e-07   1  1  2  2  1  0  0
    7 -2.5032746479248392e-07   0  2  2  2  1  0  0
    7  7.6195933462260248e-09   0  0  4  2  1  0  0
    7  4.6766628269324043e-08   2  0  1  3  1  0  0
    7 -2.9166128968823213e-07   1  1  1  3  1  0  0
    7  1.4451061232639246e-07   0  2  1  3  1  0  0
    7  1.0655799238183229e-07   0  0  3  3  1  0  0
    7 -1.2894298872976844e-08   2  0  0  4  1  0  0
    7  1.9104697138004391e-07   1  1  0  4  1  0  0
    7 -3.9753863727894354e-09   0  2  0  4  1  0  0
    7  7.6195933462260248e-09   0  0  2  4  1  0  0
    7 -5.9538678430484866e-09   0  0  1  5  1  0  0
    7 -6.1488215483224508e-09   0  0  0  6  1  0  0
    7 -1.4214241995476541e-07   5  0  0  0  2  0  0
    7 -5.2249342563931915e-09   4  1  0  0  2  0  0
    7  1.0078545683761481e-07   3  2  0  0  2  0  0
    7  1.0078545683761481e-07   2  3  0  0  2  0  0
    7 -5.2249342563931915e-09   1  4  0  0  2  0  0
    7 -1.4214241995476541e-07   0  5  0  0  2  0  0
    7  1.8571440556303829e-07   3  0  2  0  2  0  0
    7  1.3232371718397166e-07   2  1  2  0  2  0  0
    7 -1.9321258213198445e-07   1  2  2  0  2  0  0
    7 -2.6663169120333414e-08   0  3  2  0  2  0  0
    7 -5.6188548026277294e-08   1  0  4  0  2  0  0
    7  8.4735039969228084e-08   0  1  4  0  2  0  0
    7  1.2785033424279741e-07   3  0  1  1  2  0  0
    7  4.0629861267494166e-07   2  1  1  1  2  0  0
    7  4.0629861267494166e-07   1  2  1  1  2  0  0
    7  1.2785033424279741e-07   0  3  1  1  2  0  0
    7 -6.4752194373753009e-08   1  0  3  1  2  0  0
    7 -5.1880801264285701e-09   0  1  3  1  2  0  0
    7 -2.6663169120333414e-08   3  0  0  2  2  0  0
    7 -1.9321258213198445e-07   2  1  0  2  2  0  0
    7  1.3232371718397166e-07   1  2  0  2  2  0  0
    7  1.8571440556303829e-07   0  3  0  2  2  0  0
    7  1.4867207108150195e-07   1  0  2  2  2  0  0
    7  1.4867207108150195e-07   0  1  2  2  2  0  0
    7 -5.1880801264285701e-09   1  0  1  3  2  0  0
    7 -6.4752194373753009e-08   0  1  1  3  2  0  0
    7  8.4735039969228084e-08   1  0  0  4  2  0  0
    7 -5.6188548026277294e-08   0  1  0  4  2  0  0
    7  5.1222768998203566e-08   4  0  0  0  3  0  0
    7 -1.4267438539491330e-08   3  1  0  0  3  0  0
    7  5.0651541222725676e-07   2  2  0  0  3  0  0
    7 -1.4267438539491330e-08   1  3  0  0  3  0  0
    7  5.1222768998203566e-08   0  4  0  0  3  0  0
    7 -1.6072231367013160e-07   2  0  2  0  3  0  0
    7  2.7856838560276490e-07   1  1  2  0  3  0  0
    7  6.8068555303044486e-08   0  2  2  0  3  0  0
    7 -3.2948015272984630e-08   0  0  4  0  3  0  0
    7  2.2431653951977947e-07   2  0  1  1  3  0  0
    7 -2.7075813406613673e-07   1  1  1  1  3  0  0
    7  2.2431653951977947e-07   0  2  1  1  3  0  0
    7 -1.4136217043079918e-08   0  0  3  1  3  0  0
    7  6.8068555303044486e-08   2  0  0  2  3  0  0
    7  2.7856838560276490e-07   1  1  0  2  3  0  0
    7 -1.6072231367013160e-07   0  2  0  2  3  0  0
    7 -7.5057108589420108e-08   0  0  2  2  3  0  0
    7 -1.4136217043079918e-08   0  0  1  3  3  0  0
    7 -3.2948015272984630e-08   0  0  0  4  3  0  0
    7 -4.7356998707618376e-08   3  0  0  0  4  0  0
    7 -2.6178878116324643e-08   2  1  0  0  4  0  0
    7 -2.6178878116324643e-08   1  2  0  0  4  0  0
    7 -4.7356998707618376e-08   0  3  0  0  4  0  0
    7  4.3431059195350774e-08   1  0  2  0  4  0  0
    7  3.4682729343733914e-08   0  1  2  0  4  0  0
    7 -1.8054213098780421e-07   1  0  1  1  4  0  0
    7 -1.8054213098780421e-07   0  1  1  1  4  0  0
    7  3.4682729343733914e-08   1  0  0  2  4  0  0
    7  4.3431059195350774e-08   0  1  0  2  4  0  0
    7 -4.8672282886090157e-08   2  0  0  0  5  0  0
    7  7.1079660615732717e-07   1  1  0  0  5  0  0
    7 -4.8672282886090157e-08   0  2  0  0  5  0  0
    7  2.8019728731426338e-08   0  0  2  0  5  0  0
    7  9.1985455350474952e-08   0  0  1  1  5  0  0
    7  2.8019728731426338e-08   0  0  0  2  5  0  0
    7  2.1126685961152683e-22   1  0  0  0  6  0  0
    7  2.1126685961152683e-22   0  1  0  0  6  0  0
    7  4.6699975709761865e-08   0  0  0  0  7  0  0
    8 -1.7891634349016354e-09   8  0  0  0  0  0  0
    8  1.2363540212636924e-08   7  1  0  0  0  0  0
    8 -9.1453607044722569e-08   6  2  0  0  0  0  0
    8 -3.3825127931417173e-08   5  3  0  0  0  0  0
    8 -6.9435457000851509e-08   4  4  0  0  0  0  0
    8 -3.3825127931417173e-08   3  5  0  0  0  0  0
    8 -9.1453607044722569e-08   2  6  0  0  0  0  0
    8  1.2363540212636924e-08   1  7  0  0  0  0  0
    8 -1.7891634349016354e-09   0  8  0  0  0  0  0
    8  4.3852291679120890e-07   6  0  2  0  0  0  0
    8  1.8169651193430917e-06   5  1  2  0  0  0  0
    8 -3.8665726310277397e-07   4  2  2  0  0  0  0
    8 -4.3809140480471755e-07   3  3  2  0  0  0  0
    8 -9.3397959384880730e-08   2  4  2  0  0  0  0
    8  3.6458150901761873e-08   1  5  2  0  0  0  0
    8  1.0526859377778743e-08   0  6  2  0  0  0  0
    8  3.7180869806300134e-07   4  0  4  0  0  0  0
    8  1.6797104539798819e-08   3  1  4  0  0  0  0
    8 -2.0408045130340604e-07   2  2  4  0  0  0  0
    8  3.2798944406242669e-08   1  3  4  0  0  0  0
    8  1.4125628501289574e-08   0  4  4  0  0  0  0
    8 -6.6595815427889632e-09   2  0  6  0  0  0  0
    8 -5.8833817531096243e-08   1  1  6  0  0  0  0
    8  5.6958922926168683e-08   0  2  6  0  0  0  0
    8 -1.3099942664006456e-08   0  0  8  0  0  0  0
    8  2.3327276992078115e-07   6  0  1  1  0  0  0
    8 -2.4988471984842047e-07   5  1  1  1  0  0  0
    8 -1.8502883126281622e-07   4  2  1  1  0  0  0
    8 -1.0228321255543862e-08   3  3  1  1  0  0  0
    8 -1.8502883126281622e-07   2  4  1  1  0  0  0
    8 -2.4988471984842047e-07   1  5  1  1  0  0  0
    8  2.3327276992078115e-07   0  6  1  1  0  0  0
    8  4.7529084506134309e-07   4  0  3  1  0  0  0
    8 -3.0216665816501638e-07   3  1  3  1  0  0  0
    8  4.3961879530879770e-08   2  2  3  1  0  0  0
    8 -1.3919378663432970e-07   1  3  3  1  0  0  0
    8  9.3614491093260394e-08   0  4  3  1  0  0  0
    8 -1.8301319676344643e-08   2  0  5  1  0  0  0
    8  2.1249453645723483e-08   1  1  5  1  0  0  0
    8  1.7536028456280864e-08   0  2  5  1  0  0  0
    8  3.6249389159204684e-08   0  0  7  1  0  0  0
    8  1.0526859377778743e-08   6  0  0  2  0  0  0
    8  3.6458150901761873e-08   5  1  0  2  0  0  0
    8 -9.3397959384880730e-08   4  2  0  2  0  0  0
    8 -4.3809140480471755e-07   3  3  0  2  0  0  0
    8 -3.8665726310277397e-07   2  4  0  2  0  0  0
    8  1.8169651193430917e-06   1  5  0  2  0  0  0
    8  4.3852291679120890e-07   0  6  0  2  0  0  0
    8 -1.1715577521166874e-07   4  0  2  2  0  0  0
    8 -5.8234767568673245e-08   3  1  2  2  0  0  0
    8  2.6353897631553992e-07   2  2  2  2  0  0  0
    8 -5.8234767568673245e-08   1  3  2  2  0  0  0
    8 -1.1715577521166874e-07   0  4  2  2  0  0  0
    8  6.4010469110882287e-08   2  0  4  2  0  0  0
    8  7.9199772960402551e-08   1  1  4  2  0  0  0
    8  5.2285353049669375e-09   0  2  4  2  0  0  0
    8  2.3624339210716333e-08   0  0  6  2  0  0  0
    8  9.3614491093260394e-08   4  0  1  3  0  0  0
    8 -1.3919378663432970e-07   3  1  1  3  0  0  0
    8  4.3961879530879770e-08   2  2  1  3  0  0  0
    8 -3.0216665816501638e-07   1  3  1  3  0  0  0
    8  4.7529084506134309e-07   0  4  1  3  0  0  0
    8  1.1066368612021809e-07   2  0  3  3  0  0  0
    8 -1.4284520431523756e-07   1  1  3  3  0  0  0
    8  1.1066368612021809e-07   0  2  3  3  0  0  0
    8 -3.3761130832866217e-09   0  0  5  3  0  0  0
    8  1.4125628501289574e-08   4  0  0  4  0  0  0
    8  3.2798944406242669e-08   3  1  0  4  0  0  0
    8 -2.0408045130340604e-07   2  2  0  4  0  0  0
    8  1.6797104539798819e-08   1  3  0  4  0  0  0
    8  3.7180869806300134e-07   0  4  0  4  0  0  0
    8  5.2285353049669375e-09   2  0  2  4  0  0  0
    8  7.9199772960402551e-08   1  1  2  4  0  0  0
    8  6.4010469110882287e-08   0  2  2  4  0  0  0
    8 -1.9657564107363275e-08   0  0  4  4  0  0  0
    8  1.7536028456280864e-08   2  0  1  5  0  0  0
    8  2.1249453645723483e-08   1  1  1  5  0  0  0
    8 -1.8301319676344643e-08   0  2  1  5  0  0  0
    8 -3.3761130832866217e-09   0  0  3  5  0  0  0
    8  5.6958922926168683e-08   2  0  0  6  0  0  0
    8 -5.8833817531096243e-08   1  1  0  6  0  0  0
    8 -6.6595815427889632e-09   0  2  0  6  0  0  0
    8  2.3624339210716333e-08   0  0  2  6  0  0  0
    8  3.6249389159204684e-08   0  0  1  7  0  0  0
    8 -1.3099942664006456e-08   0  0  0  8  0  0  0
    8  2.1845548172464038e-08   7  0  0  0  1  0  0
    8 -7.5594442284767577e-08   6  1  0  0  1  0  0
    8  1.3307555065706710e-07   5  2  0  0  1  0  0
    8  3.5270808052328779e-08   4  3  0  0  1  0  0
    8  3.5270808052328779e-08   3  4  0  0  1  0  0
    8  1.3307555065706710e-07   2  5  0  0  1  0  0
    8 -7.5594442284767577e-08   1  6  0  0  1  0  0
    8  2.1845548172464038e-08   0  7  0  0  1  0  0
    8  8.8680921555777911e-06   5  0  2  0  1  0  0
    8 -2.4798853173710934e-06   4  1  2  0  1  0  0
    8 -8.0775509033843525e-07   3  2  2  0  1  0  0
    8 -1.9884283302667249e-07   2  3  2  0  1  0  0
    8  5.5342942090486038e-08   1  4  2  0  1  0  0
    8  2.1347207819708137e-08   0  5  2  0  1  0  0
    8 -4.1539609498592644e-07   3  0  4  0  1  0  0
    8  1.5105038309333433e-07   2  1  4  0  1  0  0
    8 -1.7171388430178225e-07   1  2  4  0  1  0  0
    8  1.5362462327334119e-08   0  3  4  0  1  0  0
    8 -2.6450190650017921e-08   1  0  6  0  1  0  0
    8 -1.1502409909805620e-08   0  1  6  0  1  0  0
    8 -2.2208651992151814e-07   5  0  1  1  1  0  0
    8  1.8898145068450560e-07   4  1  1  1  1  0  0
    8 -1.4679903435105609e-07   3  2  1  1  1  0  0
    8 -1.4679903435105609e-07   2  3  1  1  1  0  0
    8  1.8898145068450560e-07   1  4  1  1  1  0  0
    8 -2.2208651992151814e-07   0  5  1  1  1  0  0
    8 -3.4590806156333299e-07   3  0  3  1  1  0  0
    8 -3.4648128643319962e-07   2  1  3  1  1  0  0
    8 -4.1102700089165069e-07   1  2  3  1  1  0  0
    8 -4.1979521357039845e-08   0  3  3  1  1  0  0
    8  1.1751295190060252e-08   1  0  5  1  1  0  0
    8 -3.5720000878278674e-08   0  1  5  1  1  0  0
    8  2.1347207819708137e-08   5  0  0  2  1  0  0
    8  5.5342942090486038e-08   4  1  0  2  1  0  0
    8 -1.9884283302667249e-07   3  2  0  2  1  0  0
    8 -8.0775509033843525e-07   2  3  0  2  1  0  0
    8 -2.4798853173710934e-06   1  4  0  2  1  0  0
    8  8.8680921555777911e-06   0  5  0  2  1  0  0
    8  1.4276305423503460e-07   3  0  2  2  1  0  0
    8 -1.7855935918374033e-07   2  1  2  2  1  0  0
    8 -1.7855935918374033e-07   1  2  2  2  1  0  0
    8  1.4276305423503460e-07   0  3  2  2  1  0  0
    8 -1.1544226843398882e-07   1  0  4  2  1  0  0
    8  5.8386920514735126e-08   0  1  4  2  1  0  0
    8 -4.1979521357039845e-08   3  0  1  3  1  0  0
    8 -4.1102700089165069e-07   2  1  1  3  1  0  0
    8 -3.4648128643319962e-07   1  2  1  3  1  0  0
    8 -3.4590806156333299e-07   0  3  1  3  1  0  0
    8  2.2409262366368917e-08   1  0  3  3  1  0  0
    8  2.2409262366368917e-08   0  1  3  3  1  0  0
    8  1.5362462327334119e-08   3  0  0  4  1  0  0
    8 -1.7171388430178225e-07   2  1  0  4  1  0  0
    8  1.5105038309333433e-07   1  2  0  4  1  0  0
    8 -4.1539609498592644e-07   0  3  0  4  1  0  0
    8  5.8386920514735126e-08   1  0  2  4  1  0  0
    8 -1.1544226843398882e-07   0  1  2  4  1  0  0
    8 -3.5720000878278674e-08   1  0  1  5  1  0  0
    8  1.1751295190060252e-08   0  1  1  5  1  0  0
    8 -1.1502409909805620e-08   1  0  0  6  1  0  0
    8 -2.6450190650017921e-08   0  1  0  6  1  0  0
    8  5.0820128250639089e-08   6  0  0  0  2  0  0
    8 -1.4206997100721503e-07   5  1  0  0  2  0  0
    8  4.5995161484341550e-08   4  2  0  0  2  0  0
    8  9.1131620166458144e-08   3  3  0  0  2  0  0
    8  4.5995161484341550e-08   2  4  0  0  2  0  0
    8 -1.4206997100721503e-07   1  5  0  0  2  0  0
    8  5.0820128250639089e-08   0  6  0  0  2  0  0
    8 -4.1134959643485564e-06   4  0  2  0  2  0  0
    8 -2.2284571772295050e-07   3  1  2  0  2  0  0
    8  1.4956802573456817e-07   2  2  2  0  2  0  0
    8 -1.8152901696799686e-07   1  3  2  0  2  0  0
    8  5.2695251301700345e-08   0  4  2  0  2  0  0
    8  1.2296232041298477e-07   2  0  4  0  2  0  0
    8  1.4583269942777644e-07   1  1  4  0  2  0  0
    8  1.7951259602491292e-08   0  2  4  0  2  0  0
    8  5.7101406609144576e-09   0  0  6  0  2  0  0
    8 -2.2622947164432083e-07   4  0  1  1  2  0  0
    8 -2.7784955371990705e-07   3  1  1  1  2  0  0
    8  6.2967608378898116e-07   2  2  1  1  2  0  0
    8 -2.7784955371990705e-07   1  3  1  1  2  0  0
    8 -2.2622947164432083e-07   0  4  1  1  2  0  0
    8  1.2686473062139551e-07   2  0  3  1  2  0  0
    8 -9.4320539746278203e-08   1  1  3  1  2  0  0
    8 -1.6472171291012412e-07   0  2  3  1  2  0  0
    8  4.5365209445592607e-09   0  0  5  1  2  0  0
    8  5.2695251301700345e-08   4  0  0  2  2  0  0
    8 -1.8152901696799686e-07   3  1  0  2  2  0  0
    8  1.4956802573456817e-07   2  2  0  2  2  0  0
    8 -2.2284571772295050e-07   1  3  0  2  2  0  0
    8 -4.1134959643485564e-06   0  4  0  2  2  0  0
    8 -2.4494697356253365e-07   2  0  2  2  2  0  0
    8  1.4645940929296305e-07   1  1  2  2  2  0  0
    8 -2.4494697356253365e-07   0  2  2  2  2  0  0
    8 -2.5389659849594204e-08   0  0  4  2  2  0  0
    8 -1.6472171291012412e-07   2  0  1  3  2  0  0
    8 -9.4320539746278203e-08   1  1  1  3  2  0  0
    8  1.2686473062139551e-07   0  2  1  3  2  0  0
    8 -3.3349112573275236e-09   0  0  3  3  2  0  0
    8  1.7951259602491292e-08   2  0  0  4  2  0  0
    8  1.4583269942777644e-07   1  1  0  4  2  0  0
    8  1.2296232041298477e-07   0  2  0  4  2  0  0
    8 -2.5389659849594204e-08   0  0  2  4  2  0  0
    8  4.5365209445592607e-09   0  0  1  5  2  0  0
    8  5.7101406609144576e-09   0  0  0  6  2  0  0
    8  6.7342119963797372e-09   5  0  0  0  3  0  0
    8  7.2352255396912820e-08   4  1  0  0  3  0  0
    8  6.0186032895586627e-08   3  2  0  0  3  0  0
    8  6.0186032895586627e-08   2  3  0  0  3  0  0
    8  7.2352255396912820e-08   1  4  0  0  3  0  0
    8  6.7342119963797372e-09   0  5  0  0  3  0  0
    8  1.3753767413353594e-07   3  0  2  0  3  0  0
    8 -9.4647941953920947e-08   2  1  2  0  3  0  0
    8  4.3922848463403789e-07   1  2  2  0  3  0  0
    8 -9.2856123618007829e-09   0  3  2  0  3  0  0
    8 -4.3290975290819116e-08   1  0  4  0  3  0  0
    8  2.1082341561350693e-08   0  1  4  0  3  0  0
    8  1.4571346305839372e-07   3  0  1  1  3  0  0
    8  3.3275884572814681e-07   2  1  1  1  3  0  0
    8  3.3275884572814681e-07   1  2  1  1  3  0  0
    8  1.4571346305839372e-07   0  3  1  1  3  0  0
    8 -3.2335272135443201e-08   1  0  3  1  3  0  0
    8  6.4494807765155021e-08   0  1  3  1  3  0  0
    8 -9.2856123618007829e-09   3  0  0  2  3  0  0
    8  4.3922848463403789e-07   2  1  0  2  3  0  0
    8 -9.4647941953920947e-08   1  2  0  2  3  0  0
    8  1.3753767413353594e-07   0  3  0  2  3  0  0
    8  2.5833317922869874e-08   1  0  2  2  3  0  0
    8  2.5833317922869874e-08   0  1  2  2  3  0  0
    8  6.4494807765155021e-08   1  0  1  3  3  0  0
    8 -3.2335272135443201e-08   0  1  1  3  3  0  0
    8  2.1082341561350693e-08   1  0  0  4  3  0  0
    8 -4.3290975290819116e-08   0  1  0  4  3  0  0
    8 -2.3200793110103626e-08   4  0  0  0  4  0  0
    8  3.4303849140226750e-08   3  1  0  0  4  0  0
    8 -2.8252268992942123e-07   2  2  0  0  4  0  0
    8  3.4303849140226750e-08   1  3  0  0  4  0  0
    8 -2.3200793110103626e-08   0  4  0  0  4  0  0
    8  4.8070604731592647e-08   2  0  2  0  4  0  0
    8 -5.3964469497264324e-08   1  1  2  0  4  0  0
    8 -1.6598034107859950e-09   0  2  2  0  4  0  0
    8  7.7177001980004534e-09   0  0  4  0  4  0  0
    8 -1.2683465717480066e-08   2  0  1  1  4  0  0
    8 -2.9743615984150250e-07   1  1  1  1  4  0  0
    8 -1.2683465717480066e-08   0  2  1  1  4  0  0
    8  2.2342953679978729e-09   0  0  3  1  4  0  0
    8 -1.6598034107859950e-09   2  0  0  2  4  0  0
    8 -5.3964469497264324e-08   1  1  0  2  4  0  0
    8  4.8070604731592647e-08   0  2  0  2  4  0  0
    8  2.2335073747991692e-08   0  0  2  2  4  0  0
    8  2.2342953679978729e-09   0  0  1  3  4  0  0
    8  7.7177001980004534e-09   0  0  0  4  4  0  0
    8  5.2733929337848900e-08   3  0  0  0  5  0  0
    8  2.3644533628446567e-08   2  1  0  0  5  0  0
    8  2.3644533628446567e-08   1  2  0  0  5  0  0
    8  5.2733929337848900e-08   0  3  0  0  5  0  0
    8  4.6522845779919224e-08   1  0  2  0  5  0  0
    8  6.4232012328920714e-09   0  1  2  0  5  0  0
    8 -6.8474641015480180e-09   1  0  1  1  5  0  0
    8 -6.8474641015480180e-09   0  1  1  1  5  0  0
    8  6.4232012328920714e-09   1  0  0  2  5  0  0
    8  4.6522845779919224e-08   0  1  0  2  5  0  0
    8  3.9214333193832981e-08   2  0  0  0  6  0  0
    8 -3.7969769313564337e-07   1  1  0  0  6  0  0
    8  3.9214333193832981e-08   0  2  0  0  6  0  0
    8 -1.8962575151340458e-08   0  0  2  0  6  0  0
    8 -4.3346112588493986e-08   0  0  1  1  6  0  0
    8 -1.8962575151340458e-08   0  0  0  2  6  0  0
    8  3.1839758524367686e-22   1  0  0  0  7  0  0
    8  3.1839758524367686e-22   0  1  0  0  7  0  0
    8 -3.1317525691150463e-08   0  0  0  0  8  0  0
 -661  0.0000000000000000e+00   0  0  0  0  0  0  0

tpsa, NO = 8, NV = 7, INA = 58472
------------------------------------------------------------------

   |I|         a                i  i  i  i  i  i  i
                I                1  2  3  4  5  6  7

    2 -6.9997280217640484e-11   1  1  0  0  0  0  0
    2 -3.1321336425416898e-10   0  0  1  1  0  0  0
    2  3.8773713610707861e-08   0  0  0  0  2  0  0
    3 -2.0509154321397593e-14   3  0  0  0  0  0  0
    3 -2.0129520478608847e-14   2  1  0  0  0  0  0
    3 -2.0129520478608847e-14   1  2  0  0  0  0  0
    3 -2.0509154321397593e-14   0  3  0  0  0  0  0
    3  1.4777420366642976e-13   1  0  2  0  0  0  0
    3 -1.6972479623509387e-14   0  1  2  0  0  0  0
    3 -1.1054469265243256e-14   1  0  1  1  0  0  0
    3 -1.1054469265243256e-14   0  1  1  1  0  0  0
    3 -1.6972479623509387e-14   1  0  0  2  0  0  0
    3  1.4777420366642976e-13   0  1  0  2  0  0  0
    3 -1.9676878081822119e-13   2  0  0  0  1  0  0
    3 -7.7443809227389376e-13   1  1  0  0  1  0  0
    3 -1.9676878081822119e-13   0  2  0  0  1  0  0
    3  3.3366157369450544e-13   0  0  2  0  1  0  0
    3 -5.0784629290798071e-13   0  0  1  1  1  0  0
    3  3.3366157369450544e-13   0  0  0  2  1  0  0
    3 -9.7609660907710336e-12   0  0  0  0  3  0  0
    4 -3.0556489159177629e-17   4  0  0  0  0  0  0
    4 -4.2702178660209165e-18   3  1  0  0  0  0  0
    4  1.7385031500000700e-16   2  2  0  0  0  0  0
    4 -4.2702178660209165e-18   1  3  0  0  0  0  0
    4 -3.0556489159177629e-17   0  4  0  0  0  0  0
    4 -4.8744957517738350e-17   2  0  2  0  0  0  0
    4 -3.5742925690489927e-16   1  1  2  0  0  0  0
    4  1.9916109471857810e-16   0  2  2  0  0  0  0
    4  4.8740509955547650e-17   0  0  4  0  0  0  0
    4 -3.5559797172194346e-17   2  0  1  1  0  0  0
    4 -2.8563377511272717e-16   1  1  1  1  0  0  0
    4 -3.5559797172194346e-17   0  2  1  1  0  0  0
    4 -1.4922441962754539e-16   0  0  3  1  0  0  0
    4  1.9916109471857810e-16   2  0  0  2  0  0  0
    4 -3.5742925690489927e-16   1  1  0  2  0  0  0
    4 -4.8744957517738350e-17   0  2  0  2  0  0  0
    4  1.4198073123707884e-16   0  0  2  2  0  0  0
    4 -1.4922441962754539e-16   0  0  1  3  0  0  0
    4  4.8740509955547650e-17   0  0  0  4  0  0  0
    4  2.6042931984963657e-18   3  0  0  0  1  0  0
    4 -8.6451850386773864e-16   2  1  0  0  1  0  0
    4 -8.6451850386773864e-16   1  2  0  0  1  0  0
    4  2.6042931984963657e-18   0  3  0  0  1  0  0
    4 -1.3105380997895865e-15   1  0  2  0  1  0  0
    4  2.1718350592897289e-15   0  1  2  0  1  0  0
    4 -2.0039370876927464e-15   1  0  1  1  1  0  0
    4 -2.0039370876927464e-15   0  1  1  1  1  0  0
    4  2.1718350592897289e-15   1  0  0  2  1  0  0
    4 -1.3105380997895865e-15   0  1  0  2  1  0  0
    4 -4.3782150207422555e-15   2  0  0  0  2  0  0
    4  1.0830327305871918e-14   1  1  0  0  2  0  0
    4 -4.3782150207422555e-15   0  2  0  0  2  0  0
    4  1.8551350399951154e-14   0  0  2  0  2  0  0
    4 -6.7679731399602095e-15   0  0  1  1  2  0  0
    4  1.8551350399951154e-14   0  0  0  2  2  0  0
    4  8.2333654661610320e-13   0  0  0  0  4  0  0
    5  1.4012332673906275e-19   5  0  0  0  0  0  0
    5  4.9810074593155726e-20   4  1  0  0  0  0  0
    5  1.8458617520517932e-19   3  2  0  0  0  0  0
    5  1.8458617520517932e-19   2  3  0  0  0  0  0
    5  4.9810074593155726e-20   1  4  0  0  0  0  0
    5  1.4012332673906275e-19   0  5  0  0  0  0  0
    5  1.2981683628519476e-19   3  0  2  0  0  0  0
    5  2.2831326340893191e-19   2  1  2  0  0  0  0
    5 -7.5291770719110034e-19   1  2  2  0  0  0  0
    5 -2.8104657733986874e-20   0  3  2  0  0  0  0
    5  2.2535691236445502e-19   1  0  4  0  0  0  0
    5 -5.4298528287875138e-19   0  1  4  0  0  0  0
    5 -6.8981875168341966e-20   3  0  1  1  0  0  0
    5  4.7760524432019831e-19   2  1  1  1  0  0  0
    5  4.7760524432019831e-19   1  2  1  1  0  0  0
    5 -6.8981875168341966e-20   0  3  1  1  0  0  0
    5  2.7685048160375959e-19   1  0  3  1  0  0  0
    5 -4.3461457294190827e-19   0  1  3  1  0  0  0
    5 -2.8104657733986874e-20   3  0  0  2  0  0  0
    5 -7.5291770719110034e-19   2  1  0  2  0  0  0
    5  2.2831326340893191e-19   1  2  0  2  0  0  0
    5  1.2981683628519476e-19   0  3  0  2  0  0  0
    5  4.4377648403695182e-19   1  0  2  2  0  0  0
    5  4.4377648403695182e-19   0  1  2  2  0  0  0
    5 -4.3461457294190827e-19   1  0  1  3  0  0  0
    5  2.7685048160375959e-19   0  1  1  3  0  0  0
    5 -5.4298528287875138e-19   1  0  0  4  0  0  0
    5  2.2535691236445502e-19   0  1  0  4  0  0  0
    5 -1.2210146222058931e-18   4  0  0  0  1  0  0
    5  6.6858080734063241e-19   3  1  0  0  1  0  0
    5  1.9913535803154779e-17   2  2  0  0  1  0  0
    5  6.6858080734063241e-19   1  3  0  0  1  0  0
    5 -1.2210146222058931e-18   0  4  0  0  1  0  0
    5 -1.7576345714556447e-18   2  0  2  0  1  0  0
    5 -4.8912537387928544e-18   1  1  2  0  1  0  0
    5 -6.0265454427899165e-19   0  2  2  0  1  0  0
    5 -9.4880129835441274e-19   0  0  4  0  1  0  0
    5 -2.3233961848557923e-18   2  0  1  1  1  0  0
    5  1.2653353354079984e-17   1  1  1  1  1  0  0
    5 -2.3233961848557923e-18   0  2  1  1  1  0  0
    5  8.0207630170672869e-19   0  0  3  1  1  0  0
    5 -6.0265454427899165e-19   2  0  0  2  1  0  0
    5 -4.8912537387928544e-18   1  1  0  2  1  0  0
    5 -1.7576345714556447e-18   0  2  0  2  1  0  0
    5  1.6978436403436863e-18   0  0  2  2  1  0  0
    5  8.0207630170672869e-19   0  0  1  3  1  0  0
    5 -9.4880129835441274e-19   0  0  0  4  1  0  0
    5  6.0427280948468378e-18   3  0  0  0  2  0  0
    5 -9.5259956288992493e-18   2  1  0  0  2  0  0
    5 -9.5259956288992493e-18   1  2  0  0  2  0  0
    5  6.0427280948468378e-18   0  3  0  0  2  0  0
    5 -1.0348486369120397e-17   1  0  2  0  2  0  0
    5  5.5450408819201991e-17   0  1  2  0  2  0  0
    5 -2.3466223729943496e-17   1  0  1  1  2  0  0
    5 -2.3466223729943496e-17   0  1  1  1  2  0  0
    5  5.5450408819201991e-17   1  0  0  2  2  0  0
    5 -1.0348486369120397e-17   0  1  0  2  2  0  0
    5  1.9650036224511404e-17   2  0  0  0  3  0  0
    5  3.6278274365026594e-16   1  1  0  0  3  0  0
    5  1.9650036224511404e-17   0  2  0  0  3  0  0
    5 -1.2405482674275805e-16   0  0  2  0  3  0  0
    5 -1.4302621466680655e-16   0  0  1  1  3  0  0
    5 -1.2405482674275805e-16   0  0  0  2  3  0  0
    5 -5.3677034527341345e-15   0  0  0  0  5  0  0
    6 -2.2743854487901768e-22   6  0  0  0  0  0  0
    6  8.4736102804347074e-22   5  1  0  0  0  0  0
    6  3.3758885170141515e-22   4  2  0  0  0  0  0
    6 -3.9141205488370283e-21   3  3  0  0  0  0  0
    6  3.3758885170141515e-22   2  4  0  0  0  0  0
    6  8.4736102804347074e-22   1  5  0  0  0  0  0
    6 -2.2743854487901768e-22   0  6  0  0  0  0  0
    6 -5.6088795164589408e-21   4  0  2  0  0  0  0
    6  1.0360859950613325e-21   3  1  2  0  0  0  0
    6  1.9943547950512645e-21   2  2  2  0  0  0  0
    6 -2.0510821379042915e-22   1  3  2  0  0  0  0
    6 -1.8448224107047054e-22   0  4  2  0  0  0  0
    6  1.3387108137827422e-22   2  0  4  0  0  0  0
    6  1.8581267812174583e-21   1  1  4  0  0  0  0
    6  3.0990573882488382e-23   0  2  4  0  0  0  0
    6  3.5072823601407407e-22   0  0  6  0  0  0  0
    6  2.3138282574838686e-22   4  0  1  1  0  0  0
    6  1.6046659829702315e-21   3  1  1  1  0  0  0
    6 -7.3613577739545874e-21   2  2  1  1  0  0  0
    6  1.6046659829702315e-21   1  3  1  1  0  0  0
    6  2.3138282574838686e-22   0  4  1  1  0  0  0
    6  1.1180935425522819e-22   2  0  3  1  0  0  0
    6  2.2552536293811173e-21   1  1  3  1  0  0  0
    6 -1.5409969907174774e-22   0  2  3  1  0  0  0
    6  1.2742984243535734e-22   0  0  5  1  0  0  0
    6 -1.8448224107047054e-22   4  0  0  2  0  0  0
    6 -2.0510821379042915e-22   3  1  0  2  0  0  0
    6  1.9943547950512645e-21   2  2  0  2  0  0  0
    6  1.0360859950613325e-21   1  3  0  2  0  0  0
    6 -5.6088795164589408e-21   0  4  0  2  0  0  0
    6  7.9357106543420706e-22   2  0  2  2  0  0  0
    6 -2.3948396666416801e-21   1  1  2  2  0  0  0
    6  7.9357106543420706e-22   0  2  2  2  0  0  0
    6 -1.6610367109801468e-22   0  0  4  2  0  0  0
    6 -1.5409969907174774e-22   2  0  1  3  0  0  0
    6  2.2552536293811173e-21   1  1  1  3  0  0  0
    6  1.1180935425522819e-22   0  2  1  3  0  0  0
    6 -6.7597369198041521e-22   0  0  3  3  0  0  0
    6  3.0990573882488382e-23   2  0  0  4  0  0  0
    6  1.8581267812174583e-21   1  1  0  4  0  0  0
    6  1.3387108137827422e-22   0  2  0  4  0  0  0
    6 -1.6610367109801468e-22   0  0  2  4  0  0  0
    6  1.2742984243535734e-22   0  0  1  5  0  0  0
    6  3.5072823601407407e-22   0  0  0  6  0  0  0
    6  8.8733090525607632e-21   5  0  0  0  1  0  0
    6  7.4497981082491926e-21   4  1  0  0  1  0  0
    6  1.8084074383529200e-20   3  2  0  0  1  0  0
    6  1.8084074383529200e-20   2  3  0  0  1  0  0
    6  7.4497981082491926e-21   1  4  0  0  1  0  0
    6  8.8733090525607632e-21   0  5  0  0  1  0  0
    6  4.6260621044988008e-21   3  0  2  0  1  0  0
    6  2.5612053393323062e-20   2  1  2  0  1  0  0
    6 -2.8960824335159349e-20   1  2  2  0  1  0  0
    6 -1.5428674350615371e-21   0  3  2  0  1  0  0
    6  2.4815129305879618e-21   1  0  4  0  1  0  0
    6 -5.4898917261847219e-21   0  1  4  0  1  0  0
    6  7.8802080049658702e-21   3  0  1  1  1  0  0
    6  2.0455071827616433e-20   2  1  1  1  1  0  0
    6  2.0455071827616433e-20   1  2  1  1  1  0  0
    6  7.8802080049658702e-21   0  3  1  1  1  0  0
    6  1.8326898635922795e-21   1  0  3  1  1  0  0
    6 -5.0763013268224514e-22   0  1  3  1  1  0  0
    6 -1.5428674350615371e-21   3  0  0  2  1  0  0
    6 -2.8960824335159349e-20   2  1  0  2  1  0  0
    6  2.5612053393323062e-20   1  2  0  2  1  0  0
    6  4.6260621044988008e-21   0  3  0  2  1  0  0
    6  7.9185983119385072e-21   1  0  2  2  1  0  0
    6  7.9185983119385072e-21   0  1  2  2  1  0  0
    6 -5.0763013268224514e-22   1  0  1  3  1  0  0
    6  1.8326898635922795e-21   0  1  1  3  1  0  0
    6 -5.4898917261847219e-21   1  0  0  4  1  0  0
    6  2.4815129305879618e-21   0  1  0  4  1  0  0
    6  3.4163112872768623e-20   4  0  0  0  2  0  0
    6  1.0337020374403398e-19   3  1  0  0  2  0  0
    6 -2.8958958727758859e-19   2  2  0  0  2  0  0
    6  1.0337020374403398e-19   1  3  0  0  2  0  0
    6  3.4163112872768623e-20   0  4  0  0  2  0  0
    6 -8.7219579814561868e-20   2  0  2  0  2  0  0
    6 -2.6036752662589028e-21   1  1  2  0  2  0  0
    6  3.0343210627663367e-20   0  2  2  0  2  0  0
    6 -3.3015677593954231e-20   0  0  4  0  2  0  0
    6  3.3686259682766149e-20   2  0  1  1  2  0  0
    6 -1.6611086353818000e-22   1  1  1  1  2  0  0
    6  3.3686259682766149e-20   0  2  1  1  2  0  0
    6 -3.8061207802127876e-21   0  0  3  1  2  0  0
    6  3.0343210627663367e-20   2  0  0  2  2  0  0
    6 -2.6036752662589028e-21   1  1  0  2  2  0  0
    6 -8.7219579814561868e-20   0  2  0  2  2  0  0
    6  5.7247690728772930e-20   0  0  2  2  2  0  0
    6 -3.8061207802127876e-21   0  0  1  3  2  0  0
    6 -3.3015677593954231e-20   0  0  0  4  2  0  0
    6 -2.7554316819487025e-20   3  0  0  0  3  0  0
    6  3.2082048513629907e-19   2  1  0  0  3  0  0
    6  3.2082048513629907e-19   1  2  0  0  3  0  0
    6 -2.7554316819487025e-20   0  3  0  0  3  0  0
    6  4.3699365876637830e-19   1  0  2  0  3  0  0
    6  5.6634624961772956e-19   0  1  2  0  3  0  0
    6 -1.8855659549459862e-19   1  0  1  1  3  0  0
    6 -1.8855659549459862e-19   0  1  1  1  3  0  0
    6  5.6634624961772956e-19   1  0  0  2  3  0  0
    6  4.3699365876637830e-19   0  1  0  2  3  0  0
    6  1.2492772251367614e-18   2  0  0  0  4  0  0
    6 -1.3135493870623181e-17   1  1  0  0  4  0  0
    6  1.2492772251367614e-18   0  2  0  0  4  0  0
    6  4.4104895252878757e-19   0  0  2  0  4  0  0
    6 -1.1606177176509053e-18   0  0  1  1  4  0  0
    6  4.4104895252878757e-19   0  0  0  2  4  0  0
    6 -1.4832937567750854e-17   0  0  0  0  6  0  0
    7  3.7998118102934011e-25   7  0  0  0  0  0  0
    7 -1.5030003747609938e-24   6  1  0  0  0  0  0
    7 -1.5305534297107499e-24   5  2  0  0  0  0  0
    7 -3.0313069423569512e-24   4  3  0  0  0  0  0
    7 -3.0313069423569512e-24   3  4  0  0  0  0  0
    7 -1.5305534297107499e-24   2  5  0  0  0  0  0
    7 -1.5030003747609938e-24   1  6  0  0  0  0  0
    7  3.7998118102934011e-25   0  7  0  0  0  0  0
    7 -9.8048610991085233e-24   5  0  2  0  0  0  0
    7 -1.7476187212592518e-23   4  1  2  0  0  0  0
    7 -2.1601592242152745e-23   3  2  2  0  0  0  0
    7  6.5714662348996605e-24   2  3  2  0  0  0  0
    7  5.1287317665842105e-25   1  4  2  0  0  0  0
    7 -2.7093632234518616e-25   0  5  2  0  0  0  0
    7 -4.8685366493120520e-24   3  0  4  0  0  0  0
    7 -2.7710130556736251e-24   2  1  4  0  0  0  0
    7  4.3695042320554549e-24   1  2  4  0  0  0  0
    7 -4.8157622530192201e-25   0  3  4  0  0  0  0
    7 -6.7283874402818346e-25   1  0  6  0  0  0  0
    7  5.8685010184577521e-25   0  1  6  0  0  0  0
    7 -5.5946248988166059e-24   5  0  1  1  0  0  0
    7  1.1060914920577975e-24   4  1  1  1  0  0  0
    7 -9.4001476969743957e-24   3  2  1  1  0  0  0
    7 -9.4001476969743957e-24   2  3  1  1  0  0  0
    7  1.1060914920577975e-24   1  4  1  1  0  0  0
    7 -5.5946248988166059e-24   0  5  1  1  0  0  0
    7 -4.9197329673846343e-24   3  0  3  1  0  0  0
    7 -7.8300464723752554e-24   2  1  3  1  0  0  0
    7  8.0568302356961528e-25   1  2  3  1  0  0  0
    7 -1.1592012741966787e-24   0  3  3  1  0  0  0
    7 -5.6993216575099240e-25   1  0  5  1  0  0  0
    7 -3.2060398541885016e-25   0  1  5  1  0  0  0
    7 -2.7093632234518616e-25   5  0  0  2  0  0  0
    7  5.1287317665842105e-25   4  1  0  2  0  0  0
    7  6.5714662348996605e-24   3  2  0  2  0  0  0
    7 -2.1601592242152745e-23   2  3  0  2  0  0  0
    7 -1.7476187212592518e-23   1  4  0  2  0  0  0
    7 -9.8048610991085233e-24   0  5  0  2  0  0  0
    7  9.5283000502434263e-25   3  0  2  2  0  0  0
    7 -6.2903488400849702e-24   2  1  2  2  0  0  0
    7 -6.2903488400849702e-24   1  2  2  2  0  0  0
    7  9.5283000502434263e-25   0  3  2  2  0  0  0
    7 -1.0716074767003321e-24   1  0  4  2  0  0  0
    7 -2.3269480500030000e-24   0  1  4  2  0  0  0
    7 -1.1592012741966787e-24   3  0  1  3  0  0  0
    7  8.0568302356961528e-25   2  1  1  3  0  0  0
    7 -7.8300464723752554e-24   1  2  1  3  0  0  0
    7 -4.9197329673846343e-24   0  3  1  3  0  0  0
    7 -7.9702622745083210e-25   1  0  3  3  0  0  0
    7 -7.9702622745083210e-25   0  1  3  3  0  0  0
    7 -4.8157622530192201e-25   3  0  0  4  0  0  0
    7  4.3695042320554549e-24   2  1  0  4  0  0  0
    7 -2.7710130556736251e-24   1  2  0  4  0  0  0
    7 -4.8685366493120520e-24   0  3  0  4  0  0  0
    7 -2.3269480500030000e-24   1  0  2  4  0  0  0
    7 -1.0716074767003321e-24   0  1  2  4  0  0  0
    7 -3.2060398541885016e-25   1  0  1  5  0  0  0
    7 -5.6993216575099240e-25   0  1  1  5  0  0  0
    7  5.8685010184577521e-25   1  0  0  6  0  0  0
    7 -6.7283874402818346e-25   0  1  0  6  0  0  0
    7 -1.2020850099511724e-23   6  0  0  0  1  0  0
    7  6.5009991628575329e-23   5  1  0  0  1  0  0
    7 -9.0587045423814621e-25   4  2  0  0  1  0  0
    7  6.4063348422309378e-23   3  3  0  0  1  0  0
    7 -9.0587045423814621e-25   2  4  0  0  1  0  0
    7  6.5009991628575329e-23   1  5  0  0  1  0  0
    7 -1.2020850099511724e-23   0  6  0  0  1  0  0
    7 -4.4216690316564197e-22   4  0  2  0  1  0  0
    7  2.6798593990898747e-23   3  1  2  0  1  0  0
    7  2.8372691562431481e-23   2  2  2  0  1  0  0
    7  3.2349265557632884e-23   1  3  2  0  1  0  0
    7 -9.0674702276716476e-24   0  4  2  0  1  0  0
    7 -6.5129998554347476e-25   2  0  4  0  1  0  0
    7  3.1299822968059935e-23   1  1  4  0  1  0  0
    7 -2.1125133212323063e-24   0  2  4  0  1  0  0
    7 -8.1576750767931575e-25   0  0  6  0  1  0  0
    7  2.2972034606713523e-24   4  0  1  1  1  0  0
    7  1.9476029592789196e-23   3  1  1  1  1  0  0
    7  5.4869499164783378e-23   2  2  1  1  1  0  0
    7  1.9476029592789196e-23   1  3  1  1  1  0  0
    7  2.2972034606713523e-24   0  4  1  1  1  0  0
    7  2.3675625685917032e-23   2  0  3  1  1  0  0
    7 -4.7783781485432577e-23   1  1  3  1  1  0  0
    7  7.6619230080912535e-24   0  2  3  1  1  0  0
    7 -7.8990289329518569e-25   0  0  5  1  1  0  0
    7 -9.0674702276716476e-24   4  0  0  2  1  0  0
    7  3.2349265557632884e-23   3  1  0  2  1  0  0
    7  2.8372691562431481e-23   2  2  0  2  1  0  0
    7  2.6798593990898747e-23   1  3  0  2  1  0  0
    7 -4.4216690316564197e-22   0  4  0  2  1  0  0
    7 -4.1011931649320249e-23   2  0  2  2  1  0  0
    7  3.0790594940648687e-23   1  1  2  2  1  0  0
    7 -4.1011931649320249e-23   0  2  2  2  1  0  0
    7  1.0108956040977526e-24   0  0  4  2  1  0  0
    7  7.6619230080912535e-24   2  0  1  3  1  0  0
    7 -4.7783781485432577e-23   1  1  1  3  1  0  0
    7  2.3675625685917032e-23   0  2  1  3  1  0  0
    7  1.4137106953828338e-23   0  0  3  3  1  0  0
    7 -2.1125133212323063e-24   2  0  0  4  1  0  0
    7  3.1299822968059935e-23   1  1  0  4  1  0  0
    7 -6.5129998554347476e-25   0  2  0  4  1  0  0
    7  1.0108956040977526e-24   0  0  2  4  1  0  0
    7 -7.8990289329518569e-25   0  0  1  5  1  0  0
    7 -8.1576750767931575e-25   0  0  0  6  1  0  0
    7 -2.3663480456212011e-22   5  0  0  0  2  0  0
    7 -8.6983273325794960e-24   4  1  0  0  2  0  0
    7  1.6778486597500345e-22   3  2  0  0  2  0  0
    7  1.6778486597500345e-22   2  3  0  0  2  0  0
    7 -8.6983273325794960e-24   1  4  0  0  2  0  0
    7 -2.3663480456212011e-22   0  5  0  0  2  0  0
    7  2.5036481739955426e-22   3  0  2  0  2  0  0
    7  1.7838790259676469e-22   2  1  2  0  2  0  0
    7 -2.6047323953203447e-22   1  2  2  0  2  0  0
    7 -3.5945081631482772e-23   0  3  2  0  2  0  0
    7 -6.1340640542642885e-23   1  0  4  0  2  0  0
    7  9.2504643930078526e-23   0  1  4  0  2  0  0
    7  1.7235725731736436e-22   3  0  1  1  2  0  0
    7  5.4773822021860070e-22   2  1  1  1  2  0  0
    7  5.4773822021860070e-22   1  2  1  1  2  0  0
    7  1.7235725731736436e-22   0  3  1  1  2  0  0
    7 -7.0689512702307192e-23   1  0  3  1  2  0  0
    7 -5.6637903864832937e-24   0  1  3  1  2  0  0
    7 -3.5945081631482772e-23   3  0  0  2  2  0  0
    7 -2.6047323953203447e-22   2  1  0  2  2  0  0
    7  1.7838790259676469e-22   1  2  0  2  2  0  0
    7  2.5036481739955426e-22   0  3  0  2  2  0  0
    7  1.6230424866426069e-22   1  0  2  2  2  0  0
    7  1.6230424866426069e-22   0  1  2  2  2  0  0
    7 -5.6637903864832937e-24   1  0  1  3  2  0  0
    7 -7.0689512702307192e-23   0  1  1  3  2  0  0
    7  9.2504643930078526e-23   1  0  0  4  2  0  0
    7 -6.1340640542642885e-23   0  1  0  4  2  0  0
    7  5.6822029563388070e-22   4  0  0  0  3  0  0
    7 -1.5827040012484116e-22   3  1  0  0  3  0  0
    7  5.6188359768091150e-21   2  2  0  0  3  0  0
    7 -1.5827040012484116e-22   1  3  0  0  3  0  0
    7  5.6822029563388070e-22   0  4  0  0  3  0  0
    7 -1.4437854333728524e-21   2  0  2  0  3  0  0
    7  2.5024090815226160e-21   1  1  2  0  3  0  0
    7  6.1146698534326535e-22   0  2  2  0  3  0  0
    7 -2.3967819702357836e-22   0  0  4  0  3  0  0
    7  2.0150590470466202e-21   2  0  1  1  3  0  0
    7 -2.4322487712205545e-21   1  1  1  1  3  0  0
    7  2.0150590470466202e-21   0  2  1  1  3  0  0
    7 -1.0283299268704194e-22   0  0  3  1  3  0  0
    7  6.1146698534326535e-22   2  0  0  2  3  0  0
    7  2.5024090815226160e-21   1  1  0  2  3  0  0
    7 -1.4437854333728524e-21   0  2  0  2  3  0  0
    7 -5.4599806123270454e-22   0  0  2  2  3  0  0
    7 -1.0283299268704194e-22   0  0  1  3  3  0  0
    7 -2.3967819702357836e-22   0  0  0  4  3  0  0
    7 -3.5005528107251191e-21   3  0  0  0  4  0  0
    7 -1.9351003626204931e-21   2  1  0  0  4  0  0
    7 -1.9351003626204931e-21   1  2  0  0  4  0  0
    7 -3.5005528107251191e-21   0  3  0  0  4  0  0
    7  2.5997146079034359e-21   1  0  2  0  4  0  0
    7  2.0760534002016292e-21   0  1  2  0  4  0  0
    7 -1.0806966810545902e-20   1  0  1  1  4  0  0
    7 -1.0806966810545902e-20   0  1  1  1  4  0  0
    7  2.0760534002016292e-21   1  0  0  2  4  0  0
    7  2.5997146079034359e-21   0  1  0  2  4  0  0
    7 -2.3973583337953304e-20   2  0  0  0  5  0  0
    7  3.5010360442569137e-19   1  1  0  0  5  0  0
    7 -2.3973583337953304e-20   0  2  0  0  5  0  0
    7  1.1176040145754546e-20   0  0  2  0  5  0  0
    7  3.6689617935858169e-20   0  0  1  1  5  0  0
    7  1.1176040145754546e-20   0  0  0  2  5  0  0
    7  1.0213284687724918e-18   0  0  0  0  7  0  0
    8  2.4837005409874886e-25   5  1  2  0  0  0  0
    8  2.4837005409874886e-25   1  5  0  2  0  0  0
    8  1.4968452265390660e-25   5  2  0  0  1  0  0
    8  1.4968452265390660e-25   2  5  0  0  1  0  0
    8  8.0775864106861358e-24   5  0  2  0  1  0  0
    8 -2.2588272187786808e-24   4  1  2  0  1  0  0
    8 -7.3575143631952766e-25   3  2  2  0  1  0  0
    8 -1.8111789297412117e-25   2  3  2  0  1  0  0
    8 -3.0639848589601647e-25   3  0  4  0  1  0  0
    8  1.1141560845770324e-25   2  1  4  0  1  0  0
    8 -1.2665712266547030e-25   1  2  4  0  1  0  0
    8 -2.0228962710838556e-25   5  0  1  1  1  0  0
    8  1.7213555871324343e-25   4  1  1  1  1  0  0
    8 -1.3371330204660909e-25   3  2  1  1  1  0  0
    8 -1.3371330204660909e-25   2  3  1  1  1  0  0
    8  1.7213555871324343e-25   1  4  1  1  1  0  0
    8 -2.0228962710838556e-25   0  5  1  1  1  0  0
    8 -2.5514372330780350e-25   3  0  3  1  1  0  0
    8 -2.5556653718189888e-25   2  1  3  1  1  0  0
    8 -3.0317581762498069e-25   1  2  3  1  1  0  0
    8 -1.8111789297412117e-25   3  2  0  2  1  0  0
    8 -7.3575143631952766e-25   2  3  0  2  1  0  0
    8 -2.2588272187786808e-24   1  4  0  2  1  0  0
    8  8.0775864106861358e-24   0  5  0  2  1  0  0
    8  1.0530282828245526e-25   3  0  2  2  1  0  0
    8 -1.3170638327332995e-25   2  1  2  2  1  0  0
    8 -1.3170638327332995e-25   1  2  2  2  1  0  0
    8  1.0530282828245526e-25   0  3  2  2  1  0  0
    8 -3.0317581762498069e-25   2  1  1  3  1  0  0
    8 -2.5556653718189888e-25   1  2  1  3  1  0  0
    8 -2.5514372330780350e-25   0  3  1  3  1  0  0
    8 -1.2665712266547030e-25   2  1  0  4  1  0  0
    8  1.1141560845770324e-25   1  2  0  4  1  0  0
    8 -3.0639848589601647e-25   0  3  0  4  1  0  0
    8  3.8090191383890420e-25   6  0  0  0  2  0  0
    8 -1.0648285574723105e-24   5  1  0  0  2  0  0
    8  3.4473830822130661e-25   4  2  0  0  2  0  0
    8  6.8304055356663650e-25   3  3  0  0  2  0  0
    8  3.4473830822130661e-25   2  4  0  0  2  0  0
    8 -1.0648285574723105e-24   1  5  0  0  2  0  0
    8  3.8090191383890420e-25   0  6  0  0  2  0  0
    8 -2.4966706960655341e-23   4  0  2  0  2  0  0
    8 -1.3525535894641228e-24   3  1  2  0  2  0  0
    8  9.0779743108125291e-25   2  2  2  0  2  0  0
    8 -1.1017834491089767e-24   1  3  2  0  2  0  0
    8  3.1983181918011116e-25   0  4  2  0  2  0  0
    8  6.0435904838483711e-25   2  0  4  0  2  0  0
    8  7.1676682054753984e-25   1  1  4  0  2  0  0
    8 -1.3730911549106470e-24   4  0  1  1  2  0  0
    8 -1.6863972754553016e-24   3  1  1  1  2  0  0
    8  3.8217949890664926e-24   2  2  1  1  2  0  0
    8 -1.6863972754553016e-24   1  3  1  1  2  0  0
    8 -1.3730911549106470e-24   0  4  1  1  2  0  0
    8  6.2353937055215808e-25   2  0  3  1  2  0  0
    8 -4.6358487260773395e-25   1  1  3  1  2  0  0
    8 -8.0960620561101904e-25   0  2  3  1  2  0  0
    8  3.1983181918011116e-25   4  0  0  2  2  0  0
    8 -1.1017834491089767e-24   3  1  0  2  2  0  0
    8  9.0779743108125291e-25   2  2  0  2  2  0  0
    8 -1.3525535894641228e-24   1  3  0  2  2  0  0
    8 -2.4966706960655341e-23   0  4  0  2  2  0  0
    8 -1.2039128681843431e-24   2  0  2  2  2  0  0
    8  7.1984709567951088e-25   1  1  2  2  2  0  0
    8 -1.2039128681843431e-24   0  2  2  2  2  0  0
    8 -1.0105380050578869e-25   0  0  4  2  2  0  0
    8 -8.0960620561101904e-25   2  0  1  3  2  0  0
    8 -4.6358487260773395e-25   1  1  1  3  2  0  0
    8  6.2353937055215808e-25   0  2  1  3  2  0  0
    8  7.1676682054753984e-25   1  1  0  4  2  0  0
    8  6.0435904838483711e-25   0  2  0  4  2  0  0
    8 -1.0105380050578869e-25   0  0  2  4  2  0  0
    8  3.3632794632671768e-25   5  0  0  0  3  0  0
    8  3.6135015474463366e-24   4  1  0  0  3  0  0
    8  3.0058817352656860e-24   3  2  0  0  3  0  0
    8  3.0058817352656860e-24   2  3  0  0  3  0  0
    8  3.6135015474463366e-24   1  4  0  0  3  0  0
    8  3.3632794632671768e-25   0  5  0  0  3  0  0
    8  5.5625078569869627e-24   3  0  2  0  3  0  0
    8 -3.8278960589021561e-24   2  1  2  0  3  0  0
    8  1.7763946585407486e-23   1  2  2  0  3  0  0
    8 -3.7554286158208297e-25   0  3  2  0  3  0  0
    8 -1.4178135477781134e-24   1  0  4  0  3  0  0
    8  6.9046329595876904e-25   0  1  4  0  3  0  0
    8  5.8931655507286335e-24   3  0  1  1  3  0  0
    8  1.3457939473715476e-23   2  1  1  1  3  0  0
    8  1.3457939473715476e-23   1  2  1  1  3  0  0
    8  5.8931655507286335e-24   0  3  1  1  3  0  0
    8 -1.0590056379359535e-24   1  0  3  1  3  0  0
    8  2.1122557668543502e-24   0  1  3  1  3  0  0
    8 -3.7554286158208297e-25   3  0  0  2  3  0  0
    8  1.7763946585407486e-23   2  1  0  2  3  0  0
    8 -3.8278960589021561e-24   1  2  0  2  3  0  0
    8  5.5625078569869627e-24   0  3  0  2  3  0  0
    8  8.4606151487817483e-25   1  0  2  2  3  0  0
    8  8.4606151487817483e-25   0  1  2  2  3  0  0
    8  2.1122557668543502e-24   1  0  1  3  3  0  0
    8 -1.0590056379359535e-24   0  1  1  3  3  0  0
    8  6.9046329595876904e-25   1  0  0  4  3  0  0
    8 -1.4178135477781134e-24   0  1  0  4  3  0  0
    8 -7.7210750869945740e-24   4  0  0  0  4  0  0
    8  1.1416100894812988e-23   3  1  0  0  4  0  0
    8 -9.4021738497154497e-23   2  2  0  0  4  0  0
    8  1.1416100894812988e-23   1  3  0  0  4  0  0
    8 -7.7210750869945740e-24   0  4  0  0  4  0  0
    8  1.2954698815624775e-23   2  0  2  0  4  0  0
    8 -1.4543055012215726e-23   1  1  2  0  4  0  0
    8 -4.4730565383854474e-25   0  2  2  0  4  0  0
    8  1.6842572640258152e-24   0  0  4  0  4  0  0
    8 -3.4181071618653761e-24   2  0  1  1  4  0  0
    8 -8.0157008407475290e-23   1  1  1  1  4  0  0
    8 -3.4181071618653761e-24   0  2  1  1  4  0  0
    8  4.8759709589452860e-25   0  0  3  1  4  0  0
    8 -4.4730565383854474e-25   2  0  0  2  4  0  0
    8 -1.4543055012215726e-23   1  1  0  2  4  0  0
    8  1.2954698815624775e-23   0  2  0  2  4  0  0
    8  4.8742512973429036e-24   0  0  2  2  4  0  0
    8  4.8759709589452860e-25   0  0  1  3  4  0  0
    8  1.6842572640258152e-24   0  0  0  4  4  0  0
    8  1.1694020499729659e-22   3  0  0  0  5  0  0
    8  5.2432971415074973e-23   2  1  0  0  5  0  0
    8  5.2432971415074973e-23   1  2  0  0  5  0  0
    8  1.1694020499729659e-22   0  3  0  0  5  0  0
    8  8.3543522089538501e-23   1  0  2  0  5  0  0
    8  1.1534480427620164e-23   0  1  2  0  5  0  0
    8 -1.2296351584578238e-23   1  0  1  1  5  0  0
    8 -1.2296351584578238e-23   0  1  1  1  5  0  0
    8  1.1534480427620164e-23   1  0  0  2  5  0  0
    8  8.3543522089538501e-23   0  1  0  2  5  0  0
    8  5.7945181268657494e-22   2  0  0  0  6  0  0
    8 -5.6106147584567420e-21   1  1  0  0  6  0  0
    8  5.7945181268657494e-22   0  2  0  0  6  0  0
    8 -2.2690423221754060e-22   0  0  2  0  6  0  0
    8 -5.1867514396176492e-22   0  0  1  1  6  0  0
    8 -2.2690423221754060e-22   0  0  0  2  6  0  0
    8 -2.0547428605963817e-20   0  0  0  0  8  0  0
 -531  0.0000000000000000e+00   0  0  0  0  0  0  0
