
tpsa, NO = 8, NV = 7, INA = 48097
------------------------------------------------------------------

   |I|         a                i  i  i  i  i  i  i
                I                1  2  3  4  5  6  7

    3 -2.3270844275910440e-07   3  0  0  0  0  0  0
    3 -8.8089955599711213e-07   2  1  0  0  0  0  0
    3  8.8089955599711213e-07   1  2  0  0  0  0  0
    3  2.3270844275910440e-07   0  3  0  0  0  0  0
    3  1.0441810606702800e-06   1  0  2  0  0  0  0
    3  9.8196059432196302e-08   0  1  2  0  0  0  0
    3 -3.7699509654747244e-07   1  0  1  1  0  0  0
    3  3.7699509654747244e-07   0  1  1  1  0  0  0
    3 -9.8196059432196302e-08   1  0  0  2  0  0  0
    3 -1.0441810606702800e-06   0  1  0  2  0  0  0
    3 -4.6099113496963788e-07   2  0  0  0  1  0  0
    3  4.6099113496963788e-07   0  2  0  0  1  0  0
    3  3.4654220134045385e-07   0  0  2  0  1  0  0
    3 -3.4654220134045385e-07   0  0  0  2  1  0  0
    3 -2.1835791871695164e-21   1  0  0  0  2  0  0
    3  2.1835791871695164e-21   0  1  0  0  2  0  0
    4 -1.0477115553624831e-07   4  0  0  0  0  0  0
    4  1.0407082232024354e-07   3  1  0  0  0  0  0
    4 -1.0407082232024354e-07   1  3  0  0  0  0  0
    4  1.0477115553624831e-07   0  4  0  0  0  0  0
    4 -2.9163156772613937e-08   2  0  2  0  0  0  0
    4 -2.1278064201752644e-07   1  1  2  0  0  0  0
    4  1.1385561180038422e-07   0  2  2  0  0  0  0
    4  3.5546239655361104e-08   0  0  4  0  0  0  0
    4 -1.1280834153831748e-07   2  0  1  1  0  0  0
    4  1.1280834153831748e-07   0  2  1  1  0  0  0
    4 -1.2586883803168609e-07   0  0  3  1  0  0  0
    4 -1.1385561180038422e-07   2  0  0  2  0  0  0
    4  2.1278064201752644e-07   1  1  0  2  0  0  0
    4  2.9163156772613937e-08   0  2  0  2  0  0  0
    4  1.2586883803168609e-07   0  0  1  3  0  0  0
    4 -3.5546239655361104e-08   0  0  0  4  0  0  0
    4  1.7054148572562498e-08   3  0  0  0  1  0  0
    4 -1.8579776146417677e-07   2  1  0  0  1  0  0
    4  1.8579776146417677e-07   1  2  0  0  1  0  0
    4 -1.7054148572562498e-08   0  3  0  0  1  0  0
    4 -4.7337484852462314e-08   1  0  2  0  1  0  0
    4  2.7236605931594805e-07   0  1  2  0  1  0  0
    4  2.0347185563980212e-08   1  0  1  1  1  0  0
    4 -2.0347185563980212e-08   0  1  1  1  1  0  0
    4 -2.7236605931594805e-07   1  0  0  2  1  0  0
    4  4.7337484852462314e-08   0  1  0  2  1  0  0
    4 -1.7103970747421526e-07   2  0  0  0  2  0  0
    4  1.7103970747421526e-07   0  2  0  0  2  0  0
    4  3.0917172954911889e-07   0  0  2  0  2  0  0
    4 -3.0917172954911889e-07   0  0  0  2  2  0  0
    4 -6.1077040318483671e-22   1  0  0  0  3  0  0
    4  6.1077040318483671e-22   0  1  0  0  3  0  0
    5  2.6588273421111149e-08   5  0  0  0  0  0  0
    5  3.8601942070181502e-08   4  1  0  0  0  0  0
    5 -1.5387795274236068e-08   3  2  0  0  0  0  0
    5  1.5387795274236068e-08   2  3  0  0  0  0  0
    5 -3.8601942070181502e-08   1  4  0  0  0  0  0
    5 -2.6588273421111149e-08   0  5  0  0  0  0  0
    5  8.2548849511519126e-09   3  0  2  0  0  0  0
    5  5.4864958581895186e-09   2  1  2  0  0  0  0
    5 -1.1405458560725683e-07   1  2  2  0  0  0  0
    5  5.2017726792300565e-08   0  3  2  0  0  0  0
    5 -1.9958458965256790e-08   1  0  4  0  0  0  0
    5 -6.1259951393587612e-08   0  1  4  0  0  0  0
    5 -1.8714666357061500e-08   3  0  1  1  0  0  0
    5  1.8904581421518549e-07   2  1  1  1  0  0  0
    5 -1.8904581421518549e-07   1  2  1  1  0  0  0
    5  1.8714666357061500e-08   0  3  1  1  0  0  0
    5 -4.0655046248933828e-08   1  0  3  1  0  0  0
    5 -3.1487396057310491e-08   0  1  3  1  0  0  0
    5 -5.2017726792300565e-08   3  0  0  2  0  0  0
    5  1.1405458560725683e-07   2  1  0  2  0  0  0
    5 -5.4864958581895186e-09   1  2  0  2  0  0  0
    5 -8.2548849511519126e-09   0  3  0  2  0  0  0
    5  3.7094396282378088e-08   1  0  2  2  0  0  0
    5 -3.7094396282378088e-08   0  1  2  2  0  0  0
    5  3.1487396057310491e-08   1  0  1  3  0  0  0
    5  4.0655046248933828e-08   0  1  1  3  0  0  0
    5  6.1259951393587612e-08   1  0  0  4  0  0  0
    5  1.9958458965256790e-08   0  1  0  4  0  0  0
    5 -5.6595226400679649e-08   4  0  0  0  1  0  0
    5  3.5250239460953478e-08   3  1  0  0  1  0  0
    5 -3.5250239460953478e-08   1  3  0  0  1  0  0
    5  5.6595226400679649e-08   0  4  0  0  1  0  0
    5 -2.4575111155434393e-09   2  0  2  0  1  0  0
    5 -5.6735599115196296e-08   1  1  2  0  1  0  0
    5  4.0460910539542721e-08   0  2  2  0  1  0  0
    5 -1.6959989152398996e-08   0  0  4  0  1  0  0
    5 -2.8936867806166199e-08   2  0  1  1  1  0  0
    5  2.8936867806166199e-08   0  2  1  1  1  0  0
    5 -3.8216656525618176e-09   0  0  3  1  1  0  0
    5 -4.0460910539542721e-08   2  0  0  2  1  0  0
    5  5.6735599115196296e-08   1  1  0  2  1  0  0
    5  2.4575111155434393e-09   0  2  0  2  1  0  0
    5  3.8216656525618176e-09   0  0  1  3  1  0  0
    5  1.6959989152398996e-08   0  0  0  4  1  0  0
    5  1.3531550837078891e-08   3  0  0  0  2  0  0
    5 -4.2542386395758816e-08   2  1  0  0  2  0  0
    5  4.2542386395758816e-08   1  2  0  0  2  0  0
    5 -1.3531550837078891e-08   0  3  0  0  2  0  0
    5  2.3641554695530217e-08   1  0  2  0  2  0  0
    5  2.3147616410481926e-07   0  1  2  0  2  0  0
    5 -6.9518429007391350e-09   1  0  1  1  2  0  0
    5  6.9518429007391350e-09   0  1  1  1  2  0  0
    5 -2.3147616410481926e-07   1  0  0  2  2  0  0
    5 -2.3641554695530217e-08   0  1  0  2  2  0  0
    5  4.7264155377385559e-09   2  0  0  0  3  0  0
    5 -4.7264155377385559e-09   0  2  0  0  3  0  0
    5 -8.8004667212229752e-08   0  0  2  0  3  0  0
    5  8.8004667212229752e-08   0  0  0  2  3  0  0
    5  2.1805241740292319e-22   1  0  0  0  4  0  0
    5 -2.1805241740292319e-22   0  1  0  0  4  0  0
    6 -4.8677869650613030e-09   6  0  0  0  0  0  0
    6  1.9090252684613898e-08   5  1  0  0  0  0  0
    6 -8.8960481248808975e-09   4  2  0  0  0  0  0
    6  8.8960481248808975e-09   2  4  0  0  0  0  0
    6 -1.9090252684613898e-08   1  5  0  0  0  0  0
    6  4.8677869650613030e-09   0  6  0  0  0  0  0
    6 -1.7316475839783592e-07   4  0  2  0  0  0  0
    6  2.3441158837754246e-09   3  1  2  0  0  0  0
    6  7.1011554700031886e-08   2  2  2  0  0  0  0
    6 -1.8385048730746352e-08   1  3  2  0  0  0  0
    6  5.4125658622864594e-09   0  4  2  0  0  0  0
    6  1.9714579601149204e-09   2  0  4  0  0  0  0
    6  1.0449860466803744e-08   1  1  4  0  0  0  0
    6  9.6402429006964434e-09   0  2  4  0  0  0  0
    6 -5.0145512085002798e-10   0  0  6  0  0  0  0
    6 -1.1561401169730631e-08   4  0  1  1  0  0  0
    6 -1.5398764606945940e-08   3  1  1  1  0  0  0
    6  1.5398764606945940e-08   1  3  1  1  0  0  0
    6  1.1561401169730631e-08   0  4  1  1  0  0  0
    6  1.2187324584804860e-08   2  0  3  1  0  0  0
    6  8.5694506784157197e-09   1  1  3  1  0  0  0
    6 -2.1115187076137314e-08   0  2  3  1  0  0  0
    6  1.9288291604518733e-09   0  0  5  1  0  0  0
    6 -5.4125658622864594e-09   4  0  0  2  0  0  0
    6  1.8385048730746352e-08   3  1  0  2  0  0  0
    6 -7.1011554700031886e-08   2  2  0  2  0  0  0
    6 -2.3441158837754246e-09   1  3  0  2  0  0  0
    6  1.7316475839783592e-07   0  4  0  2  0  0  0
    6 -2.4981514173314279e-09   2  0  2  2  0  0  0
    6  2.4981514173314279e-09   0  2  2  2  0  0  0
    6  1.0262529676623301e-08   0  0  4  2  0  0  0
    6  2.1115187076137314e-08   2  0  1  3  0  0  0
    6 -8.5694506784157197e-09   1  1  1  3  0  0  0
    6 -1.2187324584804860e-08   0  2  1  3  0  0  0
    6 -9.6402429006964434e-09   2  0  0  4  0  0  0
    6 -1.0449860466803744e-08   1  1  0  4  0  0  0
    6 -1.9714579601149204e-09   0  2  0  4  0  0  0
    6 -1.0262529676623301e-08   0  0  2  4  0  0  0
    6 -1.9288291604518733e-09   0  0  1  5  0  0  0
    6  5.0145512085002798e-10   0  0  0  6  0  0  0
    6  8.6064771975764181e-08   5  0  0  0  1  0  0
    6 -1.1199256629553892e-08   4  1  0  0  1  0  0
    6  1.5033275957100714e-09   3  2  0  0  1  0  0
    6 -1.5033275957100714e-09   2  3  0  0  1  0  0
    6  1.1199256629553892e-08   1  4  0  0  1  0  0
    6 -8.6064771975764181e-08   0  5  0  0  1  0  0
    6 -5.3164407911527791e-09   3  0  2  0  1  0  0
    6  1.2472437721878765e-08   2  1  2  0  1  0  0
    6 -2.0708299049658433e-07   1  2  2  0  1  0  0
    6  2.4734486565178192e-09   0  3  2  0  1  0  0
    6 -3.4176199996725573e-09   1  0  4  0  1  0  0
    6  3.2814912612745148e-09   0  1  4  0  1  0  0
    6 -3.6412266752300955e-08   3  0  1  1  1  0  0
    6 -6.0067938658554106e-08   2  1  1  1  1  0  0
    6  6.0067938658554106e-08   1  2  1  1  1  0  0
    6  3.6412266752300955e-08   0  3  1  1  1  0  0
    6  9.7124171872878042e-09   1  0  3  1  1  0  0
    6 -7.1082480791000098e-08   0  1  3  1  1  0  0
    6 -2.4734486565178192e-09   3  0  0  2  1  0  0
    6  2.0708299049658433e-07   2  1  0  2  1  0  0
    6 -1.2472437721878765e-08   1  2  0  2  1  0  0
    6  5.3164407911527791e-09   0  3  0  2  1  0  0
    6 -3.5711106114186773e-08   1  0  2  2  1  0  0
    6  3.5711106114186773e-08   0  1  2  2  1  0  0
    6  7.1082480791000098e-08   1  0  1  3  1  0  0
    6 -9.7124171872878042e-09   0  1  1  3  1  0  0
    6 -3.2814912612745148e-09   1  0  0  4  1  0  0
    6  3.4176199996725573e-09   0  1  0  4  1  0  0
    6  8.1063106734866876e-08   4  0  0  0  2  0  0
    6 -2.2226216083977989e-08   3  1  0  0  2  0  0
    6  2.2226216083977989e-08   1  3  0  0  2  0  0
    6 -8.1063106734866876e-08   0  4  0  0  2  0  0
    6 -7.5583845428275466e-09   2  0  2  0  2  0  0
    6  3.0110975513866089e-08   1  1  2  0  2  0  0
    6 -1.3053381064680501e-09   0  2  2  0  2  0  0
    6 -1.8011467430438812e-09   0  0  4  0  2  0  0
    6 -2.3809422611445702e-09   2  0  1  1  2  0  0
    6  2.3809422611445702e-09   0  2  1  1  2  0  0
    6  1.3382857377095772e-08   0  0  3  1  2  0  0
    6  1.3053381064680501e-09   2  0  0  2  2  0  0
    6 -3.0110975513866089e-08   1  1  0  2  2  0  0
    6  7.5583845428275466e-09   0  2  0  2  2  0  0
    6 -1.3382857377095772e-08   0  0  1  3  2  0  0
    6  1.8011467430438812e-09   0  0  0  4  2  0  0
    6 -3.5737967261658216e-08   3  0  0  0  3  0  0
    6  2.0381083032432843e-07   2  1  0  0  3  0  0
    6 -2.0381083032432843e-07   1  2  0  0  3  0  0
    6  3.5737967261658216e-08   0  3  0  0  3  0  0
    6  6.6068129792189971e-09   1  0  2  0  3  0  0
    6  5.6154652966499808e-08   0  1  2  0  3  0  0
    6  3.4185381252435436e-08   1  0  1  1  3  0  0
    6 -3.4185381252435436e-08   0  1  1  1  3  0  0
    6 -5.6154652966499808e-08   1  0  0  2  3  0  0
    6 -6.6068129792189971e-09   0  1  0  2  3  0  0
    6 -2.2979155187954879e-09   2  0  0  0  4  0  0
    6  2.2979155187954879e-09   0  2  0  0  4  0  0
    6  1.4314236102885721e-08   0  0  2  0  4  0  0
    6 -1.4314236102885721e-08   0  0  0  2  4  0  0
    6 -2.3015151641405011e-22   1  0  0  0  5  0  0
    6  2.3015151641405011e-22   0  1  0  0  5  0  0
    7 -1.6605680044005007e-09   7  0  0  0  0  0  0
    7  1.4960499689194684e-08   6  1  0  0  0  0  0
    7 -1.0154583701765506e-09   5  2  0  0  0  0  0
    7  2.4246404326482117e-08   4  3  0  0  0  0  0
    7 -2.4246404326482117e-08   3  4  0  0  0  0  0
    7  1.0154583701765506e-09   2  5  0  0  0  0  0
    7 -1.4960499689194684e-08   1  6  0  0  0  0  0
    7  1.6605680044005007e-09   0  7  0  0  0  0  0
    7  3.4843148255541099e-09   5  0  2  0  0  0  0
    7  1.2576138334994240e-08   4  1  2  0  0  0  0
    7 -3.2847047159572810e-08   3  2  2  0  0  0  0
    7  6.6898829613634790e-08   2  3  2  0  0  0  0
    7 -1.6588508738697026e-09   1  4  2  0  0  0  0
    7 -4.7749544362026631e-09   0  5  2  0  0  0  0
    7 -3.0611364616654831e-09   3  0  4  0  0  0  0
    7  2.9074446625455091e-09   2  1  4  0  0  0  0
    7  1.1545131488843645e-08   1  2  4  0  0  0  0
    7 -3.0074186218281138e-09   0  3  4  0  0  0  0
    7 -1.1951023357241725e-09   1  0  6  0  0  0  0
    7  4.9531278027957732e-10   0  1  6  0  0  0  0
    7 -3.0747902191623146e-08   5  0  1  1  0  0  0
    7  1.2697783620053617e-08   4  1  1  1  0  0  0
    7  5.6991954387849786e-08   3  2  1  1  0  0  0
    7 -5.6991954387849786e-08   2  3  1  1  0  0  0
    7 -1.2697783620053617e-08   1  4  1  1  0  0  0
    7  3.0747902191623146e-08   0  5  1  1  0  0  0
    7 -4.4119006939341636e-10   3  0  3  1  0  0  0
    7 -3.3774094322364360e-08   2  1  3  1  0  0  0
    7  1.0054933924309032e-07   1  2  3  1  0  0  0
    7  1.0869813306725394e-11   0  3  3  1  0  0  0
    7  5.1556431919397217e-09   1  0  5  1  0  0  0
    7 -7.4928907793203271e-09   0  1  5  1  0  0  0
    7  4.7749544362026631e-09   5  0  0  2  0  0  0
    7  1.6588508738697026e-09   4  1  0  2  0  0  0
    7 -6.6898829613634790e-08   3  2  0  2  0  0  0
    7  3.2847047159572810e-08   2  3  0  2  0  0  0
    7 -1.2576138334994240e-08   1  4  0  2  0  0  0
    7 -3.4843148255541099e-09   0  5  0  2  0  0  0
    7  1.1740062865437102e-08   3  0  2  2  0  0  0
    7  5.1636255192613200e-08   2  1  2  2  0  0  0
    7 -5.1636255192613200e-08   1  2  2  2  0  0  0
    7 -1.1740062865437102e-08   0  3  2  2  0  0  0
    7 -3.7272291612376253e-09   1  0  4  2  0  0  0
    7  1.6282034738517185e-08   0  1  4  2  0  0  0
    7 -1.0869813306725394e-11   3  0  1  3  0  0  0
    7 -1.0054933924309032e-07   2  1  1  3  0  0  0
    7  3.3774094322364360e-08   1  2  1  3  0  0  0
    7  4.4119006939341636e-10   0  3  1  3  0  0  0
    7  1.4328687223556185e-08   1  0  3  3  0  0  0
    7 -1.4328687223556185e-08   0  1  3  3  0  0  0
    7  3.0074186218281138e-09   3  0  0  4  0  0  0
    7 -1.1545131488843645e-08   2  1  0  4  0  0  0
    7 -2.9074446625455091e-09   1  2  0  4  0  0  0
    7  3.0611364616654831e-09   0  3  0  4  0  0  0
    7 -1.6282034738517185e-08   1  0  2  4  0  0  0
    7  3.7272291612376253e-09   0  1  2  4  0  0  0
    7  7.4928907793203271e-09   1  0  1  5  0  0  0
    7 -5.1556431919397217e-09   0  1  1  5  0  0  0
    7 -4.9531278027957732e-10   1  0  0  6  0  0  0
    7  1.1951023357241725e-09   0  1  0  6  0  0  0
    7  2.7438359476571725e-09   6  0  0  0  1  0  0
    7  1.5613290929546611e-08   5  1  0  0  1  0  0
    7  1.6859414918463836e-08   4  2  0  0  1  0  0
    7 -1.6859414918463836e-08   2  4  0  0  1  0  0
    7 -1.5613290929546611e-08   1  5  0  0  1  0  0
    7 -2.7438359476571725e-09   0  6  0  0  1  0  0
    7 -4.8295889436225825e-07   4  0  2  0  1  0  0
    7  7.4402392713642886e-09   3  1  2  0  1  0  0
    7 -4.2380962708818725e-08   2  2  2  0  1  0  0
    7  1.0593226837116276e-08   1  3  2  0  1  0  0
    7  9.9683623675565917e-09   0  4  2  0  1  0  0
    7 -3.8841963795638065e-09   2  0  4  0  1  0  0
    7 -1.5157886203237190e-10   1  1  4  0  1  0  0
    7 -6.5195733787621852e-09   0  2  4  0  1  0  0
    7 -2.4481353050237513e-10   0  0  6  0  1  0  0
    7 -1.3523281746876177e-08   4  0  1  1  1  0  0
    7  3.2644329921210124e-08   3  1  1  1  1  0  0
    7 -3.2644329921210124e-08   1  3  1  1  1  0  0
    7  1.3523281746876177e-08   0  4  1  1  1  0  0
    7 -1.4368817124928809e-08   2  0  3  1  1  0  0
    7 -2.1366047474560439e-08   1  1  3  1  1  0  0
    7  3.0955362987722537e-08   0  2  3  1  1  0  0
    7  4.1786005352314162e-09   0  0  5  1  1  0  0
    7 -9.9683623675565917e-09   4  0  0  2  1  0  0
    7 -1.0593226837116276e-08   3  1  0  2  1  0  0
    7  4.2380962708818725e-08   2  2  0  2  1  0  0
    7 -7.4402392713642886e-09   1  3  0  2  1  0  0
    7  4.8295889436225825e-07   0  4  0  2  1  0  0
    7  2.0407381359196406e-08   2  0  2  2  1  0  0
    7 -2.0407381359196406e-08   0  2  2  2  1  0  0
    7 -7.5029010132785179e-09   0  0  4  2  1  0  0
    7 -3.0955362987722537e-08   2  0  1  3  1  0  0
    7  2.1366047474560439e-08   1  1  1  3  1  0  0
    7  1.4368817124928809e-08   0  2  1  3  1  0  0
    7  6.5195733787621852e-09   2  0  0  4  1  0  0
    7  1.5157886203237190e-10   1  1  0  4  1  0  0
    7  3.8841963795638065e-09   0  2  0  4  1  0  0
    7  7.5029010132785179e-09   0  0  2  4  1  0  0
    7 -4.1786005352314162e-09   0  0  1  5  1  0  0
    7  2.4481353050237513e-10   0  0  0  6  1  0  0
    7 -9.1956371223642098e-08   5  0  0  0  2  0  0
    7 -4.2472215808861815e-09   4  1  0  0  2  0  0
    7 -6.2613022320066520e-08   3  2  0  0  2  0  0
    7  6.2613022320066520e-08   2  3  0  0  2  0  0
    7  4.2472215808861815e-09   1  4  0  0  2  0  0
    7  9.1956371223642098e-08   0  5  0  0  2  0  0
    7 -4.3412822698020558e-09   3  0  2  0  2  0  0
    7 -1.0529483899353179e-08   2  1  2  0  2  0  0
    7 -1.0945800070398510e-07   1  2  2  0  2  0  0
    7  1.5257940554892330e-10   0  3  2  0  2  0  0
    7 -6.1297548136684918e-11   1  0  4  0  2  0  0
    7  1.4713752197589194e-08   0  1  4  0  2  0  0
    7  2.5249846600797966e-09   3  0  1  1  2  0  0
    7 -4.0024318120492161e-08   2  1  1  1  2  0  0
    7  4.0024318120492161e-08   1  2  1  1  2  0  0
    7 -2.5249846600797966e-09   0  3  1  1  2  0  0
    7  1.3857544442234242e-09   1  0  3  1  2  0  0
    7  2.5714708527501066e-08   0  1  3  1  2  0  0
    7 -1.5257940554892330e-10   3  0  0  2  2  0  0
    7  1.0945800070398510e-07   2  1  0  2  2  0  0
    7  1.0529483899353179e-08   1  2  0  2  2  0  0
    7  4.3412822698020558e-09   0  3  0  2  2  0  0
    7 -1.9390113993890580e-09   1  0  2  2  2  0  0
    7  1.9390113993890580e-09   0  1  2  2  2  0  0
    7 -2.5714708527501066e-08   1  0  1  3  2  0  0
    7 -1.3857544442234242e-09   0  1  1  3  2  0  0
    7 -1.4713752197589194e-08   1  0  0  4  2  0  0
    7  6.1297548136684918e-11   0  1  0  4  2  0  0
    7 -2.7139754935822982e-08   4  0  0  0  3  0  0
    7  1.8805572693204352e-08   3  1  0  0  3  0  0
    7 -1.8805572693204352e-08   1  3  0  0  3  0  0
    7  2.7139754935822982e-08   0  4  0  0  3  0  0
    7  4.9437289629740168e-09   2  0  2  0  3  0  0
    7  4.0810790349718946e-08   1  1  2  0  3  0  0
    7  1.8541894291373796e-09   0  2  2  0  3  0  0
    7 -4.0584181881690201e-09   0  0  4  0  3  0  0
    7 -1.7779054242738818e-08   2  0  1  1  3  0  0
    7  1.7779054242738818e-08   0  2  1  1  3  0  0
    7 -8.8857370097452479e-09   0  0  3  1  3  0  0
    7 -1.8541894291373796e-09   2  0  0  2  3  0  0
    7 -4.0810790349718946e-08   1  1  0  2  3  0  0
    7 -4.9437289629740168e-09   0  2  0  2  3  0  0
    7  8.8857370097452479e-09   0  0  1  3  3  0  0
    7  4.0584181881690201e-09   0  0  0  4  3  0  0
    7  1.5095579314118664e-08   3  0  0  0  4  0  0
    7 -1.3281064733352415e-07   2  1  0  0  4  0  0
    7  1.3281064733352415e-07   1  2  0  0  4  0  0
    7 -1.5095579314118664e-08   0  3  0  0  4  0  0
    7 -4.7488700539587929e-09   1  0  2  0  4  0  0
    7 -2.1040376156364276e-08   0  1  2  0  4  0  0
    7 -2.9459242590948074e-08   1  0  1  1  4  0  0
    7  2.9459242590948074e-08   0  1  1  1  4  0  0
    7  2.1040376156364276e-08   1  0  0  2  4  0  0
    7  4.7488700539587929e-09   0  1  0  2  4  0  0
    7  5.4263277061283333e-09   2  0  0  0  5  0  0
    7 -5.4263277061283333e-09   0  2  0  0  5  0  0
    7  1.2106995326465451e-09   0  0  2  0  5  0  0
    7 -1.2106995326465451e-09   0  0  0  2  5  0  0
    7  8.0674009147373831e-23   1  0  0  0  6  0  0
    7 -8.0674009147373831e-23   0  1  0  0  6  0  0
    8  9.4502602716838079e-11   8  0  0  0  0  0  0
    8  1.1771248573361847e-09   7  1  0  0  0  0  0
    8 -6.7201248695726220e-09   6  2  0  0  0  0  0
    8 -4.5894986914266186e-09   5  3  0  0  0  0  0
    8  4.5894986914266186e-09   3  5  0  0  0  0  0
    8  6.7201248695726220e-09   2  6  0  0  0  0  0
    8 -1.1771248573361847e-09   1  7  0  0  0  0  0
    8 -9.4502602716838079e-11   0  8  0  0  0  0  0
    8 -3.3665447613020525e-10   6  0  2  0  0  0  0
    8  4.3928510466386280e-07   5  1  2  0  0  0  0
    8  2.1824777197606973e-09   4  2  2  0  0  0  0
    8  2.1101706454621679e-08   3  3  2  0  0  0  0
    8 -2.2793389085512151e-09   2  4  2  0  0  0  0
    8 -2.8250573026338826e-10   1  5  2  0  0  0  0
    8 -8.7270792664918942e-10   0  6  2  0  0  0  0
    8 -9.6560602396215377e-10   4  0  4  0  0  0  0
    8 -7.0301378708271861e-11   3  1  4  0  0  0  0
    8 -4.1678498588878909e-09   2  2  4  0  0  0  0
    8  1.1827923398939512e-08   1  3  4  0  0  0  0
    8 -2.4873081024357731e-09   0  4  4  0  0  0  0
    8  1.3284417981283750e-09   2  0  6  0  0  0  0
    8  2.6579497856968315e-10   1  1  6  0  0  0  0
    8  2.7286694786442274e-09   0  2  6  0  0  0  0
    8 -6.8328889961365137e-11   0  0  8  0  0  0  0
    8  9.4416647928918105e-10   6  0  1  1  0  0  0
    8 -2.6896787411925970e-08   5  1  1  1  0  0  0
    8  9.4993026215489997e-10   4  2  1  1  0  0  0
    8 -9.4993026215489997e-10   2  4  1  1  0  0  0
    8  2.6896787411925970e-08   1  5  1  1  0  0  0
    8 -9.4416647928918105e-10   0  6  1  1  0  0  0
    8  2.7946224889445037e-07   4  0  3  1  0  0  0
    8  3.4725164704211831e-09   3  1  3  1  0  0  0
    8  5.9416699776995487e-08   2  2  3  1  0  0  0
    8  1.5628524015738846e-10   1  3  3  1  0  0  0
    8 -1.9432960371098117e-09   0  4  3  1  0  0  0
    8  2.0893361157415715e-11   2  0  5  1  0  0  0
    8 -4.7085712075856829e-09   1  1  5  1  0  0  0
    8  5.4645889636524697e-09   0  2  5  1  0  0  0
    8 -7.4413723358599328e-11   0  0  7  1  0  0  0
    8  8.7270792664918942e-10   6  0  0  2  0  0  0
    8  2.8250573026338826e-10   5  1  0  2  0  0  0
    8  2.2793389085512151e-09   4  2  0  2  0  0  0
    8 -2.1101706454621679e-08   3  3  0  2  0  0  0
    8 -2.1824777197606973e-09   2  4  0  2  0  0  0
    8 -4.3928510466386280e-07   1  5  0  2  0  0  0
    8  3.3665447613020525e-10   0  6  0  2  0  0  0
    8 -2.8256230477116559e-10   4  0  2  2  0  0  0
    8 -8.3874661117160429e-09   3  1  2  2  0  0  0
    8  8.3874661117160429e-09   1  3  2  2  0  0  0
    8  2.8256230477116559e-10   0  4  2  2  0  0  0
    8  1.7561425876892458e-09   2  0  4  2  0  0  0
    8  2.3186799691054871e-08   1  1  4  2  0  0  0
    8 -5.6212689754629304e-09   0  2  4  2  0  0  0
    8 -4.4283400280785383e-10   0  0  6  2  0  0  0
    8  1.9432960371098117e-09   4  0  1  3  0  0  0
    8 -1.5628524015738846e-10   3  1  1  3  0  0  0
    8 -5.9416699776995487e-08   2  2  1  3  0  0  0
    8 -3.4725164704211831e-09   1  3  1  3  0  0  0
    8 -2.7946224889445037e-07   0  4  1  3  0  0  0
    8 -2.4748994990772478e-09   2  0  3  3  0  0  0
    8  2.4748994990772478e-09   0  2  3  3  0  0  0
    8  1.3115132354680575e-09   0  0  5  3  0  0  0
    8  2.4873081024357731e-09   4  0  0  4  0  0  0
    8 -1.1827923398939512e-08   3  1  0  4  0  0  0
    8  4.1678498588878909e-09   2  2  0  4  0  0  0
    8  7.0301378708271861e-11   1  3  0  4  0  0  0
    8  9.6560602396215377e-10   0  4  0  4  0  0  0
    8  5.6212689754629304e-09   2  0  2  4  0  0  0
    8 -2.3186799691054871e-08   1  1  2  4  0  0  0
    8 -1.7561425876892458e-09   0  2  2  4  0  0  0
    8 -5.4645889636524697e-09   2  0  1  5  0  0  0
    8  4.7085712075856829e-09   1  1  1  5  0  0  0
    8 -2.0893361157415715e-11   0  2  1  5  0  0  0
    8 -1.3115132354680575e-09   0  0  3  5  0  0  0
    8 -2.7286694786442274e-09   2  0  0  6  0  0  0
    8 -2.6579497856968315e-10   1  1  0  6  0  0  0
    8 -1.3284417981283750e-09   0  2  0  6  0  0  0
    8  4.4283400280785383e-10   0  0  2  6  0  0  0
    8  7.4413723358599328e-11   0  0  1  7  0  0  0
    8  6.8328889961365137e-11   0  0  0  8  0  0  0
    8  3.4953658268358833e-10   7  0  0  0  1  0  0
    8  4.3951693577575627e-08   6  1  0  0  1  0  0
    8  1.7046309959162664e-09   5  2  0  0  1  0  0
    8 -1.4102958982604540e-08   4  3  0  0  1  0  0
    8  1.4102958982604540e-08   3  4  0  0  1  0  0
    8 -1.7046309959162664e-09   2  5  0  0  1  0  0
    8 -4.3951693577575627e-08   1  6  0  0  1  0  0
    8 -3.4953658268358833e-10   0  7  0  0  1  0  0
    8  5.6655893057591679e-09   5  0  2  0  1  0  0
    8  9.2374170379117728e-10   4  1  2  0  1  0  0
    8  7.7212413745402883e-09   3  2  2  0  1  0  0
    8 -2.7733524383721849e-08   2  3  2  0  1  0  0
    8  4.3641899978366262e-10   1  4  2  0  1  0  0
    8 -1.1522400439671346e-08   0  5  2  0  1  0  0
    8  4.3071167511887629e-09   3  0  4  0  1  0  0
    8  4.1354494435047897e-09   2  1  4  0  1  0  0
    8 -4.4699816518190131e-08   1  2  4  0  1  0  0
    8  2.3015753128092756e-10   0  3  4  0  1  0  0
    8  2.4774056816272062e-10   1  0  6  0  1  0  0
    8 -2.9425228990491358e-10   0  1  6  0  1  0  0
    8  4.0756632021334147e-08   5  0  1  1  1  0  0
    8  1.0149864017828764e-08   4  1  1  1  1  0  0
    8 -3.5544150944137789e-08   3  2  1  1  1  0  0
    8  3.5544150944137789e-08   2  3  1  1  1  0  0
    8 -1.0149864017828764e-08   1  4  1  1  1  0  0
    8 -4.0756632021334147e-08   0  5  1  1  1  0  0
    8  1.5004402203612839e-10   3  0  3  1  1  0  0
    8  2.8945516554386328e-08   2  1  3  1  1  0  0
    8 -7.0255189789237004e-08   1  2  3  1  1  0  0
    8  6.0416220526594592e-10   0  3  3  1  1  0  0
    8 -4.3287157902740656e-09   1  0  5  1  1  0  0
    8  1.8658737039445938e-09   0  1  5  1  1  0  0
    8  1.1522400439671346e-08   5  0  0  2  1  0  0
    8 -4.3641899978366262e-10   4  1  0  2  1  0  0
    8  2.7733524383721849e-08   3  2  0  2  1  0  0
    8 -7.7212413745402883e-09   2  3  0  2  1  0  0
    8 -9.2374170379117728e-10   1  4  0  2  1  0  0
    8 -5.6655893057591679e-09   0  5  0  2  1  0  0
    8 -2.3236387887596458e-09   3  0  2  2  1  0  0
    8 -3.0066714753510255e-08   2  1  2  2  1  0  0
    8  3.0066714753510255e-08   1  2  2  2  1  0  0
    8  2.3236387887596458e-09   0  3  2  2  1  0  0
    8  5.5131530605888626e-09   1  0  4  2  1  0  0
    8 -2.3556884036028248e-08   0  1  4  2  1  0  0
    8 -6.0416220526594592e-10   3  0  1  3  1  0  0
    8  7.0255189789237004e-08   2  1  1  3  1  0  0
    8 -2.8945516554386328e-08   1  2  1  3  1  0  0
    8 -1.5004402203612839e-10   0  3  1  3  1  0  0
    8 -8.9135772599843460e-09   1  0  3  3  1  0  0
    8  8.9135772599843460e-09   0  1  3  3  1  0  0
    8 -2.3015753128092756e-10   3  0  0  4  1  0  0
    8  4.4699816518190131e-08   2  1  0  4  1  0  0
    8 -4.1354494435047897e-09   1  2  0  4  1  0  0
    8 -4.3071167511887629e-09   0  3  0  4  1  0  0
    8  2.3556884036028248e-08   1  0  2  4  1  0  0
    8 -5.5131530605888626e-09   0  1  2  4  1  0  0
    8 -1.8658737039445938e-09   1  0  1  5  1  0  0
    8  4.3287157902740656e-09   0  1  1  5  1  0  0
    8  2.9425228990491358e-10   1  0  0  6  1  0  0
    8 -2.4774056816272062e-10   0  1  0  6  1  0  0
    8 -2.9586368844622703e-09   6  0  0  0  2  0  0
    8 -1.2649245685349728e-08   5  1  0  0  2  0  0
    8  3.8864062388072509e-09   4  2  0  0  2  0  0
    8 -3.8864062388072509e-09   2  4  0  0  2  0  0
    8  1.2649245685349728e-08   1  5  0  0  2  0  0
    8  2.9586368844622703e-09   0  6  0  0  2  0  0
    8 -9.2759601658230367e-07   4  0  2  0  2  0  0
    8 -1.2530402965557218e-08   3  1  2  0  2  0  0
    8 -2.2331734440497822e-08   2  2  2  0  2  0  0
    8 -6.0045548555020227e-09   1  3  2  0  2  0  0
    8  4.1537393650354510e-09   0  4  2  0  2  0  0
    8 -1.7852075731064148e-09   2  0  4  0  2  0  0
    8  3.8286779127015632e-09   1  1  4  0  2  0  0
    8 -4.8326300571308450e-09   0  2  4  0  2  0  0
    8  7.4708860289848607e-10   0  0  6  0  2  0  0
    8 -7.2158650620184983e-10   4  0  1  1  2  0  0
    8  5.5098054783448452e-09   3  1  1  1  2  0  0
    8 -5.5098054783448452e-09   1  3  1  1  2  0  0
    8  7.2158650620184983e-10   0  4  1  1  2  0  0
    8  2.1647321788917273e-09   2  0  3  1  2  0  0
    8 -2.9197906979576561e-08   1  1  3  1  2  0  0
    8 -7.2947244409070020e-10   0  2  3  1  2  0  0
    8 -5.1038372911781272e-10   0  0  5  1  2  0  0
    8 -4.1537393650354510e-09   4  0  0  2  2  0  0
    8  6.0045548555020227e-09   3  1  0  2  2  0  0
    8  2.2331734440497822e-08   2  2  0  2  2  0  0
    8  1.2530402965557218e-08   1  3  0  2  2  0  0
    8  9.2759601658230367e-07   0  4  0  2  2  0  0
    8 -4.7438989230244369e-09   2  0  2  2  2  0  0
    8  4.7438989230244369e-09   0  2  2  2  2  0  0
    8  3.9719662689667427e-09   0  0  4  2  2  0  0
    8  7.2947244409070020e-10   2  0  1  3  2  0  0
    8  2.9197906979576561e-08   1  1  1  3  2  0  0
    8 -2.1647321788917273e-09   0  2  1  3  2  0  0
    8  4.8326300571308450e-09   2  0  0  4  2  0  0
    8 -3.8286779127015632e-09   1  1  0  4  2  0  0
    8  1.7852075731064148e-09   0  2  0  4  2  0  0
    8 -3.9719662689667427e-09   0  0  2  4  2  0  0
    8  5.1038372911781272e-10   0  0  1  5  2  0  0
    8 -7.4708860289848607e-10   0  0  0  6  2  0  0
    8  6.2352588154085302e-08   5  0  0  0  3  0  0
    8  1.0569993419240416e-08   4  1  0  0  3  0  0
    8  4.0231323095103660e-08   3  2  0  0  3  0  0
    8 -4.0231323095103660e-08   2  3  0  0  3  0  0
    8 -1.0569993419240416e-08   1  4  0  0  3  0  0
    8 -6.2352588154085302e-08   0  5  0  0  3  0  0
    8 -4.6937579689996648e-09   3  0  2  0  3  0  0
    8  7.8287021249736277e-09   2  1  2  0  3  0  0
    8  8.3899463943159965e-08   1  2  2  0  3  0  0
    8  6.3556286266360395e-09   0  3  2  0  3  0  0
    8  2.1415521570256496e-09   1  0  4  0  3  0  0
    8 -8.0539866007662021e-09   0  1  4  0  3  0  0
    8 -6.1148093852025546e-09   3  0  1  1  3  0  0
    8  5.9793586598904168e-08   2  1  1  1  3  0  0
    8 -5.9793586598904168e-08   1  2  1  1  3  0  0
    8  6.1148093852025546e-09   0  3  1  1  3  0  0
    8 -6.1458322254324971e-09   1  0  3  1  3  0  0
    8  4.8535080875169817e-08   0  1  3  1  3  0  0
    8 -6.3556286266360395e-09   3  0  0  2  3  0  0
    8 -8.3899463943159965e-08   2  1  0  2  3  0  0
    8 -7.8287021249736277e-09   1  2  0  2  3  0  0
    8  4.6937579689996648e-09   0  3  0  2  3  0  0
    8  2.1393536000243685e-08   1  0  2  2  3  0  0
    8 -2.1393536000243685e-08   0  1  2  2  3  0  0
    8 -4.8535080875169817e-08   1  0  1  3  3  0  0
    8  6.1458322254324971e-09   0  1  1  3  3  0  0
    8  8.0539866007662021e-09   1  0  0  4  3  0  0
    8 -2.1415521570256496e-09   0  1  0  4  3  0  0
    8  4.9974671747657776e-09   4  0  0  0  4  0  0
    8 -1.7958983622365746e-08   3  1  0  0  4  0  0
    8  1.7958983622365746e-08   1  3  0  0  4  0  0
    8 -4.9974671747657776e-09   0  4  0  0  4  0  0
    8 -4.0632920888628322e-09   2  0  2  0  4  0  0
    8 -2.8949520774192329e-08   1  1  2  0  4  0  0
    8 -1.6193659399793925e-09   0  2  2  0  4  0  0
    8  1.5180912496994547e-09   0  0  4  0  4  0  0
    8  5.9038816488513991e-09   2  0  1  1  4  0  0
    8 -5.9038816488513991e-09   0  2  1  1  4  0  0
    8 -7.4645315884826603e-10   0  0  3  1  4  0  0
    8  1.6193659399793925e-09   2  0  0  2  4  0  0
    8  2.8949520774192329e-08   1  1  0  2  4  0  0
    8  4.0632920888628322e-09   0  2  0  2  4  0  0
    8  7.4645315884826603e-10   0  0  1  3  4  0  0
    8 -1.5180912496994547e-09   0  0  0  4  4  0  0
    8 -4.0458097016353427e-09   3  0  0  0  5  0  0
    8  6.3156522095684707e-08   2  1  0  0  5  0  0
    8 -6.3156522095684707e-08   1  2  0  0  5  0  0
    8  4.0458097016353427e-09   0  3  0  0  5  0  0
    8  5.6943201767545943e-09   1  0  2  0  5  0  0
    8 -3.4183102569224876e-09   0  1  2  0  5  0  0
    8  5.5862379623799243e-09   1  0  1  1  5  0  0
    8 -5.5862379623799243e-09   0  1  1  1  5  0  0
    8  3.4183102569224876e-09   1  0  0  2  5  0  0
    8 -5.6943201767545943e-09   0  1  0  2  5  0  0
    8 -4.2926903042683923e-09   2  0  0  0  6  0  0
    8  4.2926903042683923e-09   0  2  0  0  6  0  0
    8 -1.8945396806421881e-09   0  0  2  0  6  0  0
    8  1.8945396806421881e-09   0  0  0  2  6  0  0
    8 -3.8272759433356425e-24   1  0  0  0  7  0  0
    8  3.8272759433356425e-24   0  1  0  0  7  0  0
 -608  0.0000000000000000e+00   0  0  0  0  0  0  0

tpsa, NO = 8, NV = 7, INA = 50238
------------------------------------------------------------------

   |I|         a                i  i  i  i  i  i  i
                I                1  2  3  4  5  6  7

    3 -2.2189793554563146e-14   3  0  0  0  0  0  0
    3 -8.3997722893607852e-14   2  1  0  0  0  0  0
    3  8.3997722893607852e-14   1  2  0  0  0  0  0
    3  2.2189793554563146e-14   0  3  0  0  0  0  0
    3  8.3671697182902313e-14   1  0  2  0  0  0  0
    3  7.8685883692344016e-15   0  1  2  0  0  0  0
    3 -3.0209147384372729e-14   1  0  1  1  0  0  0
    3  3.0209147384372729e-14   0  1  1  1  0  0  0
    3 -7.8685883692344016e-15   1  0  0  2  0  0  0
    3 -8.3671697182902313e-14   0  1  0  2  0  0  0
    3 -2.8865200361171045e-13   2  0  0  0  1  0  0
    3  2.8865200361171045e-13   0  2  0  0  1  0  0
    3  1.8234748474312671e-13   0  0  2  0  1  0  0
    3 -1.8234748474312671e-13   0  0  0  2  1  0  0
    4 -4.5641848969355434e-17   4  0  0  0  0  0  0
    4  4.5336760200318671e-17   3  1  0  0  0  0  0
    4 -4.5336760200318671e-17   1  3  0  0  0  0  0
    4  4.5641848969355434e-17   0  4  0  0  0  0  0
    4 -1.0676223894344784e-17   2  0  2  0  0  0  0
    4 -7.7896017645620761e-17   1  1  2  0  0  0  0
    4  4.1680947391469745e-17   0  2  2  0  0  0  0
    4  1.0935495086123810e-17   0  0  4  0  0  0  0
    4 -4.1297556392926906e-17   2  0  1  1  0  0  0
    4  4.1297556392926906e-17   0  2  1  1  0  0  0
    4 -3.8722466093091280e-17   0  0  3  1  0  0  0
    4 -4.1680947391469745e-17   2  0  0  2  0  0  0
    4  7.7896017645620761e-17   1  1  0  2  0  0  0
    4  1.0676223894344784e-17   0  2  0  2  0  0  0
    4  3.8722466093091280e-17   0  0  1  3  0  0  0
    4 -1.0935495086123810e-17   0  0  0  4  0  0  0
    4  4.8785686275991907e-17   3  0  0  0  1  0  0
    4 -5.3149949192749056e-16   2  1  0  0  1  0  0
    4  5.3149949192749056e-16   1  2  0  0  1  0  0
    4 -4.8785686275991907e-17   0  3  0  0  1  0  0
    4 -1.1379657744700711e-16   1  0  2  0  1  0  0
    4  6.5475226365498814e-16   0  1  2  0  1  0  0
    4  4.8913458014862374e-17   1  0  1  1  1  0  0
    4 -4.8913458014862374e-17   0  1  1  1  1  0  0
    4 -6.5475226365498814e-16   1  0  0  2  1  0  0
    4  1.1379657744700711e-16   0  1  0  2  1  0  0
    4 -3.2129221484602813e-15   2  0  0  0  2  0  0
    4  3.2129221484602813e-15   0  2  0  0  2  0  0
    4  4.8805040499160885e-15   0  0  2  0  2  0  0
    4 -4.8805040499160885e-15   0  0  0  2  2  0  0
    5  5.2916608984621641e-20   5  0  0  0  0  0  0
    5  7.6826495734503588e-20   4  1  0  0  0  0  0
    5 -3.0625153155512033e-20   3  2  0  0  0  0  0
    5  3.0625153155512033e-20   2  3  0  0  0  0  0
    5 -7.6826495734503588e-20   1  4  0  0  0  0  0
    5 -5.2916608984621641e-20   0  5  0  0  0  0  0
    5  1.3806212042711617e-20   3  0  2  0  0  0  0
    5  9.1761091326964478e-21   2  1  2  0  0  0  0
    5 -1.9075514712263301e-19   1  2  2  0  0  0  0
    5  8.6999124799931634e-20   0  3  2  0  0  0  0
    5 -2.8051246498882669e-20   1  0  4  0  0  0  0
    5 -8.6099733453493489e-20   0  1  4  0  0  0  0
    5 -3.1300091226363788e-20   3  0  1  1  0  0  0
    5  3.1617722261261900e-19   2  1  1  1  0  0  0
    5 -3.1617722261261900e-19   1  2  1  1  0  0  0
    5  3.1300091226363788e-20   0  3  1  1  0  0  0
    5 -5.7139918755127455e-20   1  0  3  1  0  0  0
    5 -4.4254955252262817e-20   0  1  3  1  0  0  0
    5 -8.6999124799931634e-20   3  0  0  2  0  0  0
    5  1.9075514712263301e-19   2  1  0  2  0  0  0
    5 -9.1761091326964478e-21   1  2  0  2  0  0  0
    5 -1.3806212042711617e-20   0  3  0  2  0  0  0
    5  5.2135490803953302e-20   1  0  2  2  0  0  0
    5 -5.2135490803953302e-20   0  1  2  2  0  0  0
    5  4.4254955252262817e-20   1  0  1  3  0  0  0
    5  5.7139918755127455e-20   0  1  1  3  0  0  0
    5  8.6099733453493489e-20   1  0  0  4  0  0  0
    5  2.8051246498882669e-20   0  1  0  4  0  0  0
    5 -7.3964368223635840e-19   4  0  0  0  1  0  0
    5  4.6068579583065174e-19   3  1  0  0  1  0  0
    5 -4.6068579583065174e-19   1  3  0  0  1  0  0
    5  7.3964368223635840e-19   0  4  0  0  1  0  0
    5 -2.6989813651128053e-20   2  0  2  0  1  0  0
    5 -6.2310328438357234e-19   1  1  2  0  1  0  0
    5  4.4436520702195707e-19   0  2  2  0  1  0  0
    5 -1.5652784640650473e-19   0  0  4  0  1  0  0
    5 -3.1780148004052732e-19   2  0  1  1  1  0  0
    5  3.1780148004052732e-19   0  2  1  1  1  0  0
    5 -3.5271077646685619e-20   0  0  3  1  1  0  0
    5 -4.4436520702195707e-19   2  0  0  2  1  0  0
    5  6.2310328438357234e-19   1  1  0  2  1  0  0
    5  2.6989813651128053e-20   0  2  0  2  1  0  0
    5  3.5271077646685619e-20   0  0  1  3  1  0  0
    5  1.5652784640650473e-19   0  0  0  4  1  0  0
    5  1.1612646468216651e-18   3  0  0  0  2  0  0
    5 -3.6509465845887098e-18   2  1  0  0  2  0  0
    5  3.6509465845887098e-18   1  2  0  0  2  0  0
    5 -1.1612646468216651e-18   0  3  0  0  2  0  0
    5  1.7049879297110258e-18   1  0  2  0  2  0  0
    5  1.6693659570922487e-17   0  1  2  0  2  0  0
    5 -5.0135485536610917e-19   1  0  1  1  2  0  0
    5  5.0135485536610917e-19   0  1  1  1  2  0  0
    5 -1.6693659570922487e-17   1  0  0  2  2  0  0
    5 -1.7049879297110258e-18   0  1  0  2  2  0  0
    5  2.6635227670129681e-18   2  0  0  0  3  0  0
    5 -2.6635227670129681e-18   0  2  0  0  3  0  0
    5 -4.1676559693912894e-17   0  0  2  0  3  0  0
    5  4.1676559693912894e-17   0  0  0  2  3  0  0
    6 -4.4260244323941002e-23   6  0  0  0  0  0  0
    6  1.7357769641345446e-22   5  1  0  0  0  0  0
    6 -8.0887119003123238e-23   4  2  0  0  0  0  0
    6  8.0887119003123238e-23   2  4  0  0  0  0  0
    6 -1.7357769641345446e-22   1  5  0  0  0  0  0
    6  4.4260244323941002e-23   0  6  0  0  0  0  0
    6 -1.3231326903296258e-21   4  0  2  0  0  0  0
    6  1.7911129172244709e-23   3  1  2  0  0  0  0
    6  5.4259140418675853e-22   2  2  2  0  0  0  0
    6 -1.4047811583617061e-22   1  3  2  0  0  0  0
    6  4.1356814730744157e-23   0  4  2  0  0  0  0
    6  1.2658815015295847e-23   2  0  4  0  0  0  0
    6  6.7098996408328515e-23   1  1  4  0  0  0  0
    6  6.1900407744592083e-23   0  2  4  0  0  0  0
    6 -2.7058221550244461e-24   0  0  6  0  0  0  0
    6 -8.8339382534991287e-23   4  0  1  1  0  0  0
    6 -1.1766025044964131e-22   3  1  1  1  0  0  0
    6  1.1766025044964131e-22   1  3  1  1  0  0  0
    6  8.8339382534991287e-23   0  4  1  1  0  0  0
    6  7.8255327058264463e-23   2  0  3  1  0  0  0
    6  5.5024805557833262e-23   1  1  3  1  0  0  0
    6 -1.3558151003869582e-22   0  2  3  1  0  0  0
    6  1.0407847997964242e-23   0  0  5  1  0  0  0
    6 -4.1356814730744157e-23   4  0  0  2  0  0  0
    6  1.4047811583617061e-22   3  1  0  2  0  0  0
    6 -5.4259140418675853e-22   2  2  0  2  0  0  0
    6 -1.7911129172244709e-23   1  3  0  2  0  0  0
    6  1.3231326903296258e-21   0  4  0  2  0  0  0
    6 -1.6040735999439863e-23   2  0  2  2  0  0  0
    6  1.6040735999439863e-23   0  2  2  2  0  0  0
    6  5.5376002778737295e-23   0  0  4  2  0  0  0
    6  1.3558151003869582e-22   2  0  1  3  0  0  0
    6 -5.5024805557833262e-23   1  1  1  3  0  0  0
    6 -7.8255327058264463e-23   0  2  1  3  0  0  0
    6 -6.1900407744592083e-23   2  0  0  4  0  0  0
    6 -6.7098996408328515e-23   1  1  0  4  0  0  0
    6 -1.2658815015295847e-23   0  2  0  4  0  0  0
    6 -5.5376002778737295e-23   0  0  2  4  0  0  0
    6 -1.0407847997964242e-23   0  0  1  5  0  0  0
    6  2.7058221550244461e-24   0  0  0  6  0  0  0
    6  5.1386441840665518e-21   5  0  0  0  1  0  0
    6 -6.6867074209563535e-22   4  1  0  0  1  0  0
    6  8.9758741342133429e-23   3  2  0  0  1  0  0
    6 -8.9758741342133429e-23   2  3  0  0  1  0  0
    6  6.6867074209563535e-22   1  4  0  0  1  0  0
    6 -5.1386441840665518e-21   0  5  0  0  1  0  0
    6 -2.6675081231120366e-22   3  0  2  0  1  0  0
    6  6.2580079878791403e-22   2  1  2  0  1  0  0
    6 -1.0390326555074713e-20   1  2  2  0  1  0  0
    6  1.2410453990838454e-22   0  3  2  0  1  0  0
    6 -1.4410205900747922e-22   1  0  4  0  1  0  0
    6  1.3836226596579292e-22   0  1  4  0  1  0  0
    6 -1.8269744958755414e-21   3  0  1  1  1  0  0
    6 -3.0138906950103566e-21   2  1  1  1  1  0  0
    6  3.0138906950103566e-21   1  2  1  1  1  0  0
    6  1.8269744958755414e-21   0  3  1  1  1  0  0
    6  4.0951870446740611e-22   1  0  3  1  1  0  0
    6 -2.9971535285737152e-21   0  1  3  1  1  0  0
    6 -1.2410453990838454e-22   3  0  0  2  1  0  0
    6  1.0390326555074713e-20   2  1  0  2  1  0  0
    6 -6.2580079878791403e-22   1  2  0  2  1  0  0
    6  2.6675081231120366e-22   0  3  0  2  1  0  0
    6 -1.5057390584623035e-21   1  0  2  2  1  0  0
    6  1.5057390584623035e-21   0  1  2  2  1  0  0
    6  2.9971535285737152e-21   1  0  1  3  1  0  0
    6 -4.0951870446740611e-22   0  1  1  3  1  0  0
    6 -1.3836226596579292e-22   1  0  0  4  1  0  0
    6  1.4410205900747922e-22   0  1  0  4  1  0  0
    6  3.1782440978896333e-20   4  0  0  0  2  0  0
    6 -8.7142404149850879e-21   3  1  0  0  2  0  0
    6  8.7142404149850879e-21   1  3  0  0  2  0  0
    6 -3.1782440978896333e-20   0  4  0  0  2  0  0
    6 -2.4903170002879639e-21   2  0  2  0  2  0  0
    6  9.9208863736090834e-21   1  1  2  0  2  0  0
    6 -4.3007942494085060e-22   0  2  2  0  2  0  0
    6 -4.9869658208632138e-22   0  0  4  0  2  0  0
    6 -7.8446670132163868e-22   2  0  1  1  2  0  0
    6  7.8446670132163868e-22   0  2  1  1  2  0  0
    6  3.7054089336594244e-21   0  0  3  1  2  0  0
    6  4.3007942494085060e-22   2  0  0  2  2  0  0
    6 -9.9208863736090834e-21   1  1  0  2  2  0  0
    6  2.4903170002879639e-21   0  2  0  2  2  0  0
    6 -3.7054089336594244e-21   0  0  1  3  2  0  0
    6  4.9869658208632138e-22   0  0  0  4  2  0  0
    6 -9.2009936842966023e-20   3  0  0  0  3  0  0
    6  5.2472546882018197e-19   2  1  0  0  3  0  0
    6 -5.2472546882018197e-19   1  2  0  0  3  0  0
    6  9.2009936842966023e-20   0  3  0  0  3  0  0
    6  1.4294156871446688e-20   1  0  2  0  3  0  0
    6  1.2149328595944062e-19   0  1  2  0  3  0  0
    6  7.3961712533641151e-20   1  0  1  1  3  0  0
    6 -7.3961712533641151e-20   0  1  1  1  3  0  0
    6 -1.2149328595944062e-19   1  0  0  2  3  0  0
    6 -1.4294156871446688e-20   0  1  0  2  3  0  0
    6 -3.8848998265899566e-20   2  0  0  0  4  0  0
    6  3.8848998265899566e-20   0  2  0  0  4  0  0
    6  2.0336470813849398e-19   0  0  2  0  4  0  0
    6 -2.0336470813849398e-19   0  0  0  2  4  0  0
    7  6.2145361255329143e-25   6  1  0  0  0  0  0
    7  1.0071866497215355e-24   4  3  0  0  0  0  0
    7 -1.0071866497215355e-24   3  4  0  0  0  0  0
    7 -6.2145361255329143e-25   1  6  0  0  0  0  0
    7  1.2163026446386600e-25   5  0  2  0  0  0  0
    7  4.3900712427048118e-25   4  1  2  0  0  0  0
    7 -1.1466228607056379e-24   3  2  2  0  0  0  0
    7  2.3353005527953395e-24   2  3  2  0  0  0  0
    7 -1.6668383884796602e-25   0  5  2  0  0  0  0
    7  3.3867628748303175e-25   1  2  4  0  0  0  0
    7 -1.0733460271292955e-24   5  0  1  1  0  0  0
    7  4.4325351098733052e-25   4  1  1  1  0  0  0
    7  1.9894719138659841e-24   3  2  1  1  0  0  0
    7 -1.9894719138659841e-24   2  3  1  1  0  0  0
    7 -4.4325351098733052e-25   1  4  1  1  0  0  0
    7  1.0733460271292955e-24   0  5  1  1  0  0  0
    7 -9.9076263351815451e-25   2  1  3  1  0  0  0
    7  2.9496136061012974e-24   1  2  3  1  0  0  0
    7  1.2709556761633844e-25   1  0  5  1  0  0  0
    7 -1.8471278388189894e-25   0  1  5  1  0  0  0
    7  1.6668383884796602e-25   5  0  0  2  0  0  0
    7 -2.3353005527953395e-24   3  2  0  2  0  0  0
    7  1.1466228607056379e-24   2  3  0  2  0  0  0
    7 -4.3900712427048118e-25   1  4  0  2  0  0  0
    7 -1.2163026446386600e-25   0  5  0  2  0  0  0
    7  3.4439459697153123e-25   3  0  2  2  0  0  0
    7  1.5147488987076272e-24   2  1  2  2  0  0  0
    7 -1.5147488987076272e-24   1  2  2  2  0  0  0
    7 -3.4439459697153123e-25   0  3  2  2  0  0  0
    7  4.0138046214602684e-25   0  1  4  2  0  0  0
    7 -2.9496136061012974e-24   2  1  1  3  0  0  0
    7  9.9076263351815451e-25   1  2  1  3  0  0  0
    7  3.5322705006466669e-25   1  0  3  3  0  0  0
    7 -3.5322705006466669e-25   0  1  3  3  0  0  0
    7 -3.3867628748303175e-25   2  1  0  4  0  0  0
    7 -4.0138046214602679e-25   1  0  2  4  0  0  0
    7  1.8471278388189894e-25   1  0  1  5  0  0  0
    7 -1.2709556761633844e-25   0  1  1  5  0  0  0
    7  7.4844801323339686e-25   6  0  0  0  1  0  0
    7  4.2589049779860407e-24   5  1  0  0  1  0  0
    7  4.5988156146055239e-24   4  2  0  0  1  0  0
    7 -4.5988156146055239e-24   2  4  0  0  1  0  0
    7 -4.2589049779860407e-24   1  5  0  0  1  0  0
    7 -7.4844801323339686e-25   0  6  0  0  1  0  0
    7 -1.1070705849074350e-22   4  0  2  0  1  0  0
    7  1.7055012627683821e-24   3  1  2  0  1  0  0
    7 -9.7148468995374383e-24   2  2  2  0  1  0  0
    7  2.4282500990295291e-24   1  3  2  0  1  0  0
    7  2.2850144982613131e-24   0  4  2  0  1  0  0
    7 -7.4821768122989382e-25   2  0  4  0  1  0  0
    7 -1.2558736993141913e-24   0  2  4  0  1  0  0
    7 -3.0998968252052974e-24   4  0  1  1  1  0  0
    7  7.4829510009350341e-24   3  1  1  1  1  0  0
    7 -7.4829510009350341e-24   1  3  1  1  1  0  0
    7  3.0998968252052974e-24   0  4  1  1  1  0  0
    7 -2.7678834900819192e-24   2  0  3  1  1  0  0
    7 -4.1157688582827817e-24   1  1  3  1  1  0  0
    7  5.9629708832858871e-24   0  2  3  1  1  0  0
    7  6.7642443571381925e-25   0  0  5  1  1  0  0
    7 -2.2850144982613131e-24   4  0  0  2  1  0  0
    7 -2.4282500990295291e-24   3  1  0  2  1  0  0
    7  9.7148468995374383e-24   2  2  0  2  1  0  0
    7 -1.7055012627683821e-24   1  3  0  2  1  0  0
    7  1.1070705849074350e-22   0  4  0  2  1  0  0
    7  3.9310997870470219e-24   2  0  2  2  1  0  0
    7 -3.9310997870470219e-24   0  2  2  2  1  0  0
    7 -1.2145562949444499e-24   0  0  4  2  1  0  0
    7 -5.9629708832858871e-24   2  0  1  3  1  0  0
    7  4.1157688582827817e-24   1  1  1  3  1  0  0
    7  2.7678834900819192e-24   0  2  1  3  1  0  0
    7  1.2558736993141913e-24   2  0  0  4  1  0  0
    7  7.4821768122989382e-25   0  2  0  4  1  0  0
    7  1.2145562949444499e-24   0  0  2  4  1  0  0
    7 -6.7642443571381925e-25   0  0  1  5  1  0  0
    7 -1.6471236534826280e-22   5  0  0  0  2  0  0
    7 -7.6076285246681275e-24   4  1  0  0  2  0  0
    7 -1.1215252266599020e-22   3  2  0  0  2  0  0
    7  1.1215252266599020e-22   2  3  0  0  2  0  0
    7  7.6076285246681275e-24   1  4  0  0  2  0  0
    7  1.6471236534826280e-22   0  5  0  0  2  0  0
    7 -6.5346758335146793e-24   3  0  2  0  2  0  0
    7 -1.5849410312502539e-23   2  1  2  0  2  0  0
    7 -1.6476066459916635e-22   1  2  2  0  2  0  0
    7  2.2966876884926588e-25   0  3  2  0  2  0  0
    7  1.8611916956258179e-23   0  1  4  0  2  0  0
    7  3.8007103000402347e-24   3  0  1  1  2  0  0
    7 -6.0246242497106553e-23   2  1  1  1  2  0  0
    7  6.0246242497106553e-23   1  2  1  1  2  0  0
    7 -3.8007103000402347e-24   0  3  1  1  2  0  0
    7  1.7528871148093653e-24   1  0  3  1  2  0  0
    7  3.2527394320712503e-23   0  1  3  1  2  0  0
    7 -2.2966876884926588e-25   3  0  0  2  2  0  0
    7  1.6476066459916635e-22   2  1  0  2  2  0  0
    7  1.5849410312502539e-23   1  2  0  2  2  0  0
    7  6.5346758335146793e-24   0  3  0  2  2  0  0
    7 -2.4527203298000454e-24   1  0  2  2  2  0  0
    7  2.4527203298000454e-24   0  1  2  2  2  0  0
    7 -3.2527394320712503e-23   1  0  1  3  2  0  0
    7 -1.7528871148093653e-24   0  1  1  3  2  0  0
    7 -1.8611916956258179e-23   1  0  0  4  2  0  0
    7 -3.1922080000611297e-22   4  0  0  0  3  0  0
    7  2.2119322646403133e-22   3  1  0  0  3  0  0
    7 -2.2119322646403133e-22   1  3  0  0  3  0  0
    7  3.1922080000611297e-22   0  4  0  0  3  0  0
    7  4.8865411166436386e-23   2  0  2  0  3  0  0
    7  4.0338701118165074e-22   1  1  2  0  3  0  0
    7  1.8327406197598663e-23   0  2  2  0  3  0  0
    7 -3.3710511710386659e-23   0  0  4  0  3  0  0
    7 -1.7573390495889403e-22   2  0  1  1  3  0  0
    7  1.7573390495889403e-22   0  2  1  1  3  0  0
    7 -7.3807756528307359e-23   0  0  3  1  3  0  0
    7 -1.8327406197598663e-23   2  0  0  2  3  0  0
    7 -4.0338701118165074e-22   1  1  0  2  3  0  0
    7 -4.8865411166436386e-23   0  2  0  2  3  0  0
    7  7.3807756528307359e-23   0  0  1  3  3  0  0
    7  3.3710511710386659e-23   0  0  0  4  3  0  0
    7  1.1659392565313995e-21   3  0  0  0  4  0  0
    7 -1.0257913538082967e-20   2  1  0  0  4  0  0
    7  1.0257913538082967e-20   1  2  0  0  4  0  0
    7 -1.1659392565313995e-21   0  3  0  0  4  0  0
    7 -3.0823224628992066e-22   1  0  2  0  4  0  0
    7 -1.3656558995659817e-21   0  1  2  0  4  0  0
    7 -1.9120945434668276e-21   1  0  1  1  4  0  0
    7  1.9120945434668276e-21   0  1  1  1  4  0  0
    7  1.3656558995659817e-21   1  0  0  2  4  0  0
    7  3.0823224628992066e-22   0  1  0  2  4  0  0
    7  2.7521559507472566e-21   2  0  0  0  5  0  0
    7 -2.7521559507472566e-21   0  2  0  0  5  0  0
    7  5.1601822548624764e-22   0  0  2  0  5  0  0
    7 -5.1601822548624764e-22   0  0  0  2  5  0  0
    8 -1.0351168564051493e-25   5  1  0  0  2  0  0
    8  1.0351168564051493e-25   1  5  0  0  2  0  0
    8 -6.3788923443988314e-24   4  0  2  0  2  0  0
    8 -1.5357087278629966e-25   2  2  2  0  2  0  0
    8 -1.6873289701803065e-25   1  1  3  1  2  0  0
    8  1.5357087278629966e-25   2  2  0  2  2  0  0
    8  6.3788923443988314e-24   0  4  0  2  2  0  0
    8  1.6873289701803065e-25   1  1  1  3  2  0  0
    8  3.3505809800175007e-24   5  0  0  0  3  0  0
    8  5.6798955677506508e-25   4  1  0  0  3  0  0
    8  2.1618718637673941e-24   3  2  0  0  3  0  0
    8 -2.1618718637673941e-24   2  3  0  0  3  0  0
    8 -5.6798955677506508e-25   1  4  0  0  3  0  0
    8 -3.3505809800175007e-24   0  5  0  0  3  0  0
    8 -2.1195710065948494e-25   3  0  2  0  3  0  0
    8  3.5352248993140985e-25   2  1  2  0  3  0  0
    8  3.7886672559018033e-24   1  2  2  0  3  0  0
    8  2.8700257351729147e-25   0  3  2  0  3  0  0
    8 -3.0563270558172922e-25   0  1  4  0  3  0  0
    8 -2.7612784402881371e-25   3  0  1  1  3  0  0
    8  2.7001126468897536e-24   2  1  1  1  3  0  0
    8 -2.7001126468897536e-24   1  2  1  1  3  0  0
    8  2.7612784402881371e-25   0  3  1  1  3  0  0
    8 -2.3322205812108244e-25   1  0  3  1  3  0  0
    8  1.8418093819643302e-24   0  1  3  1  3  0  0
    8 -2.8700257351729147e-25   3  0  0  2  3  0  0
    8 -3.7886672559018033e-24   2  1  0  2  3  0  0
    8 -3.5352248993140985e-25   1  2  0  2  3  0  0
    8  2.1195710065948494e-25   0  3  0  2  3  0  0
    8  8.1184196272347521e-25   1  0  2  2  3  0  0
    8 -8.1184196272347521e-25   0  1  2  2  3  0  0
    8 -1.8418093819643302e-24   1  0  1  3  3  0  0
    8  2.3322205812108244e-25   0  1  1  3  3  0  0
    8  3.0563270558172922e-25   1  0  0  4  3  0  0
    8  1.7634228532704823e-24   4  0  0  0  4  0  0
    8 -6.3370665646591966e-24   3  1  0  0  4  0  0
    8  6.3370665646591966e-24   1  3  0  0  4  0  0
    8 -1.7634228532704823e-24   0  4  0  0  4  0  0
    8 -1.2048866762236416e-24   2  0  2  0  4  0  0
    8 -8.5843919415711385e-24   1  1  2  0  4  0  0
    8 -4.8019005337064013e-25   0  2  2  0  4  0  0
    8  3.7829245640295028e-25   0  0  4  0  4  0  0
    8  1.7506760973940042e-24   2  0  1  1  4  0  0
    8 -1.7506760973940042e-24   0  2  1  1  4  0  0
    8 -1.8600831742252391e-25   0  0  3  1  4  0  0
    8  4.8019005337064013e-25   2  0  0  2  4  0  0
    8  8.5843919415711385e-24   1  1  0  2  4  0  0
    8  1.2048866762236416e-24   0  2  0  2  4  0  0
    8  1.8600831742252391e-25   0  0  1  3  4  0  0
    8 -3.7829245640295028e-25   0  0  0  4  4  0  0
    8 -9.3746021747843871e-24   3  0  0  0  5  0  0
    8  1.4634085956902684e-22   2  1  0  0  5  0  0
    8 -1.4634085956902684e-22   1  2  0  0  5  0  0
    8  9.3746021747843871e-24   0  3  0  0  5  0  0
    8  1.1087941421214027e-23   1  0  2  0  5  0  0
    8 -6.6561104243866721e-24   0  1  2  0  5  0  0
    8  1.0877484470346811e-23   1  0  1  1  5  0  0
    8 -1.0877484470346811e-23   0  1  1  1  5  0  0
    8  6.6561104243866721e-24   1  0  0  2  5  0  0
    8 -1.1087941421214027e-23   0  1  0  2  5  0  0
    8 -6.5315737302032563e-23   2  0  0  0  6  0  0
    8  6.5315737302032563e-23   0  2  0  0  6  0  0
    8 -2.4224433340150769e-23   0  0  2  0  6  0  0
    8  2.4224433340150769e-23   0  0  0  2  6  0  0
 -394  0.0000000000000000e+00   0  0  0  0  0  0  0
