
tpsa, NO = 8, NV = 7, INA = 48089
------------------------------------------------------------------

   |I|         a                i  i  i  i  i  i  i
                I                1  2  3  4  5  6  7

    3  2.2817657382643907e-07   3  0  0  0  0  0  0
    3 -8.9636541397527491e-07   2  1  0  0  0  0  0
    3 -8.9636541397527491e-07   1  2  0  0  0  0  0
    3  2.2817657382643907e-07   0  3  0  0  0  0  0
    3  6.7625717723665928e-07   1  0  2  0  0  0  0
    3  2.2846290706004302e-08   0  1  2  0  0  0  0
    3 -2.5852389620881624e-07   1  0  1  1  0  0  0
    3 -2.5852389620881624e-07   0  1  1  1  0  0  0
    3  2.2846290706004302e-08   1  0  0  2  0  0  0
    3  6.7625717723665928e-07   0  1  0  2  0  0  0
    3 -2.0747958148985855e-07   2  0  0  0  1  0  0
    3 -2.6227672220522566e-07   1  1  0  0  1  0  0
    3 -2.0747958148985855e-07   0  2  0  0  1  0  0
    3  4.7304810474866317e-07   0  0  2  0  1  0  0
    3 -2.2040497352189827e-07   0  0  1  1  1  0  0
    3  4.7304810474866317e-07   0  0  0  2  1  0  0
    3  1.2080510180963457e-06   1  0  0  0  2  0  0
    3  1.2080510180963457e-06   0  1  0  0  2  0  0
    3 -7.0940991556364665e-08   0  0  0  0  3  0  0
    4  4.1861284164095102e-08   4  0  0  0  0  0  0
    4  1.2990517209487376e-08   3  1  0  0  0  0  0
    4 -8.2817428198531841e-08   2  2  0  0  0  0  0
    4  1.2990517209487376e-08   1  3  0  0  0  0  0
    4  4.1861284164095102e-08   0  4  0  0  0  0  0
    4  7.1257259893010479e-08   2  0  2  0  0  0  0
    4  8.8220229097525271e-08   1  1  2  0  0  0  0
    4 -5.9827620437542435e-08   0  2  2  0  0  0  0
    4  4.3631034725861171e-08   0  0  4  0  0  0  0
    4 -2.5299163382917208e-08   2  0  1  1  0  0  0
    4 -3.2541000449000640e-07   1  1  1  1  0  0  0
    4 -2.5299163382917208e-08   0  2  1  1  0  0  0
    4 -9.2432930942913506e-08   0  0  3  1  0  0  0
    4 -5.9827620437542435e-08   2  0  0  2  0  0  0
    4  8.8220229097525271e-08   1  1  0  2  0  0  0
    4  7.1257259893010479e-08   0  2  0  2  0  0  0
    4 -3.0177142511345563e-08   0  0  2  2  0  0  0
    4 -9.2432930942913506e-08   0  0  1  3  0  0  0
    4  4.3631034725861171e-08   0  0  0  4  0  0  0
    4 -4.7759216748840633e-08   3  0  0  0  1  0  0
    4 -2.9384543869709522e-07   2  1  0  0  1  0  0
    4 -2.9384543869709522e-07   1  2  0  0  1  0  0
    4 -4.7759216748840633e-08   0  3  0  0  1  0  0
    4 -9.1218090348471100e-08   1  0  2  0  1  0  0
    4 -6.8913370949832805e-08   0  1  2  0  1  0  0
    4 -1.3684738530222729e-07   1  0  1  1  1  0  0
    4 -1.3684738530222729e-07   0  1  1  1  1  0  0
    4 -6.8913370949832805e-08   1  0  0  2  1  0  0
    4 -9.1218090348471100e-08   0  1  0  2  1  0  0
    4 -2.1945375031605327e-08   2  0  0  0  2  0  0
    4  5.3863859923371159e-07   1  1  0  0  2  0  0
    4 -2.1945375031605327e-08   0  2  0  0  2  0  0
    4  7.7916604082337705e-08   0  0  2  0  2  0  0
    4  2.4925919328156146e-08   0  0  1  1  2  0  0
    4  7.7916604082337705e-08   0  0  0  2  2  0  0
    4 -1.3679595887561971e-07   1  0  0  0  3  0  0
    4 -1.3679595887561971e-07   0  1  0  0  3  0  0
    4  4.6039641122109503e-08   0  0  0  0  4  0  0
    5 -2.8945122801311834e-11   5  0  0  0  0  0  0
    5 -9.1964610246919019e-10   4  1  0  0  0  0  0
    5  3.9153101390546460e-08   3  2  0  0  0  0  0
    5  3.9153101390546460e-08   2  3  0  0  0  0  0
    5 -9.1964610246919019e-10   1  4  0  0  0  0  0
    5 -2.8945122801311834e-11   0  5  0  0  0  0  0
    5 -5.9460291192482137e-08   3  0  2  0  0  0  0
    5 -7.7980807912197419e-08   2  1  2  0  0  0  0
    5 -3.0569348534167682e-08   1  2  2  0  0  0  0
    5  1.6711324106508339e-08   0  3  2  0  0  0  0
    5  8.8102589632176578e-10   1  0  4  0  0  0  0
    5 -1.5727968996732008e-08   0  1  4  0  0  0  0
    5 -6.6305577701241040e-08   3  0  1  1  0  0  0
    5  2.6884816897080685e-07   2  1  1  1  0  0  0
    5  2.6884816897080685e-07   1  2  1  1  0  0  0
    5 -6.6305577701241040e-08   0  3  1  1  0  0  0
    5 -6.3182744648448602e-08   1  0  3  1  0  0  0
    5  1.0844349814040428e-08   0  1  3  1  0  0  0
    5  1.6711324106508339e-08   3  0  0  2  0  0  0
    5 -3.0569348534167682e-08   2  1  0  2  0  0  0
    5 -7.7980807912197419e-08   1  2  0  2  0  0  0
    5 -5.9460291192482137e-08   0  3  0  2  0  0  0
    5  5.6773829398323382e-08   1  0  2  2  0  0  0
    5  5.6773829398323382e-08   0  1  2  2  0  0  0
    5  1.0844349814040428e-08   1  0  1  3  0  0  0
    5 -6.3182744648448602e-08   0  1  1  3  0  0  0
    5 -1.5727968996732008e-08   1  0  0  4  0  0  0
    5  8.8102589632176578e-10   0  1  0  4  0  0  0
    5  4.8303262287968792e-08   4  0  0  0  1  0  0
    5  1.0684152441859608e-07   3  1  0  0  1  0  0
    5  2.1033873549137287e-07   2  2  0  0  1  0  0
    5  1.0684152441859608e-07   1  3  0  0  1  0  0
    5  4.8303262287968792e-08   0  4  0  0  1  0  0
    5 -1.1846419903821576e-07   2  0  2  0  1  0  0
    5 -1.2355937679488167e-07   1  1  2  0  1  0  0
    5 -4.1059932583286637e-08   0  2  2  0  1  0  0
    5 -2.0837855961252403e-08   0  0  4  0  1  0  0
    5  3.4539062268229211e-08   2  0  1  1  1  0  0
    5 -3.3680823921984830e-09   1  1  1  1  1  0  0
    5  3.4539062268229211e-08   0  2  1  1  1  0  0
    5 -1.7548077346316571e-08   0  0  3  1  1  0  0
    5 -4.1059932583286637e-08   2  0  0  2  1  0  0
    5 -1.2355937679488167e-07   1  1  0  2  1  0  0
    5 -1.1846419903821576e-07   0  2  0  2  1  0  0
    5  4.5127433916396700e-08   0  0  2  2  1  0  0
    5 -1.7548077346316571e-08   0  0  1  3  1  0  0
    5 -2.0837855961252403e-08   0  0  0  4  1  0  0
    5 -1.7890236926091197e-08   3  0  0  0  2  0  0
    5 -1.2933871757205728e-07   2  1  0  0  2  0  0
    5 -1.2933871757205728e-07   1  2  0  0  2  0  0
    5 -1.7890236926091197e-08   0  3  0  0  2  0  0
    5  9.8010625696314055e-08   1  0  2  0  2  0  0
    5  4.0262545137181431e-08   0  1  2  0  2  0  0
    5  7.9741253272065332e-08   1  0  1  1  2  0  0
    5  7.9741253272065332e-08   0  1  1  1  2  0  0
    5  4.0262545137181431e-08   1  0  0  2  2  0  0
    5  9.8010625696314055e-08   0  1  0  2  2  0  0
    5 -9.4397329981683919e-08   2  0  0  0  3  0  0
    5  1.8582909502866329e-07   1  1  0  0  3  0  0
    5 -9.4397329981683919e-08   0  2  0  0  3  0  0
    5 -4.0066767858042509e-08   0  0  2  0  3  0  0
    5 -1.9627827112565322e-08   0  0  1  1  3  0  0
    5 -4.0066767858042509e-08   0  0  0  2  3  0  0
    5  2.1123474709961691e-08   1  0  0  0  4  0  0
    5  2.1123474709961691e-08   0  1  0  0  4  0  0
    5  6.3757779854325188e-09   0  0  0  0  5  0  0
    6 -3.1029735128519862e-09   6  0  0  0  0  0  0
    6 -7.1525653837547502e-09   5  1  0  0  0  0  0
    6 -8.4652781364810946e-09   4  2  0  0  0  0  0
    6 -7.6891584678976870e-08   3  3  0  0  0  0  0
    6 -8.4652781364810946e-09   2  4  0  0  0  0  0
    6 -7.1525653837547502e-09   1  5  0  0  0  0  0
    6 -3.1029735128519862e-09   0  6  0  0  0  0  0
    6 -5.5099058661544072e-09   4  0  2  0  0  0  0
    6  6.7175521890413980e-08   3  1  2  0  0  0  0
    6  1.0179357057515495e-07   2  2  2  0  0  0  0
    6 -2.3662703375653690e-09   1  3  2  0  0  0  0
    6  1.7504439579960856e-09   0  4  2  0  0  0  0
    6 -2.3669016306561649e-08   2  0  4  0  0  0  0
    6 -5.6013805070325462e-09   1  1  4  0  0  0  0
    6  1.2173504036178404e-08   0  2  4  0  0  0  0
    6 -1.7099854190752134e-09   0  0  6  0  0  0  0
    6 -1.6117290422455755e-08   4  0  1  1  0  0  0
    6 -6.1967149272214803e-08   3  1  1  1  0  0  0
    6 -1.4356841115075163e-07   2  2  1  1  0  0  0
    6 -6.1967149272214803e-08   1  3  1  1  0  0  0
    6 -1.6117290422455755e-08   0  4  1  1  0  0  0
    6  6.1282771200168732e-08   2  0  3  1  0  0  0
    6  1.0976418044188248e-07   1  1  3  1  0  0  0
    6 -2.5621476591692014e-08   0  2  3  1  0  0  0
    6  2.2829747792915519e-09   0  0  5  1  0  0  0
    6  1.7504439579960856e-09   4  0  0  2  0  0  0
    6 -2.3662703375653690e-09   3  1  0  2  0  0  0
    6  1.0179357057515495e-07   2  2  0  2  0  0  0
    6  6.7175521890413980e-08   1  3  0  2  0  0  0
    6 -5.5099058661544072e-09   0  4  0  2  0  0  0
    6 -3.7901830248036800e-08   2  0  2  2  0  0  0
    6 -1.6492362116106845e-07   1  1  2  2  0  0  0
    6 -3.7901830248036800e-08   0  2  2  2  0  0  0
    6  1.5217619035303108e-08   0  0  4  2  0  0  0
    6 -2.5621476591692014e-08   2  0  1  3  0  0  0
    6  1.0976418044188248e-07   1  1  1  3  0  0  0
    6  6.1282771200168732e-08   0  2  1  3  0  0  0
    6 -3.0145155681731837e-08   0  0  3  3  0  0  0
    6  1.2173504036178404e-08   2  0  0  4  0  0  0
    6 -5.6013805070325462e-09   1  1  0  4  0  0  0
    6 -2.3669016306561649e-08   0  2  0  4  0  0  0
    6  1.5217619035303108e-08   0  0  2  4  0  0  0
    6  2.2829747792915519e-09   0  0  1  5  0  0  0
    6 -1.7099854190752134e-09   0  0  0  6  0  0  0
    6  1.8383174133908424e-08   5  0  0  0  1  0  0
    6 -1.1381743708767044e-08   4  1  0  0  1  0  0
    6  2.3384035575371648e-08   3  2  0  0  1  0  0
    6  2.3384035575371648e-08   2  3  0  0  1  0  0
    6 -1.1381743708767044e-08   1  4  0  0  1  0  0
    6  1.8383174133908424e-08   0  5  0  0  1  0  0
    6  3.1085855895581238e-08   3  0  2  0  1  0  0
    6  4.7080442525639541e-08   2  1  2  0  1  0  0
    6  3.6071138298404245e-08   1  2  2  0  1  0  0
    6  1.5972853661908731e-08   0  3  2  0  1  0  0
    6 -3.9451915349465443e-09   1  0  4  0  1  0  0
    6 -9.3154137176329518e-09   0  1  4  0  1  0  0
    6 -3.1490237784623532e-08   3  0  1  1  1  0  0
    6 -1.2048029433121261e-07   2  1  1  1  1  0  0
    6 -1.2048029433121261e-07   1  2  1  1  1  0  0
    6 -3.1490237784623532e-08   0  3  1  1  1  0  0
    6  2.8490283819688417e-08   1  0  3  1  1  0  0
    6  6.8707140990532941e-09   0  1  3  1  1  0  0
    6  1.5972853661908731e-08   3  0  0  2  1  0  0
    6  3.6071138298404245e-08   2  1  0  2  1  0  0
    6  4.7080442525639541e-08   1  2  0  2  1  0  0
    6  3.1085855895581238e-08   0  3  0  2  1  0  0
    6 -6.8135925953919097e-08   1  0  2  2  1  0  0
    6 -6.8135925953919097e-08   0  1  2  2  1  0  0
    6  6.8707140990532941e-09   1  0  1  3  1  0  0
    6  2.8490283819688417e-08   0  1  1  3  1  0  0
    6 -9.3154137176329518e-09   1  0  0  4  1  0  0
    6 -3.9451915349465443e-09   0  1  0  4  1  0  0
    6 -5.3690469272732135e-08   4  0  0  0  2  0  0
    6 -7.7033425784612554e-09   3  1  0  0  2  0  0
    6 -3.1457770541517043e-07   2  2  0  0  2  0  0
    6 -7.7033425784612554e-09   1  3  0  0  2  0  0
    6 -5.3690469272732135e-08   0  4  0  0  2  0  0
    6  8.1192253787421106e-09   2  0  2  0  2  0  0
    6  2.6676750895026083e-08   1  1  2  0  2  0  0
    6  1.1953536397474638e-08   0  2  2  0  2  0  0
    6  6.4822279664016784e-09   0  0  4  0  2  0  0
    6  2.2112771712319816e-08   2  0  1  1  2  0  0
    6  2.5601059149233568e-08   1  1  1  1  2  0  0
    6  2.2112771712319816e-08   0  2  1  1  2  0  0
    6  7.5837490626131896e-09   0  0  3  1  2  0  0
    6  1.1953536397474638e-08   2  0  0  2  2  0  0
    6  2.6676750895026083e-08   1  1  0  2  2  0  0
    6  8.1192253787421106e-09   0  2  0  2  2  0  0
    6  9.2797921490590656e-09   0  0  2  2  2  0  0
    6  7.5837490626131896e-09   0  0  1  3  2  0  0
    6  6.4822279664016784e-09   0  0  0  4  2  0  0
    6  4.3579607862737971e-08   3  0  0  0  3  0  0
    6  1.9294613418506354e-07   2  1  0  0  3  0  0
    6  1.9294613418506354e-07   1  2  0  0  3  0  0
    6  4.3579607862737971e-08   0  3  0  0  3  0  0
    6 -1.0571097942552353e-08   1  0  2  0  3  0  0
    6 -4.0888276863739028e-08   0  1  2  0  3  0  0
    6 -1.4050003846105520e-08   1  0  1  1  3  0  0
    6 -1.4050003846105520e-08   0  1  1  1  3  0  0
    6 -4.0888276863739028e-08   1  0  0  2  3  0  0
    6 -1.0571097942552353e-08   0  1  0  2  3  0  0
    6 -4.2860133124990320e-08   2  0  0  0  4  0  0
    6 -1.4732309850673970e-07   1  1  0  0  4  0  0
    6 -4.2860133124990320e-08   0  2  0  0  4  0  0
    6  1.1242120918126213e-08   0  0  2  0  4  0  0
    6  3.5468423383909011e-09   0  0  1  1  4  0  0
    6  1.1242120918126213e-08   0  0  0  2  4  0  0
    6  2.7666292029874437e-08   1  0  0  0  5  0  0
    6  2.7666292029874437e-08   0  1  0  0  5  0  0
    6 -2.2246211222165241e-09   0  0  0  0  6  0  0
    7 -3.2124384749545965e-10   7  0  0  0  0  0  0
    7 -1.8972066192179071e-09   6  1  0  0  0  0  0
    7  1.2134026835215653e-08   5  2  0  0  0  0  0
    7  9.5243420245672076e-09   4  3  0  0  0  0  0
    7  9.5243420245672076e-09   3  4  0  0  0  0  0
    7  1.2134026835215653e-08   2  5  0  0  0  0  0
    7 -1.8972066192179071e-09   1  6  0  0  0  0  0
    7 -3.2124384749545965e-10   0  7  0  0  0  0  0
    7 -2.6176303137484295e-09   5  0  2  0  0  0  0
    7 -3.3319430313158378e-08   4  1  2  0  0  0  0
    7 -6.6353610087176195e-08   3  2  2  0  0  0  0
    7 -8.5609352481388698e-09   2  3  2  0  0  0  0
    7 -3.6518093518441419e-09   1  4  2  0  0  0  0
    7 -2.3373723730336979e-09   0  5  2  0  0  0  0
    7  1.7258473716272855e-08   3  0  4  0  0  0  0
    7  3.3740337974247914e-08   2  1  4  0  0  0  0
    7  8.9417532656336737e-09   1  2  4  0  0  0  0
    7  4.1776143501580806e-09   0  3  4  0  0  0  0
    7 -1.0316462606342423e-09   1  0  6  0  0  0  0
    7  3.8778552173923908e-09   0  1  6  0  0  0  0
    7 -1.2658681573564064e-08   5  0  1  1  0  0  0
    7  4.4763854798851863e-09   4  1  1  1  0  0  0
    7  8.4398201419657074e-08   3  2  1  1  0  0  0
    7  8.4398201419657074e-08   2  3  1  1  0  0  0
    7  4.4763854798851863e-09   1  4  1  1  0  0  0
    7 -1.2658681573564064e-08   0  5  1  1  0  0  0
    7 -2.6405405433144953e-08   3  0  3  1  0  0  0
    7 -9.1748061044670048e-08   2  1  3  1  0  0  0
    7 -3.2258705712619393e-08   1  2  3  1  0  0  0
    7 -6.9446610887788713e-09   0  3  3  1  0  0  0
    7  1.2237642941584393e-08   1  0  5  1  0  0  0
    7  6.7382443026234999e-10   0  1  5  1  0  0  0
    7 -2.3373723730336979e-09   5  0  0  2  0  0  0
    7 -3.6518093518441419e-09   4  1  0  2  0  0  0
    7 -8.5609352481388698e-09   3  2  0  2  0  0  0
    7 -6.6353610087176195e-08   2  3  0  2  0  0  0
    7 -3.3319430313158378e-08   1  4  0  2  0  0  0
    7 -2.6176303137484295e-09   0  5  0  2  0  0  0
    7 -1.9150030726882818e-08   3  0  2  2  0  0  0
    7  1.1116457150646286e-07   2  1  2  2  0  0  0
    7  1.1116457150646286e-07   1  2  2  2  0  0  0
    7 -1.9150030726882818e-08   0  3  2  2  0  0  0
    7 -3.5321083970523614e-08   1  0  4  2  0  0  0
    7 -7.9468090427017287e-09   0  1  4  2  0  0  0
    7 -6.9446610887788713e-09   3  0  1  3  0  0  0
    7 -3.2258705712619393e-08   2  1  1  3  0  0  0
    7 -9.1748061044670048e-08   1  2  1  3  0  0  0
    7 -2.6405405433144953e-08   0  3  1  3  0  0  0
    7  3.1844009149783480e-08   1  0  3  3  0  0  0
    7  3.1844009149783480e-08   0  1  3  3  0  0  0
    7  4.1776143501580806e-09   3  0  0  4  0  0  0
    7  8.9417532656336737e-09   2  1  0  4  0  0  0
    7  3.3740337974247914e-08   1  2  0  4  0  0  0
    7  1.7258473716272855e-08   0  3  0  4  0  0  0
    7 -7.9468090427017287e-09   1  0  2  4  0  0  0
    7 -3.5321083970523614e-08   0  1  2  4  0  0  0
    7  6.7382443026234999e-10   1  0  1  5  0  0  0
    7  1.2237642941584393e-08   0  1  1  5  0  0  0
    7  3.8778552173923908e-09   1  0  0  6  0  0  0
    7 -1.0316462606342423e-09   0  1  0  6  0  0  0
    7 -4.8801983917520813e-09   6  0  0  0  1  0  0
    7  7.9566341684768538e-09   5  1  0  0  1  0  0
    7 -1.0114412133858371e-08   4  2  0  0  1  0  0
    7  1.0850892761496198e-07   3  3  0  0  1  0  0
    7 -1.0114412133858371e-08   2  4  0  0  1  0  0
    7  7.9566341684768538e-09   1  5  0  0  1  0  0
    7 -4.8801983917520813e-09   0  6  0  0  1  0  0
    7 -2.5016958275829945e-08   4  0  2  0  1  0  0
    7 -3.8149816845661761e-08   3  1  2  0  1  0  0
    7 -4.5675954846259682e-08   2  2  2  0  1  0  0
    7 -4.1171587862026255e-08   1  3  2  0  1  0  0
    7  9.1741964879592130e-09   0  4  2  0  1  0  0
    7  5.8876379272197602e-09   2  0  4  0  1  0  0
    7  5.9531865631697753e-09   1  1  4  0  1  0  0
    7  2.5857451895489624e-09   0  2  4  0  1  0  0
    7 -7.2317362022288557e-10   0  0  6  0  1  0  0
    7  7.2019731527472102e-09   4  0  1  1  1  0  0
    7  3.5843598092790994e-08   3  1  1  1  1  0  0
    7  5.2017452197589838e-08   2  2  1  1  1  0  0
    7  3.5843598092790994e-08   1  3  1  1  1  0  0
    7  7.2019731527472102e-09   0  4  1  1  1  0  0
    7 -4.2438931402341379e-08   2  0  3  1  1  0  0
    7 -2.3709468702975511e-08   1  1  3  1  1  0  0
    7 -1.7227813864502235e-08   0  2  3  1  1  0  0
    7 -2.1464847271323005e-10   0  0  5  1  1  0  0
    7  9.1741964879592130e-09   4  0  0  2  1  0  0
    7 -4.1171587862026255e-08   3  1  0  2  1  0  0
    7 -4.5675954846259682e-08   2  2  0  2  1  0  0
    7 -3.8149816845661761e-08   1  3  0  2  1  0  0
    7 -2.5016958275829945e-08   0  4  0  2  1  0  0
    7  4.7355902572761157e-08   2  0  2  2  1  0  0
    7  4.6858962703287827e-08   1  1  2  2  1  0  0
    7  4.7355902572761157e-08   0  2  2  2  1  0  0
    7 -7.2451110458053666e-09   0  0  4  2  1  0  0
    7 -1.7227813864502235e-08   2  0  1  3  1  0  0
    7 -2.3709468702975511e-08   1  1  1  3  1  0  0
    7 -4.2438931402341379e-08   0  2  1  3  1  0  0
    7  8.2332331839891168e-09   0  0  3  3  1  0  0
    7  2.5857451895489624e-09   2  0  0  4  1  0  0
    7  5.9531865631697753e-09   1  1  0  4  1  0  0
    7  5.8876379272197602e-09   0  2  0  4  1  0  0
    7 -7.2451110458053666e-09   0  0  2  4  1  0  0
    7 -2.1464847271323005e-10   0  0  1  5  1  0  0
    7 -7.2317362022288557e-10   0  0  0  6  1  0  0
    7 -1.4567536173341639e-09   5  0  0  0  2  0  0
    7  2.3944787653546967e-08   4  1  0  0  2  0  0
    7 -7.3856566328406424e-08   3  2  0  0  2  0  0
    7 -7.3856566328406424e-08   2  3  0  0  2  0  0
    7  2.3944787653546967e-08   1  4  0  0  2  0  0
    7 -1.4567536173341639e-09   0  5  0  0  2  0  0
    7 -3.3022436244607315e-09   3  0  2  0  2  0  0
    7 -1.8375928241678394e-08   2  1  2  0  2  0  0
    7  4.4764983200882706e-08   1  2  2  0  2  0  0
    7 -9.7932195582047318e-09   0  3  2  0  2  0  0
    7 -4.7422166321645615e-09   1  0  4  0  2  0  0
    7  4.2309032661544541e-09   0  1  4  0  2  0  0
    7  3.0970748484295487e-08   3  0  1  1  2  0  0
    7  5.1062310999006444e-09   2  1  1  1  2  0  0
    7  5.1062310999006444e-09   1  2  1  1  2  0  0
    7  3.0970748484295487e-08   0  3  1  1  2  0  0
    7  1.2475482123790026e-08   1  0  3  1  2  0  0
    7  1.4221887907202517e-08   0  1  3  1  2  0  0
    7 -9.7932195582047318e-09   3  0  0  2  2  0  0
    7  4.4764983200882706e-08   2  1  0  2  2  0  0
    7 -1.8375928241678394e-08   1  2  0  2  2  0  0
    7 -3.3022436244607315e-09   0  3  0  2  2  0  0
    7 -1.5641840842918591e-09   1  0  2  2  2  0  0
    7 -1.5641840842918591e-09   0  1  2  2  2  0  0
    7  1.4221887907202517e-08   1  0  1  3  2  0  0
    7  1.2475482123790026e-08   0  1  1  3  2  0  0
    7  4.2309032661544541e-09   1  0  0  4  2  0  0
    7 -4.7422166321645615e-09   0  1  0  4  2  0  0
    7  1.2471283848969708e-08   4  0  0  0  3  0  0
    7  4.3829141790486282e-08   3  1  0  0  3  0  0
    7  1.5174848834414381e-07   2  2  0  0  3  0  0
    7  4.3829141790486282e-08   1  3  0  0  3  0  0
    7  1.2471283848969708e-08   0  4  0  0  3  0  0
    7  1.9981240917417311e-08   2  0  2  0  3  0  0
    7  1.0531346560889124e-08   1  1  2  0  3  0  0
    7  5.1841749152212513e-09   0  2  2  0  3  0  0
    7 -2.5594967888462304e-09   0  0  4  0  3  0  0
    7 -4.1415577285706879e-08   2  0  1  1  3  0  0
    7  1.5366338870071580e-08   1  1  1  1  3  0  0
    7 -4.1415577285706879e-08   0  2  1  1  3  0  0
    7 -2.6905966913872283e-09   0  0  3  1  3  0  0
    7  5.1841749152212513e-09   2  0  0  2  3  0  0
    7  1.0531346560889124e-08   1  1  0  2  3  0  0
    7  1.9981240917417311e-08   0  2  0  2  3  0  0
    7 -9.0889811469642630e-09   0  0  2  2  3  0  0
    7 -2.6905966913872283e-09   0  0  1  3  3  0  0
    7 -2.5594967888462304e-09   0  0  0  4  3  0  0
    7 -3.9961694241981338e-08   3  0  0  0  4  0  0
    7 -1.1975768059208853e-07   2  1  0  0  4  0  0
    7 -1.1975768059208853e-07   1  2  0  0  4  0  0
    7 -3.9961694241981338e-08   0  3  0  0  4  0  0
    7 -4.1659633404373767e-09   1  0  2  0  4  0  0
    7  8.5460832642270087e-09   0  1  2  0  4  0  0
    7  1.5886462008469121e-10   1  0  1  1  4  0  0
    7  1.5886462008469121e-10   0  1  1  1  4  0  0
    7  8.5460832642270087e-09   1  0  0  2  4  0  0
    7 -4.1659633404373767e-09   0  1  0  2  4  0  0
    7  4.2897219889375586e-08   2  0  0  0  5  0  0
    7  7.4702403365420610e-08   1  1  0  0  5  0  0
    7  4.2897219889375586e-08   0  2  0  0  5  0  0
    7 -2.2504668617629581e-09   0  0  2  0  5  0  0
    7 -3.7979902586140311e-09   0  0  1  1  5  0  0
    7 -2.2504668617629581e-09   0  0  0  2  5  0  0
    7 -1.9717352479819353e-08   1  0  0  0  6  0  0
    7 -1.9717352479819353e-08   0  1  0  0  6  0  0
    7  3.5699324611133153e-09   0  0  0  0  7  0  0
    8  2.7426071388460797e-10   8  0  0  0  0  0  0
    8  1.5596289386882021e-09   7  1  0  0  0  0  0
    8  2.5802494069041683e-10   6  2  0  0  0  0  0
    8  9.4127069542459955e-10   5  3  0  0  0  0  0
    8 -1.6478828546875920e-08   4  4  0  0  0  0  0
    8  9.4127069542459955e-10   3  5  0  0  0  0  0
    8  2.5802494069041683e-10   2  6  0  0  0  0  0
    8  1.5596289386882021e-09   1  7  0  0  0  0  0
    8  2.7426071388460797e-10   0  8  0  0  0  0  0
    8 -1.4426199940247003e-09   6  0  2  0  0  0  0
    8  7.6788770413882956e-09   5  1  2  0  0  0  0
    8  2.1732227757242014e-08   4  2  2  0  0  0  0
    8  1.6358675411621656e-08   3  3  2  0  0  0  0
    8  6.5404744201593527e-09   2  4  2  0  0  0  0
    8 -2.4802609491973868e-09   1  5  2  0  0  0  0
    8 -5.5842330049781801e-10   0  6  2  0  0  0  0
    8 -8.2622240276512484e-09   4  0  4  0  0  0  0
    8 -2.1236447285900482e-08   3  1  4  0  0  0  0
    8 -9.0688091639461489e-09   2  2  4  0  0  0  0
    8 -5.0731877587307686e-09   1  3  4  0  0  0  0
    8 -1.0486085193365763e-09   0  4  4  0  0  0  0
    8  3.7112482306658839e-09   2  0  6  0  0  0  0
    8  3.1019328970125913e-09   1  1  6  0  0  0  0
    8  9.7386257649347499e-10   0  2  6  0  0  0  0
    8  2.2529616766126881e-10   0  0  8  0  0  0  0
    8 -4.6282368603091503e-10   6  0  1  1  0  0  0
    8 -8.2864154413103260e-10   5  1  1  1  0  0  0
    8 -3.5571307012514865e-09   4  2  1  1  0  0  0
    8 -4.6577892561893990e-08   3  3  1  1  0  0  0
    8 -3.5571307012514865e-09   2  4  1  1  0  0  0
    8 -8.2864154413103260e-10   1  5  1  1  0  0  0
    8 -4.6282368603091503e-10   0  6  1  1  0  0  0
    8  6.6078238708656256e-09   4  0  3  1  0  0  0
    8  5.0888736966374842e-08   3  1  3  1  0  0  0
    8  4.9684860894946702e-08   2  2  3  1  0  0  0
    8  3.3735519293893686e-09   1  3  3  1  0  0  0
    8 -3.8786452742363057e-09   0  4  3  1  0  0  0
    8 -1.3588731768610910e-08   2  0  5  1  0  0  0
    8 -1.1562711939722440e-08   1  1  5  1  0  0  0
    8 -1.9075023246083777e-09   0  2  5  1  0  0  0
    8  2.8183121023430145e-10   0  0  7  1  0  0  0
    8 -5.5842330049781801e-10   6  0  0  2  0  0  0
    8 -2.4802609491973868e-09   5  1  0  2  0  0  0
    8  6.5404744201593527e-09   4  2  0  2  0  0  0
    8  1.6358675411621656e-08   3  3  0  2  0  0  0
    8  2.1732227757242014e-08   2  4  0  2  0  0  0
    8  7.6788770413882956e-09   1  5  0  2  0  0  0
    8 -1.4426199940247003e-09   0  6  0  2  0  0  0
    8 -6.4778922892449933e-10   4  0  2  2  0  0  0
    8 -2.7911467132589837e-08   3  1  2  2  0  0  0
    8 -7.8739646790240078e-08   2  2  2  2  0  0  0
    8 -2.7911467132589837e-08   1  3  2  2  0  0  0
    8 -6.4778922892449933e-10   0  4  2  2  0  0  0
    8  1.9161645805560291e-08   2  0  4  2  0  0  0
    8  3.1071394655113817e-08   1  1  4  2  0  0  0
    8  3.8008946848656437e-09   0  2  4  2  0  0  0
    8 -1.5417107064367211e-09   0  0  6  2  0  0  0
    8 -3.8786452742363057e-09   4  0  1  3  0  0  0
    8  3.3735519293893686e-09   3  1  1  3  0  0  0
    8  4.9684860894946702e-08   2  2  1  3  0  0  0
    8  5.0888736966374842e-08   1  3  1  3  0  0  0
    8  6.6078238708656256e-09   0  4  1  3  0  0  0
    8 -1.2698022380453278e-08   2  0  3  3  0  0  0
    8 -3.8304952116619995e-08   1  1  3  3  0  0  0
    8 -1.2698022380453278e-08   0  2  3  3  0  0  0
    8  2.6982601322812451e-09   0  0  5  3  0  0  0
    8 -1.0486085193365763e-09   4  0  0  4  0  0  0
    8 -5.0731877587307686e-09   3  1  0  4  0  0  0
    8 -9.0688091639461489e-09   2  2  0  4  0  0  0
    8 -2.1236447285900482e-08   1  3  0  4  0  0  0
    8 -8.2622240276512484e-09   0  4  0  4  0  0  0
    8  3.8008946848656437e-09   2  0  2  4  0  0  0
    8  3.1071394655113817e-08   1  1  2  4  0  0  0
    8  1.9161645805560291e-08   0  2  2  4  0  0  0
    8 -2.9049268369699272e-09   0  0  4  4  0  0  0
    8 -1.9075023246083777e-09   2  0  1  5  0  0  0
    8 -1.1562711939722440e-08   1  1  1  5  0  0  0
    8 -1.3588731768610910e-08   0  2  1  5  0  0  0
    8  2.6982601322812451e-09   0  0  3  5  0  0  0
    8  9.7386257649347499e-10   2  0  0  6  0  0  0
    8  3.1019328970125913e-09   1  1  0  6  0  0  0
    8  3.7112482306658839e-09   0  2  0  6  0  0  0
    8 -1.5417107064367211e-09   0  0  2  6  0  0  0
    8  2.8183121023430145e-10   0  0  1  7  0  0  0
    8  2.2529616766126881e-10   0  0  0  8  0  0  0
    8 -4.6819385465053021e-09   7  0  0  0  1  0  0
    8 -3.4042757093119275e-09   6  1  0  0  1  0  0
    8 -2.6043686457913566e-08   5  2  0  0  1  0  0
    8  7.2488043098690552e-09   4  3  0  0  1  0  0
    8  7.2488043098690552e-09   3  4  0  0  1  0  0
    8 -2.6043686457913566e-08   2  5  0  0  1  0  0
    8 -3.4042757093119275e-09   1  6  0  0  1  0  0
    8 -4.6819385465053021e-09   0  7  0  0  1  0  0
    8  7.3988230051998852e-09   5  0  2  0  1  0  0
    8  3.6092932042605740e-08   4  1  2  0  1  0  0
    8  5.1179319079380047e-08   3  2  2  0  1  0  0
    8 -7.0698171008539972e-10   2  3  2  0  1  0  0
    8  5.8149126489055943e-09   1  4  2  0  1  0  0
    8 -1.9418600855414878e-09   0  5  2  0  1  0  0
    8 -1.1926854868765918e-08   3  0  4  0  1  0  0
    8 -8.0722046156498057e-09   2  1  4  0  1  0  0
    8 -1.1141822695586910e-08   1  2  4  0  1  0  0
    8  1.7505792768366472e-09   0  3  4  0  1  0  0
    8 -2.9071202841264440e-11   1  0  6  0  1  0  0
    8 -2.9784230934855911e-10   0  1  6  0  1  0  0
    8 -1.4276432104922447e-09   5  0  1  1  1  0  0
    8 -4.5936205575895184e-08   4  1  1  1  1  0  0
    8 -3.8841969305909567e-08   3  2  1  1  1  0  0
    8 -3.8841969305909567e-08   2  3  1  1  1  0  0
    8 -4.5936205575895184e-08   1  4  1  1  1  0  0
    8 -1.4276432104922447e-09   0  5  1  1  1  0  0
    8  3.4660147199700205e-08   3  0  3  1  1  0  0
    8  2.7079617885323861e-08   2  1  3  1  1  0  0
    8  1.8209759206248990e-08   1  2  3  1  1  0  0
    8  4.5241495739031492e-09   0  3  3  1  1  0  0
    8 -7.6579964043358247e-10   1  0  5  1  1  0  0
    8 -4.5243315223950907e-09   0  1  5  1  1  0  0
    8 -1.9418600855414878e-09   5  0  0  2  1  0  0
    8  5.8149126489055943e-09   4  1  0  2  1  0  0
    8 -7.0698171008539972e-10   3  2  0  2  1  0  0
    8  5.1179319079380047e-08   2  3  0  2  1  0  0
    8  3.6092932042605740e-08   1  4  0  2  1  0  0
    8  7.3988230051998852e-09   0  5  0  2  1  0  0
    8 -2.2722849667111525e-08   3  0  2  2  1  0  0
    8 -4.5394802917421293e-08   2  1  2  2  1  0  0
    8 -4.5394802917421293e-08   1  2  2  2  1  0  0
    8 -2.2722849667111525e-08   0  3  2  2  1  0  0
    8  7.9370743967001540e-09   1  0  4  2  1  0  0
    8  6.2123208091232589e-09   0  1  4  2  1  0  0
    8  4.5241495739031492e-09   3  0  1  3  1  0  0
    8  1.8209759206248990e-08   2  1  1  3  1  0  0
    8  2.7079617885323861e-08   1  2  1  3  1  0  0
    8  3.4660147199700205e-08   0  3  1  3  1  0  0
    8 -1.3135350128913229e-08   1  0  3  3  1  0  0
    8 -1.3135350128913229e-08   0  1  3  3  1  0  0
    8  1.7505792768366472e-09   3  0  0  4  1  0  0
    8 -1.1141822695586910e-08   2  1  0  4  1  0  0
    8 -8.0722046156498057e-09   1  2  0  4  1  0  0
    8 -1.1926854868765918e-08   0  3  0  4  1  0  0
    8  6.2123208091232589e-09   1  0  2  4  1  0  0
    8  7.9370743967001540e-09   0  1  2  4  1  0  0
    8 -4.5243315223950907e-09   1  0  1  5  1  0  0
    8 -7.6579964043358247e-10   0  1  1  5  1  0  0
    8 -2.9784230934855911e-10   1  0  0  6  1  0  0
    8 -2.9071202841264440e-11   0  1  0  6  1  0  0
    8  3.7123520064373186e-09   6  0  0  0  2  0  0
    8  9.5145495543822199e-09   5  1  0  0  2  0  0
    8 -8.8387653590057017e-09   4  2  0  0  2  0  0
    8 -5.3147609026457675e-08   3  3  0  0  2  0  0
    8 -8.8387653590057017e-09   2  4  0  0  2  0  0
    8  9.5145495543822199e-09   1  5  0  0  2  0  0
    8  3.7123520064373186e-09   0  6  0  0  2  0  0
    8  5.1070413713264903e-09   4  0  2  0  2  0  0
    8 -1.1261235543765075e-08   3  1  2  0  2  0  0
    8 -2.7092446240152302e-09   2  2  2  0  2  0  0
    8  8.9243864387275591e-09   1  3  2  0  2  0  0
    8 -2.1812467699956478e-09   0  4  2  0  2  0  0
    8  2.1357547462811313e-09   2  0  4  0  2  0  0
    8  8.9800539432678333e-09   1  1  4  0  2  0  0
    8  1.2139324218654000e-09   0  2  4  0  2  0  0
    8  1.0817612954723533e-10   0  0  6  0  2  0  0
    8 -6.7293919377359864e-10   4  0  1  1  2  0  0
    8  3.2422422335730951e-08   3  1  1  1  2  0  0
    8 -5.5728783461715776e-08   2  2  1  1  2  0  0
    8  3.2422422335730951e-08   1  3  1  1  2  0  0
    8 -6.7293919377359864e-10   0  4  1  1  2  0  0
    8 -6.9738328444145471e-09   2  0  3  1  2  0  0
    8 -5.3691346470078692e-09   1  1  3  1  2  0  0
    8 -1.5137180659140151e-09   0  2  3  1  2  0  0
    8  1.9806232925759208e-09   0  0  5  1  2  0  0
    8 -2.1812467699956478e-09   4  0  0  2  2  0  0
    8  8.9243864387275591e-09   3  1  0  2  2  0  0
    8 -2.7092446240152302e-09   2  2  0  2  2  0  0
    8 -1.1261235543765075e-08   1  3  0  2  2  0  0
    8  5.1070413713264903e-09   0  4  0  2  2  0  0
    8  5.5690044744199399e-09   2  0  2  2  2  0  0
    8 -4.4426908830343172e-10   1  1  2  2  2  0  0
    8  5.5690044744199399e-09   0  2  2  2  2  0  0
    8 -1.9137250600542114e-09   0  0  4  2  2  0  0
    8 -1.5137180659140151e-09   2  0  1  3  2  0  0
    8 -5.3691346470078692e-09   1  1  1  3  2  0  0
    8 -6.9738328444145471e-09   0  2  1  3  2  0  0
    8  3.3913310177852273e-09   0  0  3  3  2  0  0
    8  1.2139324218654000e-09   2  0  0  4  2  0  0
    8  8.9800539432678333e-09   1  1  0  4  2  0  0
    8  2.1357547462811313e-09   0  2  0  4  2  0  0
    8 -1.9137250600542114e-09   0  0  2  4  2  0  0
    8  1.9806232925759208e-09   0  0  1  5  2  0  0
    8  1.0817612954723533e-10   0  0  0  6  2  0  0
    8 -4.0033816776939271e-10   5  0  0  0  3  0  0
    8  8.5085769343311530e-09   4  1  0  0  3  0  0
    8  4.9820436923363849e-08   3  2  0  0  3  0  0
    8  4.9820436923363849e-08   2  3  0  0  3  0  0
    8  8.5085769343311530e-09   1  4  0  0  3  0  0
    8 -4.0033816776939271e-10   0  5  0  0  3  0  0
    8 -6.6186524748531631e-09   3  0  2  0  3  0  0
    8  3.4040712598370029e-09   2  1  2  0  3  0  0
    8 -2.3176778332578112e-08   1  2  2  0  3  0  0
    8 -2.2547071149922336e-09   0  3  2  0  3  0  0
    8  1.5419230104152818e-09   1  0  4  0  3  0  0
    8  1.1682682644725059e-09   0  1  4  0  3  0  0
    8  2.1258764567219408e-09   3  0  1  1  3  0  0
    8  2.5816328910364644e-08   2  1  1  1  3  0  0
    8  2.5816328910364644e-08   1  2  1  1  3  0  0
    8  2.1258764567219408e-09   0  3  1  1  3  0  0
    8 -6.9973379982631225e-09   1  0  3  1  3  0  0
    8 -1.1992468049114611e-08   0  1  3  1  3  0  0
    8 -2.2547071149922336e-09   3  0  0  2  3  0  0
    8 -2.3176778332578112e-08   2  1  0  2  3  0  0
    8  3.4040712598370029e-09   1  2  0  2  3  0  0
    8 -6.6186524748531631e-09   0  3  0  2  3  0  0
    8  8.8375477583252387e-09   1  0  2  2  3  0  0
    8  8.8375477583252387e-09   0  1  2  2  3  0  0
    8 -1.1992468049114611e-08   1  0  1  3  3  0  0
    8 -6.9973379982631225e-09   0  1  1  3  3  0  0
    8  1.1682682644725059e-09   1  0  0  4  3  0  0
    8  1.5419230104152818e-09   0  1  0  4  3  0  0
    8 -4.9198594286105514e-09   4  0  0  0  4  0  0
    8 -3.6984091778617700e-08   3  1  0  0  4  0  0
    8 -5.7392680561298466e-08   2  2  0  0  4  0  0
    8 -3.6984091778617700e-08   1  3  0  0  4  0  0
    8 -4.9198594286105514e-09   0  4  0  0  4  0  0
    8 -6.8332697197644325e-09   2  0  2  0  4  0  0
    8 -6.6879437648234036e-09   1  1  2  0  4  0  0
    8 -1.1695472500743974e-09   0  2  2  0  4  0  0
    8  2.5399777234382500e-10   0  0  4  0  4  0  0
    8  2.6321096168714287e-09   2  0  1  1  4  0  0
    8 -5.9344534821037086e-09   1  1  1  1  4  0  0
    8  2.6321096168714287e-09   0  2  1  1  4  0  0
    8  1.5762362178026282e-09   0  0  3  1  4  0  0
    8 -1.1695472500743974e-09   2  0  0  2  4  0  0
    8 -6.6879437648234036e-09   1  1  0  2  4  0  0
    8 -6.8332697197644325e-09   0  2  0  2  4  0  0
    8  2.7044468282486848e-09   0  0  2  2  4  0  0
    8  1.5762362178026282e-09   0  0  1  3  4  0  0
    8  2.5399777234382500e-10   0  0  0  4  4  0  0
    8  1.4172295657566421e-08   3  0  0  0  5  0  0
    8  5.5744366753390719e-08   2  1  0  0  5  0  0
    8  5.5744366753390719e-08   1  2  0  0  5  0  0
    8  1.4172295657566421e-08   0  3  0  0  5  0  0
    8  2.9683523280941240e-09   1  0  2  0  5  0  0
    8  2.9758432038238133e-09   0  1  2  0  5  0  0
    8  2.3154366389069056e-09   1  0  1  1  5  0  0
    8  2.3154366389069056e-09   0  1  1  1  5  0  0
    8  2.9758432038238133e-09   1  0  0  2  5  0  0
    8  2.9683523280941240e-09   0  1  0  2  5  0  0
    8 -1.7608967527418983e-08   2  0  0  0  6  0  0
    8 -3.9483112164998451e-08   1  1  0  0  6  0  0
    8 -1.7608967527418983e-08   0  2  0  0  6  0  0
    8 -4.5831712577452916e-10   0  0  2  0  6  0  0
    8 -1.1932640181118773e-09   0  0  1  1  6  0  0
    8 -4.5831712577452916e-10   0  0  0  2  6  0  0
    8  1.0037712360221920e-08   1  0  0  0  7  0  0
    8  1.0037712360221920e-08   0  1  0  0  7  0  0
    8 -2.2423622370703332e-09   0  0  0  0  8  0  0
 -658  0.0000000000000000e+00   0  0  0  0  0  0  0
