
tpsa, NO = 8, NV = 7, INA = 48092
------------------------------------------------------------------

   |I|         a                i  i  i  i  i  i  i
                I                1  2  3  4  5  6  7

    2 -1.3825415166261782e-05   1  1  0  0  0  0  0
    2 -4.0772194708693144e-06   0  0  1  1  0  0  0
    2  8.6189624646016180e-06   0  0  0  0  2  0  0
    3 -9.2487028048660762e-07   3  0  0  0  0  0  0
    3 -1.1670079660996779e-06   2  1  0  0  0  0  0
    3 -1.1670079660996779e-06   1  2  0  0  0  0  0
    3 -9.2487028048660762e-07   0  3  0  0  0  0  0
    3  2.3542285683926812e-06   1  0  2  0  0  0  0
    3 -3.8784024208949601e-08   0  1  2  0  0  0  0
    3 -4.9943978045649054e-07   1  0  1  1  0  0  0
    3 -4.9943978045649054e-07   0  1  1  1  0  0  0
    3 -3.8784024208949601e-08   1  0  0  2  0  0  0
    3  2.3542285683926812e-06   0  1  0  2  0  0  0
    3 -1.2214339833602164e-06   2  0  0  0  1  0  0
    3 -2.6227672220522704e-07   1  1  0  0  1  0  0
    3 -1.2214339833602164e-06   0  2  0  0  1  0  0
    3  3.2222395069993733e-07   0  0  2  0  1  0  0
    3 -2.2040497352189959e-07   0  0  1  1  1  0  0
    3  3.2222395069993733e-07   0  0  0  2  1  0  0
    3 -2.8927864575341422e-21   1  0  0  0  2  0  0
    3 -2.8927864575341422e-21   0  1  0  0  2  0  0
    3 -7.0940991556365088e-08   0  0  0  0  3  0  0
    4 -4.7642315542762081e-07   4  0  0  0  0  0  0
    4 -3.3698857382234603e-08   3  1  0  0  0  0  0
    4 -3.8702009513612583e-07   2  2  0  0  0  0  0
    4 -3.3698857382234603e-08   1  3  0  0  0  0  0
    4 -4.7642315542762081e-07   0  4  0  0  0  0  0
    4 -2.1699033574720102e-07   2  0  2  0  0  0  0
    4  3.0354594994550059e-07   1  1  2  0  0  0  0
    4  1.0496928223189497e-08   0  2  2  0  0  0  0
    4  8.7277635183546767e-08   0  0  4  0  0  0  0
    4 -3.8555974383195469e-07   2  0  1  1  0  0  0
    4 -1.1068150797624979e-06   1  1  1  1  0  0  0
    4 -3.8555974383195469e-07   0  2  1  1  0  0  0
    4 -5.9784063240242782e-08   0  0  3  1  0  0  0
    4  1.0496928223189497e-08   2  0  0  2  0  0  0
    4  3.0354594994550059e-07   1  1  0  2  0  0  0
    4 -2.1699033574720102e-07   0  2  0  2  0  0  0
    4 -1.9182012978522911e-07   0  0  2  2  0  0  0
    4 -5.9784063240242782e-08   0  0  1  3  0  0  0
    4  8.7277635183546767e-08   0  0  0  4  0  0  0
    4  1.0182356507193150e-07   3  0  0  0  1  0  0
    4 -7.8197841659891840e-07   2  1  0  0  1  0  0
    4 -7.8197841659891840e-07   1  2  0  0  1  0  0
    4  1.0182356507193150e-07   0  3  0  0  1  0  0
    4 -3.3481757498242713e-08   1  0  2  0  1  0  0
    4  1.3721220661107766e-07   0  1  2  0  1  0  0
    4 -3.3381116032088808e-07   1  0  1  1  1  0  0
    4 -3.3381116032088808e-07   0  1  1  1  1  0  0
    4  1.3721220661107766e-07   1  0  0  2  1  0  0
    4 -3.3481757498242713e-08   0  1  0  2  1  0  0
    4 -4.7635515541729678e-07   2  0  0  0  2  0  0
    4 -6.4410351495751637e-08   1  1  0  0  2  0  0
    4 -4.7635515541729678e-07   0  2  0  0  2  0  0
    4  3.0489458931406584e-07   0  0  2  0  2  0  0
    4 -8.9330147416920969e-08   0  0  1  1  2  0  0
    4  3.0489458931406584e-07   0  0  0  2  2  0  0
    4 -1.2590303746353313e-21   1  0  0  0  3  0  0
    4 -1.2590303746353313e-21   0  1  0  0  3  0  0
    4  2.0476814856787670e-07   0  0  0  0  4  0  0
    5  3.6788836108458771e-07   5  0  0  0  0  0  0
    5 -2.2312693133429680e-07   4  1  0  0  0  0  0
    5 -6.8409652054095491e-08   3  2  0  0  0  0  0
    5 -6.8409652054095491e-08   2  3  0  0  0  0  0
    5 -2.2312693133429680e-07   1  4  0  0  0  0  0
    5  3.6788836108458771e-07   0  5  0  0  0  0  0
    5  9.2257203507622000e-08   3  0  2  0  0  0  0
    5 -7.0871903820052585e-09   2  1  2  0  0  0  0
    5  1.7456171296853389e-08   1  2  2  0  0  0  0
    5  1.1970956838848332e-07   0  3  2  0  0  0  0
    5 -6.1794411793348329e-08   1  0  4  0  0  0  0
    5  3.0562409444046104e-09   0  1  4  0  0  0  0
    5 -8.5627932790011122e-08   3  0  1  1  0  0  0
    5  1.9070585136831275e-07   2  1  1  1  0  0  0
    5  1.9070585136831275e-07   1  2  1  1  0  0  0
    5 -8.5627932790011122e-08   0  3  1  1  0  0  0
    5  1.7944164571567987e-09   1  0  3  1  0  0  0
    5 -2.3221222827344353e-08   0  1  3  1  0  0  0
    5  1.1970956838848332e-07   3  0  0  2  0  0  0
    5  1.7456171296853389e-08   2  1  0  2  0  0  0
    5 -7.0871903820052585e-09   1  2  0  2  0  0  0
    5  9.2257203507622000e-08   0  3  0  2  0  0  0
    5  1.3185068995422250e-07   1  0  2  2  0  0  0
    5  1.3185068995422250e-07   0  1  2  2  0  0  0
    5 -2.3221222827344353e-08   1  0  1  3  0  0  0
    5  1.7944164571567987e-09   0  1  1  3  0  0  0
    5  3.0562409444046104e-09   1  0  0  4  0  0  0
    5 -6.1794411793348329e-08   0  1  0  4  0  0  0
    5 -3.4354452147515426e-07   4  0  0  0  1  0  0
    5 -1.1979223667261039e-07   3  1  0  0  1  0  0
    5  2.1095253850435035e-07   2  2  0  0  1  0  0
    5 -1.1979223667261039e-07   1  3  0  0  1  0  0
    5 -3.4354452147515426e-07   0  4  0  0  1  0  0
    5  7.3162649066407120e-08   2  0  2  0  1  0  0
    5 -3.0462062005334221e-08   1  1  2  0  1  0  0
    5 -3.4980424612787848e-08   0  2  2  0  1  0  0
    5 -1.8849569136463091e-08   0  0  4  0  1  0  0
    5 -3.3059723207881096e-08   2  0  1  1  1  0  0
    5 -4.6601990244760705e-08   1  1  1  1  1  0  0
    5 -3.3059723207881096e-08   0  2  1  1  1  0  0
    5  5.7434654954748084e-09   0  0  3  1  1  0  0
    5 -3.4980424612787848e-08   2  0  0  2  1  0  0
    5 -3.0462062005334221e-08   1  1  0  2  1  0  0
    5  7.3162649066407120e-08   0  2  0  2  1  0  0
    5  4.5260742130633399e-08   0  0  2  2  1  0  0
    5  5.7434654954748084e-09   0  0  1  3  1  0  0
    5 -1.8849569136463091e-08   0  0  0  4  1  0  0
    5  1.0120654496543954e-07   3  0  0  0  2  0  0
    5 -3.2882718349749798e-07   2  1  0  0  2  0  0
    5 -3.2882718349749798e-07   1  2  0  0  2  0  0
    5  1.0120654496543954e-07   0  3  0  0  2  0  0
    5 -5.4024848909005848e-10   1  0  2  0  2  0  0
    5  5.0316990410230249e-08   0  1  2  0  2  0  0
    5 -1.7869553820229073e-07   1  0  1  1  2  0  0
    5 -1.7869553820229073e-07   0  1  1  1  2  0  0
    5  5.0316990410230249e-08   1  0  0  2  2  0  0
    5 -5.4024848909005848e-10   0  1  0  2  2  0  0
    5  1.0948547762170760e-08   2  0  0  0  3  0  0
    5 -1.5149449226974949e-09   1  1  0  0  3  0  0
    5  1.0948547762170760e-08   0  2  0  0  3  0  0
    5 -6.7184868439122434e-08   0  0  2  0  3  0  0
    5 -3.7630338452141398e-08   0  0  1  1  3  0  0
    5 -6.7184868439122434e-08   0  0  0  2  3  0  0
    5 -1.0190160931187039e-23   1  0  0  0  4  0  0
    5 -1.0190160931187039e-23   0  1  0  0  4  0  0
    5 -4.3651372413330834e-08   0  0  0  0  5  0  0
    6 -1.6354146314122840e-07   6  0  0  0  0  0  0
    6  3.4360729582635610e-07   5  1  0  0  0  0  0
    6  9.0329018107778471e-08   4  2  0  0  0  0  0
    6 -2.3361539796055066e-07   3  3  0  0  0  0  0
    6  9.0329018107778471e-08   2  4  0  0  0  0  0
    6  3.4360729582635610e-07   1  5  0  0  0  0  0
    6 -1.6354146314122840e-07   0  6  0  0  0  0  0
    6 -1.0384737988229642e-06   4  0  2  0  0  0  0
    6 -5.2787381153943223e-08   3  1  2  0  0  0  0
    6  2.8327259896123032e-08   2  2  2  0  0  0  0
    6  4.9821685500020784e-08   1  3  2  0  0  0  0
    6 -1.8543736262560346e-07   0  4  2  0  0  0  0
    6  3.5252734042383794e-08   2  0  4  0  0  0  0
    6 -7.2678120913607749e-09   1  1  4  0  0  0  0
    6 -9.8743470912160758e-09   0  2  4  0  0  0  0
    6 -2.7559984361019474e-09   0  0  6  0  0  0  0
    6  1.4723230167189407e-08   4  0  1  1  0  0  0
    6 -8.8005278695882646e-08   3  1  1  1  0  0  0
    6 -7.4969492578478874e-08   2  2  1  1  0  0  0
    6 -8.8005278695882646e-08   1  3  1  1  0  0  0
    6  1.4723230167189407e-08   0  4  1  1  0  0  0
    6 -2.7038592794689200e-08   2  0  3  1  0  0  0
    6  6.2358742045499392e-09   1  1  3  1  0  0  0
    6  2.2199091264948675e-08   0  2  3  1  0  0  0
    6 -2.5143519075267189e-10   0  0  5  1  0  0  0
    6 -1.8543736262560346e-07   4  0  0  2  0  0  0
    6  4.9821685500020784e-08   3  1  0  2  0  0  0
    6  2.8327259896123032e-08   2  2  0  2  0  0  0
    6 -5.2787381153943223e-08   1  3  0  2  0  0  0
    6 -1.0384737988229642e-06   0  4  0  2  0  0  0
    6 -2.9302726228848675e-08   2  0  2  2  0  0  0
    6 -3.7576494150071988e-08   1  1  2  2  0  0  0
    6 -2.9302726228848675e-08   0  2  2  2  0  0  0
    6  9.9801496825596417e-09   0  0  4  2  0  0  0
    6  2.2199091264948675e-08   2  0  1  3  0  0  0
    6  6.2358742045499392e-09   1  1  1  3  0  0  0
    6 -2.7038592794689200e-08   0  2  1  3  0  0  0
    6 -1.8511616248123741e-08   0  0  3  3  0  0  0
    6 -9.8743470912160758e-09   2  0  0  4  0  0  0
    6 -7.2678120913607749e-09   1  1  0  4  0  0  0
    6  3.5252734042383794e-08   0  2  0  4  0  0  0
    6  9.9801496825596417e-09   0  0  2  4  0  0  0
    6 -2.5143519075267189e-10   0  0  1  5  0  0  0
    6 -2.7559984361019474e-09   0  0  0  6  0  0  0
    6  6.9483938620200639e-07   5  0  0  0  1  0  0
    6 -1.5104340611026138e-07   4  1  0  0  1  0  0
    6 -2.9528207193639919e-08   3  2  0  0  1  0  0
    6 -2.9528207193639919e-08   2  3  0  0  1  0  0
    6 -1.5104340611026138e-07   1  4  0  0  1  0  0
    6  6.9483938620200639e-07   0  5  0  0  1  0  0
    6 -6.4324411151502572e-08   3  0  2  0  1  0  0
    6 -3.0028199958651207e-08   2  1  2  0  1  0  0
    6  2.7094699552335268e-08   1  2  2  0  1  0  0
    6  1.1927905269814938e-07   0  3  2  0  1  0  0
    6  9.7144707333224230e-09   1  0  4  0  1  0  0
    6 -3.7540471524065002e-09   0  1  4  0  1  0  0
    6 -9.7016512256769532e-08   3  0  1  1  1  0  0
    6 -7.6866123188782618e-09   2  1  1  1  1  0  0
    6 -7.6866123188782618e-09   1  2  1  1  1  0  0
    6 -9.7016512256769532e-08   0  3  1  1  1  0  0
    6 -4.6451370393712646e-09   1  0  3  1  1  0  0
    6  1.4364248114283753e-08   0  1  3  1  1  0  0
    6  1.1927905269814938e-07   3  0  0  2  1  0  0
    6  2.7094699552335268e-08   2  1  0  2  1  0  0
    6 -3.0028199958651207e-08   1  2  0  2  1  0  0
    6 -6.4324411151502572e-08   0  3  0  2  1  0  0
    6 -2.5126832532204436e-08   1  0  2  2  1  0  0
    6 -2.5126832532204436e-08   0  1  2  2  1  0  0
    6  1.4364248114283753e-08   1  0  1  3  1  0  0
    6 -4.6451370393712646e-09   0  1  1  3  1  0  0
    6 -3.7540471524065002e-09   1  0  0  4  1  0  0
    6  9.7144707333224230e-09   0  1  0  4  1  0  0
    6  3.9481340120138921e-07   4  0  0  0  2  0  0
    6 -1.4865733277229385e-07   3  1  0  0  2  0  0
    6 -2.4877725910707835e-07   2  2  0  0  2  0  0
    6 -1.4865733277229385e-07   1  3  0  0  2  0  0
    6  3.9481340120138921e-07   0  4  0  0  2  0  0
    6  3.0356704999634724e-08   2  0  2  0  2  0  0
    6  2.9684081285767819e-08   1  1  2  0  2  0  0
    6 -2.5805784628227678e-08   0  2  2  0  2  0  0
    6 -7.6842598079216122e-09   0  0  4  0  2  0  0
    6  4.1919528927488454e-08   2  0  1  1  2  0  0
    6 -7.7681878078364452e-09   1  1  1  1  2  0  0
    6  4.1919528927488454e-08   0  2  1  1  2  0  0
    6  6.1615166508424717e-10   0  0  3  1  2  0  0
    6 -2.5805784628227678e-08   2  0  0  2  2  0  0
    6  2.9684081285767819e-08   1  1  0  2  2  0  0
    6  3.0356704999634724e-08   0  2  0  2  2  0  0
    6  2.3481522842614355e-08   0  0  2  2  2  0  0
    6  6.1615166508424717e-10   0  0  1  3  2  0  0
    6 -7.6842598079216122e-09   0  0  0  4  2  0  0
    6 -1.5011983076827711e-07   3  0  0  0  3  0  0
    6  2.5356884326998397e-07   2  1  0  0  3  0  0
    6  2.5356884326998397e-07   1  2  0  0  3  0  0
    6 -1.5011983076827711e-07   0  3  0  0  3  0  0
    6  1.6336775194580604e-09   1  0  2  0  3  0  0
    6 -1.8549973001535348e-08   0  1  2  0  3  0  0
    6  7.0009580097036705e-08   1  0  1  1  3  0  0
    6  7.0009580097036705e-08   0  1  1  1  3  0  0
    6 -1.8549973001535348e-08   1  0  0  2  3  0  0
    6  1.6336775194580604e-09   0  1  0  2  3  0  0
    6  6.2982436649262528e-09   2  0  0  0  4  0  0
    6 -1.9321071547061732e-07   1  1  0  0  4  0  0
    6  6.2982436649262528e-09   0  2  0  0  4  0  0
    6  5.3871453444757650e-09   0  0  2  0  4  0  0
    6 -9.5070112737586271e-09   0  0  1  1  4  0  0
    6  5.3871453444757650e-09   0  0  0  2  4  0  0
    6 -3.0642250345763688e-22   1  0  0  0  5  0  0
    6 -3.0642250345763688e-22   0  1  0  0  5  0  0
    6 -5.0871585324729473e-09   0  0  0  0  6  0  0
    7  6.1476237397398848e-08   7  0  0  0  0  0  0
    7 -4.2153690377319173e-08   6  1  0  0  0  0  0
    7  4.3635774460211604e-08   5  2  0  0  0  0  0
    7  1.5365641165331859e-07   4  3  0  0  0  0  0
    7  1.5365641165331859e-07   3  4  0  0  0  0  0
    7  4.3635774460211604e-08   2  5  0  0  0  0  0
    7 -4.2153690377319173e-08   1  6  0  0  0  0  0
    7  6.1476237397398848e-08   0  7  0  0  0  0  0
    7  4.1276621458274563e-07   5  0  2  0  0  0  0
    7 -6.8361115641526799e-07   4  1  2  0  0  0  0
    7 -3.1422771506306525e-07   3  2  2  0  0  0  0
    7 -3.9203446285607744e-08   2  3  2  0  0  0  0
    7 -1.4471632640114652e-07   1  4  2  0  0  0  0
    7  1.3211123194426402e-07   0  5  2  0  0  0  0
    7 -4.9567422297530789e-07   3  0  4  0  0  0  0
    7  7.8010830940550958e-09   2  1  4  0  0  0  0
    7 -7.3727594816913137e-09   1  2  4  0  0  0  0
    7  3.8079858421764924e-08   0  3  4  0  0  0  0
    7  2.1169890440588884e-09   1  0  6  0  0  0  0
    7  3.3542294299785322e-10   0  1  6  0  0  0  0
    7 -6.2275083008150387e-07   5  0  1  1  0  0  0
    7  6.6964090140037145e-07   4  1  1  1  0  0  0
    7 -3.5172383888650355e-08   3  2  1  1  0  0  0
    7 -3.5172383888650355e-08   2  3  1  1  0  0  0
    7  6.6964090140037145e-07   1  4  1  1  0  0  0
    7 -6.2275083008150387e-07   0  5  1  1  0  0  0
    7 -1.9881432200601422e-07   3  0  3  1  0  0  0
    7 -7.9859491007082236e-11   2  1  3  1  0  0  0
    7  2.1265751528732494e-08   1  2  3  1  0  0  0
    7 -1.8823827157199265e-08   0  3  3  1  0  0  0
    7 -1.2828871876708033e-09   1  0  5  1  0  0  0
    7 -1.0528909093992578e-09   0  1  5  1  0  0  0
    7  1.3211123194426402e-07   5  0  0  2  0  0  0
    7 -1.4471632640114652e-07   4  1  0  2  0  0  0
    7 -3.9203446285607744e-08   3  2  0  2  0  0  0
    7 -3.1422771506306525e-07   2  3  0  2  0  0  0
    7 -6.8361115641526799e-07   1  4  0  2  0  0  0
    7  4.1276621458274563e-07   0  5  0  2  0  0  0
    7  4.6783959401414942e-07   3  0  2  2  0  0  0
    7 -3.0624573000122089e-09   2  1  2  2  0  0  0
    7 -3.0624573000122089e-09   1  2  2  2  0  0  0
    7  4.6783959401414942e-07   0  3  2  2  0  0  0
    7 -1.2058481357116642e-09   1  0  4  2  0  0  0
    7  3.2052608143193050e-09   0  1  4  2  0  0  0
    7 -1.8823827157199265e-08   3  0  1  3  0  0  0
    7  2.1265751528732494e-08   2  1  1  3  0  0  0
    7 -7.9859491007082236e-11   1  2  1  3  0  0  0
    7 -1.9881432200601422e-07   0  3  1  3  0  0  0
    7 -1.0199125086992530e-09   1  0  3  3  0  0  0
    7 -1.0199125086992530e-09   0  1  3  3  0  0  0
    7  3.8079858421764924e-08   3  0  0  4  0  0  0
    7 -7.3727594816913137e-09   2  1  0  4  0  0  0
    7  7.8010830940550958e-09   1  2  0  4  0  0  0
    7 -4.9567422297530789e-07   0  3  0  4  0  0  0
    7  3.2052608143193050e-09   1  0  2  4  0  0  0
    7 -1.2058481357116642e-09   0  1  2  4  0  0  0
    7 -1.0528909093992578e-09   1  0  1  5  0  0  0
    7 -1.2828871876708033e-09   0  1  1  5  0  0  0
    7  3.3542294299785322e-10   1  0  0  6  0  0  0
    7  2.1169890440588884e-09   0  1  0  6  0  0  0
    7 -2.6592135098506561e-07   6  0  0  0  1  0  0
    7  6.6998714781841277e-07   5  1  0  0  1  0  0
    7  2.8145920469077549e-07   4  2  0  0  1  0  0
    7 -9.3378519352302689e-08   3  3  0  0  1  0  0
    7  2.8145920469077549e-07   2  4  0  0  1  0  0
    7  6.6998714781841277e-07   1  5  0  0  1  0  0
    7 -2.6592135098506561e-07   0  6  0  0  1  0  0
    7 -2.9103664396049717e-06   4  0  2  0  1  0  0
    7 -3.7299595292606546e-07   3  1  2  0  1  0  0
    7 -3.6337919883580925e-09   2  2  2  0  1  0  0
    7  1.8894759633829868e-08   1  3  2  0  1  0  0
    7 -3.6977925577540664e-07   0  4  2  0  1  0  0
    7 -1.0606248777918631e-08   2  0  4  0  1  0  0
    7 -1.0766510363214609e-09   1  1  4  0  1  0  0
    7 -1.5343441047542386e-08   0  2  4  0  1  0  0
    7  4.1778688082785086e-10   0  0  6  0  1  0  0
    7 -8.8574916488547240e-08   4  0  1  1  1  0  0
    7 -5.0449943041196066e-08   3  1  1  1  1  0  0
    7  1.5828527196082364e-08   2  2  1  1  1  0  0
    7 -5.0449943041196066e-08   1  3  1  1  1  0  0
    7 -8.8574916488547240e-08   0  4  1  1  1  0  0
    7 -2.4095165329991880e-09   2  0  3  1  1  0  0
    7  3.8921799837946787e-09   1  1  3  1  1  0  0
    7  1.9478956938570164e-08   0  2  3  1  1  0  0
    7  2.7370814214258087e-10   0  0  5  1  1  0  0
    7 -3.6977925577540664e-07   4  0  0  2  1  0  0
    7  1.8894759633829868e-08   3  1  0  2  1  0  0
    7 -3.6337919883580925e-09   2  2  0  2  1  0  0
    7 -3.7299595292606546e-07   1  3  0  2  1  0  0
    7 -2.9103664396049717e-06   0  4  0  2  1  0  0
    7  9.6203351625323864e-09   2  0  2  2  1  0  0
    7 -3.4873267247528471e-09   1  1  2  2  1  0  0
    7  9.6203351625323864e-09   0  2  2  2  1  0  0
    7 -2.3897482475741223e-09   0  0  4  2  1  0  0
    7  1.9478956938570164e-08   2  0  1  3  1  0  0
    7  3.8921799837946787e-09   1  1  1  3  1  0  0
    7 -2.4095165329991880e-09   0  2  1  3  1  0  0
    7  4.4408038355838187e-09   0  0  3  3  1  0  0
    7 -1.5343441047542386e-08   2  0  0  4  1  0  0
    7 -1.0766510363214609e-09   1  1  0  4  1  0  0
    7 -1.0606248777918631e-08   0  2  0  4  1  0  0
    7 -2.3897482475741223e-09   0  0  2  4  1  0  0
    7  2.7370814214258087e-10   0  0  1  5  1  0  0
    7  4.1778688082785086e-10   0  0  0  6  1  0  0
    7 -7.3458250631339773e-07   5  0  0  0  2  0  0
    7  5.0984131508362875e-07   4  1  0  0  2  0  0
    7 -7.2893326996661007e-08   3  2  0  0  2  0  0
    7 -7.2893326996661007e-08   2  3  0  0  2  0  0
    7  5.0984131508362875e-07   1  4  0  0  2  0  0
    7 -7.3458250631339773e-07   0  5  0  0  2  0  0
    7 -3.3815361793963615e-08   3  0  2  0  2  0  0
    7  6.3302697946876321e-09   2  1  2  0  2  0  0
    7  4.0080664082822318e-08   1  2  2  0  2  0  0
    7 -1.3076545738187086e-07   0  3  2  0  2  0  0
    7  4.5764253570099833e-09   1  0  4  0  2  0  0
    7  1.9914141932083769e-09   0  1  4  0  2  0  0
    7  5.8472454063168278e-08   3  0  1  1  2  0  0
    7 -9.6589031901675981e-08   2  1  1  1  2  0  0
    7 -9.6589031901675981e-08   1  2  1  1  2  0  0
    7  5.8472454063168278e-08   0  3  1  1  2  0  0
    7  3.5007454040611550e-09   1  0  3  1  2  0  0
    7  7.4986044406425767e-10   0  1  3  1  2  0  0
    7 -1.3076545738187086e-07   3  0  0  2  2  0  0
    7  4.0080664082822318e-08   2  1  0  2  2  0  0
    7  6.3302697946876321e-09   1  2  0  2  2  0  0
    7 -3.3815361793963615e-08   0  3  0  2  2  0  0
    7 -1.4209511724395574e-08   1  0  2  2  2  0  0
    7 -1.4209511724395574e-08   0  1  2  2  2  0  0
    7  7.4986044406425767e-10   1  0  1  3  2  0  0
    7  3.5007454040611550e-09   0  1  1  3  2  0  0
    7  1.9914141932083769e-09   1  0  0  4  2  0  0
    7  4.5764253570099833e-09   0  1  0  4  2  0  0
    7 -8.3062988916850078e-08   4  0  0  0  3  0  0
    7  1.0551558878815938e-07   3  1  0  0  3  0  0
    7  1.2130433056605303e-07   2  2  0  0  3  0  0
    7  1.0551558878815938e-07   1  3  0  0  3  0  0
    7 -8.3062988916850078e-08   0  4  0  0  3  0  0
    7 -2.3609945215745039e-08   2  0  2  0  3  0  0
    7 -3.6283022183800335e-08   1  1  2  0  3  0  0
    7  3.5821238774302434e-08   0  2  2  0  3  0  0
    7  2.6773467441949311e-09   0  0  4  0  3  0  0
    7 -1.4531300725432933e-08   2  0  1  1  3  0  0
    7  5.0931432023362585e-08   1  1  1  1  3  0  0
    7 -1.4531300725432933e-08   0  2  1  1  3  0  0
    7  3.6151732721012670e-11   0  0  3  1  3  0  0
    7  3.5821238774302434e-08   2  0  0  2  3  0  0
    7 -3.6283022183800335e-08   1  1  0  2  3  0  0
    7 -2.3609945215745039e-08   0  2  0  2  3  0  0
    7 -1.0444109019405405e-08   0  0  2  2  3  0  0
    7  3.6151732721012670e-11   0  0  1  3  3  0  0
    7  2.6773467441949311e-09   0  0  0  4  3  0  0
    7  6.2652305303633855e-08   3  0  0  0  4  0  0
    7 -1.7166560885444015e-07   2  1  0  0  4  0  0
    7 -1.7166560885444015e-07   1  2  0  0  4  0  0
    7  6.2652305303633855e-08   0  3  0  0  4  0  0
    7  1.1760131332067979e-08   1  0  2  0  4  0  0
    7  4.5216841021403142e-09   0  1  2  0  4  0  0
    7 -1.5971943302901325e-08   1  0  1  1  4  0  0
    7 -1.5971943302901325e-08   0  1  1  1  4  0  0
    7  4.5216841021403142e-09   1  0  0  2  4  0  0
    7  1.1760131332067979e-08   0  1  0  2  4  0  0
    7  2.2325202685286779e-09   2  0  0  0  5  0  0
    7  1.5006695566082333e-07   1  1  0  0  5  0  0
    7  2.2325202685286779e-09   0  2  0  0  5  0  0
    7  3.3449205717173017e-09   0  0  2  0  5  0  0
    7  1.7059930311447291e-08   0  0  1  1  5  0  0
    7  3.3449205717173017e-09   0  0  0  2  5  0  0
    7  5.0227591190545064e-23   1  0  0  0  6  0  0
    7  5.0227591190545064e-23   0  1  0  0  6  0  0
    7  1.0054989141036382e-08   0  0  0  0  7  0  0
    8 -8.3668697643605226e-09   8  0  0  0  0  0  0
    8  2.2682561781258557e-08   7  1  0  0  0  0  0
    8  2.7884891994760783e-08   6  2  0  0  0  0  0
    8  2.0612112196595952e-08   5  3  0  0  0  0  0
    8  1.0309766465154407e-07   4  4  0  0  0  0  0
    8  2.0612112196595952e-08   3  5  0  0  0  0  0
    8  2.7884891994760783e-08   2  6  0  0  0  0  0
    8  2.2682561781258557e-08   1  7  0  0  0  0  0
    8 -8.3668697643605226e-09   0  8  0  0  0  0  0
    8  1.6283713498186511e-08   6  0  2  0  0  0  0
    8  2.8747893221951581e-06   5  1  2  0  0  0  0
    8 -3.5600749835542461e-08   4  2  2  0  0  0  0
    8 -4.4298374350219830e-07   3  3  2  0  0  0  0
    8 -1.2671278232256686e-07   2  4  2  0  0  0  0
    8  1.9631140498985774e-07   1  5  2  0  0  0  0
    8  1.3198200659093562e-08   0  6  2  0  0  0  0
    8  3.6320296997555436e-07   4  0  4  0  0  0  0
    8 -4.4047711649270472e-07   3  1  4  0  0  0  0
    8 -8.1675030713852062e-08   2  2  4  0  0  0  0
    8  2.5625658065086737e-08   1  3  4  0  0  0  0
    8 -3.6019374078537358e-08   0  4  4  0  0  0  0
    8  1.3595349113195719e-08   2  0  6  0  0  0  0
    8  7.4138144959975928e-10   1  1  6  0  0  0  0
    8 -3.9876443613047778e-09   0  2  6  0  0  0  0
    8  5.0241335692634342e-11   0  0  8  0  0  0  0
    8  2.8625078461867313e-07   6  0  1  1  0  0  0
    8 -1.0006792377203723e-06   5  1  1  1  0  0  0
    8  1.8595183517505162e-07   4  2  1  1  0  0  0
    8  4.0427676533372567e-07   3  3  1  1  0  0  0
    8  1.8595183517505162e-07   2  4  1  1  0  0  0
    8 -1.0006792377203723e-06   1  5  1  1  0  0  0
    8  2.8625078461867313e-07   0  6  1  1  0  0  0
    8  1.8492192221985033e-06   4  0  3  1  0  0  0
    8  1.3957701774974850e-07   3  1  3  1  0  0  0
    8 -5.8572035007991118e-08   2  2  3  1  0  0  0
    8 -2.8532971214991270e-07   1  3  3  1  0  0  0
    8  3.6620755271943205e-07   0  4  3  1  0  0  0
    8 -3.9620479099376933e-08   2  0  5  1  0  0  0
    8  1.4898533151981095e-09   1  1  5  1  0  0  0
    8  3.3595544697826144e-09   0  2  5  1  0  0  0
    8  4.6179807206234422e-11   0  0  7  1  0  0  0
    8  1.3198200659093562e-08   6  0  0  2  0  0  0
    8  1.9631140498985774e-07   5  1  0  2  0  0  0
    8 -1.2671278232256686e-07   4  2  0  2  0  0  0
    8 -4.4298374350219830e-07   3  3  0  2  0  0  0
    8 -3.5600749835542461e-08   2  4  0  2  0  0  0
    8  2.8747893221951581e-06   1  5  0  2  0  0  0
    8  1.6283713498186511e-08   0  6  0  2  0  0  0
    8 -4.3613845889297432e-07   4  0  2  2  0  0  0
    8  3.5030594358043469e-07   3  1  2  2  0  0  0
    8  2.2099614111811373e-07   2  2  2  2  0  0  0
    8  3.5030594358043469e-07   1  3  2  2  0  0  0
    8 -4.3613845889297432e-07   0  4  2  2  0  0  0
    8  1.2925899298174166e-07   2  0  4  2  0  0  0
    8 -8.7176621368480778e-09   1  1  4  2  0  0  0
    8 -7.5693719450239664e-08   0  2  4  2  0  0  0
    8 -4.0351742656606670e-11   0  0  6  2  0  0  0
    8  3.6620755271943205e-07   4  0  1  3  0  0  0
    8 -2.8532971214991270e-07   3  1  1  3  0  0  0
    8 -5.8572035007991118e-08   2  2  1  3  0  0  0
    8  1.3957701774974850e-07   1  3  1  3  0  0  0
    8  1.8492192221985033e-06   0  4  1  3  0  0  0
    8  6.2725548884455158e-08   2  0  3  3  0  0  0
    8  1.2357306940348406e-08   1  1  3  3  0  0  0
    8  6.2725548884455158e-08   0  2  3  3  0  0  0
    8 -8.8870150058788275e-10   0  0  5  3  0  0  0
    8 -3.6019374078537358e-08   4  0  0  4  0  0  0
    8  2.5625658065086737e-08   3  1  0  4  0  0  0
    8 -8.1675030713852062e-08   2  2  0  4  0  0  0
    8 -4.4047711649270472e-07   1  3  0  4  0  0  0
    8  3.6320296997555436e-07   0  4  0  4  0  0  0
    8 -7.5693719450239664e-08   2  0  2  4  0  0  0
    8 -8.7176621368480778e-09   1  1  2  4  0  0  0
    8  1.2925899298174166e-07   0  2  2  4  0  0  0
    8  1.5734778424244446e-09   0  0  4  4  0  0  0
    8  3.3595544697826144e-09   2  0  1  5  0  0  0
    8  1.4898533151981095e-09   1  1  1  5  0  0  0
    8 -3.9620479099376933e-08   0  2  1  5  0  0  0
    8 -8.8870150058788275e-10   0  0  3  5  0  0  0
    8 -3.9876443613047778e-09   2  0  0  6  0  0  0
    8  7.4138144959975928e-10   1  1  0  6  0  0  0
    8  1.3595349113195719e-08   0  2  0  6  0  0  0
    8 -4.0351742656606670e-11   0  0  2  6  0  0  0
    8  4.6179807206234422e-11   0  0  1  7  0  0  0
    8  5.0241335692634342e-11   0  0  0  8  0  0  0
    8  1.3031600566930127e-07   7  0  0  0  1  0  0
    8  6.6003447955229620e-08   6  1  0  0  1  0  0
    8  2.0481219918298411e-07   5  2  0  0  1  0  0
    8  4.0436786413903998e-07   4  3  0  0  1  0  0
    8  4.0436786413903998e-07   3  4  0  0  1  0  0
    8  2.0481219918298411e-07   2  5  0  0  1  0  0
    8  6.6003447955229620e-08   1  6  0  0  1  0  0
    8  1.3031600566930127e-07   0  7  0  0  1  0  0
    8  1.2415643004786738e-06   5  0  2  0  1  0  0
    8 -2.1805138899416470e-06   4  1  2  0  1  0  0
    8 -1.1590645816195307e-06   3  2  2  0  1  0  0
    8 -2.1746572490724206e-07   2  3  2  0  1  0  0
    8 -2.5128750959448969e-07   1  4  2  0  1  0  0
    8  3.5371239640735314e-07   0  5  2  0  1  0  0
    8 -1.5917758448346411e-06   3  0  4  0  1  0  0
    8 -1.2743850075734896e-07   2  1  4  0  1  0  0
    8  2.0118598531521612e-09   1  2  4  0  1  0  0
    8  7.4515207900130662e-08   0  3  4  0  1  0  0
    8 -3.3767249183375081e-10   1  0  6  0  1  0  0
    8  6.9410094400145846e-10   0  1  6  0  1  0  0
    8 -1.0355639249970036e-06   5  0  1  1  1  0  0
    8  1.4240149180519951e-06   4  1  1  1  1  0  0
    8  1.8674026102314061e-07   3  2  1  1  1  0  0
    8  1.8674026102314061e-07   2  3  1  1  1  0  0
    8  1.4240149180519951e-06   1  4  1  1  1  0  0
    8 -1.0355639249970036e-06   0  5  1  1  1  0  0
    8 -5.4620826766616196e-07   3  0  3  1  1  0  0
    8 -6.1832266313958300e-08   2  1  3  1  1  0  0
    8  4.6295255232455835e-09   1  2  3  1  1  0  0
    8  1.1196581352551160e-08   0  3  3  1  1  0  0
    8  6.6084357368362929e-10   1  0  5  1  1  0  0
    8 -7.1884249323222075e-10   0  1  5  1  1  0  0
    8  3.5371239640735314e-07   5  0  0  2  1  0  0
    8 -2.5128750959448969e-07   4  1  0  2  1  0  0
    8 -2.1746572490724206e-07   3  2  0  2  1  0  0
    8 -1.1590645816195307e-06   2  3  0  2  1  0  0
    8 -2.1805138899416470e-06   1  4  0  2  1  0  0
    8  1.2415643004786738e-06   0  5  0  2  1  0  0
    8  1.3465861160123834e-06   3  0  2  2  1  0  0
    8  1.2719953073620611e-07   2  1  2  2  1  0  0
    8  1.2719953073620611e-07   1  2  2  2  1  0  0
    8  1.3465861160123834e-06   0  3  2  2  1  0  0
    8 -6.1235414038769345e-10   1  0  4  2  1  0  0
    8 -2.8560486975965195e-09   0  1  4  2  1  0  0
    8  1.1196581352551160e-08   3  0  1  3  1  0  0
    8  4.6295255232455835e-09   2  1  1  3  1  0  0
    8 -6.1832266313958300e-08   1  2  1  3  1  0  0
    8 -5.4620826766616196e-07   0  3  1  3  1  0  0
    8  2.6480166547373749e-09   1  0  3  3  1  0  0
    8  2.6480166547373749e-09   0  1  3  3  1  0  0
    8  7.4515207900130662e-08   3  0  0  4  1  0  0
    8  2.0118598531521612e-09   2  1  0  4  1  0  0
    8 -1.2743850075734896e-07   1  2  0  4  1  0  0
    8 -1.5917758448346411e-06   0  3  0  4  1  0  0
    8 -2.8560486975965195e-09   1  0  2  4  1  0  0
    8 -6.1235414038769345e-10   0  1  2  4  1  0  0
    8 -7.1884249323222075e-10   1  0  1  5  1  0  0
    8  6.6084357368362929e-10   0  1  1  5  1  0  0
    8  6.9410094400145846e-10   1  0  0  6  1  0  0
    8 -3.3767249183375081e-10   0  1  0  6  1  0  0
    8  2.6656924716723099e-07   6  0  0  0  2  0  0
    8 -6.1768158516498258e-07   5  1  0  0  2  0  0
    8  1.2511318335981972e-08   4  2  0  0  2  0  0
    8  3.4868986414226682e-07   3  3  0  0  2  0  0
    8  1.2511318335981972e-08   2  4  0  0  2  0  0
    8 -6.1768158516498258e-07   1  5  0  0  2  0  0
    8  2.6656924716723099e-07   0  6  0  0  2  0  0
    8 -5.8268715225697837e-06   4  0  2  0  2  0  0
    8 -1.2017363586155196e-06   3  1  2  0  2  0  0
    8 -5.6368759359302449e-08   2  2  2  0  2  0  0
    8 -1.8514655058395189e-07   1  3  2  0  2  0  0
    8  4.0168743193380146e-07   0  4  2  0  2  0  0
    8 -8.3831168520174932e-09   2  0  4  0  2  0  0
    8 -4.6296703353024902e-09   1  1  4  0  2  0  0
    8  1.7836107131144744e-08   0  2  4  0  2  0  0
    8  2.9535412094322079e-10   0  0  6  0  2  0  0
    8 -5.3525397610742824e-07   4  0  1  1  2  0  0
    8  1.8503747595007135e-08   3  1  1  1  2  0  0
    8 -5.6615589472383419e-08   2  2  1  1  2  0  0
    8  1.8503747595007135e-08   1  3  1  1  2  0  0
    8 -5.3525397610742824e-07   0  4  1  1  2  0  0
    8  7.9848728066769531e-10   2  0  3  1  2  0  0
    8  1.2110033964971705e-08   1  1  3  1  2  0  0
    8 -1.5635171636447532e-08   0  2  3  1  2  0  0
    8 -9.0074917451758120e-11   0  0  5  1  2  0  0
    8  4.0168743193380146e-07   4  0  0  2  2  0  0
    8 -1.8514655058395189e-07   3  1  0  2  2  0  0
    8 -5.6368759359302449e-08   2  2  0  2  2  0  0
    8 -1.2017363586155196e-06   1  3  0  2  2  0  0
    8 -5.8268715225697837e-06   0  4  0  2  2  0  0
    8  8.6016980994630303e-09   2  0  2  2  2  0  0
    8 -1.2295004486083386e-08   1  1  2  2  2  0  0
    8  8.6016980994630303e-09   0  2  2  2  2  0  0
    8  7.9356691243356181e-10   0  0  4  2  2  0  0
    8 -1.5635171636447532e-08   2  0  1  3  2  0  0
    8  1.2110033964971705e-08   1  1  1  3  2  0  0
    8  7.9848728066769531e-10   0  2  1  3  2  0  0
    8 -1.5392810532801686e-09   0  0  3  3  2  0  0
    8  1.7836107131144744e-08   2  0  0  4  2  0  0
    8 -4.6296703353024902e-09   1  1  0  4  2  0  0
    8 -8.3831168520174932e-09   0  2  0  4  2  0  0
    8  7.9356691243356181e-10   0  0  2  4  2  0  0
    8 -9.0074917451758120e-11   0  0  1  5  2  0  0
    8  2.9535412094322079e-10   0  0  0  6  2  0  0
    8  4.2879773121624990e-07   5  0  0  0  3  0  0
    8 -1.4734541351166800e-07   4  1  0  0  3  0  0
    8  1.1663572051569817e-07   3  2  0  0  3  0  0
    8  1.1663572051569817e-07   2  3  0  0  3  0  0
    8 -1.4734541351166800e-07   1  4  0  0  3  0  0
    8  4.2879773121624990e-07   0  5  0  0  3  0  0
    8  2.8719267844858772e-08   3  0  2  0  3  0  0
    8 -5.9285788901458977e-09   2  1  2  0  3  0  0
    8 -3.9173869971739264e-08   1  2  2  0  3  0  0
    8  3.1582963288121252e-08   0  3  2  0  3  0  0
    8 -1.2202665267394621e-09   1  0  4  0  3  0  0
    8 -2.5425260416903544e-09   0  1  4  0  3  0  0
    8 -9.8245601430616916e-09   3  0  1  1  3  0  0
    8  5.9284020284916284e-08   2  1  1  1  3  0  0
    8  5.9284020284916284e-08   1  2  1  1  3  0  0
    8 -9.8245601430616916e-09   0  3  1  1  3  0  0
    8 -2.5288738457230653e-09   1  0  3  1  3  0  0
    8  5.7000497386865042e-10   0  1  3  1  3  0  0
    8  3.1582963288121252e-08   3  0  0  2  3  0  0
    8 -3.9173869971739264e-08   2  1  0  2  3  0  0
    8 -5.9285788901458977e-09   1  2  0  2  3  0  0
    8  2.8719267844858772e-08   0  3  0  2  3  0  0
    8  7.7074756805539750e-09   1  0  2  2  3  0  0
    8  7.7074756805539750e-09   0  1  2  2  3  0  0
    8  5.7000497386865042e-10   1  0  1  3  3  0  0
    8 -2.5288738457230653e-09   0  1  1  3  3  0  0
    8 -2.5425260416903544e-09   1  0  0  4  3  0  0
    8 -1.2202665267394621e-09   0  1  0  4  3  0  0
    8 -4.8740181634025357e-10   4  0  0  0  4  0  0
    8 -2.6756481893563266e-08   3  1  0  0  4  0  0
    8 -7.6905342644530116e-08   2  2  0  0  4  0  0
    8 -2.6756481893563266e-08   1  3  0  0  4  0  0
    8 -4.8740181634025357e-10   0  4  0  0  4  0  0
    8 -8.1612317994558679e-10   2  0  2  0  4  0  0
    8  2.4087260429158358e-08   1  1  2  0  4  0  0
    8 -1.3293197420709645e-08   0  2  2  0  4  0  0
    8 -1.7376176174660193e-10   0  0  4  0  4  0  0
    8 -7.9837600108941591e-09   2  0  1  1  4  0  0
    8 -6.3367539586845374e-08   1  1  1  1  4  0  0
    8 -7.9837600108941591e-09   0  2  1  1  4  0  0
    8  1.6032404014026360e-09   0  0  3  1  4  0  0
    8 -1.3293197420709645e-08   2  0  0  2  4  0  0
    8  2.4087260429158358e-08   1  1  0  2  4  0  0
    8 -8.1612317994558679e-10   0  2  0  2  4  0  0
    8 -2.3617931869891576e-09   0  0  2  2  4  0  0
    8  1.6032404014026360e-09   0  0  1  3  4  0  0
    8 -1.7376176174660193e-10   0  0  0  4  4  0  0
    8 -1.1157256784910816e-08   3  0  0  0  5  0  0
    8  8.1629894595673759e-08   2  1  0  0  5  0  0
    8  8.1629894595673759e-08   1  2  0  0  5  0  0
    8 -1.1157256784910816e-08   0  3  0  0  5  0  0
    8 -1.0616701764264880e-08   1  0  2  0  5  0  0
    8 -1.3108564075940047e-09   0  1  2  0  5  0  0
    8  6.7950431415743948e-09   1  0  1  1  5  0  0
    8  6.7950431415743948e-09   0  1  1  1  5  0  0
    8 -1.3108564075940047e-09   1  0  0  2  5  0  0
    8 -1.0616701764264880e-08   0  1  0  2  5  0  0
    8 -3.7902777136807372e-09   2  0  0  0  6  0  0
    8 -7.9125266889473349e-08   1  1  0  0  6  0  0
    8 -3.7902777136807372e-09   0  2  0  0  6  0  0
    8 -3.7081035675374680e-09   0  0  2  0  6  0  0
    8 -7.8310728597636065e-09   0  0  1  1  6  0  0
    8 -3.7081035675374680e-09   0  0  0  2  6  0  0
    8  2.1996411137346497e-23   1  0  0  0  7  0  0
    8  2.1996411137346497e-23   0  1  0  0  7  0  0
    8 -6.6007408851208836e-09   0  0  0  0  8  0  0
 -661  0.0000000000000000e+00   0  0  0  0  0  0  0

tpsa, NO = 8, NV = 7, INA = 50240
------------------------------------------------------------------

   |I|         a                i  i  i  i  i  i  i
                I                1  2  3  4  5  6  7

    2 -2.8856186057808049e-10   1  1  0  0  0  0  0
    2 -7.1513244503643462e-11   0  0  1  1  0  0  0
    2  7.7570662181414564e-09   0  0  0  0  2  0  0
    3 -8.8190528652170326e-14   3  0  0  0  0  0  0
    3 -1.1127944279653492e-13   2  1  0  0  0  0  0
    3 -1.1127944279653492e-13   1  2  0  0  0  0  0
    3 -8.8190528652170326e-14   0  3  0  0  0  0  0
    3  1.8864764674762755e-13   1  0  2  0  0  0  0
    3 -3.1078184151917815e-15   0  1  2  0  0  0  0
    3 -4.0020812142125556e-14   1  0  1  1  0  0  0
    3 -4.0020812142125556e-14   0  1  1  1  0  0  0
    3 -3.1078184151917815e-15   1  0  0  2  0  0  0
    3  1.8864764674762755e-13   0  1  0  2  0  0  0
    3 -7.6480725947057580e-13   2  0  0  0  1  0  0
    3 -1.6422593759907555e-13   1  1  0  0  1  0  0
    3 -7.6480725947057580e-13   0  2  0  0  1  0  0
    3  1.6955143329398545e-13   0  0  2  0  1  0  0
    3 -1.1597517529217065e-13   0  0  1  1  1  0  0
    3  1.6955143329398545e-13   0  0  0  2  1  0  0
    3 -1.9154067720218573e-12   0  0  0  0  3  0  0
    4 -2.0754599483259518e-16   4  0  0  0  0  0  0
    4 -1.4680358837386898e-17   3  1  0  0  0  0  0
    4 -1.6859900647174971e-16   2  2  0  0  0  0  0
    4 -1.4680358837386898e-17   1  3  0  0  0  0  0
    4 -2.0754599483259518e-16   0  4  0  0  0  0  0
    4 -7.9437127654220041e-17   2  0  2  0  0  0  0
    4  1.1112392767037436e-16   1  1  2  0  0  0  0
    4  3.8427786397553658e-18   0  2  2  0  0  0  0
    4  2.6850214254216773e-17   0  0  4  0  0  0  0
    4 -1.4114803078045576e-16   2  0  1  1  0  0  0
    4 -4.0518952366220020e-16   1  1  1  1  0  0  0
    4 -1.4114803078045576e-16   0  2  1  1  0  0  0
    4 -1.8392053171609907e-17   0  0  3  1  0  0  0
    4  3.8427786397553658e-18   2  0  0  2  0  0  0
    4  1.1112392767037436e-16   1  1  0  2  0  0  0
    4 -7.9437127654220041e-17   0  2  0  2  0  0  0
    4 -5.9011814105339156e-17   0  0  2  2  0  0  0
    4 -1.8392053171609907e-17   0  0  1  3  0  0  0
    4  2.6850214254216773e-17   0  0  0  4  0  0  0
    4  2.9128000615019230e-16   3  0  0  0  1  0  0
    4 -2.2369544597593207e-15   2  1  0  0  1  0  0
    4 -2.2369544597593207e-15   1  2  0  0  1  0  0
    4  2.9128000615019230e-16   0  3  0  0  1  0  0
    4 -8.0488209757779314e-17   1  0  2  0  1  0  0
    4  3.2985021373563838e-16   0  1  2  0  1  0  0
    4 -8.0246273490289441e-16   1  0  1  1  1  0  0
    4 -8.0246273490289441e-16   0  1  1  1  1  0  0
    4  3.2985021373563838e-16   1  0  0  2  1  0  0
    4 -8.0488209757779314e-17   0  1  0  2  1  0  0
    4 -8.9481679545330054e-15   2  0  0  0  2  0  0
    4 -1.2099263262714004e-15   1  1  0  0  2  0  0
    4 -8.9481679545330054e-15   0  2  0  0  2  0  0
    4  4.8129862329744229e-15   0  0  2  0  2  0  0
    4 -1.4101423402575990e-15   0  0  1  1  2  0  0
    4  4.8129862329744229e-15   0  0  0  2  2  0  0
    4  1.6586220033998011e-13   0  0  0  0  4  0  0
    5  7.3218009478002670e-19   5  0  0  0  0  0  0
    5 -4.4407248234406328e-19   4  1  0  0  0  0  0
    5 -1.3615050331347565e-19   3  2  0  0  0  0  0
    5 -1.3615050331347565e-19   2  3  0  0  0  0  0
    5 -4.4407248234406328e-19   1  4  0  0  0  0  0
    5  7.3218009478002670e-19   0  5  0  0  0  0  0
    5  1.5429924482667539e-19   3  0  2  0  0  0  0
    5 -1.1853254621965026e-20   2  1  2  0  0  0  0
    5  2.9195270897703271e-20   1  2  2  0  0  0  0
    5  2.0021304893925390e-19   0  3  2  0  0  0  0
    5 -8.6850907702150537e-20   1  0  4  0  0  0  0
    5  4.2954903602883781e-21   0  1  4  0  0  0  0
    5 -1.4321185623707389e-19   3  0  1  1  0  0  0
    5  3.1895361805246778e-19   2  1  1  1  0  0  0
    5  3.1895361805246778e-19   1  2  1  1  0  0  0
    5 -1.4321185623707389e-19   0  3  1  1  0  0  0
    5  2.5220192825999313e-21   1  0  3  1  0  0  0
    5 -3.2637001016422754e-20   0  1  3  1  0  0  0
    5  2.0021304893925390e-19   3  0  0  2  0  0  0
    5  2.9195270897703271e-20   2  1  0  2  0  0  0
    5 -1.1853254621965026e-20   1  2  0  2  0  0  0
    5  1.5429924482667539e-19   0  3  0  2  0  0  0
    5  1.8531371642430117e-19   1  0  2  2  0  0  0
    5  1.8531371642430117e-19   0  1  2  2  0  0  0
    5 -3.2637001016422754e-20   1  0  1  3  0  0  0
    5  2.5220192825999313e-21   0  1  1  3  0  0  0
    5  4.2954903602883781e-21   1  0  0  4  0  0  0
    5 -8.6850907702150537e-20   0  1  0  4  0  0  0
    5 -4.4897874085182442e-18   4  0  0  0  1  0  0
    5 -1.5655661558550607e-18   3  1  0  0  1  0  0
    5  2.7569412171234131e-18   2  2  0  0  1  0  0
    5 -1.5655661558550607e-18   1  3  0  0  1  0  0
    5 -4.4897874085182442e-18   0  4  0  0  1  0  0
    5  8.0351468281702744e-19   2  0  2  0  1  0  0
    5 -3.3455204810793704e-19   1  1  2  0  1  0  0
    5 -3.8417532916334387e-19   0  2  2  0  1  0  0
    5 -1.7396723760308184e-19   0  0  4  0  1  0  0
    5 -3.6308107137137876e-19   2  0  1  1  1  0  0
    5 -5.1181010922900391e-19   1  1  1  1  1  0  0
    5 -3.6308107137137876e-19   0  2  1  1  1  0  0
    5  5.3007833721967613e-20   0  0  3  1  1  0  0
    5 -3.8417532916334387e-19   2  0  0  2  1  0  0
    5 -3.3455204810793704e-19   1  1  0  2  1  0  0
    5  8.0351468281702744e-19   0  2  0  2  1  0  0
    5  4.1772234809867718e-19   0  0  2  2  1  0  0
    5  5.3007833721967613e-20   0  0  1  3  1  0  0
    5 -1.7396723760308184e-19   0  0  0  4  1  0  0
    5  8.6854481138470343e-18   3  0  0  0  2  0  0
    5 -2.8219631859434188e-17   2  1  0  0  2  0  0
    5 -2.8219631859434188e-17   1  2  0  0  2  0  0
    5  8.6854481138470343e-18   0  3  0  0  2  0  0
    5 -3.8961784231445626e-20   1  0  2  0  2  0  0
    5  3.6287740977139646e-18   0  1  2  0  2  0  0
    5 -1.2887212353497388e-17   1  0  1  1  2  0  0
    5 -1.2887212353497388e-17   0  1  1  1  2  0  0
    5  3.6287740977139646e-18   1  0  0  2  2  0  0
    5 -3.8961784231445626e-20   0  1  0  2  2  0  0
    5  6.1699412583227245e-18   2  0  0  0  3  0  0
    5 -8.5373159853527076e-19   1  1  0  0  3  0  0
    5  6.1699412583227245e-18   0  2  0  0  3  0  0
    5 -3.1816882771436214e-17   0  0  2  0  3  0  0
    5 -1.7820680385288408e-17   0  0  1  1  3  0  0
    5 -3.1816882771436214e-17   0  0  0  2  3  0  0
    5 -1.0607283496439392e-15   0  0  0  0  5  0  0
    6 -1.4869971031352239e-21   6  0  0  0  0  0  0
    6  3.1242416675010897e-21   5  1  0  0  0  0  0
    6  8.2131458087373728e-22   4  2  0  0  0  0  0
    6 -2.1241427913307345e-21   3  3  0  0  0  0  0
    6  8.2131458087373728e-22   2  4  0  0  0  0  0
    6  3.1242416675010897e-21   1  5  0  0  0  0  0
    6 -1.4869971031352239e-21   0  6  0  0  0  0  0
    6 -7.9348629824359621e-21   4  0  2  0  0  0  0
    6 -4.0334251777262979e-22   3  1  2  0  0  0  0
    6  2.1644544734624357e-22   2  2  2  0  0  0  0
    6  3.8068196659824999e-22   1  3  2  0  0  0  0
    6 -1.4169062964575556e-21   0  4  2  0  0  0  0
    6  2.2635929756267575e-22   2  0  4  0  0  0  0
    6 -4.6666929090947240e-23   1  1  4  0  0  0  0
    6 -6.3403600661736945e-23   0  2  4  0  0  0  0
    6 -1.4871204455897141e-23   0  0  6  0  0  0  0
    6  1.1249856680826278e-22   4  0  1  1  0  0  0
    6 -6.7243856221929109e-22   3  1  1  1  0  0  0
    6 -5.7283356801801379e-22   2  2  1  1  0  0  0
    6 -6.7243856221929109e-22   1  3  1  1  0  0  0
    6  1.1249856680826278e-22   0  4  1  1  0  0  0
    6 -1.7361594890003626e-22   2  0  3  1  0  0  0
    6  4.0040812236975782e-23   1  1  3  1  0  0  0
    6  1.4254130471758793e-22   0  2  3  1  0  0  0
    6 -1.3567294088813361e-24   0  0  5  1  0  0  0
    6 -1.4169062964575556e-21   4  0  0  2  0  0  0
    6  3.8068196659824999e-22   3  1  0  2  0  0  0
    6  2.1644544734624357e-22   2  2  0  2  0  0  0
    6 -4.0334251777262979e-22   1  3  0  2  0  0  0
    6 -7.9348629824359621e-21   0  4  0  2  0  0  0
    6 -1.8815404552335995e-22   2  0  2  2  0  0  0
    6 -2.4128025958077228e-22   1  1  2  2  0  0  0
    6 -1.8815404552335995e-22   0  2  2  2  0  0  0
    6  5.3852297042563082e-23   0  0  4  2  0  0  0
    6  1.4254130471758793e-22   2  0  1  3  0  0  0
    6  4.0040812236975782e-23   1  1  1  3  0  0  0
    6 -1.7361594890003626e-22   0  2  1  3  0  0  0
    6 -9.9887585721682317e-23   0  0  3  3  0  0  0
    6 -6.3403600661736945e-23   2  0  0  4  0  0  0
    6 -4.6666929090947240e-23   1  1  0  4  0  0  0
    6  2.2635929756267575e-22   0  2  0  4  0  0  0
    6  5.3852297042563082e-23   0  0  2  4  0  0  0
    6 -1.3567294088813361e-24   0  0  1  5  0  0  0
    6 -1.4871204455897141e-23   0  0  0  6  0  0  0
    6  4.1486572133982690e-20   5  0  0  0  1  0  0
    6 -9.0183044994142646e-21   4  1  0  0  1  0  0
    6 -1.7630320359674968e-21   3  2  0  0  1  0  0
    6 -1.7630320359674968e-21   2  3  0  0  1  0  0
    6 -9.0183044994142646e-21   1  4  0  0  1  0  0
    6  4.1486572133982690e-20   0  5  0  0  1  0  0
    6 -3.2274579178342757e-21   3  0  2  0  1  0  0
    6 -1.5066558710750957e-21   2  1  2  0  1  0  0
    6  1.3594683734540890e-21   1  2  2  0  1  0  0
    6  5.9847904733352768e-21   0  3  2  0  1  0  0
    6  4.0960529110134539e-22   1  0  4  0  1  0  0
    6 -1.5828732402220576e-22   0  1  4  0  1  0  0
    6 -4.8677742250340475e-21   3  0  1  1  1  0  0
    6 -3.8567345344919842e-22   2  1  1  1  1  0  0
    6 -3.8567345344919842e-22   1  2  1  1  1  0  0
    6 -4.8677742250340475e-21   0  3  1  1  1  0  0
    6 -1.9585963676752773e-22   1  0  3  1  1  0  0
    6  6.0566058530817019e-22   0  1  3  1  1  0  0
    6  5.9847904733352768e-21   3  0  0  2  1  0  0
    6  1.3594683734540890e-21   2  1  0  2  1  0  0
    6 -1.5066558710750957e-21   1  2  0  2  1  0  0
    6 -3.2274579178342757e-21   0  3  0  2  1  0  0
    6 -1.0594590108243995e-21   1  0  2  2  1  0  0
    6 -1.0594590108243995e-21   0  1  2  2  1  0  0
    6  6.0566058530817019e-22   1  0  1  3  1  0  0
    6 -1.9585963676752773e-22   0  1  1  3  1  0  0
    6 -1.5828732402220576e-22   1  0  0  4  1  0  0
    6  4.0960529110134539e-22   0  1  0  4  1  0  0
    6  1.5479463009481804e-19   4  0  0  0  2  0  0
    6 -5.8284133130606936e-20   3  1  0  0  2  0  0
    6 -9.7538188122038323e-20   2  2  0  0  2  0  0
    6 -5.8284133130606936e-20   1  3  0  0  2  0  0
    6  1.5479463009481804e-19   0  4  0  0  2  0  0
    6  1.0001848689354496e-20   2  0  2  0  2  0  0
    6  9.7802343668827580e-21   1  1  2  0  2  0  0
    6 -8.5024232097887143e-21   0  2  2  0  2  0  0
    6 -2.1275968306711359e-21   0  0  4  0  2  0  0
    6  1.3811538026501996e-20   2  0  1  1  2  0  0
    6 -2.5594424376889200e-21   1  1  1  1  2  0  0
    6  1.3811538026501996e-20   0  2  1  1  2  0  0
    6  1.7059838717251246e-22   0  0  3  1  2  0  0
    6 -8.5024232097887143e-21   2  0  0  2  2  0  0
    6  9.7802343668827580e-21   1  1  0  2  2  0  0
    6  1.0001848689354496e-20   0  2  0  2  2  0  0
    6  6.5014997967371983e-21   0  0  2  2  2  0  0
    6  1.7059838717251246e-22   0  0  1  3  2  0  0
    6 -2.1275968306711359e-21   0  0  0  4  2  0  0
    6 -3.8649417429750686e-19   3  0  0  0  3  0  0
    6  6.5283100977166875e-19   2  1  0  0  3  0  0
    6  6.5283100977166875e-19   1  2  0  0  3  0  0
    6 -3.8649417429750686e-19   0  3  0  0  3  0  0
    6  3.5345396962106683e-21   1  0  2  0  3  0  0
    6 -4.0133756605350679e-20   0  1  2  0  3  0  0
    6  1.5146908555741383e-19   1  0  1  1  3  0  0
    6  1.5146908555741383e-19   0  1  1  1  3  0  0
    6 -4.0133756605350679e-20   1  0  0  2  3  0  0
    6  3.5345396962106683e-21   0  1  0  2  3  0  0
    6  1.0647930927643003e-19   2  0  0  0  4  0  0
    6 -3.2664572256362647e-18   1  1  0  0  4  0  0
    6  1.0647930927643003e-19   0  2  0  0  4  0  0
    6  7.6536060520763581e-20   0  0  2  0  4  0  0
    6 -1.3506767382211387e-19   0  0  1  1  4  0  0
    6  7.6536060520763581e-20   0  0  0  2  4  0  0
    6 -3.7085385701727787e-18   0  0  0  0  6  0  0
    7  2.5537001176766043e-24   7  0  0  0  0  0  0
    7 -1.7510486756240204e-24   6  1  0  0  0  0  0
    7  1.8126138991497065e-24   5  2  0  0  0  0  0
    7  6.3828303932186843e-24   4  3  0  0  0  0  0
    7  6.3828303932186843e-24   3  4  0  0  0  0  0
    7  1.8126138991497065e-24   2  5  0  0  0  0  0
    7 -1.7510486756240204e-24   1  6  0  0  0  0  0
    7  2.5537001176766043e-24   0  7  0  0  0  0  0
    7  1.4408819625954478e-23   5  0  2  0  0  0  0
    7 -2.3863459505848567e-23   4  1  2  0  0  0  0
    7 -1.0969043269193938e-23   3  2  2  0  0  0  0
    7 -1.3685116811610527e-24   2  3  2  0  0  0  0
    7 -5.0517493205027424e-24   1  4  2  0  0  0  0
    7  4.6117313975704156e-24   0  5  2  0  0  0  0
    7 -1.4540597116675008e-23   3  0  4  0  0  0  0
    7  2.2884467476133077e-25   2  1  4  0  0  0  0
    7 -2.1627980696256513e-25   1  2  4  0  0  0  0
    7  1.1170721693923763e-24   0  3  4  0  0  0  0
    7 -2.1738950683326853e-23   5  0  1  1  0  0  0
    7  2.3375786635524830e-23   4  1  1  1  0  0  0
    7 -1.2277955834604667e-24   3  2  1  1  0  0  0
    7 -1.2277955834604667e-24   2  3  1  1  0  0  0
    7  2.3375786635524830e-23   1  4  1  1  0  0  0
    7 -2.1738950683326853e-23   0  5  1  1  0  0  0
    7 -5.8322156434960651e-24   3  0  3  1  0  0  0
    7  6.2383055448501419e-25   1  2  3  1  0  0  0
    7 -5.5219673366067947e-25   0  3  3  1  0  0  0
    7  4.6117313975704156e-24   5  0  0  2  0  0  0
    7 -5.0517493205027424e-24   4  1  0  2  0  0  0
    7 -1.3685116811610527e-24   3  2  0  2  0  0  0
    7 -1.0969043269193938e-23   2  3  0  2  0  0  0
    7 -2.3863459505848567e-23   1  4  0  2  0  0  0
    7  1.4408819625954478e-23   0  5  0  2  0  0  0
    7  1.3724068625064298e-23   3  0  2  2  0  0  0
    7  1.3724068625064298e-23   0  3  2  2  0  0  0
    7 -5.5219673366067947e-25   3  0  1  3  0  0  0
    7  6.2383055448501419e-25   2  1  1  3  0  0  0
    7 -5.8322156434960651e-24   0  3  1  3  0  0  0
    7  1.1170721693923763e-24   3  0  0  4  0  0  0
    7 -2.1627980696256513e-25   2  1  0  4  0  0  0
    7  2.2884467476133077e-25   1  2  0  4  0  0  0
    7 -1.4540597116675008e-23   0  3  0  4  0  0  0
    7 -7.2536518442749355e-23   6  0  0  0  1  0  0
    7  1.8275529559439053e-22   5  1  0  0  1  0  0
    7  7.6774846082519302e-23   4  2  0  0  1  0  0
    7 -2.5471263086111991e-23   3  3  0  0  1  0  0
    7  7.6774846082519302e-23   2  4  0  0  1  0  0
    7  1.8275529559439053e-22   1  5  0  0  1  0  0
    7 -7.2536518442749355e-23   0  6  0  0  1  0  0
    7 -6.6713360374965968e-22   4  0  2  0  1  0  0
    7 -8.5500619740990289e-23   3  1  2  0  1  0  0
    7 -8.3296203236834303e-25   2  2  2  0  1  0  0
    7  4.3311828074170134e-24   1  3  2  0  1  0  0
    7 -8.4763266968814432e-23   0  4  2  0  1  0  0
    7 -2.0430951712211982e-24   2  0  4  0  1  0  0
    7 -2.0739665639168088e-25   1  1  4  0  1  0  0
    7 -2.9556265339933618e-24   0  2  4  0  1  0  0
    7 -2.0303733040176967e-23   4  0  1  1  1  0  0
    7 -1.1564472381218941e-23   3  1  1  1  1  0  0
    7  3.6283205601440387e-24   2  2  1  1  1  0  0
    7 -1.1564472381218941e-23   1  3  1  1  1  0  0
    7 -2.0303733040176967e-23   0  4  1  1  1  0  0
    7 -4.6414822965470245e-25   2  0  3  1  1  0  0
    7  7.4975557305145802e-25   1  1  3  1  1  0  0
    7  3.7522562118732599e-24   0  2  3  1  1  0  0
    7 -8.4763266968814432e-23   4  0  0  2  1  0  0
    7  4.3311828074170134e-24   3  1  0  2  1  0  0
    7 -8.3296203236834303e-25   2  2  0  2  1  0  0
    7 -8.5500619740990289e-23   1  3  0  2  1  0  0
    7 -6.6713360374965968e-22   0  4  0  2  1  0  0
    7  1.8531773794539038e-24   2  0  2  2  1  0  0
    7 -6.7176817562932703e-25   1  1  2  2  1  0  0
    7  1.8531773794539038e-24   0  2  2  2  1  0  0
    7 -3.8684820341983015e-25   0  0  4  2  1  0  0
    7  3.7522562118732599e-24   2  0  1  3  1  0  0
    7  7.4975557305145802e-25   1  1  1  3  1  0  0
    7 -4.6414822965470245e-25   0  2  1  3  1  0  0
    7  7.1886944044393822e-25   0  0  3  3  1  0  0
    7 -2.9556265339933618e-24   2  0  0  4  1  0  0
    7 -2.0739665639168088e-25   1  1  0  4  1  0  0
    7 -2.0430951712211982e-24   0  2  0  4  1  0  0
    7 -3.8684820341983015e-25   0  0  2  4  1  0  0
    7 -1.3157850896929152e-21   5  0  0  0  2  0  0
    7  9.1322839127108573e-22   4  1  0  0  2  0  0
    7 -1.3056661705934680e-22   3  2  0  0  2  0  0
    7 -1.3056661705934680e-22   2  3  0  0  2  0  0
    7  9.1322839127108573e-22   1  4  0  0  2  0  0
    7 -1.3157850896929152e-21   0  5  0  0  2  0  0
    7 -5.0900267198392755e-23   3  0  2  0  2  0  0
    7  9.5285812983681719e-24   2  1  2  0  2  0  0
    7  6.0331056746784855e-23   1  2  2  0  2  0  0
    7 -1.9683352085990191e-22   0  3  2  0  2  0  0
    7  5.7888733993454000e-24   1  0  4  0  2  0  0
    7  2.5190063752453999e-24   0  1  4  0  2  0  0
    7  8.8015132107570839e-23   3  0  1  1  2  0  0
    7 -1.4538976581664188e-22   2  1  1  1  2  0  0
    7 -1.4538976581664188e-22   1  2  1  1  2  0  0
    7  8.8015132107570839e-23   0  3  1  1  2  0  0
    7  4.4282098726702942e-24   1  0  3  1  2  0  0
    7  9.4852353949481032e-25   0  1  3  1  2  0  0
    7 -1.9683352085990191e-22   3  0  0  2  2  0  0
    7  6.0331056746784855e-23   2  1  0  2  2  0  0
    7  9.5285812983681719e-24   1  2  0  2  2  0  0
    7 -5.0900267198392755e-23   0  3  0  2  2  0  0
    7 -1.7974086327671022e-23   1  0  2  2  2  0  0
    7 -1.7974086327671022e-23   0  1  2  2  2  0  0
    7  9.4852353949481032e-25   1  0  1  3  2  0  0
    7  4.4282098726702942e-24   0  1  1  3  2  0  0
    7  2.5190063752453999e-24   1  0  0  4  2  0  0
    7  5.7888733993454000e-24   0  1  0  4  2  0  0
    7 -9.7699606483685914e-22   4  0  0  0  3  0  0
    7  1.2410860284376730e-21   3  1  0  0  3  0  0
    7  1.4267949559260530e-21   2  2  0  0  3  0  0
    7  1.2410860284376730e-21   1  3  0  0  3  0  0
    7 -9.7699606483685914e-22   0  4  0  0  3  0  0
    7 -2.3336831149626325e-22   2  0  2  0  3  0  0
    7 -3.5863309065911150e-22   1  1  2  0  3  0  0
    7  3.5406867453841478e-22   0  2  2  0  3  0  0
    7  2.2238893230879142e-23   0  0  4  0  3  0  0
    7 -1.4363206196163542e-22   2  0  1  1  3  0  0
    7  5.0342269686642163e-22   1  1  1  1  3  0  0
    7 -1.4363206196163542e-22   0  2  1  1  3  0  0
    7  3.0028778522508226e-25   0  0  3  1  3  0  0
    7  3.5406867453841478e-22   2  0  0  2  3  0  0
    7 -3.5863309065911150e-22   1  1  0  2  3  0  0
    7 -2.3336831149626325e-22   0  2  0  2  3  0  0
    7 -8.6752089873237568e-23   0  0  2  2  3  0  0
    7  3.0028778522508226e-25   0  0  1  3  3  0  0
    7  2.2238893230879142e-23   0  0  0  4  3  0  0
    7  4.8390843932286657e-21   3  0  0  0  4  0  0
    7 -1.3258959341332278e-20   2  1  0  0  4  0  0
    7 -1.3258959341332278e-20   1  2  0  0  4  0  0
    7  4.8390843932286657e-21   0  3  0  0  4  0  0
    7  7.6330825142836039e-22   1  0  2  0  4  0  0
    7  2.9348641507978935e-22   0  1  2  0  4  0  0
    7 -1.0366819698013258e-21   1  0  1  1  4  0  0
    7 -1.0366819698013258e-21   0  1  1  1  4  0  0
    7  2.9348641507978935e-22   1  0  0  2  4  0  0
    7  7.6330825142836039e-22   0  1  0  2  4  0  0
    7  1.1323024105705849e-21   2  0  0  0  5  0  0
    7  7.6111817678468081e-20   1  1  0  0  5  0  0
    7  1.1323024105705849e-21   0  2  0  0  5  0  0
    7  1.4256551119970671e-21   0  0  2  0  5  0  0
    7  7.2711971293063339e-21   0  0  1  1  5  0  0
    7  1.4256551119970671e-21   0  0  0  2  5  0  0
    7  2.1990261251446566e-19   0  0  0  0  7  0  0
    8  4.5846972170122562e-25   5  1  2  0  0  0  0
    8 -1.5958774025205207e-25   5  1  1  1  0  0  0
    8 -1.5958774025205207e-25   1  5  1  1  0  0  0
    8  2.4783045832858007e-25   4  0  3  1  0  0  0
    8  4.5846972170122562e-25   1  5  0  2  0  0  0
    8  2.4783045832858007e-25   0  4  1  3  0  0  0
    8  1.6239835736608717e-25   7  0  0  0  1  0  0
    8  2.5523468544806587e-25   5  2  0  0  1  0  0
    8  5.0391873638652250e-25   4  3  0  0  1  0  0
    8  5.0391873638652250e-25   3  4  0  0  1  0  0
    8  2.5523468544806587e-25   2  5  0  0  1  0  0
    8  1.6239835736608717e-25   0  7  0  0  1  0  0
    8  1.3002136871380488e-24   5  0  2  0  1  0  0
    8 -2.2835176588145281e-24   4  1  2  0  1  0  0
    8 -1.2138168218251988e-24   3  2  2  0  1  0  0
    8 -2.2773843601880418e-25   2  3  2  0  1  0  0
    8 -2.6315790431121647e-25   1  4  2  0  1  0  0
    8  3.7042116863534888e-25   0  5  2  0  1  0  0
    8 -1.4008417335602599e-24   3  0  4  0  1  0  0
    8 -1.1215220466031798e-25   2  1  4  0  1  0  0
    8 -1.0844822041584079e-24   5  0  1  1  1  0  0
    8  1.4912829616848140e-24   4  1  1  1  1  0  0
    8  1.9556155345994495e-25   3  2  1  1  1  0  0
    8  1.9556155345994495e-25   2  3  1  1  1  0  0
    8  1.4912829616848140e-24   1  4  1  1  1  0  0
    8 -1.0844822041584079e-24   0  5  1  1  1  0  0
    8 -4.8069038052396082e-25   3  0  3  1  1  0  0
    8  3.7042116863534888e-25   5  0  0  2  1  0  0
    8 -2.6315790431121647e-25   4  1  0  2  1  0  0
    8 -2.2773843601880418e-25   3  2  0  2  1  0  0
    8 -1.2138168218251988e-24   2  3  0  2  1  0  0
    8 -2.2835176588145281e-24   1  4  0  2  1  0  0
    8  1.3002136871380488e-24   0  5  0  2  1  0  0
    8  1.1850626049291036e-24   3  0  2  2  1  0  0
    8  1.1194189918309077e-25   2  1  2  2  1  0  0
    8  1.1194189918309077e-25   1  2  2  2  1  0  0
    8  1.1850626049291036e-24   0  3  2  2  1  0  0
    8 -4.8069038052396082e-25   0  3  1  3  1  0  0
    8 -1.1215220466031798e-25   1  2  0  4  1  0  0
    8 -1.4008417335602599e-24   0  3  0  4  1  0  0
    8  2.1813974366994235e-24   6  0  0  0  2  0  0
    8 -5.0546304230286501e-24   5  1  0  0  2  0  0
    8  1.0238299442966112e-25   4  2  0  0  2  0  0
    8  2.8534093258170645e-24   3  3  0  0  2  0  0
    8  1.0238299442966112e-25   2  4  0  0  2  0  0
    8 -5.0546304230286501e-24   1  5  0  0  2  0  0
    8  2.1813974366994235e-24   0  6  0  0  2  0  0
    8 -4.0070230448017484e-23   4  0  2  0  2  0  0
    8 -8.2641006655057151e-24   3  1  2  0  2  0  0
    8 -3.8763668786023772e-25   2  2  2  0  2  0  0
    8 -1.2732158105457229e-24   1  3  2  0  2  0  0
    8  2.7623241568506706e-24   0  4  2  0  2  0  0
    8  1.0307375901523109e-25   0  2  4  0  2  0  0
    8 -3.6808345761128682e-24   4  0  1  1  2  0  0
    8  1.2724657260966843e-25   3  1  1  1  2  0  0
    8 -3.8933408919719097e-25   2  2  1  1  2  0  0
    8  1.2724657260966843e-25   1  3  1  1  2  0  0
    8 -3.6808345761128682e-24   0  4  1  1  2  0  0
    8  2.7623241568506706e-24   4  0  0  2  2  0  0
    8 -1.2732158105457229e-24   3  1  0  2  2  0  0
    8 -3.8763668786023772e-25   2  2  0  2  2  0  0
    8 -8.2641006655057151e-24   1  3  0  2  2  0  0
    8 -4.0070230448017484e-23   0  4  0  2  2  0  0
    8  1.0307375901523109e-25   2  0  0  4  2  0  0
    8  2.3041890722120574e-23   5  0  0  0  3  0  0
    8 -7.9177585826108488e-24   4  1  0  0  3  0  0
    8  6.2675413855283646e-24   3  2  0  0  3  0  0
    8  6.2675413855283646e-24   2  3  0  0  3  0  0
    8 -7.9177585826108488e-24   1  4  0  0  3  0  0
    8  2.3041890722120574e-23   0  5  0  0  3  0  0
    8  1.2968825375452320e-24   3  0  2  0  3  0  0
    8 -2.6771819102853303e-25   2  1  2  0  3  0  0
    8 -1.7689833936177772e-24   1  2  2  0  3  0  0
    8  1.4261990867440934e-24   0  3  2  0  3  0  0
    8 -4.4364990630777863e-25   3  0  1  1  3  0  0
    8  2.6771020444641602e-24   2  1  1  1  3  0  0
    8  2.6771020444641602e-24   1  2  1  1  3  0  0
    8 -4.4364990630777863e-25   0  3  1  1  3  0  0
    8  1.4261990867440934e-24   3  0  0  2  3  0  0
    8 -1.7689833936177772e-24   2  1  0  2  3  0  0
    8 -2.6771819102853303e-25   1  2  0  2  3  0  0
    8  1.2968825375452320e-24   0  3  0  2  3  0  0
    8  2.9248330823259503e-25   1  0  2  2  3  0  0
    8  2.9248330823259503e-25   0  1  2  2  3  0  0
    8 -1.7198622254086712e-25   4  0  0  0  4  0  0
    8 -9.4413810024552524e-24   3  1  0  0  4  0  0
    8 -2.7137074444979721e-23   2  2  0  0  4  0  0
    8 -9.4413810024552524e-24   1  3  0  0  4  0  0
    8 -1.7198622254086712e-25   0  4  0  0  4  0  0
    8 -2.4200474004045987e-25   2  0  2  0  4  0  0
    8  7.1425874692518550e-24   1  1  2  0  4  0  0
    8 -3.9418274902078351e-24   0  2  2  0  4  0  0
    8 -2.3674217488966299e-24   2  0  1  1  4  0  0
    8 -1.8790355820723668e-23   1  1  1  1  4  0  0
    8 -2.3674217488966299e-24   0  2  1  1  4  0  0
    8  3.9951073413480659e-25   0  0  3  1  4  0  0
    8 -3.9418274902078351e-24   2  0  0  2  4  0  0
    8  7.1425874692518550e-24   1  1  0  2  4  0  0
    8 -2.4200474004045987e-25   0  2  0  2  4  0  0
    8 -5.8853415194821921e-25   0  0  2  2  4  0  0
    8  3.9951073413480659e-25   0  0  1  3  4  0  0
    8 -2.5852635549856649e-23   3  0  0  0  5  0  0
    8  1.8914576903968204e-22   2  1  0  0  5  0  0
    8  1.8914576903968204e-22   1  2  0  0  5  0  0
    8 -2.5852635549856649e-23   0  3  0  0  5  0  0
    8 -2.0672769284947398e-23   1  0  2  0  5  0  0
    8 -2.5524906587372909e-24   0  1  2  0  5  0  0
    8  1.3231261672985138e-23   1  0  1  1  5  0  0
    8  1.3231261672985138e-23   0  1  1  1  5  0  0
    8 -2.5524906587372909e-24   1  0  0  2  5  0  0
    8 -2.0672769284947398e-23   0  1  0  2  5  0  0
    8 -5.7671242484545445e-23   2  0  0  0  6  0  0
    8 -1.2039361751690274e-21   1  1  0  0  6  0  0
    8 -5.7671242484545445e-23   0  2  0  0  6  0  0
    8 -4.7413473894480951e-23   0  0  2  0  6  0  0
    8 -1.0013160685497177e-22   0  0  1  1  6  0  0
    8 -4.7413473894480951e-23   0  0  0  2  6  0  0
    8 -4.3307460947278113e-21   0  0  0  0  8  0  0
 -492  0.0000000000000000e+00   0  0  0  0  0  0  0
