
tpsa, NO = 8, NV = 7, INA = 48097
------------------------------------------------------------------

   |I|         a                i  i  i  i  i  i  i
                I                1  2  3  4  5  6  7

    3 -5.9324050114106280e-07   3  0  0  0  0  0  0
    3 -8.2240952846939686e-07   2  1  0  0  0  0  0
    3  8.2240952846939686e-07   1  2  0  0  0  0  0
    3  5.9324050114106280e-07   0  3  0  0  0  0  0
    3  6.8136875518265080e-07   1  0  2  0  0  0  0
    3  2.0285425998007888e-07   0  1  2  0  0  0  0
    3 -9.3034114146827313e-07   1  0  1  1  0  0  0
    3  9.3034114146827313e-07   0  1  1  1  0  0  0
    3 -2.0285425998007888e-07   1  0  0  2  0  0  0
    3 -6.8136875518265080e-07   0  1  0  2  0  0  0
    3 -8.9229395287753650e-07   2  0  0  0  1  0  0
    3  8.9229395287753650e-07   0  2  0  0  1  0  0
    3  5.9444308024365524e-07   0  0  2  0  1  0  0
    3 -5.9444308024365524e-07   0  0  0  2  1  0  0
    3  1.3436244965350135e-19   1  0  0  0  2  0  0
    3 -1.3436244965350135e-19   0  1  0  0  2  0  0
    4 -1.6365565984478524e-07   4  0  0  0  0  0  0
    4  2.8726702552854847e-07   3  1  0  0  0  0  0
    4 -2.8726702552854847e-07   1  3  0  0  0  0  0
    4  1.6365565984478524e-07   0  4  0  0  0  0  0
    4 -9.4451795138943104e-09   2  0  2  0  0  0  0
    4 -3.7386090737326275e-07   1  1  2  0  0  0  0
    4  4.4786064167367149e-07   0  2  2  0  0  0  0
    4  5.5143788620831739e-08   0  0  4  0  0  0  0
    4  7.6546698229063934e-08   2  0  1  1  0  0  0
    4 -7.6546698229063934e-08   0  2  1  1  0  0  0
    4 -3.1739889003275489e-07   0  0  3  1  0  0  0
    4 -4.4786064167367149e-07   2  0  0  2  0  0  0
    4  3.7386090737326275e-07   1  1  0  2  0  0  0
    4  9.4451795138943104e-09   0  2  0  2  0  0  0
    4  3.1739889003275489e-07   0  0  1  3  0  0  0
    4 -5.5143788620831739e-08   0  0  0  4  0  0  0
    4  2.5267724243902142e-07   3  0  0  0  1  0  0
    4 -1.1871296383914192e-06   2  1  0  0  1  0  0
    4  1.1871296383914192e-06   1  2  0  0  1  0  0
    4 -2.5267724243902142e-07   0  3  0  0  1  0  0
    4 -4.5198355764071694e-07   1  0  2  0  1  0  0
    4 -5.2170120188268778e-08   0  1  2  0  1  0  0
    4 -5.5856171902760881e-07   1  0  1  1  1  0  0
    4  5.5856171902760881e-07   0  1  1  1  1  0  0
    4  5.2170120188268778e-08   1  0  0  2  1  0  0
    4  4.5198355764071694e-07   0  1  0  2  1  0  0
    4 -4.3312334789236130e-07   2  0  0  0  2  0  0
    4  4.3312334789236130e-07   0  2  0  0  2  0  0
    4  4.6305730589503683e-07   0  0  2  0  2  0  0
    4 -4.6305730589503683e-07   0  0  0  2  2  0  0
    4 -8.5958017074780454e-20   1  0  0  0  3  0  0
    4  8.5958017074780454e-20   0  1  0  0  3  0  0
    5  1.5504807274216306e-07   5  0  0  0  0  0  0
    5  4.4334627966672675e-08   4  1  0  0  0  0  0
    5  3.0313882327125078e-07   3  2  0  0  0  0  0
    5 -3.0313882327125078e-07   2  3  0  0  0  0  0
    5 -4.4334627966672675e-08   1  4  0  0  0  0  0
    5 -1.5504807274216306e-07   0  5  0  0  0  0  0
    5  1.9277727473271092e-07   3  0  2  0  0  0  0
    5  4.7428122264226222e-08   2  1  2  0  0  0  0
    5 -1.3868497805320140e-07   1  2  2  0  0  0  0
    5  4.0969801380834108e-09   0  3  2  0  0  0  0
    5  5.0483454551674301e-08   1  0  4  0  0  0  0
    5 -2.6735459649245947e-07   0  1  4  0  0  0  0
    5  1.6290342513077254e-07   3  0  1  1  0  0  0
    5  6.7476743534983553e-07   2  1  1  1  0  0  0
    5 -6.7476743534983553e-07   1  2  1  1  0  0  0
    5 -1.6290342513077254e-07   0  3  1  1  0  0  0
    5  5.9018295255749281e-09   1  0  3  1  0  0  0
    5 -1.1732466465384144e-06   0  1  3  1  0  0  0
    5 -4.0969801380834108e-09   3  0  0  2  0  0  0
    5  1.3868497805320140e-07   2  1  0  2  0  0  0
    5 -4.7428122264226222e-08   1  2  0  2  0  0  0
    5 -1.9277727473271092e-07   0  3  0  2  0  0  0
    5  7.5928654201650970e-08   1  0  2  2  0  0  0
    5 -7.5928654201650970e-08   0  1  2  2  0  0  0
    5  1.1732466465384144e-06   1  0  1  3  0  0  0
    5 -5.9018295255749281e-09   0  1  1  3  0  0  0
    5  2.6735459649245947e-07   1  0  0  4  0  0  0
    5 -5.0483454551674301e-08   0  1  0  4  0  0  0
    5 -8.8175838858240890e-08   4  0  0  0  1  0  0
    5  2.7140202205786875e-08   3  1  0  0  1  0  0
    5 -2.7140202205786875e-08   1  3  0  0  1  0  0
    5  8.8175838858240890e-08   0  4  0  0  1  0  0
    5 -1.1208236270894659e-07   2  0  2  0  1  0  0
    5 -1.4152758539889667e-07   1  1  2  0  1  0  0
    5 -1.2372509399092193e-07   0  2  2  0  1  0  0
    5 -2.4966625654078184e-08   0  0  4  0  1  0  0
    5 -8.2171290473020859e-08   2  0  1  1  1  0  0
    5  8.2171290473020859e-08   0  2  1  1  1  0  0
    5 -3.0840335339839757e-07   0  0  3  1  1  0  0
    5  1.2372509399092193e-07   2  0  0  2  1  0  0
    5  1.4152758539889667e-07   1  1  0  2  1  0  0
    5  1.1208236270894659e-07   0  2  0  2  1  0  0
    5  3.0840335339839757e-07   0  0  1  3  1  0  0
    5  2.4966625654078184e-08   0  0  0  4  1  0  0
    5 -8.8040527623402901e-08   3  0  0  0  2  0  0
    5  5.4709751717164383e-07   2  1  0  0  2  0  0
    5 -5.4709751717164383e-07   1  2  0  0  2  0  0
    5  8.8040527623402901e-08   0  3  0  0  2  0  0
    5  1.0510125832210330e-08   1  0  2  0  2  0  0
    5  1.4189022161837664e-06   0  1  2  0  2  0  0
    5 -2.3551636826772529e-07   1  0  1  1  2  0  0
    5  2.3551636826772529e-07   0  1  1  1  2  0  0
    5 -1.4189022161837664e-06   1  0  0  2  2  0  0
    5 -1.0510125832210330e-08   0  1  0  2  2  0  0
    5  9.1957483041396577e-08   2  0  0  0  3  0  0
    5 -9.1957483041396577e-08   0  2  0  0  3  0  0
    5 -5.0222931606855882e-08   0  0  2  0  3  0  0
    5  5.0222931606855882e-08   0  0  0  2  3  0  0
    5  6.0616160448595455e-20   1  0  0  0  4  0  0
    5 -6.0616160448595455e-20   0  1  0  0  4  0  0
    6  1.5159319671080794e-09   6  0  0  0  0  0  0
    6  1.6104596613708033e-07   5  1  0  0  0  0  0
    6 -2.3440392881164559e-08   4  2  0  0  0  0  0
    6  2.3440392881164559e-08   2  4  0  0  0  0  0
    6 -1.6104596613708033e-07   1  5  0  0  0  0  0
    6 -1.5159319671080794e-09   0  6  0  0  0  0  0
    6 -2.0687315616415166e-07   4  0  2  0  0  0  0
    6  9.1176735632424208e-08   3  1  2  0  0  0  0
    6  1.3952477275969633e-07   2  2  2  0  0  0  0
    6 -6.8788008836382047e-08   1  3  2  0  0  0  0
    6 -2.5089564876718138e-08   0  4  2  0  0  0  0
    6  4.6344494828573942e-08   2  0  4  0  0  0  0
    6  2.6820207070273577e-07   1  1  4  0  0  0  0
    6  1.8869429345445749e-07   0  2  4  0  0  0  0
    6  2.5185951856686938e-08   0  0  6  0  0  0  0
    6 -1.4953947598794882e-07   4  0  1  1  0  0  0
    6 -7.3409698777024811e-09   3  1  1  1  0  0  0
    6  7.3409698777024811e-09   1  3  1  1  0  0  0
    6  1.4953947598794882e-07   0  4  1  1  0  0  0
    6  1.0601071441342154e-07   2  0  3  1  0  0  0
    6 -8.6611341791607664e-09   1  1  3  1  0  0  0
    6  2.3164946370244257e-07   0  2  3  1  0  0  0
    6  4.8638106457406575e-08   0  0  5  1  0  0  0
    6  2.5089564876718138e-08   4  0  0  2  0  0  0
    6  6.8788008836382047e-08   3  1  0  2  0  0  0
    6 -1.3952477275969633e-07   2  2  0  2  0  0  0
    6 -9.1176735632424208e-08   1  3  0  2  0  0  0
    6  2.0687315616415166e-07   0  4  0  2  0  0  0
    6 -1.6187300964131786e-06   2  0  2  2  0  0  0
    6  1.6187300964131786e-06   0  2  2  2  0  0  0
    6  5.4666064114784891e-08   0  0  4  2  0  0  0
    6 -2.3164946370244257e-07   2  0  1  3  0  0  0
    6  8.6611341791607664e-09   1  1  1  3  0  0  0
    6 -1.0601071441342154e-07   0  2  1  3  0  0  0
    6 -1.8869429345445749e-07   2  0  0  4  0  0  0
    6 -2.6820207070273577e-07   1  1  0  4  0  0  0
    6 -4.6344494828573942e-08   0  2  0  4  0  0  0
    6 -5.4666064114784891e-08   0  0  2  4  0  0  0
    6 -4.8638106457406575e-08   0  0  1  5  0  0  0
    6 -2.5185951856686938e-08   0  0  0  6  0  0  0
    6  3.7610454746067778e-07   5  0  0  0  1  0  0
    6 -3.5679279598973638e-07   4  1  0  0  1  0  0
    6  9.4803114145529393e-07   3  2  0  0  1  0  0
    6 -9.4803114145529393e-07   2  3  0  0  1  0  0
    6  3.5679279598973638e-07   1  4  0  0  1  0  0
    6 -3.7610454746067778e-07   0  5  0  0  1  0  0
    6  7.0081721795031436e-09   3  0  2  0  1  0  0
    6  2.5221557549845259e-07   2  1  2  0  1  0  0
    6 -1.3118685284323740e-06   1  2  2  0  1  0  0
    6 -4.1507924532517827e-08   0  3  2  0  1  0  0
    6  7.8056851335724828e-08   1  0  4  0  1  0  0
    6  7.6651700055888518e-08   0  1  4  0  1  0  0
    6  3.3873432893576303e-08   3  0  1  1  1  0  0
    6 -1.8174048125345117e-06   2  1  1  1  1  0  0
    6  1.8174048125345117e-06   1  2  1  1  1  0  0
    6 -3.3873432893576303e-08   0  3  1  1  1  0  0
    6  7.1512686256566827e-07   1  0  3  1  1  0  0
    6 -1.7510821653648989e-08   0  1  3  1  1  0  0
    6  4.1507924532517827e-08   3  0  0  2  1  0  0
    6  1.3118685284323740e-06   2  1  0  2  1  0  0
    6 -2.5221557549845259e-07   1  2  0  2  1  0  0
    6 -7.0081721795031436e-09   0  3  0  2  1  0  0
    6  7.7862371861582419e-07   1  0  2  2  1  0  0
    6 -7.7862371861582419e-07   0  1  2  2  1  0  0
    6  1.7510821653648989e-08   1  0  1  3  1  0  0
    6 -7.1512686256566827e-07   0  1  1  3  1  0  0
    6 -7.6651700055888518e-08   1  0  0  4  1  0  0
    6 -7.8056851335724828e-08   0  1  0  4  1  0  0
    6  1.8269232831042223e-07   4  0  0  0  2  0  0
    6 -3.4797008342901313e-07   3  1  0  0  2  0  0
    6  3.4797008342901313e-07   1  3  0  0  2  0  0
    6 -1.8269232831042223e-07   0  4  0  0  2  0  0
    6 -2.1053977658271662e-07   2  0  2  0  2  0  0
    6 -7.9040621089821413e-08   1  1  2  0  2  0  0
    6 -2.1479330018152137e-08   0  2  2  0  2  0  0
    6 -9.1445435378075590e-08   0  0  4  0  2  0  0
    6  1.5310620474884209e-06   2  0  1  1  2  0  0
    6 -1.5310620474884209e-06   0  2  1  1  2  0  0
    6  2.2785780038917635e-07   0  0  3  1  2  0  0
    6  2.1479330018152137e-08   2  0  0  2  2  0  0
    6  7.9040621089821413e-08   1  1  0  2  2  0  0
    6  2.1053977658271662e-07   0  2  0  2  2  0  0
    6 -2.2785780038917635e-07   0  0  1  3  2  0  0
    6  9.1445435378075590e-08   0  0  0  4  2  0  0
    6  1.0226145733615975e-08   3  0  0  0  3  0  0
    6 -1.4895181127112802e-07   2  1  0  0  3  0  0
    6  1.4895181127112802e-07   1  2  0  0  3  0  0
    6 -1.0226145733615975e-08   0  3  0  0  3  0  0
    6  4.0883540799267366e-08   1  0  2  0  3  0  0
    6 -4.3499161524096662e-07   0  1  2  0  3  0  0
    6 -5.7721754173181937e-07   1  0  1  1  3  0  0
    6  5.7721754173181937e-07   0  1  1  1  3  0  0
    6  4.3499161524096662e-07   1  0  0  2  3  0  0
    6 -4.0883540799267366e-08   0  1  0  2  3  0  0
    6 -1.8048083196797981e-07   2  0  0  0  4  0  0
    6  1.8048083196797981e-07   0  2  0  0  4  0  0
    6 -6.8066801474140446e-08   0  0  2  0  4  0  0
    6  6.8066801474140446e-08   0  0  0  2  4  0  0
    6 -2.7708124354116642e-20   1  0  0  0  5  0  0
    6  2.7708124354116642e-20   0  1  0  0  5  0  0
    7 -3.9841895997566554e-08   7  0  0  0  0  0  0
    7 -5.4364206107007580e-08   6  1  0  0  0  0  0
    7  3.5249240472458948e-08   5  2  0  0  0  0  0
    7 -5.1155899037163454e-07   4  3  0  0  0  0  0
    7  5.1155899037163454e-07   3  4  0  0  0  0  0
    7 -3.5249240472458948e-08   2  5  0  0  0  0  0
    7  5.4364206107007580e-08   1  6  0  0  0  0  0
    7  3.9841895997566554e-08   0  7  0  0  0  0  0
    7  5.7603581906464861e-08   5  0  2  0  0  0  0
    7 -3.7016814540168329e-08   4  1  2  0  0  0  0
    7 -6.8744331314473979e-07   3  2  2  0  0  0  0
    7  1.4929709954524279e-07   2  3  2  0  0  0  0
    7  4.8056412843657802e-08   1  4  2  0  0  0  0
    7  1.2218302098547475e-08   0  5  2  0  0  0  0
    7 -6.1286124346917918e-08   3  0  4  0  0  0  0
    7  9.1772948971133207e-08   2  1  4  0  0  0  0
    7  1.2515522415644177e-07   1  2  4  0  0  0  0
    7 -3.5190986394931265e-08   0  3  4  0  0  0  0
    7 -6.7027161300526886e-09   1  0  6  0  0  0  0
    7 -9.4099650317149434e-09   0  1  6  0  0  0  0
    7 -1.6192208787378152e-07   5  0  1  1  0  0  0
    7  4.3623372826405940e-07   4  1  1  1  0  0  0
    7 -6.4563876851222436e-07   3  2  1  1  0  0  0
    7  6.4563876851222436e-07   2  3  1  1  0  0  0
    7 -4.3623372826405940e-07   1  4  1  1  0  0  0
    7  1.6192208787378152e-07   0  5  1  1  0  0  0
    7 -1.5704230992020351e-08   3  0  3  1  0  0  0
    7 -2.1388430587211280e-07   2  1  3  1  0  0  0
    7  2.8543885896861577e-07   1  2  3  1  0  0  0
    7 -3.6384136008375919e-08   0  3  3  1  0  0  0
    7 -1.4934417442844075e-08   1  0  5  1  0  0  0
    7 -4.8725921109558895e-08   0  1  5  1  0  0  0
    7 -1.2218302098547475e-08   5  0  0  2  0  0  0
    7 -4.8056412843657802e-08   4  1  0  2  0  0  0
    7 -1.4929709954524279e-07   3  2  0  2  0  0  0
    7  6.8744331314473979e-07   2  3  0  2  0  0  0
    7  3.7016814540168329e-08   1  4  0  2  0  0  0
    7 -5.7603581906464861e-08   0  5  0  2  0  0  0
    7  1.9446177638850282e-08   3  0  2  2  0  0  0
    7  1.8122738765055784e-06   2  1  2  2  0  0  0
    7 -1.8122738765055784e-06   1  2  2  2  0  0  0
    7 -1.9446177638850282e-08   0  3  2  2  0  0  0
    7 -3.6316850960160248e-07   1  0  4  2  0  0  0
    7 -1.0402605628215059e-07   0  1  4  2  0  0  0
    7  3.6384136008375919e-08   3  0  1  3  0  0  0
    7 -2.8543885896861577e-07   2  1  1  3  0  0  0
    7  2.1388430587211280e-07   1  2  1  3  0  0  0
    7  1.5704230992020351e-08   0  3  1  3  0  0  0
    7 -2.0634111526496250e-07   1  0  3  3  0  0  0
    7  2.0634111526496250e-07   0  1  3  3  0  0  0
    7  3.5190986394931265e-08   3  0  0  4  0  0  0
    7 -1.2515522415644177e-07   2  1  0  4  0  0  0
    7 -9.1772948971133207e-08   1  2  0  4  0  0  0
    7  6.1286124346917918e-08   0  3  0  4  0  0  0
    7  1.0402605628215059e-07   1  0  2  4  0  0  0
    7  3.6316850960160248e-07   0  1  2  4  0  0  0
    7  4.8725921109558895e-08   1  0  1  5  0  0  0
    7  1.4934417442844075e-08   0  1  1  5  0  0  0
    7  9.4099650317149434e-09   1  0  0  6  0  0  0
    7  6.7027161300526886e-09   0  1  0  6  0  0  0
    7 -4.7120951335441600e-08   6  0  0  0  1  0  0
    7  8.8138120754747043e-08   5  1  0  0  1  0  0
    7  8.2776990218602280e-08   4  2  0  0  1  0  0
    7 -8.2776990218602280e-08   2  4  0  0  1  0  0
    7 -8.8138120754747043e-08   1  5  0  0  1  0  0
    7  4.7120951335441600e-08   0  6  0  0  1  0  0
    7  7.1097833619618758e-08   4  0  2  0  1  0  0
    7  3.4100818889856818e-07   3  1  2  0  1  0  0
    7  6.1933055835402381e-08   2  2  2  0  1  0  0
    7  2.8676454523019992e-07   1  3  2  0  1  0  0
    7  1.6694026587498119e-07   0  4  2  0  1  0  0
    7 -1.1691829814136843e-08   2  0  4  0  1  0  0
    7  1.8490476833538132e-07   1  1  4  0  1  0  0
    7  3.1366771031572831e-08   0  2  4  0  1  0  0
    7 -1.9520565930833983e-09   0  0  6  0  1  0  0
    7 -1.8356231227888695e-07   4  0  1  1  1  0  0
    7 -7.7778086137431351e-07   3  1  1  1  1  0  0
    7  7.7778086137431351e-07   1  3  1  1  1  0  0
    7  1.8356231227888695e-07   0  4  1  1  1  0  0
    7  3.0795232714758922e-07   2  0  3  1  1  0  0
    7 -5.5447700077598308e-08   1  1  3  1  1  0  0
    7 -8.8801208575358788e-09   0  2  3  1  1  0  0
    7  5.2424680219972913e-08   0  0  5  1  1  0  0
    7 -1.6694026587498119e-07   4  0  0  2  1  0  0
    7 -2.8676454523019992e-07   3  1  0  2  1  0  0
    7 -6.1933055835402381e-08   2  2  0  2  1  0  0
    7 -3.4100818889856818e-07   1  3  0  2  1  0  0
    7 -7.1097833619618758e-08   0  4  0  2  1  0  0
    7 -4.7123003228045703e-08   2  0  2  2  1  0  0
    7  4.7123003228045703e-08   0  2  2  2  1  0  0
    7 -1.3091444400087586e-07   0  0  4  2  1  0  0
    7  8.8801208575358788e-09   2  0  1  3  1  0  0
    7  5.5447700077598308e-08   1  1  1  3  1  0  0
    7 -3.0795232714758922e-07   0  2  1  3  1  0  0
    7 -3.1366771031572831e-08   2  0  0  4  1  0  0
    7 -1.8490476833538132e-07   1  1  0  4  1  0  0
    7  1.1691829814136843e-08   0  2  0  4  1  0  0
    7  1.3091444400087586e-07   0  0  2  4  1  0  0
    7 -5.2424680219972913e-08   0  0  1  5  1  0  0
    7  1.9520565930833983e-09   0  0  0  6  1  0  0
    7 -5.3471661760492327e-07   5  0  0  0  2  0  0
    7  7.3373601025616567e-07   4  1  0  0  2  0  0
    7 -2.8091652156017719e-06   3  2  0  0  2  0  0
    7  2.8091652156017719e-06   2  3  0  0  2  0  0
    7 -7.3373601025616567e-07   1  4  0  0  2  0  0
    7  5.3471661760492327e-07   0  5  0  0  2  0  0
    7  1.0954537053151271e-07   3  0  2  0  2  0  0
    7  1.1538126243183319e-07   2  1  2  0  2  0  0
    7 -8.9262278065184054e-08   1  2  2  0  2  0  0
    7 -4.5269333698518958e-08   0  3  2  0  2  0  0
    7 -5.2647876407130088e-09   1  0  4  0  2  0  0
    7  1.8153024987305373e-08   0  1  4  0  2  0  0
    7 -1.8150123829502583e-07   3  0  1  1  2  0  0
    7  2.4582630306315323e-06   2  1  1  1  2  0  0
    7 -2.4582630306315323e-06   1  2  1  1  2  0  0
    7  1.8150123829502583e-07   0  3  1  1  2  0  0
    7  4.3832249332059415e-07   1  0  3  1  2  0  0
    7  2.0570407179737280e-07   0  1  3  1  2  0  0
    7  4.5269333698518958e-08   3  0  0  2  2  0  0
    7  8.9262278065184054e-08   2  1  0  2  2  0  0
    7 -1.1538126243183319e-07   1  2  0  2  2  0  0
    7 -1.0954537053151271e-07   0  3  0  2  2  0  0
    7 -1.7135766414677124e-07   1  0  2  2  2  0  0
    7  1.7135766414677124e-07   0  1  2  2  2  0  0
    7 -2.0570407179737280e-07   1  0  1  3  2  0  0
    7 -4.3832249332059415e-07   0  1  1  3  2  0  0
    7 -1.8153024987305373e-08   1  0  0  4  2  0  0
    7  5.2647876407130088e-09   0  1  0  4  2  0  0
    7 -7.1800797272918225e-08   4  0  0  0  3  0  0
    7  3.4929581537974472e-07   3  1  0  0  3  0  0
    7 -3.4929581537974472e-07   1  3  0  0  3  0  0
    7  7.1800797272918225e-08   0  4  0  0  3  0  0
    7 -5.4797886425059816e-08   2  0  2  0  3  0  0
    7  2.4546900975350573e-07   1  1  2  0  3  0  0
    7 -3.1618697808896678e-08   0  2  2  0  3  0  0
    7 -5.4496976044722665e-09   0  0  4  0  3  0  0
    7 -7.9205736484286886e-07   2  0  1  1  3  0  0
    7  7.9205736484286886e-07   0  2  1  1  3  0  0
    7 -5.4458202183953992e-08   0  0  3  1  3  0  0
    7  3.1618697808896678e-08   2  0  0  2  3  0  0
    7 -2.4546900975350573e-07   1  1  0  2  3  0  0
    7  5.4797886425059816e-08   0  2  0  2  3  0  0
    7  5.4458202183953992e-08   0  0  1  3  3  0  0
    7  5.4496976044722665e-09   0  0  0  4  3  0  0
    7  7.3635574833274288e-09   3  0  0  0  4  0  0
    7  1.8776430219785538e-07   2  1  0  0  4  0  0
    7 -1.8776430219785538e-07   1  2  0  0  4  0  0
    7 -7.3635574833274288e-09   0  3  0  0  4  0  0
    7 -4.6388635443446549e-08   1  0  2  0  4  0  0
    7  3.0928174125015539e-07   0  1  2  0  4  0  0
    7 -1.1852513928174988e-07   1  0  1  1  4  0  0
    7  1.1852513928174988e-07   0  1  1  1  4  0  0
    7 -3.0928174125015539e-07   1  0  0  2  4  0  0
    7  4.6388635443446549e-08   0  1  0  2  4  0  0
    7  1.9840060632322751e-07   2  0  0  0  5  0  0
    7 -1.9840060632322751e-07   0  2  0  0  5  0  0
    7  6.2373802984721087e-08   0  0  2  0  5  0  0
    7 -6.2373802984721087e-08   0  0  0  2  5  0  0
    7  2.1037305364387049e-20   1  0  0  0  6  0  0
    7 -2.1037305364387049e-20   0  1  0  0  6  0  0
    8  9.9704095003597764e-09   8  0  0  0  0  0  0
    8  5.1941481304778263e-08   7  1  0  0  0  0  0
    8  1.6433913370134993e-07   6  2  0  0  0  0  0
    8  6.5410407054220176e-08   5  3  0  0  0  0  0
    8 -6.5410407054220176e-08   3  5  0  0  0  0  0
    8 -1.6433913370134993e-07   2  6  0  0  0  0  0
    8 -5.1941481304778263e-08   1  7  0  0  0  0  0
    8 -9.9704095003597764e-09   0  8  0  0  0  0  0
    8 -5.6225534262548814e-08   6  0  2  0  0  0  0
    8  4.9119557138211306e-07   5  1  2  0  0  0  0
    8 -3.9198956714884256e-07   4  2  2  0  0  0  0
    8 -5.9282985179928023e-10   3  3  2  0  0  0  0
    8 -4.9305892188424779e-08   2  4  2  0  0  0  0
    8 -5.4664223402947874e-08   1  5  2  0  0  0  0
    8  3.4885261374039246e-09   0  6  2  0  0  0  0
    8 -2.9470176394238748e-08   4  0  4  0  0  0  0
    8  2.5665961411992055e-08   3  1  4  0  0  0  0
    8 -1.7013279550496613e-07   2  2  4  0  0  0  0
    8  6.5037188794138581e-09   1  3  4  0  0  0  0
    8 -3.2913161655109582e-08   0  4  4  0  0  0  0
    8 -1.8398225703021745e-08   2  0  6  0  0  0  0
    8 -3.9117279322891208e-09   1  1  6  0  0  0  0
    8 -9.4555210262348957e-08   0  2  6  0  0  0  0
    8 -2.1252329056423849e-10   0  0  8  0  0  0  0
    8  6.2777384061025028e-08   6  0  1  1  0  0  0
    8 -1.4045076177297132e-07   5  1  1  1  0  0  0
    8  2.0209210727379241e-07   4  2  1  1  0  0  0
    8 -2.0209210727379241e-07   2  4  1  1  0  0  0
    8  1.4045076177297132e-07   1  5  1  1  0  0  0
    8 -6.2777384061025028e-08   0  6  1  1  0  0  0
    8 -2.5329196696086237e-07   4  0  3  1  0  0  0
    8 -2.3251989608656133e-08   3  1  3  1  0  0  0
    8  1.5304754701379928e-07   2  2  3  1  0  0  0
    8 -5.1407524498929974e-08   1  3  3  1  0  0  0
    8 -6.2684605613382249e-09   0  4  3  1  0  0  0
    8  3.0809709132919916e-08   2  0  5  1  0  0  0
    8  1.8177889283774222e-08   1  1  5  1  0  0  0
    8 -1.1405788946827680e-07   0  2  5  1  0  0  0
    8  1.1486371996114257e-08   0  0  7  1  0  0  0
    8 -3.4885261374039246e-09   6  0  0  2  0  0  0
    8  5.4664223402947874e-08   5  1  0  2  0  0  0
    8  4.9305892188424779e-08   4  2  0  2  0  0  0
    8  5.9282985179928023e-10   3  3  0  2  0  0  0
    8  3.9198956714884256e-07   2  4  0  2  0  0  0
    8 -4.9119557138211306e-07   1  5  0  2  0  0  0
    8  5.6225534262548814e-08   0  6  0  2  0  0  0
    8  2.1209839290110096e-08   4  0  2  2  0  0  0
    8 -7.8133731897096752e-07   3  1  2  2  0  0  0
    8  7.8133731897096752e-07   1  3  2  2  0  0  0
    8 -2.1209839290110096e-08   0  4  2  2  0  0  0
    8 -9.6742487320222566e-08   2  0  4  2  0  0  0
    8  2.2542472343186710e-07   1  1  4  2  0  0  0
    8 -1.6621013775548517e-07   0  2  4  2  0  0  0
    8 -4.4602916699366867e-09   0  0  6  2  0  0  0
    8  6.2684605613382249e-09   4  0  1  3  0  0  0
    8  5.1407524498929974e-08   3  1  1  3  0  0  0
    8 -1.5304754701379928e-07   2  2  1  3  0  0  0
    8  2.3251989608656133e-08   1  3  1  3  0  0  0
    8  2.5329196696086237e-07   0  4  1  3  0  0  0
    8 -1.4488544523279080e-07   2  0  3  3  0  0  0
    8  1.4488544523279080e-07   0  2  3  3  0  0  0
    8 -1.0086229963318354e-08   0  0  5  3  0  0  0
    8  3.2913161655109582e-08   4  0  0  4  0  0  0
    8 -6.5037188794138581e-09   3  1  0  4  0  0  0
    8  1.7013279550496613e-07   2  2  0  4  0  0  0
    8 -2.5665961411992055e-08   1  3  0  4  0  0  0
    8  2.9470176394238748e-08   0  4  0  4  0  0  0
    8  1.6621013775548517e-07   2  0  2  4  0  0  0
    8 -2.2542472343186710e-07   1  1  2  4  0  0  0
    8  9.6742487320222566e-08   0  2  2  4  0  0  0
    8  1.1405788946827680e-07   2  0  1  5  0  0  0
    8 -1.8177889283774222e-08   1  1  1  5  0  0  0
    8 -3.0809709132919916e-08   0  2  1  5  0  0  0
    8  1.0086229963318354e-08   0  0  3  5  0  0  0
    8  9.4555210262348957e-08   2  0  0  6  0  0  0
    8  3.9117279322891208e-09   1  1  0  6  0  0  0
    8  1.8398225703021745e-08   0  2  0  6  0  0  0
    8  4.4602916699366867e-09   0  0  2  6  0  0  0
    8 -1.1486371996114257e-08   0  0  1  7  0  0  0
    8  2.1252329056423849e-10   0  0  0  8  0  0  0
    8 -1.9403899712890189e-08   7  0  0  0  1  0  0
    8  2.1228780677133614e-07   6  1  0  0  1  0  0
    8 -5.6350896889906503e-07   5  2  0  0  1  0  0
    8  2.1897965614800003e-06   4  3  0  0  1  0  0
    8 -2.1897965614800003e-06   3  4  0  0  1  0  0
    8  5.6350896889906503e-07   2  5  0  0  1  0  0
    8 -2.1228780677133614e-07   1  6  0  0  1  0  0
    8  1.9403899712890189e-08   0  7  0  0  1  0  0
    8  8.2908841672473324e-08   5  0  2  0  1  0  0
    8 -7.1495268628235323e-08   4  1  2  0  1  0  0
    8 -2.0877611929684164e-07   3  2  2  0  1  0  0
    8 -2.0755938491518488e-07   2  3  2  0  1  0  0
    8  1.9998633736321983e-07   1  4  2  0  1  0  0
    8 -6.7712605408540814e-08   0  5  2  0  1  0  0
    8 -6.6145350567027506e-08   3  0  4  0  1  0  0
    8  1.1872024694131980e-07   2  1  4  0  1  0  0
    8  1.9451732644734502e-08   1  2  4  0  1  0  0
    8  8.6629300600308069e-09   0  3  4  0  1  0  0
    8 -1.0975983591696500e-08   1  0  6  0  1  0  0
    8 -2.0337650036635436e-08   0  1  6  0  1  0  0
    8  4.0690098040395904e-07   5  0  1  1  1  0  0
    8  3.0263671760491934e-07   4  1  1  1  1  0  0
    8  1.8317710624650112e-06   3  2  1  1  1  0  0
    8 -1.8317710624650112e-06   2  3  1  1  1  0  0
    8 -3.0263671760491934e-07   1  4  1  1  1  0  0
    8 -4.0690098040395904e-07   0  5  1  1  1  0  0
    8 -3.9501395580365749e-07   3  0  3  1  1  0  0
    8 -5.9974737340451038e-07   2  1  3  1  1  0  0
    8 -9.5697223308431289e-07   1  2  3  1  1  0  0
    8 -1.1530517171499573e-07   0  3  3  1  1  0  0
    8  4.5288519884374360e-08   1  0  5  1  1  0  0
    8 -1.5671173818836635e-07   0  1  5  1  1  0  0
    8  6.7712605408540814e-08   5  0  0  2  1  0  0
    8 -1.9998633736321983e-07   4  1  0  2  1  0  0
    8  2.0755938491518488e-07   3  2  0  2  1  0  0
    8  2.0877611929684164e-07   2  3  0  2  1  0  0
    8  7.1495268628235323e-08   1  4  0  2  1  0  0
    8 -8.2908841672473324e-08   0  5  0  2  1  0  0
    8 -5.0416807515784014e-07   3  0  2  2  1  0  0
    8 -8.8338962259450016e-07   2  1  2  2  1  0  0
    8  8.8338962259450016e-07   1  2  2  2  1  0  0
    8  5.0416807515784014e-07   0  3  2  2  1  0  0
    8 -7.8537823953656718e-08   1  0  4  2  1  0  0
    8  2.6077720721890663e-07   0  1  4  2  1  0  0
    8  1.1530517171499573e-07   3  0  1  3  1  0  0
    8  9.5697223308431289e-07   2  1  1  3  1  0  0
    8  5.9974737340451038e-07   1  2  1  3  1  0  0
    8  3.9501395580365749e-07   0  3  1  3  1  0  0
    8 -2.7325058525113774e-07   1  0  3  3  1  0  0
    8  2.7325058525113774e-07   0  1  3  3  1  0  0
    8 -8.6629300600308069e-09   3  0  0  4  1  0  0
    8 -1.9451732644734502e-08   2  1  0  4  1  0  0
    8 -1.1872024694131980e-07   1  2  0  4  1  0  0
    8  6.6145350567027506e-08   0  3  0  4  1  0  0
    8 -2.6077720721890663e-07   1  0  2  4  1  0  0
    8  7.8537823953656718e-08   0  1  2  4  1  0  0
    8  1.5671173818836635e-07   1  0  1  5  1  0  0
    8 -4.5288519884374360e-08   0  1  1  5  1  0  0
    8  2.0337650036635436e-08   1  0  0  6  1  0  0
    8  1.0975983591696500e-08   0  1  0  6  1  0  0
    8  4.7515579741132542e-08   6  0  0  0  2  0  0
    8 -5.8801935247411984e-07   5  1  0  0  2  0  0
    8  3.8288644557779350e-07   4  2  0  0  2  0  0
    8 -3.8288644557779350e-07   2  4  0  0  2  0  0
    8  5.8801935247411984e-07   1  5  0  0  2  0  0
    8 -4.7515579741132542e-08   0  6  0  0  2  0  0
    8  4.0714414417930663e-07   4  0  2  0  2  0  0
    8  3.1740699161513060e-07   3  1  2  0  2  0  0
    8 -2.3366413013449789e-07   2  2  2  0  2  0  0
    8 -1.8241291194689332e-07   1  3  2  0  2  0  0
    8 -1.0133430343875202e-07   0  4  2  0  2  0  0
    8  1.4759645330852909e-08   2  0  4  0  2  0  0
    8  1.1749004995169082e-07   1  1  4  0  2  0  0
    8  9.0990013872930824e-08   0  2  4  0  2  0  0
    8  2.9196951734567182e-10   0  0  6  0  2  0  0
    8  6.7984210942959113e-08   4  0  1  1  2  0  0
    8  8.6227197031752253e-07   3  1  1  1  2  0  0
    8 -8.6227197031752253e-07   1  3  1  1  2  0  0
    8 -6.7984210942959113e-08   0  4  1  1  2  0  0
    8  5.3935369484505028e-07   2  0  3  1  2  0  0
    8 -3.6281073561632629e-07   1  1  3  1  2  0  0
    8  4.6181994346349171e-07   0  2  3  1  2  0  0
    8 -3.4503657824321296e-08   0  0  5  1  2  0  0
    8  1.0133430343875202e-07   4  0  0  2  2  0  0
    8  1.8241291194689332e-07   3  1  0  2  2  0  0
    8  2.3366413013449789e-07   2  2  0  2  2  0  0
    8 -3.1740699161513060e-07   1  3  0  2  2  0  0
    8 -4.0714414417930663e-07   0  4  0  2  2  0  0
    8 -7.3445652231086158e-07   2  0  2  2  2  0  0
    8  7.3445652231086158e-07   0  2  2  2  2  0  0
    8  1.4036171406728969e-07   0  0  4  2  2  0  0
    8 -4.6181994346349171e-07   2  0  1  3  2  0  0
    8  3.6281073561632629e-07   1  1  1  3  2  0  0
    8 -5.3935369484505028e-07   0  2  1  3  2  0  0
    8 -9.0990013872930824e-08   2  0  0  4  2  0  0
    8 -1.1749004995169082e-07   1  1  0  4  2  0  0
    8 -1.4759645330852909e-08   0  2  0  4  2  0  0
    8 -1.4036171406728969e-07   0  0  2  4  2  0  0
    8  3.4503657824321296e-08   0  0  1  5  2  0  0
    8 -2.9196951734567182e-10   0  0  0  6  2  0  0
    8  7.0972818476416191e-07   5  0  0  0  3  0  0
    8 -1.5627495972598332e-06   4  1  0  0  3  0  0
    8  5.7225873942119216e-06   3  2  0  0  3  0  0
    8 -5.7225873942119216e-06   2  3  0  0  3  0  0
    8  1.5627495972598332e-06   1  4  0  0  3  0  0
    8 -7.0972818476416191e-07   0  5  0  0  3  0  0
    8  1.2385642556003513e-07   3  0  2  0  3  0  0
    8  8.4469990256536135e-08   2  1  2  0  3  0  0
    8  1.0442101606481230e-06   1  2  2  0  3  0  0
    8  1.3641187122786129e-07   0  3  2  0  3  0  0
    8 -2.9661574928722103e-08   1  0  4  0  3  0  0
    8 -1.2522115462832631e-08   0  1  4  0  3  0  0
    8  8.8503852718830516e-07   3  0  1  1  3  0  0
    8 -5.2452338865934775e-06   2  1  1  1  3  0  0
    8  5.2452338865934775e-06   1  2  1  1  3  0  0
    8 -8.8503852718830516e-07   0  3  1  1  3  0  0
    8 -1.2796002820024702e-07   1  0  3  1  3  0  0
    8 -1.0934384590409818e-06   0  1  3  1  3  0  0
    8 -1.3641187122786129e-07   3  0  0  2  3  0  0
    8 -1.0442101606481230e-06   2  1  0  2  3  0  0
    8 -8.4469990256536135e-08   1  2  0  2  3  0  0
    8 -1.2385642556003513e-07   0  3  0  2  3  0  0
    8  1.8011319503537498e-06   1  0  2  2  3  0  0
    8 -1.8011319503537498e-06   0  1  2  2  3  0  0
    8  1.0934384590409818e-06   1  0  1  3  3  0  0
    8  1.2796002820024702e-07   0  1  1  3  3  0  0
    8  1.2522115462832631e-08   1  0  0  4  3  0  0
    8  2.9661574928722103e-08   0  1  0  4  3  0  0
    8  4.3318433510709595e-08   4  0  0  0  4  0  0
    8 -4.0906056660827450e-07   3  1  0  0  4  0  0
    8  4.0906056660827450e-07   1  3  0  0  4  0  0
    8 -4.3318433510709595e-08   0  4  0  0  4  0  0
    8 -4.5540140139134295e-08   2  0  2  0  4  0  0
    8  9.7677852404979848e-09   1  1  2  0  4  0  0
    8 -2.1090176017667635e-07   0  2  2  0  4  0  0
    8  2.3101324733441194e-09   0  0  4  0  4  0  0
    8  1.4994133895843199e-06   2  0  1  1  4  0  0
    8 -1.4994133895843199e-06   0  2  1  1  4  0  0
    8 -1.0087164426300549e-07   0  0  3  1  4  0  0
    8  2.1090176017667635e-07   2  0  0  2  4  0  0
    8 -9.7677852404979848e-09   1  1  0  2  4  0  0
    8  4.5540140139134295e-08   0  2  0  2  4  0  0
    8  1.0087164426300549e-07   0  0  1  3  4  0  0
    8 -2.3101324733441194e-09   0  0  0  4  4  0  0
    8 -1.7627968121010856e-07   3  0  0  0  5  0  0
    8  2.1709671866024684e-07   2  1  0  0  5  0  0
    8 -2.1709671866024684e-07   1  2  0  0  5  0  0
    8  1.7627968121010856e-07   0  3  0  0  5  0  0
    8  8.6016000901220365e-08   1  0  2  0  5  0  0
    8  8.6437798061202238e-08   0  1  2  0  5  0  0
    8 -6.1027296312300123e-07   1  0  1  1  5  0  0
    8  6.1027296312300123e-07   0  1  1  1  5  0  0
    8 -8.6437798061202238e-08   1  0  0  2  5  0  0
    8 -8.6016000901220365e-08   0  1  0  2  5  0  0
    8 -2.1700883460304290e-07   2  0  0  0  6  0  0
    8  2.1700883460304290e-07   0  2  0  0  6  0  0
    8 -3.1635492331663403e-08   0  0  2  0  6  0  0
    8  3.1635492331663403e-08   0  0  0  2  6  0  0
    8  7.4859480879664673e-20   1  0  0  0  7  0  0
    8 -7.4859480879664673e-20   0  1  0  0  7  0  0
 -608  0.0000000000000000e+00   0  0  0  0  0  0  0

tpsa, NO = 8, NV = 7, INA = 58470
------------------------------------------------------------------

   |I|         a                i  i  i  i  i  i  i
                I                1  2  3  4  5  6  7

    3 -1.0237948056128387e-13   3  0  0  0  0  0  0
    3 -1.4192871216883821e-13   2  1  0  0  0  0  0
    3  1.4192871216883821e-13   1  2  0  0  0  0  0
    3  1.0237948056128387e-13   0  3  0  0  0  0  0
    3  1.0877318871778107e-13   1  0  2  0  0  0  0
    3  3.2383499441655602e-14   0  1  2  0  0  0  0
    3 -1.4851895069024295e-13   1  0  1  1  0  0  0
    3  1.4851895069024295e-13   0  1  1  1  0  0  0
    3 -3.2383499441655602e-14   1  0  0  2  0  0  0
    3 -1.0877318871778107e-13   0  1  0  2  0  0  0
    3 -9.6804916170897261e-13   2  0  0  0  1  0  0
    3  9.6804916170897261e-13   0  2  0  0  1  0  0
    3  5.9656429414352864e-13   0  0  2  0  1  0  0
    3 -5.9656429414352864e-13   0  0  0  2  1  0  0
    3  9.1637812052937939e-25   1  0  0  0  2  0  0
    3 -9.1637812052937939e-25   0  1  0  0  2  0  0
    4 -1.5724392206352760e-16   4  0  0  0  0  0  0
    4  2.7601241421453848e-16   3  1  0  0  0  0  0
    4 -2.7601241421453848e-16   1  3  0  0  0  0  0
    4  1.5724392206352760e-16   0  4  0  0  0  0  0
    4 -8.3948042076500755e-18   2  0  2  0  0  0  0
    4 -3.3228475050961966e-16   1  1  2  0  0  0  0
    4  3.9805515539776653e-16   0  2  2  0  0  0  0
    4  4.5337176801489513e-17   0  0  4  0  0  0  0
    4  6.8034127189406962e-17   2  0  1  1  0  0  0
    4 -6.8034127189406962e-17   0  2  1  1  0  0  0
    4 -2.6095358976795836e-16   0  0  3  1  0  0  0
    4 -3.9805515539776653e-16   2  0  0  2  0  0  0
    4  3.3228475050961966e-16   1  1  0  2  0  0  0
    4  8.3948042076500755e-18   0  2  0  2  0  0  0
    4  2.6095358976795836e-16   0  0  1  3  0  0  0
    4 -4.5337176801489513e-17   0  0  0  4  0  0  0
    4  1.5262170524909402e-15   3  0  0  0  1  0  0
    4 -7.1704815207789570e-15   2  1  0  0  1  0  0
    4  7.1704815207789570e-15   1  2  0  0  1  0  0
    4 -1.5262170524909402e-15   0  3  0  0  1  0  0
    4 -2.5254008719247861e-15   1  0  2  0  1  0  0
    4 -2.9149393774320371e-16   0  1  2  0  1  0  0
    4 -3.1208928475610937e-15   1  0  1  1  1  0  0
    4  3.1208928475610937e-15   0  1  1  1  1  0  0
    4  2.9149393774320371e-16   1  0  0  2  1  0  0
    4  2.5254008719247861e-15   0  1  0  2  1  0  0
    4 -1.6446333898383507e-14   2  0  0  0  2  0  0
    4  1.6446333898383507e-14   0  2  0  0  2  0  0
    4  1.6264838873070354e-14   0  0  2  0  2  0  0
    4 -1.6264838873070354e-14   0  0  0  2  2  0  0
    5  8.2941124673435784e-19   5  0  0  0  0  0  0
    5  2.3716282572883861e-19   4  1  0  0  0  0  0
    5  1.6216051247609119e-18   3  2  0  0  0  0  0
    5 -1.6216051247609119e-18   2  3  0  0  0  0  0
    5 -2.3716282572883861e-19   1  4  0  0  0  0  0
    5 -8.2941124673435784e-19   0  5  0  0  0  0  0
    5  9.5393086530186915e-19   3  0  2  0  0  0  0
    5  2.3469130256087803e-19   2  1  2  0  0  0  0
    5 -6.8626284556668681e-19   1  2  2  0  0  0  0
    5  2.0273322224651830e-20   0  3  2  0  0  0  0
    5  2.3108281383121629e-19   1  0  4  0  0  0  0
    5 -1.2237881301278337e-18   0  1  4  0  0  0  0
    5  8.0610437880242374e-19   3  0  1  1  0  0  0
    5  3.3389904716376318e-18   2  1  1  1  0  0  0
    5 -3.3389904716376318e-18   1  2  1  1  0  0  0
    5 -8.0610437880242374e-19   0  3  1  1  0  0  0
    5  2.7015016813598294e-20   1  0  3  1  0  0  0
    5 -5.3704156898102673e-18   0  1  3  1  0  0  0
    5 -2.0273322224651830e-20   3  0  0  2  0  0  0
    5  6.8626284556668681e-19   2  1  0  2  0  0  0
    5 -2.3469130256087803e-19   1  2  0  2  0  0  0
    5 -9.5393086530186915e-19   0  3  0  2  0  0  0
    5  3.4755559458347319e-19   1  0  2  2  0  0  0
    5 -3.4755559458347319e-19   0  1  2  2  0  0  0
    5  5.3704156898102680e-18   1  0  1  3  0  0  0
    5 -2.7015016813598300e-20   0  1  1  3  0  0  0
    5  1.2237881301278337e-18   1  0  0  4  0  0  0
    5 -2.3108281383121629e-19   0  1  0  4  0  0  0
    5 -2.9652443192380191e-18   4  0  0  0  1  0  0
    5  9.1269140680434020e-19   3  1  0  0  1  0  0
    5 -9.1269140680434020e-19   1  3  0  0  1  0  0
    5  2.9652443192380191e-18   0  4  0  0  1  0  0
    5 -3.4866285075991036e-18   2  0  2  0  1  0  0
    5 -4.4026027105161256e-18   1  1  2  0  1  0  0
    5 -3.8488075142949609e-18   0  2  2  0  1  0  0
    5 -7.1843216145250379e-19   0  0  4  0  1  0  0
    5 -2.5561627801639144e-18   2  0  1  1  1  0  0
    5  2.5561627801639144e-18   0  2  1  1  1  0  0
    5 -8.8745227669570637e-18   0  0  3  1  1  0  0
    5  3.8488075142949609e-18   2  0  0  2  1  0  0
    5  4.4026027105161256e-18   1  1  0  2  1  0  0
    5  3.4866285075991036e-18   0  2  0  2  1  0  0
    5  8.8745227669570637e-18   0  0  1  3  1  0  0
    5  7.1843216145250379e-19   0  0  0  4  1  0  0
    5 -1.8612334710177770e-17   3  0  0  0  2  0  0
    5  1.1565993961625336e-16   2  1  0  0  2  0  0
    5 -1.1565993961625336e-16   1  2  0  0  2  0  0
    5  1.8612334710177770e-17   0  3  0  0  2  0  0
    5  2.0553398839854710e-18   1  0  2  0  2  0  0
    5  2.7747777362096083e-16   0  1  2  0  2  0  0
    5 -4.6057125553012008e-17   1  0  1  1  2  0  0
    5  4.6057125553012008e-17   0  1  1  1  2  0  0
    5 -2.7747777362096083e-16   1  0  0  2  2  0  0
    5 -2.0553398839854710e-18   0  1  0  2  2  0  0
    5  1.2221165570260566e-16   2  0  0  0  3  0  0
    5 -1.2221165570260566e-16   0  2  0  0  3  0  0
    5 -6.1742630549569010e-17   0  0  2  0  3  0  0
    5  6.1742630549569010e-17   0  0  0  2  3  0  0
    6  4.5148566793169512e-23   6  0  0  0  0  0  0
    6  4.7963857987514133e-21   5  1  0  0  0  0  0
    6 -6.9811849516723133e-22   4  2  0  0  0  0  0
    6  6.9811849516723133e-22   2  4  0  0  0  0  0
    6 -4.7963857987514133e-21   1  5  0  0  0  0  0
    6 -4.5148566793169512e-23   0  6  0  0  0  0  0
    6 -5.6993576958553921e-21   4  0  2  0  0  0  0
    6  2.5119200554821794e-21   3  1  2  0  0  0  0
    6  3.8439090026715017e-21   2  2  2  0  0  0  0
    6 -1.8951103894461648e-21   1  3  2  0  0  0  0
    6 -6.9121778444914387e-22   0  4  2  0  0  0  0
    6  1.1810749094650424e-21   2  0  4  0  0  0  0
    6  6.8350456196636832e-21   1  1  4  0  0  0  0
    6  4.8088148631816936e-21   0  2  4  0  0  0  0
    6  5.9373845314213403e-22   0  0  6  0  0  0  0
    6 -4.1198141852190056e-21   4  0  1  1  0  0  0
    6 -2.0224379974329581e-22   3  1  1  1  0  0  0
    6  2.0224379974329581e-22   1  3  1  1  0  0  0
    6  4.1198141852190056e-21   0  4  1  1  0  0  0
    6  2.7016497944640338e-21   2  0  3  1  0  0  0
    6 -2.2072628700248264e-22   1  1  3  1  0  0  0
    6  5.9035138991589838e-21   0  2  3  1  0  0  0
    6  1.1466040376836402e-21   0  0  5  1  0  0  0
    6  6.9121778444914387e-22   4  0  0  2  0  0  0
    6  1.8951103894461648e-21   3  1  0  2  0  0  0
    6 -3.8439090026715017e-21   2  2  0  2  0  0  0
    6 -2.5119200554821794e-21   1  3  0  2  0  0  0
    6  5.6993576958553921e-21   0  4  0  2  0  0  0
    6 -4.1252828607612261e-20   2  0  2  2  0  0  0
    6  4.1252828607612261e-20   0  2  2  2  0  0  0
    6  1.2887082660830065e-21   0  0  4  2  0  0  0
    6 -5.9035138991589853e-21   2  0  1  3  0  0  0
    6  2.2072628700248269e-22   1  1  1  3  0  0  0
    6 -2.7016497944640345e-21   0  2  1  3  0  0  0
    6 -4.8088148631816936e-21   2  0  0  4  0  0  0
    6 -6.8350456196636832e-21   1  1  0  4  0  0  0
    6 -1.1810749094650424e-21   0  2  0  4  0  0  0
    6 -1.2887082660830065e-21   0  0  2  4  0  0  0
    6 -1.1466040376836402e-21   0  0  1  5  0  0  0
    6 -5.9373845314213403e-22   0  0  0  6  0  0  0
    6  7.0417430951044404e-20   5  0  0  0  1  0  0
    6 -6.6801723736307996e-20   4  1  0  0  1  0  0
    6  1.7749829905964537e-19   3  2  0  0  1  0  0
    6 -1.7749829905964537e-19   2  3  0  0  1  0  0
    6  6.6801723736307996e-20   1  4  0  0  1  0  0
    6 -7.0417430951044404e-20   0  5  0  0  1  0  0
    6  1.2137629376836706e-21   3  0  2  0  1  0  0
    6  4.3681848848109071e-20   2  1  2  0  1  0  0
    6 -2.2720580461505169e-19   1  2  2  0  1  0  0
    6 -7.1888616785258216e-21   0  3  2  0  1  0  0
    6  1.2505401922228603e-20   1  0  4  0  1  0  0
    6  1.2280284187972203e-20   0  1  4  0  1  0  0
    6  5.8666249009385384e-21   3  0  1  1  1  0  0
    6 -3.1476090308881660e-19   2  1  1  1  1  0  0
    6  3.1476090308881660e-19   1  2  1  1  1  0  0
    6 -5.8666249009385384e-21   0  3  1  1  1  0  0
    6  1.1456968464308312e-19   1  0  3  1  1  0  0
    6 -2.8053893927325533e-21   0  1  3  1  1  0  0
    6  7.1888616785258216e-21   3  0  0  2  1  0  0
    6  2.2720580461505169e-19   2  1  0  2  1  0  0
    6 -4.3681848848109071e-20   1  2  0  2  1  0  0
    6 -1.2137629376836706e-21   0  3  0  2  1  0  0
    6  1.2474244580519873e-19   1  0  2  2  1  0  0
    6 -1.2474244580519873e-19   0  1  2  2  1  0  0
    6  2.8053893927325536e-21   1  0  1  3  1  0  0
    6 -1.1456968464308315e-19   0  1  1  3  1  0  0
    6 -1.2280284187972203e-20   1  0  0  4  1  0  0
    6 -1.2505401922228603e-20   0  1  0  4  1  0  0
    6  2.1503009043851694e-19   4  0  0  0  2  0  0
    6 -4.0956311193594010e-19   3  1  0  0  2  0  0
    6  4.0956311193594010e-19   1  3  0  0  2  0  0
    6 -2.1503009043851694e-19   0  4  0  0  2  0  0
    6 -2.2922954981157608e-19   2  0  2  0  2  0  0
    6 -8.6057116062953426e-20   1  1  2  0  2  0  0
    6 -2.3386066187739449e-20   0  2  2  0  2  0  0
    6 -9.2099228571629834e-20   0  0  4  0  2  0  0
    6  1.6669755690629512e-18   2  0  1  1  2  0  0
    6 -1.6669755690629512e-18   0  2  1  1  2  0  0
    6  2.2948687983285519e-19   0  0  3  1  2  0  0
    6  2.3386066187739449e-20   2  0  0  2  2  0  0
    6  8.6057116062953426e-20   1  1  0  2  2  0  0
    6  2.2922954981157608e-19   0  2  0  2  2  0  0
    6 -2.2948687983285519e-19   0  0  1  3  2  0  0
    6  9.2099228571629834e-20   0  0  0  4  2  0  0
    6  7.5665558027031863e-20   3  0  0  0  3  0  0
    6 -1.1021280365600430e-18   2  1  0  0  3  0  0
    6  1.1021280365600430e-18   1  2  0  0  3  0  0
    6 -7.5665558027031863e-20   0  3  0  0  3  0  0
    6  2.7982871633196591e-19   1  0  2  0  3  0  0
    6 -2.9773141691834427e-18   0  1  2  0  3  0  0
    6 -3.9507841197062473e-18   1  0  1  1  3  0  0
    6  3.9507841197062473e-18   0  1  1  1  3  0  0
    6  2.9773141691834427e-18   1  0  0  2  3  0  0
    6 -2.7982871633196591e-19   0  1  0  2  3  0  0
    6 -8.3950769407329555e-18   2  0  0  0  4  0  0
    6  8.3950769407329555e-18   0  2  0  0  4  0  0
    6 -2.9287780194759798e-18   0  0  2  0  4  0  0
    6  2.9287780194759798e-18   0  0  0  2  4  0  0
    7 -6.6064015029059330e-24   7  0  0  0  0  0  0
    7 -9.0144247390123928e-24   6  1  0  0  0  0  0
    7  5.8448683076671007e-24   5  2  0  0  0  0  0
    7 -8.4824378915667663e-23   4  3  0  0  0  0  0
    7  8.4824378915667663e-23   3  4  0  0  0  0  0
    7 -5.8448683076671007e-24   2  5  0  0  0  0  0
    7  9.0144247390123928e-24   1  6  0  0  0  0  0
    7  6.6064015029059330e-24   0  7  0  0  0  0  0
    7  8.8355171310618736e-24   5  0  2  0  0  0  0
    7 -5.6778187776252026e-24   4  1  2  0  0  0  0
    7 -1.0544339377691726e-22   3  2  2  0  0  0  0
    7  2.2899914154501524e-23   2  3  2  0  0  0  0
    7  7.3711259766272816e-24   1  4  2  0  0  0  0
    7  1.8741025111858479e-24   0  5  2  0  0  0  0
    7 -8.6956521518963768e-24   3  0  4  0  0  0  0
    7  1.3021310283701169e-23   2  1  4  0  0  0  0
    7  1.7757792744350090e-23   1  2  4  0  0  0  0
    7 -4.9931135282799027e-24   0  3  4  0  0  0  0
    7 -8.7972785660721221e-25   1  0  6  0  0  0  0
    7 -1.2350528065753444e-24   0  1  6  0  0  0  0
    7 -2.4836396174619461e-23   5  0  1  1  0  0  0
    7  6.6911647707649106e-23   4  1  1  1  0  0  0
    7 -9.9031209707242643e-23   3  2  1  1  0  0  0
    7  9.9031209707242643e-23   2  3  1  1  0  0  0
    7 -6.6911647707649106e-23   1  4  1  1  0  0  0
    7  2.4836396174619461e-23   0  5  1  1  0  0  0
    7 -2.2282128536409405e-24   3  0  3  1  0  0  0
    7 -3.0347220426041394e-23   2  1  3  1  0  0  0
    7  4.0499820386343510e-23   1  2  3  1  0  0  0
    7 -5.1624049317459474e-24   0  3  3  1  0  0  0
    7 -1.9601341891480795e-24   1  0  5  1  0  0  0
    7 -6.3952507173517137e-24   0  1  5  1  0  0  0
    7 -1.8741025111858479e-24   5  0  0  2  0  0  0
    7 -7.3711259766272816e-24   4  1  0  2  0  0  0
    7 -2.2899914154501524e-23   3  2  0  2  0  0  0
    7  1.0544339377691726e-22   2  3  0  2  0  0  0
    7  5.6778187776252026e-24   1  4  0  2  0  0  0
    7 -8.8355171310618736e-24   0  5  0  2  0  0  0
    7  2.7591432519738298e-24   3  0  2  2  0  0  0
    7  2.5713656071407025e-22   2  1  2  2  0  0  0
    7 -2.5713656071407025e-22   1  2  2  2  0  0  0
    7 -2.7591432519738298e-24   0  3  2  2  0  0  0
    7 -4.7665669907542700e-23   1  0  4  2  0  0  0
    7 -1.3653363464712055e-23   0  1  4  2  0  0  0
    7  5.1624049317459488e-24   3  0  1  3  0  0  0
    7 -4.0499820386343522e-23   2  1  1  3  0  0  0
    7  3.0347220426041400e-23   1  2  1  3  0  0  0
    7  2.2282128536409413e-24   0  3  1  3  0  0  0
    7 -2.7082159461907608e-23   1  0  3  3  0  0  0
    7  2.7082159461907608e-23   0  1  3  3  0  0  0
    7  4.9931135282799027e-24   3  0  0  4  0  0  0
    7 -1.7757792744350090e-23   2  1  0  4  0  0  0
    7 -1.3021310283701169e-23   1  2  0  4  0  0  0
    7  8.6956521518963768e-24   0  3  0  4  0  0  0
    7  1.3653363464712055e-23   1  0  2  4  0  0  0
    7  4.7665669907542700e-23   0  1  2  4  0  0  0
    7  6.3952507173517137e-24   1  0  1  5  0  0  0
    7  1.9601341891480795e-24   0  1  1  5  0  0  0
    7  1.2350528065753444e-24   1  0  0  6  0  0  0
    7  8.7972785660721221e-25   0  1  0  6  0  0  0
    7 -4.9118642043978298e-23   6  0  0  0  1  0  0
    7  9.1874732599576509e-23   5  1  0  0  1  0  0
    7  8.6286317164553792e-23   4  2  0  0  1  0  0
    7 -8.6286317164553792e-23   2  4  0  0  1  0  0
    7 -9.1874732599576509e-23   1  5  0  0  1  0  0
    7  4.9118642043978298e-23   0  6  0  0  1  0  0
    7  6.8556113054601021e-23   4  0  2  0  1  0  0
    7  3.2881727558326048e-22   3  1  2  0  1  0  0
    7  5.9718972597459726e-23   2  2  2  0  1  0  0
    7  2.7651282158656373e-22   1  3  2  0  1  0  0
    7  1.6097221473612227e-22   0  4  2  0  1  0  0
    7 -1.0428691501766972e-23   2  0  4  0  1  0  0
    7  1.6492840015887120e-22   1  1  4  0  1  0  0
    7  2.7978031128995139e-23   0  2  4  0  1  0  0
    7 -1.6106354606583282e-24   0  0  6  0  1  0  0
    7 -1.7700002929038377e-22   4  0  1  1  1  0  0
    7 -7.4997549080551477e-22   3  1  1  1  1  0  0
    7  7.4997549080551477e-22   1  3  1  1  1  0  0
    7  1.7700002929038377e-22   0  4  1  1  1  0  0
    7  2.7468239515343302e-22   2  0  3  1  1  0  0
    7 -4.9457353364193039e-23   1  1  3  1  1  0  0
    7 -7.9207482826745957e-24   0  2  3  1  1  0  0
    7  4.3255430849260317e-23   0  0  5  1  1  0  0
    7 -1.6097221473612227e-22   4  0  0  2  1  0  0
    7 -2.7651282158656373e-22   3  1  0  2  1  0  0
    7 -5.9718972597459726e-23   2  2  0  2  1  0  0
    7 -3.2881727558326048e-22   1  3  0  2  1  0  0
    7 -6.8556113054601021e-23   0  4  0  2  1  0  0
    7 -4.2032023311514306e-23   2  0  2  2  1  0  0
    7  4.2032023311514306e-23   0  2  2  2  1  0  0
    7 -1.0801707622990577e-22   0  0  4  2  1  0  0
    7  7.9207482826745987e-24   2  0  1  3  1  0  0
    7  4.9457353364193051e-23   1  1  1  3  1  0  0
    7 -2.7468239515343307e-22   0  2  1  3  1  0  0
    7 -2.7978031128995139e-23   2  0  0  4  1  0  0
    7 -1.6492840015887120e-22   1  1  0  4  1  0  0
    7  1.0428691501766972e-23   0  2  0  4  1  0  0
    7  1.0801707622990577e-22   0  0  2  4  1  0  0
    7 -4.3255430849260317e-23   0  0  1  5  1  0  0
    7  1.6106354606583282e-24   0  0  0  6  1  0  0
    7 -3.5039937069300114e-21   5  0  0  0  2  0  0
    7  4.8081661909096182e-21   4  1  0  0  2  0  0
    7 -1.8408437129343233e-20   3  2  0  0  2  0  0
    7  1.8408437129343233e-20   2  3  0  0  2  0  0
    7 -4.8081661909096182e-21   1  4  0  0  2  0  0
    7  3.5039937069300114e-21   0  5  0  0  2  0  0
    7  6.6403532289343072e-22   3  0  2  0  2  0  0
    7  6.9941096992988568e-22   2  1  2  0  2  0  0
    7 -5.4108453282529771e-22   1  2  2  0  2  0  0
    7 -2.7441083519836261e-22   0  3  2  0  2  0  0
    7 -2.9521303414730248e-23   1  0  4  0  2  0  0
    7  1.0178966277789787e-22   0  1  4  0  2  0  0
    7 -1.1002129327055797e-21   3  0  1  1  2  0  0
    7  1.4901346148925677e-20   2  1  1  1  2  0  0
    7 -1.4901346148925677e-20   1  2  1  1  2  0  0
    7  1.1002129327055797e-21   0  3  1  1  2  0  0
    7  2.4578106852313402e-21   1  0  3  1  2  0  0
    7  1.1534467734682039e-21   0  1  3  1  2  0  0
    7  2.7441083519836261e-22   3  0  0  2  2  0  0
    7  5.4108453282529771e-22   2  1  0  2  2  0  0
    7 -6.9941096992988568e-22   1  2  0  2  2  0  0
    7 -6.6403532289343072e-22   0  3  0  2  2  0  0
    7 -9.6085577252859116e-22   1  0  2  2  2  0  0
    7  9.6085577252859116e-22   0  1  2  2  2  0  0
    7 -1.1534467734682041e-21   1  0  1  3  2  0  0
    7 -2.4578106852313405e-21   0  1  1  3  2  0  0
    7 -1.0178966277789787e-22   1  0  0  4  2  0  0
    7  2.9521303414730248e-23   0  1  0  4  2  0  0
    7 -2.9578506256276968e-21   4  0  0  0  3  0  0
    7  1.4389322755331057e-20   3  1  0  0  3  0  0
    7 -1.4389322755331057e-20   1  3  0  0  3  0  0
    7  2.9578506256276968e-21   0  4  0  0  3  0  0
    7 -2.0881817506904901e-21   2  0  2  0  3  0  0
    7  9.3540816985402017e-21   1  1  2  0  3  0  0
    7 -1.2048929630786095e-21   0  2  2  0  3  0  0
    7 -1.9210311606686460e-22   0  0  4  0  3  0  0
    7 -3.0182911106011199e-20   2  0  1  1  3  0  0
    7  3.0182911106011199e-20   0  2  1  1  3  0  0
    7 -1.9196643730014748e-21   0  0  3  1  3  0  0
    7  1.2048929630786095e-21   2  0  0  2  3  0  0
    7 -9.3540816985402017e-21   1  1  0  2  3  0  0
    7  2.0881817506904901e-21   0  2  0  2  3  0  0
    7  1.9196643730014748e-21   0  0  1  3  3  0  0
    7  1.9210311606686460e-22   0  0  0  4  3  0  0
    7  1.9069617741999309e-21   3  0  0  0  4  0  0
    7  4.8625864286569700e-20   2  1  0  0  4  0  0
    7 -4.8625864286569700e-20   1  2  0  0  4  0  0
    7 -1.9069617741999309e-21   0  3  0  0  4  0  0
    7 -1.1112798009088613e-20   1  0  2  0  4  0  0
    7  7.4091110582510973e-20   0  1  2  0  4  0  0
    7 -2.8393720126623326e-20   1  0  1  1  4  0  0
    7  2.8393720126623326e-20   0  1  1  1  4  0  0
    7 -7.4091110582510973e-20   1  0  0  2  4  0  0
    7  1.1112798009088613e-20   0  1  0  2  4  0  0
    7  3.2300157194170803e-19   2  0  0  0  5  0  0
    7 -3.2300157194170803e-19   0  2  0  0  5  0  0
    7  9.3933689736783905e-20   0  0  2  0  5  0  0
    7 -9.3933689736783905e-20   0  0  0  2  5  0  0
    8  1.5171435313095696e-25   6  2  0  0  0  0  0
    8 -1.5171435313095696e-25   2  6  0  0  0  0  0
    8  4.1946684139803290e-25   5  1  2  0  0  0  0
    8 -3.3474777700101781e-25   4  2  2  0  0  0  0
    8 -1.3439674427454098e-25   2  2  4  0  0  0  0
    8 -1.1994089695695745e-25   5  1  1  1  0  0  0
    8  1.7258082696284073e-25   4  2  1  1  0  0  0
    8 -1.7258082696284073e-25   2  4  1  1  0  0  0
    8  1.1994089695695745e-25   1  5  1  1  0  0  0
    8 -2.0008849915970980e-25   4  0  3  1  0  0  0
    8  1.2090021783753597e-25   2  2  3  1  0  0  0
    8  3.3474777700101781e-25   2  4  0  2  0  0  0
    8 -4.1946684139803290e-25   1  5  0  2  0  0  0
    8 -6.1721898789837594e-25   3  1  2  2  0  0  0
    8  6.1721898789837594e-25   1  3  2  2  0  0  0
    8  1.6472509718286279e-25   1  1  4  2  0  0  0
    8 -1.2145509453325068e-25   0  2  4  2  0  0  0
    8 -1.2090021783753602e-25   2  2  1  3  0  0  0
    8  2.0008849915970987e-25   0  4  1  3  0  0  0
    8 -1.0587245570500703e-25   2  0  3  3  0  0  0
    8  1.0587245570500703e-25   0  2  3  3  0  0  0
    8  1.3439674427454098e-25   2  2  0  4  0  0  0
    8  1.2145509453325068e-25   2  0  2  4  0  0  0
    8 -1.6472509718286279e-25   1  1  2  4  0  0  0
    8 -1.1261131569053881e-25   7  0  0  0  1  0  0
    8  1.2320208607189436e-24   6  1  0  0  1  0  0
    8 -3.2703470606471560e-24   5  2  0  0  1  0  0
    8  1.2708572788544397e-23   4  3  0  0  1  0  0
    8 -1.2708572788544397e-23   3  4  0  0  1  0  0
    8  3.2703470606471560e-24   2  5  0  0  1  0  0
    8 -1.2320208607189436e-24   1  6  0  0  1  0  0
    8  1.1261131569053881e-25   0  7  0  0  1  0  0
    8  4.4509362670552513e-25   5  0  2  0  1  0  0
    8 -3.8382020257547887e-25   4  1  2  0  1  0  0
    8 -1.1208083267455507e-24   3  2  2  0  1  0  0
    8 -1.1142763247570497e-24   2  3  2  0  1  0  0
    8  1.0736206463984816e-24   1  4  2  0  1  0  0
    8 -3.6351308867669168e-25   0  5  2  0  1  0  0
    8 -3.2847881660632951e-25   3  0  4  0  1  0  0
    8  5.8956655136295273e-25   2  1  4  0  1  0  0
    8  2.1844356937646400e-24   5  0  1  1  1  0  0
    8  1.6246961300600571e-24   4  1  1  1  1  0  0
    8  9.8338079394188047e-24   3  2  1  1  1  0  0
    8 -9.8338079394188047e-24   2  3  1  1  1  0  0
    8 -1.6246961300600571e-24   1  4  1  1  1  0  0
    8 -2.1844356937646400e-24   0  5  1  1  1  0  0
    8 -1.9616453104120465e-24   3  0  3  1  1  0  0
    8 -2.9783545750360223e-24   2  1  3  1  1  0  0
    8 -4.7523386595421265e-24   1  2  3  1  1  0  0
    8 -5.7260723586536843e-25   0  3  3  1  1  0  0
    8  2.0804327848310956e-25   1  0  5  1  1  0  0
    8 -7.1989157236165764e-25   0  1  5  1  1  0  0
    8  3.6351308867669168e-25   5  0  0  2  1  0  0
    8 -1.0736206463984816e-24   4  1  0  2  1  0  0
    8  1.1142763247570497e-24   3  2  0  2  1  0  0
    8  1.1208083267455507e-24   2  3  0  2  1  0  0
    8  3.8382020257547887e-25   1  4  0  2  1  0  0
    8 -4.4509362670552513e-25   0  5  0  2  1  0  0
    8 -2.5037063267314770e-24   3  0  2  2  1  0  0
    8 -4.3869262970812836e-24   2  1  2  2  1  0  0
    8  4.3869262970812836e-24   1  2  2  2  1  0  0
    8  2.5037063267314770e-24   0  3  2  2  1  0  0
    8 -3.6078163786239082e-25   1  0  4  2  1  0  0
    8  1.1979403451913018e-24   0  1  4  2  1  0  0
    8  5.7260723586536862e-25   3  0  1  3  1  0  0
    8  4.7523386595421280e-24   2  1  1  3  1  0  0
    8  2.9783545750360231e-24   1  2  1  3  1  0  0
    8  1.9616453104120473e-24   0  3  1  3  1  0  0
    8 -1.2552396887381838e-24   1  0  3  3  1  0  0
    8  1.2552396887381838e-24   0  1  3  3  1  0  0
    8 -5.8956655136295273e-25   1  2  0  4  1  0  0
    8  3.2847881660632951e-25   0  3  0  4  1  0  0
    8 -1.1979403451913018e-24   1  0  2  4  1  0  0
    8  3.6078163786239082e-25   0  1  2  4  1  0  0
    8  7.1989157236165764e-25   1  0  1  5  1  0  0
    8 -2.0804327848310956e-25   0  1  1  5  1  0  0
    8  1.7335500246394240e-24   6  0  0  0  2  0  0
    8 -2.1453194268564173e-23   5  1  0  0  2  0  0
    8  1.3969161499904802e-23   4  2  0  0  2  0  0
    8 -1.3969161499904802e-23   2  4  0  0  2  0  0
    8  2.1453194268564173e-23   1  5  0  0  2  0  0
    8 -1.7335500246394240e-24   0  6  0  0  2  0  0
    8  1.3740611344816879e-23   4  0  2  0  2  0  0
    8  1.0712093425050738e-23   3  1  2  0  2  0  0
    8 -7.8858754161250072e-24   2  2  2  0  2  0  0
    8 -6.1562101854391788e-24   1  3  2  0  2  0  0
    8 -3.4199074194136516e-24   0  4  2  0  2  0  0
    8  4.6077753950623472e-25   2  0  4  0  2  0  0
    8  3.6678913970947248e-24   1  1  4  0  2  0  0
    8  2.8405936438300892e-24   0  2  4  0  2  0  0
    8  2.2943830422373699e-24   4  0  1  1  2  0  0
    8  2.9100612613611904e-23   3  1  1  1  2  0  0
    8 -2.9100612613611904e-23   1  3  1  1  2  0  0
    8 -2.2943830422373699e-24   0  4  1  1  2  0  0
    8  1.6837943112006846e-23   2  0  3  1  2  0  0
    8 -1.1326494256219187e-23   1  1  3  1  2  0  0
    8  1.4417437036864037e-23   0  2  3  1  2  0  0
    8 -9.9640990194204806e-25   0  0  5  1  2  0  0
    8  3.4199074194136516e-24   4  0  0  2  2  0  0
    8  6.1562101854391788e-24   3  1  0  2  2  0  0
    8  7.8858754161250072e-24   2  2  0  2  2  0  0
    8 -1.0712093425050738e-23   1  3  0  2  2  0  0
    8 -1.3740611344816879e-23   0  4  0  2  2  0  0
    8 -2.2928807680580527e-23   2  0  2  2  2  0  0
    8  2.2928807680580527e-23   0  2  2  2  2  0  0
    8  4.0534195667689904e-24   0  0  4  2  2  0  0
    8 -1.4417437036864040e-23   2  0  1  3  2  0  0
    8  1.1326494256219190e-23   1  1  1  3  2  0  0
    8 -1.6837943112006852e-23   0  2  1  3  2  0  0
    8 -2.8405936438300892e-24   2  0  0  4  2  0  0
    8 -3.6678913970947248e-24   1  1  0  4  2  0  0
    8 -4.6077753950623472e-25   0  2  0  4  2  0  0
    8 -4.0534195667689904e-24   0  0  2  4  2  0  0
    8  9.9640990194204806e-25   0  0  1  5  2  0  0
    8  1.6277950860481268e-22   5  0  0  0  3  0  0
    8 -3.5842399523537956e-22   4  1  0  0  3  0  0
    8  1.3125024255411953e-21   3  2  0  0  3  0  0
    8 -1.3125024255411953e-21   2  3  0  0  3  0  0
    8  3.5842399523537956e-22   1  4  0  0  3  0  0
    8 -1.6277950860481268e-22   0  5  0  0  3  0  0
    8  2.6277481557683617e-23   3  0  2  0  3  0  0
    8  1.7921222908761727e-23   2  1  2  0  3  0  0
    8  2.2154049024672272e-22   1  2  2  0  3  0  0
    8  2.8941255281921123e-23   0  3  2  0  3  0  0
    8 -5.8212589860289276e-24   1  0  4  0  3  0  0
    8 -2.4575389991015125e-24   0  1  4  0  3  0  0
    8  1.8777050500910292e-22   3  0  1  1  3  0  0
    8 -1.1128331541740494e-21   2  1  1  1  3  0  0
    8  1.1128331541740494e-21   1  2  1  1  3  0  0
    8 -1.8777050500910292e-22   0  3  1  1  3  0  0
    8 -2.5112910079899607e-23   1  0  3  1  3  0  0
    8 -2.1459374529699547e-22   0  1  3  1  3  0  0
    8 -2.8941255281921123e-23   3  0  0  2  3  0  0
    8 -2.2154049024672272e-22   2  1  0  2  3  0  0
    8 -1.7921222908761727e-23   1  2  0  2  3  0  0
    8 -2.6277481557683617e-23   0  3  0  2  3  0  0
    8  3.5348276604381526e-22   1  0  2  2  3  0  0
    8 -3.5348276604381526e-22   0  1  2  2  3  0  0
    8  2.1459374529699551e-22   1  0  1  3  3  0  0
    8  2.5112910079899612e-23   0  1  1  3  3  0  0
    8  2.4575389991015125e-24   1  0  0  4  3  0  0
    8  5.8212589860289276e-24   0  1  0  4  3  0  0
    8  6.2457954764545745e-23   4  0  0  0  4  0  0
    8 -5.8979709778430874e-22   3  1  0  0  4  0  0
    8  5.8979709778430874e-22   1  3  0  0  4  0  0
    8 -6.2457954764545745e-23   0  4  0  0  4  0  0
    8 -6.0738896184194165e-23   2  0  2  0  4  0  0
    8  1.3027726569560557e-23   1  1  2  0  4  0  0
    8 -2.8128899202545299e-22   0  2  2  0  4  0  0
    8  2.8501448631271642e-24   0  0  4  0  4  0  0
    8  1.9998338592922027e-21   2  0  1  1  4  0  0
    8 -1.9998338592922027e-21   0  2  1  1  4  0  0
    8 -1.2445121742962906e-22   0  0  3  1  4  0  0
    8  2.8128899202545299e-22   2  0  0  2  4  0  0
    8 -1.3027726569560557e-23   1  1  0  2  4  0  0
    8  6.0738896184194165e-23   0  2  0  2  4  0  0
    8  1.2445121742962906e-22   0  0  1  3  4  0  0
    8 -2.8501448631271642e-24   0  0  0  4  4  0  0
    8 -1.5978080573002259e-21   3  0  0  0  5  0  0
    8  1.9677757748797843e-21   2  1  0  0  5  0  0
    8 -1.9677757748797843e-21   1  2  0  0  5  0  0
    8  1.5978080573002259e-21   0  3  0  0  5  0  0
    8  7.2120564023824934e-22   1  0  2  0  5  0  0
    8  7.2474222049806339e-22   0  1  2  0  5  0  0
    8 -5.1168654491931071e-21   1  0  1  1  5  0  0
    8  5.1168654491931071e-21   0  1  1  1  5  0  0
    8 -7.2474222049806339e-22   1  0  0  2  5  0  0
    8 -7.2120564023824934e-22   0  1  0  2  5  0  0
    8 -1.2365369542136918e-20   2  0  0  0  6  0  0
    8  1.2365369542136918e-20   0  2  0  0  6  0  0
    8 -1.6674844769819157e-21   0  0  2  0  6  0  0
    8  1.6674844769819157e-21   0  0  0  2  6  0  0
 -532  0.0000000000000000e+00   0  0  0  0  0  0  0
