
tpsa, NO = 8, NV = 7, INA = 48089
------------------------------------------------------------------

   |I|         a                i  i  i  i  i  i  i
                I                1  2  3  4  5  6  7

    2  1.4106330103109418e-25   1  1  0  0  0  0  0
    3 -3.3844144374653206e-07   3  0  0  0  0  0  0
    3 -2.1152826036706803e-07   2  1  0  0  0  0  0
    3 -2.1152826036706803e-07   1  2  0  0  0  0  0
    3 -3.3844144374653206e-07   0  3  0  0  0  0  0
    3 -6.5246225780005659e-07   1  0  2  0  0  0  0
    3 -2.6281581782340405e-07   0  1  2  0  0  0  0
    3 -1.6204210235818688e-07   1  0  1  1  0  0  0
    3 -1.6204210235818688e-07   0  1  1  1  0  0  0
    3 -2.6281581782340405e-07   1  0  0  2  0  0  0
    3 -6.5246225780005659e-07   0  1  0  2  0  0  0
    3 -3.6939718331220789e-07   2  0  0  0  1  0  0
    3 -2.2721852403683889e-06   1  1  0  0  1  0  0
    3 -3.6939718331220789e-07   0  2  0  0  1  0  0
    3 -9.7772156282736955e-07   0  0  2  0  1  0  0
    3 -2.1018477330210413e-06   0  0  1  1  1  0  0
    3 -9.7772156282736955e-07   0  0  0  2  1  0  0
    3  4.5115619746784938e-07   1  0  0  0  2  0  0
    3  4.5115619746784938e-07   0  1  0  0  2  0  0
    3 -4.9812134987889090e-07   0  0  0  0  3  0  0
    4 -1.1772656512681868e-07   4  0  0  0  0  0  0
    4  9.5054633521361662e-08   3  1  0  0  0  0  0
    4  4.8855344537663296e-07   2  2  0  0  0  0  0
    4  9.5054633521361662e-08   1  3  0  0  0  0  0
    4 -1.1772656512681868e-07   0  4  0  0  0  0  0
    4  8.9876450865192283e-08   2  0  2  0  0  0  0
    4  4.7634658829667341e-07   1  1  2  0  0  0  0
    4 -3.9441755027184968e-07   0  2  2  0  0  0  0
    4  3.3405178528722205e-08   0  0  4  0  0  0  0
    4  2.1347280836881928e-08   2  0  1  1  0  0  0
    4  4.3074554621827309e-07   1  1  1  1  0  0  0
    4  2.1347280836881928e-08   0  2  1  1  0  0  0
    4  3.8419203723790475e-07   0  0  3  1  0  0  0
    4 -3.9441755027184968e-07   2  0  0  2  0  0  0
    4  4.7634658829667341e-07   1  1  0  2  0  0  0
    4  8.9876450865192283e-08   0  2  0  2  0  0  0
    4  5.8241020757134754e-07   0  0  2  2  0  0  0
    4  3.8419203723790475e-07   0  0  1  3  0  0  0
    4  3.3405178528722205e-08   0  0  0  4  0  0  0
    4 -1.0203920066932818e-07   3  0  0  0  1  0  0
    4 -5.1050597524773648e-07   2  1  0  0  1  0  0
    4 -5.1050597524773648e-07   1  2  0  0  1  0  0
    4 -1.0203920066932818e-07   0  3  0  0  1  0  0
    4  5.2006184860627145e-07   1  0  2  0  1  0  0
    4 -1.2326718380712887e-07   0  1  2  0  1  0  0
    4 -7.5136137724031917e-08   1  0  1  1  1  0  0
    4 -7.5136137724031917e-08   0  1  1  1  1  0  0
    4 -1.2326718380712887e-07   1  0  0  2  1  0  0
    4  5.2006184860627145e-07   0  1  0  2  1  0  0
    4 -2.6362190264371290e-07   2  0  0  0  2  0  0
    4  2.3504537531308200e-06   1  1  0  0  2  0  0
    4 -2.6362190264371290e-07   0  2  0  0  2  0  0
    4 -4.3843934945031863e-07   0  0  2  0  2  0  0
    4  1.2106902323850100e-06   0  0  1  1  2  0  0
    4 -4.3843934945031863e-07   0  0  0  2  2  0  0
    4  2.9777249513807034e-07   1  0  0  0  3  0  0
    4  2.9777249513807034e-07   0  1  0  0  3  0  0
    4  1.8559677473811222e-06   0  0  0  0  4  0  0
    5  1.4089540033876666e-07   5  0  0  0  0  0  0
    5  3.2551976831397975e-08   4  1  0  0  0  0  0
    5  1.5984073451546555e-07   3  2  0  0  0  0  0
    5  1.5984073451546555e-07   2  3  0  0  0  0  0
    5  3.2551976831397975e-08   1  4  0  0  0  0  0
    5  1.4089540033876666e-07   0  5  0  0  0  0  0
    5 -7.2227496710680973e-08   3  0  2  0  0  0  0
    5 -1.1126204040578158e-07   2  1  2  0  0  0  0
    5  2.6825532881811094e-07   1  2  2  0  0  0  0
    5  9.2680779021745533e-08   0  3  2  0  0  0  0
    5 -5.0080352210212946e-08   1  0  4  0  0  0  0
    5  4.5163972266975852e-07   0  1  4  0  0  0  0
    5  2.5144704613713873e-07   3  0  1  1  0  0  0
    5  2.1731309295937281e-07   2  1  1  1  0  0  0
    5  2.1731309295937281e-07   1  2  1  1  0  0  0
    5  2.5144704613713873e-07   0  3  1  1  0  0  0
    5  1.8771052424480708e-08   1  0  3  1  0  0  0
    5  1.5019718687841037e-06   0  1  3  1  0  0  0
    5  9.2680779021745533e-08   3  0  0  2  0  0  0
    5  2.6825532881811094e-07   2  1  0  2  0  0  0
    5 -1.1126204040578158e-07   1  2  0  2  0  0  0
    5 -7.2227496710680973e-08   0  3  0  2  0  0  0
    5 -1.3989745694773416e-07   1  0  2  2  0  0  0
    5 -1.3989745694773416e-07   0  1  2  2  0  0  0
    5  1.5019718687841037e-06   1  0  1  3  0  0  0
    5  1.8771052424480708e-08   0  1  1  3  0  0  0
    5  4.5163972266975852e-07   1  0  0  4  0  0  0
    5 -5.0080352210212946e-08   0  1  0  4  0  0  0
    5 -1.5718104147291109e-07   4  0  0  0  1  0  0
    5 -1.5205216328052312e-08   3  1  0  0  1  0  0
    5  3.4454806482986380e-06   2  2  0  0  1  0  0
    5 -1.5205216328052312e-08   1  3  0  0  1  0  0
    5 -1.5718104147291109e-07   0  4  0  0  1  0  0
    5  1.6447713910078300e-07   2  0  2  0  1  0  0
    5 -1.2372063429969179e-07   1  1  2  0  1  0  0
    5  1.2131137814088973e-07   0  2  2  0  1  0  0
    5  4.3822565854037981e-08   0  0  4  0  1  0  0
    5  1.9277591637707876e-07   2  0  1  1  1  0  0
    5 -2.9343733998570872e-06   1  1  1  1  1  0  0
    5  1.9277591637707876e-07   0  2  1  1  1  0  0
    5  2.4043964842842640e-07   0  0  3  1  1  0  0
    5  1.2131137814088973e-07   2  0  0  2  1  0  0
    5 -1.2372063429969179e-07   1  1  0  2  1  0  0
    5  1.6447713910078300e-07   0  2  0  2  1  0  0
    5  2.3049740707660508e-06   0  0  2  2  1  0  0
    5  2.4043964842842640e-07   0  0  1  3  1  0  0
    5  4.3822565854037981e-08   0  0  0  4  1  0  0
    5  3.2327660773245188e-07   3  0  0  0  2  0  0
    5 -3.2439884933508525e-07   2  1  0  0  2  0  0
    5 -3.2439884933508525e-07   1  2  0  0  2  0  0
    5  3.2327660773245188e-07   0  3  0  0  2  0  0
    5 -3.2174965464813182e-07   1  0  2  0  2  0  0
    5 -1.7965721517135985e-06   0  1  2  0  2  0  0
    5 -1.7513245298574241e-07   1  0  1  1  2  0  0
    5 -1.7513245298574241e-07   0  1  1  1  2  0  0
    5 -1.7965721517135985e-06   1  0  0  2  2  0  0
    5 -3.2174965464813182e-07   0  1  0  2  2  0  0
    5  2.2377417198185930e-07   2  0  0  0  3  0  0
    5  1.6252147205551574e-06   1  1  0  0  3  0  0
    5  2.2377417198185930e-07   0  2  0  0  3  0  0
    5  3.0557698791884026e-08   0  0  2  0  3  0  0
    5 -7.9128198079420965e-07   0  0  1  1  3  0  0
    5  3.0557698791884026e-08   0  0  0  2  3  0  0
    5 -3.2211181436776644e-07   1  0  0  0  4  0  0
    5 -3.2211181436776644e-07   0  1  0  0  4  0  0
    5 -5.3473993547354919e-07   0  0  0  0  5  0  0
    6 -5.2629952582071287e-08   6  0  0  0  0  0  0
    6  2.1007050875020656e-07   5  1  0  0  0  0  0
    6  1.3425453197349756e-07   4  2  0  0  0  0  0
    6 -1.1991963130440169e-06   3  3  0  0  0  0  0
    6  1.3425453197349756e-07   2  4  0  0  0  0  0
    6  2.1007050875020656e-07   1  5  0  0  0  0  0
    6 -5.2629952582071287e-08   0  6  0  0  0  0  0
    6  1.1121385594293752e-07   4  0  2  0  0  0  0
    6 -1.7591038589252170e-07   3  1  2  0  0  0  0
    6 -1.9047558057177001e-07   2  2  2  0  0  0  0
    6  1.0542260342108715e-07   1  3  2  0  0  0  0
    6  4.1961768278678883e-08   0  4  2  0  0  0  0
    6 -1.0404057125002806e-09   2  0  4  0  0  0  0
    6  6.2766505388288585e-08   1  1  4  0  0  0  0
    6 -3.0119868027808838e-08   0  2  4  0  0  0  0
    6  1.0602256588660039e-08   0  0  6  0  0  0  0
    6 -9.7902733453496091e-08   4  0  1  1  0  0  0
    6  1.4315539406370385e-08   3  1  1  1  0  0  0
    6 -2.9996834732484639e-06   2  2  1  1  0  0  0
    6  1.4315539406370385e-08   1  3  1  1  0  0  0
    6 -9.7902733453496091e-08   0  4  1  1  0  0  0
    6  4.2978859767053696e-08   2  0  3  1  0  0  0
    6  5.9103949316466420e-07   1  1  3  1  0  0  0
    6 -6.1686124958744076e-07   0  2  3  1  0  0  0
    6  4.3947267719553356e-08   0  0  5  1  0  0  0
    6  4.1961768278678883e-08   4  0  0  2  0  0  0
    6  1.0542260342108715e-07   3  1  0  2  0  0  0
    6 -1.9047558057177001e-07   2  2  0  2  0  0  0
    6 -1.7591038589252170e-07   1  3  0  2  0  0  0
    6  1.1121385594293752e-07   0  4  0  2  0  0  0
    6 -1.1740747867097413e-06   2  0  2  2  0  0  0
    6  1.2450112784741607e-07   1  1  2  2  0  0  0
    6 -1.1740747867097413e-06   0  2  2  2  0  0  0
    6  9.5715948955907497e-08   0  0  4  2  0  0  0
    6 -6.1686124958744076e-07   2  0  1  3  0  0  0
    6  5.9103949316466420e-07   1  1  1  3  0  0  0
    6  4.2978859767053696e-08   0  2  1  3  0  0  0
    6 -5.2313054156875409e-07   0  0  3  3  0  0  0
    6 -3.0119868027808838e-08   2  0  0  4  0  0  0
    6  6.2766505388288585e-08   1  1  0  4  0  0  0
    6 -1.0404057125002806e-09   0  2  0  4  0  0  0
    6  9.5715948955907497e-08   0  0  2  4  0  0  0
    6  4.3947267719553356e-08   0  0  1  5  0  0  0
    6  1.0602256588660039e-08   0  0  0  6  0  0  0
    6  5.1638318324139012e-07   5  0  0  0  1  0  0
    6  3.9109114163482631e-07   4  1  0  0  1  0  0
    6  8.4346511530765987e-07   3  2  0  0  1  0  0
    6  8.4346511530765987e-07   2  3  0  0  1  0  0
    6  3.9109114163482631e-07   1  4  0  0  1  0  0
    6  5.1638318324139012e-07   0  5  0  0  1  0  0
    6  8.7925693009610542e-08   3  0  2  0  1  0  0
    6 -4.5070093962155312e-08   2  1  2  0  1  0  0
    6  1.7531038924393487e-06   1  2  2  0  1  0  0
    6 -1.2003768074816566e-08   0  3  2  0  1  0  0
    6  9.9324726753571672e-08   1  0  4  0  1  0  0
    6 -1.9774112808882854e-07   0  1  4  0  1  0  0
    6 -2.5373547583295022e-07   3  0  1  1  1  0  0
    6  1.2411594070851637e-07   2  1  1  1  1  0  0
    6  1.2411594070851637e-07   1  2  1  1  1  0  0
    6 -2.5373547583295022e-07   0  3  1  1  1  0  0
    6 -3.7284089358387316e-07   1  0  3  1  1  0  0
    6 -4.7116846065217003e-07   0  1  3  1  1  0  0
    6 -1.2003768074816566e-08   3  0  0  2  1  0  0
    6  1.7531038924393487e-06   2  1  0  2  1  0  0
    6 -4.5070093962155312e-08   1  2  0  2  1  0  0
    6  8.7925693009610542e-08   0  3  0  2  1  0  0
    6 -5.7862644859713363e-07   1  0  2  2  1  0  0
    6 -5.7862644859713363e-07   0  1  2  2  1  0  0
    6 -4.7116846065217003e-07   1  0  1  3  1  0  0
    6 -3.7284089358387316e-07   0  1  1  3  1  0  0
    6 -1.9774112808882854e-07   1  0  0  4  1  0  0
    6  9.9324726753571672e-08   0  1  0  4  1  0  0
    6 -1.0169281967034067e-08   4  0  0  0  2  0  0
    6  5.9480051430976912e-07   3  1  0  0  2  0  0
    6 -3.5463579670705419e-06   2  2  0  0  2  0  0
    6  5.9480051430976912e-07   1  3  0  0  2  0  0
    6 -1.0169281967034067e-08   0  4  0  0  2  0  0
    6  9.3727438523755097e-09   2  0  2  0  2  0  0
    6 -1.7932898104056749e-07   1  1  2  0  2  0  0
    6 -1.0778491239450518e-07   0  2  2  0  2  0  0
    6 -4.7194926751589278e-08   0  0  4  0  2  0  0
    6  6.7354949765665887e-07   2  0  1  1  2  0  0
    6  3.8069770556357393e-06   1  1  1  1  2  0  0
    6  6.7354949765665887e-07   0  2  1  1  2  0  0
    6 -1.0991354706559526e-06   0  0  3  1  2  0  0
    6 -1.0778491239450518e-07   2  0  0  2  2  0  0
    6 -1.7932898104056749e-07   1  1  0  2  2  0  0
    6  9.3727438523755097e-09   0  2  0  2  2  0  0
    6 -1.9583236371232031e-06   0  0  2  2  2  0  0
    6 -1.0991354706559526e-06   0  0  1  3  2  0  0
    6 -4.7194926751589278e-08   0  0  0  4  2  0  0
    6  1.1036823952899150e-07   3  0  0  0  3  0  0
    6 -5.4138953041472443e-07   2  1  0  0  3  0  0
    6 -5.4138953041472443e-07   1  2  0  0  3  0  0
    6  1.1036823952899150e-07   0  3  0  0  3  0  0
    6 -1.4430734388695938e-07   1  0  2  0  3  0  0
    6  6.8153937156038095e-07   0  1  2  0  3  0  0
    6  8.3871788285961359e-07   1  0  1  1  3  0  0
    6  8.3871788285961359e-07   0  1  1  1  3  0  0
    6  6.8153937156038095e-07   1  0  0  2  3  0  0
    6 -1.4430734388695938e-07   0  1  0  2  3  0  0
    6  1.1144846592805824e-07   2  0  0  0  4  0  0
    6 -2.0585402420117330e-06   1  1  0  0  4  0  0
    6  1.1144846592805824e-07   0  2  0  0  4  0  0
    6  4.3030375624377831e-07   0  0  2  0  4  0  0
    6  1.1540204747187670e-06   0  0  1  1  4  0  0
    6  4.3030375624377831e-07   0  0  0  2  4  0  0
    6 -1.8640568038234976e-07   1  0  0  0  5  0  0
    6 -1.8640568038234976e-07   0  1  0  0  5  0  0
    6  2.1987502936612870e-08   0  0  0  0  6  0  0
    7  2.4444329853141086e-08   7  0  0  0  0  0  0
    7 -7.3753646959713660e-08   6  1  0  0  0  0  0
    7 -1.7216682039980301e-07   5  2  0  0  0  0  0
    7 -2.4306752428550769e-07   4  3  0  0  0  0  0
    7 -2.4306752428550769e-07   3  4  0  0  0  0  0
    7 -1.7216682039980301e-07   2  5  0  0  0  0  0
    7 -7.3753646959713660e-08   1  6  0  0  0  0  0
    7  2.4444329853141086e-08   0  7  0  0  0  0  0
    7 -1.0842087426550020e-07   5  0  2  0  0  0  0
    7  1.5911339386310924e-08   4  1  2  0  0  0  0
    7  6.5814443328650861e-07   3  2  2  0  0  0  0
    7 -1.6896897092778825e-07   2  3  2  0  0  0  0
    7 -1.4784855377417116e-08   1  4  2  0  0  0  0
    7  3.3106729973181726e-08   0  5  2  0  0  0  0
    7  1.0698654735900570e-07   3  0  4  0  0  0  0
    7 -1.0148825262864430e-07   2  1  4  0  0  0  0
    7 -7.6820963259524458e-09   1  2  4  0  0  0  0
    7  1.0533077182948261e-07   0  3  4  0  0  0  0
    7 -6.7055853321718874e-08   1  0  6  0  0  0  0
    7  6.4062127375822820e-08   0  1  6  0  0  0  0
    7 -1.7159792832660722e-07   5  0  1  1  0  0  0
    7 -4.9138265136995438e-07   4  1  1  1  0  0  0
    7 -7.9774587918479494e-07   3  2  1  1  0  0  0
    7 -7.9774587918479494e-07   2  3  1  1  0  0  0
    7 -4.9138265136995438e-07   1  4  1  1  0  0  0
    7 -1.7159792832660722e-07   0  5  1  1  0  0  0
    7  1.1234241093140462e-07   3  0  3  1  0  0  0
    7  2.0960437596569317e-07   2  1  3  1  0  0  0
    7 -1.3956839118112202e-07   1  2  3  1  0  0  0
    7  2.4857162663445428e-07   0  3  3  1  0  0  0
    7 -9.1622628880580375e-08   1  0  5  1  0  0  0
    7  3.5618477071935458e-07   0  1  5  1  0  0  0
    7  3.3106729973181726e-08   5  0  0  2  0  0  0
    7 -1.4784855377417116e-08   4  1  0  2  0  0  0
    7 -1.6896897092778825e-07   3  2  0  2  0  0  0
    7  6.5814443328650861e-07   2  3  0  2  0  0  0
    7  1.5911339386310924e-08   1  4  0  2  0  0  0
    7 -1.0842087426550020e-07   0  5  0  2  0  0  0
    7  1.2309142434577410e-07   3  0  2  2  0  0  0
    7 -3.5656388669273200e-07   2  1  2  2  0  0  0
    7 -3.5656388669273200e-07   1  2  2  2  0  0  0
    7  1.2309142434577410e-07   0  3  2  2  0  0  0
    7  3.8745822159271280e-07   1  0  4  2  0  0  0
    7  7.3915169740105534e-07   0  1  4  2  0  0  0
    7  2.4857162663445428e-07   3  0  1  3  0  0  0
    7 -1.3956839118112202e-07   2  1  1  3  0  0  0
    7  2.0960437596569317e-07   1  2  1  3  0  0  0
    7  1.1234241093140462e-07   0  3  1  3  0  0  0
    7  2.7622363737139735e-07   1  0  3  3  0  0  0
    7  2.7622363737139735e-07   0  1  3  3  0  0  0
    7  1.0533077182948261e-07   3  0  0  4  0  0  0
    7 -7.6820963259524458e-09   2  1  0  4  0  0  0
    7 -1.0148825262864430e-07   1  2  0  4  0  0  0
    7  1.0698654735900570e-07   0  3  0  4  0  0  0
    7  7.3915169740105534e-07   1  0  2  4  0  0  0
    7  3.8745822159271280e-07   0  1  2  4  0  0  0
    7  3.5618477071935458e-07   1  0  1  5  0  0  0
    7 -9.1622628880580375e-08   0  1  1  5  0  0  0
    7  6.4062127375822820e-08   1  0  0  6  0  0  0
    7 -6.7055853321718874e-08   0  1  0  6  0  0  0
    7 -2.1326722286675731e-07   6  0  0  0  1  0  0
    7  9.6418871414495884e-07   5  1  0  0  1  0  0
    7  8.1982185674357851e-08   4  2  0  0  1  0  0
    7  1.2240854241811000e-06   3  3  0  0  1  0  0
    7  8.1982185674357851e-08   2  4  0  0  1  0  0
    7  9.6418871414495884e-07   1  5  0  0  1  0  0
    7 -2.1326722286675731e-07   0  6  0  0  1  0  0
    7 -1.4252570895308585e-07   4  0  2  0  1  0  0
    7  2.5749361154161651e-07   3  1  2  0  1  0  0
    7  8.3042127460563767e-07   2  2  2  0  1  0  0
    7 -1.7763700406845816e-07   1  3  2  0  1  0  0
    7  7.3880706143738160e-08   0  4  2  0  1  0  0
    7 -4.4599783831494567e-08   2  0  4  0  1  0  0
    7 -1.2495697473689091e-07   1  1  4  0  1  0  0
    7  8.9604360953040982e-08   0  2  4  0  1  0  0
    7 -7.7498308387091201e-09   0  0  6  0  1  0  0
    7 -6.3076020161272845e-08   4  0  1  1  1  0  0
    7 -1.4401969533358465e-06   3  1  1  1  1  0  0
    7  8.6806541442392919e-07   2  2  1  1  1  0  0
    7 -1.4401969533358465e-06   1  3  1  1  1  0  0
    7 -6.3076020161272845e-08   0  4  1  1  1  0  0
    7  8.4495229864993513e-08   2  0  3  1  1  0  0
    7  5.3683397616662715e-07   1  1  3  1  1  0  0
    7  6.5972084454412891e-07   0  2  3  1  1  0  0
    7  1.2409212668573514e-07   0  0  5  1  1  0  0
    7  7.3880706143738160e-08   4  0  0  2  1  0  0
    7 -1.7763700406845816e-07   3  1  0  2  1  0  0
    7  8.3042127460563767e-07   2  2  0  2  1  0  0
    7  2.5749361154161651e-07   1  3  0  2  1  0  0
    7 -1.4252570895308585e-07   0  4  0  2  1  0  0
    7 -1.0950656119885991e-07   2  0  2  2  1  0  0
    7  1.1888446219160211e-07   1  1  2  2  1  0  0
    7 -1.0950656119885991e-07   0  2  2  2  1  0  0
    7  6.1763568734675897e-07   0  0  4  2  1  0  0
    7  6.5972084454412891e-07   2  0  1  3  1  0  0
    7  5.3683397616662715e-07   1  1  1  3  1  0  0
    7  8.4495229864993513e-08   0  2  1  3  1  0  0
    7  1.1780379751284168e-06   0  0  3  3  1  0  0
    7  8.9604360953040982e-08   2  0  0  4  1  0  0
    7 -1.2495697473689091e-07   1  1  0  4  1  0  0
    7 -4.4599783831494567e-08   0  2  0  4  1  0  0
    7  6.1763568734675897e-07   0  0  2  4  1  0  0
    7  1.2409212668573514e-07   0  0  1  5  1  0  0
    7 -7.7498308387091201e-09   0  0  0  6  1  0  0
    7 -2.1700093902005723e-07   5  0  0  0  2  0  0
    7 -3.8049950067519208e-07   4  1  0  0  2  0  0
    7  4.6309715898267429e-07   3  2  0  0  2  0  0
    7  4.6309715898267429e-07   2  3  0  0  2  0  0
    7 -3.8049950067519208e-07   1  4  0  0  2  0  0
    7 -2.1700093902005723e-07   0  5  0  0  2  0  0
    7 -3.4552064008538731e-07   3  0  2  0  2  0  0
    7  5.4822196970138358e-07   2  1  2  0  2  0  0
    7 -1.3121422697325025e-07   1  2  2  0  2  0  0
    7  1.0994081901640125e-07   0  3  2  0  2  0  0
    7  1.2345602644206152e-08   1  0  4  0  2  0  0
    7  5.3341268643701782e-08   0  1  4  0  2  0  0
    7  2.6468784242211996e-07   3  0  1  1  2  0  0
    7  6.8945613831291234e-07   2  1  1  1  2  0  0
    7  6.8945613831291234e-07   1  2  1  1  2  0  0
    7  2.6468784242211996e-07   0  3  1  1  2  0  0
    7  1.2496913142046457e-07   1  0  3  1  2  0  0
    7 -6.8448325755167543e-07   0  1  3  1  2  0  0
    7  1.0994081901640125e-07   3  0  0  2  2  0  0
    7 -1.3121422697325025e-07   2  1  0  2  2  0  0
    7  5.4822196970138358e-07   1  2  0  2  2  0  0
    7 -3.4552064008538731e-07   0  3  0  2  2  0  0
    7  2.9362263924966920e-07   1  0  2  2  2  0  0
    7  2.9362263924966920e-07   0  1  2  2  2  0  0
    7 -6.8448325755167543e-07   1  0  1  3  2  0  0
    7  1.2496913142046457e-07   0  1  1  3  2  0  0
    7  5.3341268643701782e-08   1  0  0  4  2  0  0
    7  1.2345602644206152e-08   0  1  0  4  2  0  0
    7 -1.3538366359856262e-07   4  0  0  0  3  0  0
    7 -7.8773014547203206e-07   3  1  0  0  3  0  0
    7  1.7037429586719284e-06   2  2  0  0  3  0  0
    7 -7.8773014547203206e-07   1  3  0  0  3  0  0
    7 -1.3538366359856262e-07   0  4  0  0  3  0  0
    7  3.9277566885647925e-08   2  0  2  0  3  0  0
    7 -1.0085210398306625e-06   1  1  2  0  3  0  0
    7 -2.7474595494015314e-07   0  2  2  0  3  0  0
    7  7.5123819896981395e-09   0  0  4  0  3  0  0
    7  1.6474356593818022e-07   2  0  1  1  3  0  0
    7 -1.9025863637024825e-06   1  1  1  1  3  0  0
    7  1.6474356593818022e-07   0  2  1  1  3  0  0
    7  2.3137977388168869e-07   0  0  3  1  3  0  0
    7 -2.7474595494015314e-07   2  0  0  2  3  0  0
    7 -1.0085210398306625e-06   1  1  0  2  3  0  0
    7  3.9277566885647925e-08   0  2  0  2  3  0  0
    7  2.3050561832978942e-07   0  0  2  2  3  0  0
    7  2.3137977388168869e-07   0  0  1  3  3  0  0
    7  7.5123819896981395e-09   0  0  0  4  3  0  0
    7 -3.8469770368831684e-07   3  0  0  0  4  0  0
    7  9.4829968629474164e-07   2  1  0  0  4  0  0
    7  9.4829968629474164e-07   1  2  0  0  4  0  0
    7 -3.8469770368831684e-07   0  3  0  0  4  0  0
    7  4.3947471941558493e-09   1  0  2  0  4  0  0
    7 -3.7893948005636835e-07   0  1  2  0  4  0  0
    7 -7.2843917753826404e-07   1  0  1  1  4  0  0
    7 -7.2843917753826404e-07   0  1  1  1  4  0  0
    7 -3.7893948005636835e-07   1  0  0  2  4  0  0
    7  4.3947471941558493e-09   0  1  0  2  4  0  0
    7 -1.5408207331296757e-07   2  0  0  0  5  0  0
    7  2.4510640399656199e-06   1  1  0  0  5  0  0
    7 -1.5408207331296757e-07   0  2  0  0  5  0  0
    7 -3.1900777804434369e-07   0  0  2  0  5  0  0
    7 -6.8998143855642957e-07   0  0  1  1  5  0  0
    7 -3.1900777804434369e-07   0  0  0  2  5  0  0
    7  3.1268075280030489e-07   1  0  0  0  6  0  0
    7  3.1268075280030489e-07   0  1  0  0  6  0  0
    7  1.4274773559561315e-07   0  0  0  0  7  0  0
    8 -5.2556137950272989e-09   8  0  0  0  0  0  0
    8  4.6165251694128466e-08   7  1  0  0  0  0  0
    8 -1.8667005870714097e-07   6  2  0  0  0  0  0
    8 -8.5986162920115895e-08   5  3  0  0  0  0  0
    8 -3.8403965347865980e-07   4  4  0  0  0  0  0
    8 -8.5986162920115895e-08   3  5  0  0  0  0  0
    8 -1.8667005870714097e-07   2  6  0  0  0  0  0
    8  4.6165251694128466e-08   1  7  0  0  0  0  0
    8 -5.2556137950272989e-09   0  8  0  0  0  0  0
    8  8.3449148082008700e-08   6  0  2  0  0  0  0
    8 -5.9085837414727363e-11   5  1  2  0  0  0  0
    8  4.9361188914054808e-08   4  2  2  0  0  0  0
    8 -2.7279047742884106e-08   3  3  2  0  0  0  0
    8 -5.0864665028171073e-08   2  4  2  0  0  0  0
    8  2.4466688566481192e-08   1  5  2  0  0  0  0
    8  6.5242921351169577e-09   0  6  2  0  0  0  0
    8 -3.0385987794083420e-08   4  0  4  0  0  0  0
    8  8.6027935731730545e-08   3  1  4  0  0  0  0
    8  3.8114841751474660e-08   2  2  4  0  0  0  0
    8 -2.1623203419398028e-07   1  3  4  0  0  0  0
    8  1.6438906493156094e-09   0  4  4  0  0  0  0
    8 -3.8762051732775220e-09   2  0  6  0  0  0  0
    8 -8.4435667560073708e-08   1  1  6  0  0  0  0
    8  3.5990884647040525e-09   0  2  6  0  0  0  0
    8 -1.0078003330541797e-08   0  0  8  0  0  0  0
    8  6.2494776772487430e-08   6  0  1  1  0  0  0
    8 -5.9568414849434384e-07   5  1  1  1  0  0  0
    8 -2.2034974035959211e-07   4  2  1  1  0  0  0
    8 -2.1208006049909275e-06   3  3  1  1  0  0  0
    8 -2.2034974035959211e-07   2  4  1  1  0  0  0
    8 -5.9568414849434384e-07   1  5  1  1  0  0  0
    8  6.2494776772487430e-08   0  6  1  1  0  0  0
    8  1.4220313624303219e-07   4  0  3  1  0  0  0
    8 -9.1644917618857241e-09   3  1  3  1  0  0  0
    8 -5.1152504343840604e-07   2  2  3  1  0  0  0
    8 -2.6374350775899909e-08   1  3  3  1  0  0  0
    8 -1.1989907725490911e-07   0  4  3  1  0  0  0
    8 -1.0421429263943929e-08   2  0  5  1  0  0  0
    8 -1.5256977558459760e-07   1  1  5  1  0  0  0
    8  5.7800644480612868e-08   0  2  5  1  0  0  0
    8 -2.4223935078815269e-08   0  0  7  1  0  0  0
    8  6.5242921351169577e-09   6  0  0  2  0  0  0
    8  2.4466688566481192e-08   5  1  0  2  0  0  0
    8 -5.0864665028171073e-08   4  2  0  2  0  0  0
    8 -2.7279047742884106e-08   3  3  0  2  0  0  0
    8  4.9361188914054808e-08   2  4  0  2  0  0  0
    8 -5.9085837414727363e-11   1  5  0  2  0  0  0
    8  8.3449148082008700e-08   0  6  0  2  0  0  0
    8 -1.7645168191974176e-07   4  0  2  2  0  0  0
    8  1.6871619857412662e-07   3  1  2  2  0  0  0
    8 -1.9961506933813234e-06   2  2  2  2  0  0  0
    8  1.6871619857412662e-07   1  3  2  2  0  0  0
    8 -1.7645168191974176e-07   0  4  2  2  0  0  0
    8 -1.9777194401390925e-07   2  0  4  2  0  0  0
    8 -2.3356955599274106e-07   1  1  4  2  0  0  0
    8 -1.9979479328018499e-07   0  2  4  2  0  0  0
    8 -5.9492027313824860e-08   0  0  6  2  0  0  0
    8 -1.1989907725490911e-07   4  0  1  3  0  0  0
    8 -2.6374350775899909e-08   3  1  1  3  0  0  0
    8 -5.1152504343840604e-07   2  2  1  3  0  0  0
    8 -9.1644917618857241e-09   1  3  1  3  0  0  0
    8  1.4220313624303219e-07   0  4  1  3  0  0  0
    8 -3.6285847929484925e-07   2  0  3  3  0  0  0
    8 -9.7187778681390894e-07   1  1  3  3  0  0  0
    8 -3.6285847929484925e-07   0  2  3  3  0  0  0
    8 -4.8167448573258738e-08   0  0  5  3  0  0  0
    8  1.6438906493156094e-09   4  0  0  4  0  0  0
    8 -2.1623203419398028e-07   3  1  0  4  0  0  0
    8  3.8114841751474660e-08   2  2  0  4  0  0  0
    8  8.6027935731730545e-08   1  3  0  4  0  0  0
    8 -3.0385987794083420e-08   0  4  0  4  0  0  0
    8 -1.9979479328018499e-07   2  0  2  4  0  0  0
    8 -2.3356955599274106e-07   1  1  2  4  0  0  0
    8 -1.9777194401390925e-07   0  2  2  4  0  0  0
    8 -8.4902845774562115e-08   0  0  4  4  0  0  0
    8  5.7800644480612868e-08   2  0  1  5  0  0  0
    8 -1.5256977558459760e-07   1  1  1  5  0  0  0
    8 -1.0421429263943929e-08   0  2  1  5  0  0  0
    8 -4.8167448573258738e-08   0  0  3  5  0  0  0
    8  3.5990884647040525e-09   2  0  0  6  0  0  0
    8 -8.4435667560073708e-08   1  1  0  6  0  0  0
    8 -3.8762051732775220e-09   0  2  0  6  0  0  0
    8 -5.9492027313824860e-08   0  0  2  6  0  0  0
    8 -2.4223935078815269e-08   0  0  1  7  0  0  0
    8 -1.0078003330541797e-08   0  0  0  8  0  0  0
    8  1.1074396108631139e-07   7  0  0  0  1  0  0
    8 -3.9510245348121079e-07   6  1  0  0  1  0  0
    8  5.0660667091777004e-07   5  2  0  0  1  0  0
    8  3.7041217309163074e-07   4  3  0  0  1  0  0
    8  3.7041217309163074e-07   3  4  0  0  1  0  0
    8  5.0660667091777004e-07   2  5  0  0  1  0  0
    8 -3.9510245348121079e-07   1  6  0  0  1  0  0
    8  1.1074396108631139e-07   0  7  0  0  1  0  0
    8 -3.3686384234515436e-08   5  0  2  0  1  0  0
    8  4.0712869022483175e-07   4  1  2  0  1  0  0
    8 -4.5026035420525469e-07   3  2  2  0  1  0  0
    8  5.2356617596028238e-07   2  3  2  0  1  0  0
    8 -9.0607554700725949e-08   1  4  2  0  1  0  0
    8  4.5619494263331027e-08   0  5  2  0  1  0  0
    8 -2.2942356642676841e-08   3  0  4  0  1  0  0
    8 -3.0802404773451906e-08   2  1  4  0  1  0  0
    8  8.7371653309128918e-08   1  2  4  0  1  0  0
    8 -1.3569656693613712e-07   0  3  4  0  1  0  0
    8 -3.9890906898162337e-08   1  0  6  0  1  0  0
    8 -5.0014873224156924e-08   0  1  6  0  1  0  0
    8  9.6363405350495140e-08   5  0  1  1  1  0  0
    8  1.7857729705157633e-07   4  1  1  1  1  0  0
    8 -1.2399819761508852e-06   3  2  1  1  1  0  0
    8 -1.2399819761508852e-06   2  3  1  1  1  0  0
    8  1.7857729705157633e-07   1  4  1  1  1  0  0
    8  9.6363405350495140e-08   0  5  1  1  1  0  0
    8  2.3019820264838686e-07   3  0  3  1  1  0  0
    8  2.2005556338278155e-08   2  1  3  1  1  0  0
    8  1.1770194397003313e-06   1  2  3  1  1  0  0
    8 -5.8867745516776134e-08   0  3  3  1  1  0  0
    8 -8.0711723200849315e-08   1  0  5  1  1  0  0
    8  4.6753080087250674e-08   0  1  5  1  1  0  0
    8  4.5619494263331027e-08   5  0  0  2  1  0  0
    8 -9.0607554700725949e-08   4  1  0  2  1  0  0
    8  5.2356617596028238e-07   3  2  0  2  1  0  0
    8 -4.5026035420525469e-07   2  3  0  2  1  0  0
    8  4.0712869022483175e-07   1  4  0  2  1  0  0
    8 -3.3686384234515436e-08   0  5  0  2  1  0  0
    8 -1.9157027337700822e-08   3  0  2  2  1  0  0
    8 -1.8756122252981922e-07   2  1  2  2  1  0  0
    8 -1.8756122252981922e-07   1  2  2  2  1  0  0
    8 -1.9157027337700822e-08   0  3  2  2  1  0  0
    8 -5.3272014703336349e-07   1  0  4  2  1  0  0
    8  2.6135628399023559e-07   0  1  4  2  1  0  0
    8 -5.8867745516776134e-08   3  0  1  3  1  0  0
    8  1.1770194397003313e-06   2  1  1  3  1  0  0
    8  2.2005556338278155e-08   1  2  1  3  1  0  0
    8  2.3019820264838686e-07   0  3  1  3  1  0  0
    8 -6.0518042594609173e-07   1  0  3  3  1  0  0
    8 -6.0518042594609173e-07   0  1  3  3  1  0  0
    8 -1.3569656693613712e-07   3  0  0  4  1  0  0
    8  8.7371653309128918e-08   2  1  0  4  1  0  0
    8 -3.0802404773451906e-08   1  2  0  4  1  0  0
    8 -2.2942356642676841e-08   0  3  0  4  1  0  0
    8  2.6135628399023559e-07   1  0  2  4  1  0  0
    8 -5.3272014703336349e-07   0  1  2  4  1  0  0
    8  4.6753080087250674e-08   1  0  1  5  1  0  0
    8 -8.0711723200849315e-08   0  1  1  5  1  0  0
    8 -5.0014873224156924e-08   1  0  0  6  1  0  0
    8 -3.9890906898162337e-08   0  1  0  6  1  0  0
    8  6.5357819015819744e-08   6  0  0  0  2  0  0
    8 -3.2469180650802454e-07   5  1  0  0  2  0  0
    8  5.1861106212428800e-07   4  2  0  0  2  0  0
    8  2.1267705727526621e-07   3  3  0  0  2  0  0
    8  5.1861106212428800e-07   2  4  0  0  2  0  0
    8 -3.2469180650802454e-07   1  5  0  0  2  0  0
    8  6.5357819015819744e-08   0  6  0  0  2  0  0
    8  1.3949934340702037e-07   4  0  2  0  2  0  0
    8 -3.4575618502709761e-07   3  1  2  0  2  0  0
    8  1.7556771351101844e-07   2  2  2  0  2  0  0
    8  6.1909787298632523e-07   1  3  2  0  2  0  0
    8 -2.7254510929231444e-07   0  4  2  0  2  0  0
    8 -2.1999537637469770e-08   2  0  4  0  2  0  0
    8  1.9583986229077933e-07   1  1  4  0  2  0  0
    8 -2.4789258282636241e-08   0  2  4  0  2  0  0
    8 -2.8846788395594131e-08   0  0  6  0  2  0  0
    8  7.5888105918223586e-08   4  0  1  1  2  0  0
    8  2.5684176775251902e-07   3  1  1  1  2  0  0
    8  2.8815543900992879e-07   2  2  1  1  2  0  0
    8  2.5684176775251902e-07   1  3  1  1  2  0  0
    8  7.5888105918223586e-08   0  4  1  1  2  0  0
    8  1.3240164356885465e-08   2  0  3  1  2  0  0
    8  5.9507546894780518e-07   1  1  3  1  2  0  0
    8 -1.7237903285699619e-07   0  2  3  1  2  0  0
    8 -1.1699635406879378e-07   0  0  5  1  2  0  0
    8 -2.7254510929231444e-07   4  0  0  2  2  0  0
    8  6.1909787298632523e-07   3  1  0  2  2  0  0
    8  1.7556771351101844e-07   2  2  0  2  2  0  0
    8 -3.4575618502709761e-07   1  3  0  2  2  0  0
    8  1.3949934340702037e-07   0  4  0  2  2  0  0
    8  4.4536165493434519e-07   2  0  2  2  2  0  0
    8  1.4151160784383458e-06   1  1  2  2  2  0  0
    8  4.4536165493434519e-07   0  2  2  2  2  0  0
    8 -5.0010522549305617e-07   0  0  4  2  2  0  0
    8 -1.7237903285699619e-07   2  0  1  3  2  0  0
    8  5.9507546894780518e-07   1  1  1  3  2  0  0
    8  1.3240164356885465e-08   0  2  1  3  2  0  0
    8 -9.8803012891838121e-07   0  0  3  3  2  0  0
    8 -2.4789258282636241e-08   2  0  0  4  2  0  0
    8  1.9583986229077933e-07   1  1  0  4  2  0  0
    8 -2.1999537637469770e-08   0  2  0  4  2  0  0
    8 -5.0010522549305617e-07   0  0  2  4  2  0  0
    8 -1.1699635406879378e-07   0  0  1  5  2  0  0
    8 -2.8846788395594131e-08   0  0  0  6  2  0  0
    8 -2.0979116964557485e-07   5  0  0  0  3  0  0
    8 -2.5584202793256892e-07   4  1  0  0  3  0  0
    8 -5.2581055872665631e-07   3  2  0  0  3  0  0
    8 -5.2581055872665631e-07   2  3  0  0  3  0  0
    8 -2.5584202793256892e-07   1  4  0  0  3  0  0
    8 -2.0979116964557485e-07   0  5  0  0  3  0  0
    8 -5.2189551250126307e-08   3  0  2  0  3  0  0
    8 -3.2709512538282693e-07   2  1  2  0  3  0  0
    8 -8.1935813393488954e-07   1  2  2  0  3  0  0
    8 -2.2837924067999168e-08   0  3  2  0  3  0  0
    8 -3.9363162053678065e-08   1  0  4  0  3  0  0
    8  4.0389288931510353e-08   0  1  4  0  3  0  0
    8  9.4083461774451118e-08   3  0  1  1  3  0  0
    8 -1.6100742219610602e-07   2  1  1  1  3  0  0
    8 -1.6100742219610602e-07   1  2  1  1  3  0  0
    8  9.4083461774451118e-08   0  3  1  1  3  0  0
    8 -4.3712961927511195e-08   1  0  3  1  3  0  0
    8  4.2602704732980688e-07   0  1  3  1  3  0  0
    8 -2.2837924067999168e-08   3  0  0  2  3  0  0
    8 -8.1935813393488954e-07   2  1  0  2  3  0  0
    8 -3.2709512538282693e-07   1  2  0  2  3  0  0
    8 -5.2189551250126307e-08   0  3  0  2  3  0  0
    8  1.7694675375719836e-07   1  0  2  2  3  0  0
    8  1.7694675375719836e-07   0  1  2  2  3  0  0
    8  4.2602704732980688e-07   1  0  1  3  3  0  0
    8 -4.3712961927511195e-08   0  1  1  3  3  0  0
    8  4.0389288931510353e-08   1  0  0  4  3  0  0
    8 -3.9363162053678065e-08   0  1  0  4  3  0  0
    8  2.1185255036191740e-07   4  0  0  0  4  0  0
    8  3.5482723488924132e-07   3  1  0  0  4  0  0
    8 -1.8041656009063585e-06   2  2  0  0  4  0  0
    8  3.5482723488924132e-07   1  3  0  0  4  0  0
    8  2.1185255036191740e-07   0  4  0  0  4  0  0
    8 -6.2524088926293433e-08   2  0  2  0  4  0  0
    8  1.7415318165534384e-07   1  1  2  0  4  0  0
    8  8.4725848422954035e-08   0  2  2  0  4  0  0
    8  1.4850471235086184e-08   0  0  4  0  4  0  0
    8 -8.5376814401710932e-08   2  0  1  1  4  0  0
    8 -5.5515217733582416e-07   1  1  1  1  4  0  0
    8 -8.5376814401710932e-08   0  2  1  1  4  0  0
    8  2.1121034937014053e-07   0  0  3  1  4  0  0
    8  8.4725848422954035e-08   2  0  0  2  4  0  0
    8  1.7415318165534384e-07   1  1  0  2  4  0  0
    8 -6.2524088926293433e-08   0  2  0  2  4  0  0
    8  8.6170720784150715e-07   0  0  2  2  4  0  0
    8  2.1121034937014053e-07   0  0  1  3  4  0  0
    8  1.4850471235086184e-08   0  0  0  4  4  0  0
    8  3.2350852084699149e-07   3  0  0  0  5  0  0
    8 -4.8328176259368180e-07   2  1  0  0  5  0  0
    8 -4.8328176259368180e-07   1  2  0  0  5  0  0
    8  3.2350852084699149e-07   0  3  0  0  5  0  0
    8 -1.7741571181396652e-08   1  0  2  0  5  0  0
    8  2.6306749354620930e-07   0  1  2  0  5  0  0
    8  4.9353327645251319e-07   1  0  1  1  5  0  0
    8  4.9353327645251319e-07   0  1  1  1  5  0  0
    8  2.6306749354620930e-07   1  0  0  2  5  0  0
    8 -1.7741571181396652e-08   0  1  0  2  5  0  0
    8  2.0611452157138151e-07   2  0  0  0  6  0  0
    8 -1.8865207072936821e-06   1  1  0  0  6  0  0
    8  2.0611452157138151e-07   0  2  0  0  6  0  0
    8  1.6113512036581929e-07   0  0  2  0  6  0  0
    8  2.7254878193958290e-07   0  0  1  1  6  0  0
    8  1.6113512036581929e-07   0  0  0  2  6  0  0
    8 -3.6560466115753056e-07   1  0  0  0  7  0  0
    8 -3.6560466115753056e-07   0  1  0  0  7  0  0
    8 -1.5880327983711943e-07   0  0  0  0  8  0  0
 -659  0.0000000000000000e+00   0  0  0  0  0  0  0
