
tpsa, NO = 8, NV = 7, INA = 48092
------------------------------------------------------------------

   |I|         a                i  i  i  i  i  i  i
                I                1  2  3  4  5  6  7

    2 -3.2454682759546640e-06   1  1  0  0  0  0  0
    2 -3.5438205222072472e-05   0  0  1  1  0  0  0
    2  5.8639258748412526e-05   0  0  0  0  2  0  0
    3 -3.7268163548907659e-07   3  0  0  0  0  0  0
    3 -1.7221623019233437e-07   2  1  0  0  0  0  0
    3 -1.7221623019233437e-07   1  2  0  0  0  0  0
    3 -3.7268163548907659e-07   0  3  0  0  0  0  0
    3  3.5111695406073451e-06   1  0  2  0  0  0  0
    3  9.6037355385173021e-07   0  1  2  0  0  0  0
    3 -1.9481759224590689e-07   1  0  1  1  0  0  0
    3 -1.9481759224590689e-07   0  1  1  1  0  0  0
    3  9.6037355385173021e-07   1  0  0  2  0  0  0
    3  3.5111695406073451e-06   0  1  0  2  0  0  0
    3 -3.7370068188285572e-07   2  0  0  0  1  0  0
    3 -2.2721852403683313e-06   1  1  0  0  1  0  0
    3 -3.7370068188285572e-07   0  2  0  0  1  0  0
    3  2.9387527606402780e-06   0  0  2  0  1  0  0
    3 -2.1018477330210608e-06   0  0  1  1  1  0  0
    3  2.9387527606402780e-06   0  0  0  2  1  0  0
    3  2.8136097355047075e-20   1  0  0  0  2  0  0
    3  2.8136097355047075e-20   0  1  0  0  2  0  0
    3 -4.9812134987889291e-07   0  0  0  0  3  0  0
    4 -1.1328114772885527e-07   4  0  0  0  0  0  0
    4  5.7302396461114532e-08   3  1  0  0  0  0  0
    4  4.7898730532875265e-07   2  2  0  0  0  0  0
    4  5.7302396461114532e-08   1  3  0  0  0  0  0
    4 -1.1328114772885527e-07   0  4  0  0  0  0  0
    4 -2.9954178891842403e-07   2  0  2  0  0  0  0
    4 -1.3737353544530006e-06   1  1  2  0  0  0  0
    4  2.3415943178131146e-06   0  2  2  0  0  0  0
    4  5.4704469399915650e-07   0  0  4  0  0  0  0
    4 -2.1489422859140695e-07   2  0  1  1  0  0  0
    4 -4.3174200052366745e-07   1  1  1  1  0  0  0
    4 -2.1489422859140695e-07   0  2  1  1  0  0  0
    4 -1.4290897882174931e-06   0  0  3  1  0  0  0
    4  2.3415943178131146e-06   2  0  0  2  0  0  0
    4 -1.3737353544530006e-06   1  1  0  2  0  0  0
    4 -2.9954178891842403e-07   0  2  0  2  0  0  0
    4  4.1572544015004221e-07   0  0  2  2  0  0  0
    4 -1.4290897882174931e-06   0  0  1  3  0  0  0
    4  5.4704469399915650e-07   0  0  0  4  0  0  0
    4 -9.4162544381634117e-08   3  0  0  0  1  0  0
    4 -5.4648089297757556e-07   2  1  0  0  1  0  0
    4 -5.4648089297757556e-07   1  2  0  0  1  0  0
    4 -9.4162544381634117e-08   0  3  0  0  1  0  0
    4 -1.9149387834136242e-06   1  0  2  0  1  0  0
    4  4.6554493790173533e-07   0  1  2  0  1  0  0
    4 -1.1048654828716625e-06   1  0  1  1  1  0  0
    4 -1.1048654828716625e-06   0  1  1  1  1  0  0
    4  4.6554493790173533e-07   1  0  0  2  1  0  0
    4 -1.9149387834136242e-06   0  1  0  2  1  0  0
    4 -4.4302756462632805e-07   2  0  0  0  2  0  0
    4  2.2427791377186693e-06   1  1  0  0  2  0  0
    4 -4.4302756462632805e-07   0  2  0  0  2  0  0
    4  2.4635179838249948e-06   0  0  2  0  2  0  0
    4  1.3455271929725993e-07   0  0  1  1  2  0  0
    4  2.4635179838249948e-06   0  0  0  2  2  0  0
    4  5.1711908077419700e-21   1  0  0  0  3  0  0
    4  5.1711908077419700e-21   0  1  0  0  3  0  0
    4  1.9186714661249386e-06   0  0  0  0  4  0  0
    5  1.6617560296943398e-07   5  0  0  0  0  0  0
    5  5.9639517027136796e-08   4  1  0  0  0  0  0
    5  1.7639089520884426e-07   3  2  0  0  0  0  0
    5  1.7639089520884426e-07   2  3  0  0  0  0  0
    5  5.9639517027136796e-08   1  4  0  0  0  0  0
    5  1.6617560296943398e-07   0  5  0  0  0  0  0
    5  9.2597273306395457e-07   3  0  2  0  0  0  0
    5  5.4000658562641959e-07   2  1  2  0  0  0  0
    5 -1.0413003244216015e-06   1  2  2  0  0  0  0
    5 -2.0634726792981340e-07   0  3  2  0  0  0  0
    5  4.5780852864795321e-07   1  0  4  0  0  0  0
    5 -2.7340941839671265e-06   0  1  4  0  0  0  0
    5 -2.6781040241356261e-07   3  0  1  1  0  0  0
    5  5.7614531867228205e-07   2  1  1  1  0  0  0
    5  5.7614531867228205e-07   1  2  1  1  0  0  0
    5 -2.6781040241356261e-07   0  3  1  1  0  0  0
    5 -1.3213032005579761e-07   1  0  3  1  0  0  0
    5 -5.9949693079553921e-06   0  1  3  1  0  0  0
    5 -2.0634726792981340e-07   3  0  0  2  0  0  0
    5 -1.0413003244216015e-06   2  1  0  2  0  0  0
    5  5.4000658562641959e-07   1  2  0  2  0  0  0
    5  9.2597273306395457e-07   0  3  0  2  0  0  0
    5  7.2049128195810422e-07   1  0  2  2  0  0  0
    5  7.2049128195810422e-07   0  1  2  2  0  0  0
    5 -5.9949693079553921e-06   1  0  1  3  0  0  0
    5 -1.3213032005579761e-07   0  1  1  3  0  0  0
    5 -2.7340941839671265e-06   1  0  0  4  0  0  0
    5  4.5780852864795321e-07   0  1  0  4  0  0  0
    5 -2.3905329676375728e-07   4  0  0  0  1  0  0
    5  3.6798394604369452e-08   3  1  0  0  1  0  0
    5  3.5007865471580856e-06   2  2  0  0  1  0  0
    5  3.6798394604369452e-08   1  3  0  0  1  0  0
    5 -2.3905329676375728e-07   0  4  0  0  1  0  0
    5 -2.6755822376355987e-07   2  0  2  0  1  0  0
    5 -5.6514176401343244e-07   1  1  2  0  1  0  0
    5 -7.8748450317280561e-07   0  2  2  0  1  0  0
    5 -1.6284177158109326e-07   0  0  4  0  1  0  0
    5 -1.4610875541214655e-07   2  0  1  1  1  0  0
    5 -1.0988147359375830e-06   1  1  1  1  1  0  0
    5 -1.4610875541214655e-07   0  2  1  1  1  0  0
    5 -1.8542980263187474e-06   0  0  3  1  1  0  0
    5 -7.8748450317280561e-07   2  0  0  2  1  0  0
    5 -5.6514176401343244e-07   1  1  0  2  1  0  0
    5 -2.6755822376355987e-07   0  2  0  2  1  0  0
    5  3.8002368370095073e-06   0  0  2  2  1  0  0
    5 -1.8542980263187474e-06   0  0  1  3  1  0  0
    5 -1.6284177158109326e-07   0  0  0  4  1  0  0
    5  2.9470384585153364e-07   3  0  0  0  2  0  0
    5 -1.7209064858149812e-07   2  1  0  0  2  0  0
    5 -1.7209064858149812e-07   1  2  0  0  2  0  0
    5  2.9470384585153364e-07   0  3  0  0  2  0  0
    5 -2.0845416260520560e-07   1  0  2  0  2  0  0
    5  7.2436603491941220e-06   0  1  2  0  2  0  0
    5 -6.2866921349418743e-07   1  0  1  1  2  0  0
    5 -6.2866921349418743e-07   0  1  1  1  2  0  0
    5  7.2436603491941220e-06   1  0  0  2  2  0  0
    5 -2.0845416260520560e-07   0  1  0  2  2  0  0
    5  1.7641471021948642e-07   2  0  0  0  3  0  0
    5  1.3340452017804543e-06   1  1  0  0  3  0  0
    5  1.7641471021948642e-07   0  2  0  0  3  0  0
    5 -1.7106406868421081e-07   0  0  2  0  3  0  0
    5 -2.3921692630709396e-06   0  0  1  1  3  0  0
    5 -1.7106406868421081e-07   0  0  0  2  3  0  0
    5 -1.8318543642427405e-20   1  0  0  0  4  0  0
    5 -1.8318543642427405e-20   0  1  0  0  4  0  0
    5 -5.0891443228536747e-07   0  0  0  0  5  0  0
    6 -7.2309371652505596e-08   6  0  0  0  0  0  0
    6  2.3702469946595771e-07   5  1  0  0  0  0  0
    6  1.3051665827063524e-07   4  2  0  0  0  0  0
    6 -1.2254664258839789e-06   3  3  0  0  0  0  0
    6  1.3051665827063524e-07   2  4  0  0  0  0  0
    6  2.3702469946595771e-07   1  5  0  0  0  0  0
    6 -7.2309371652505596e-08   0  6  0  0  0  0  0
    6 -1.3804068348378845e-06   4  0  2  0  0  0  0
    6  7.4460283994287860e-07   3  1  2  0  0  0  0
    6  1.2940154866917357e-06   2  2  2  0  0  0  0
    6  4.3781826587106877e-08   1  3  2  0  0  0  0
    6 -8.8497371137966643e-08   0  4  2  0  0  0  0
    6  1.2940078431872115e-07   2  0  4  0  0  0  0
    6  2.6947402863289351e-06   1  1  4  0  0  0  0
    6  4.5592830419913117e-07   0  2  4  0  0  0  0
    6  4.7365933619542288e-07   0  0  6  0  0  0  0
    6 -2.0126999234322197e-08   4  0  1  1  0  0  0
    6  2.0784778826998134e-07   3  1  1  1  0  0  0
    6 -3.7669624118561951e-06   2  2  1  1  0  0  0
    6  2.0784778826998134e-07   1  3  1  1  0  0  0
    6 -2.0126999234322197e-08   0  4  1  1  0  0  0
    6 -2.0980467710991042e-07   2  0  3  1  0  0  0
    6 -8.1468939064794882e-07   1  1  3  1  0  0  0
    6  9.3264506724208125e-07   0  2  3  1  0  0  0
    6  7.7910514182026543e-07   0  0  5  1  0  0  0
    6 -8.8497371137966643e-08   4  0  0  2  0  0  0
    6  4.3781826587106877e-08   3  1  0  2  0  0  0
    6  1.2940154866917357e-06   2  2  0  2  0  0  0
    6  7.4460283994287860e-07   1  3  0  2  0  0  0
    6 -1.3804068348378845e-06   0  4  0  2  0  0  0
    6  1.1057046952767998e-06   2  0  2  2  0  0  0
    6  1.0304916260109983e-06   1  1  2  2  0  0  0
    6  1.1057046952767998e-06   0  2  2  2  0  0  0
    6  6.9548138628088714e-08   0  0  4  2  0  0  0
    6  9.3264506724208125e-07   2  0  1  3  0  0  0
    6 -8.1468939064794882e-07   1  1  1  3  0  0  0
    6 -2.0980467710991042e-07   0  2  1  3  0  0  0
    6 -1.1152243115944421e-06   0  0  3  3  0  0  0
    6  4.5592830419913117e-07   2  0  0  4  0  0  0
    6  2.6947402863289351e-06   1  1  0  4  0  0  0
    6  1.2940078431872115e-07   0  2  0  4  0  0  0
    6  6.9548138628088714e-08   0  0  2  4  0  0  0
    6  7.7910514182026543e-07   0  0  1  5  0  0  0
    6  4.7365933619542288e-07   0  0  0  6  0  0  0
    6  6.1219505807483897e-07   5  0  0  0  1  0  0
    6  5.5856429446288742e-07   4  1  0  0  1  0  0
    6  7.2805175370969202e-07   3  2  0  0  1  0  0
    6  7.2805175370969202e-07   2  3  0  0  1  0  0
    6  5.5856429446288742e-07   1  4  0  0  1  0  0
    6  6.1219505807483897e-07   0  5  0  0  1  0  0
    6  2.4557408007121829e-07   3  0  2  0  1  0  0
    6  1.2443698754354194e-06   2  1  2  0  1  0  0
    6 -6.2658589570916732e-06   1  2  2  0  1  0  0
    6 -3.8773142889425189e-07   0  3  2  0  1  0  0
    6  5.6085986128982416e-07   1  0  4  0  1  0  0
    6  1.0271088030426057e-06   0  1  4  0  1  0  0
    6  2.8135014370182620e-07   3  0  1  1  1  0  0
    6  6.7328620128804308e-07   2  1  1  1  1  0  0
    6  6.7328620128804308e-07   1  2  1  1  1  0  0
    6  2.8135014370182620e-07   0  3  1  1  1  0  0
    6  2.0657126362660218e-06   1  0  3  1  1  0  0
    6  4.8989182654625489e-07   0  1  3  1  1  0  0
    6 -3.8773142889425189e-07   3  0  0  2  1  0  0
    6 -6.2658589570916732e-06   2  1  0  2  1  0  0
    6  1.2443698754354194e-06   1  2  0  2  1  0  0
    6  2.4557408007121829e-07   0  3  0  2  1  0  0
    6  2.5168738155839462e-06   1  0  2  2  1  0  0
    6  2.5168738155839462e-06   0  1  2  2  1  0  0
    6  4.8989182654625489e-07   1  0  1  3  1  0  0
    6  2.0657126362660218e-06   0  1  1  3  1  0  0
    6  1.0271088030426057e-06   1  0  0  4  1  0  0
    6  5.6085986128982416e-07   0  1  0  4  1  0  0
    6  1.6920442948409794e-07   4  0  0  0  2  0  0
    6  6.7182493913784531e-07   3  1  0  0  2  0  0
    6 -3.3663585101597959e-06   2  2  0  0  2  0  0
    6  6.7182493913784531e-07   1  3  0  0  2  0  0
    6  1.6920442948409794e-07   0  4  0  0  2  0  0
    6 -8.5653718558683679e-08   2  0  2  0  2  0  0
    6  2.6100524035184168e-07   1  1  2  0  2  0  0
    6  1.0407720612910164e-06   0  2  2  0  2  0  0
    6 -1.1519317706827456e-06   0  0  4  0  2  0  0
    6 -8.1061097728333022e-07   2  0  1  1  2  0  0
    6  3.4132525453274910e-06   1  1  1  1  2  0  0
    6 -8.1061097728333022e-07   0  2  1  1  2  0  0
    6  7.2073474703493152e-07   0  0  3  1  2  0  0
    6  1.0407720612910164e-06   2  0  0  2  2  0  0
    6  2.6100524035184168e-07   1  1  0  2  2  0  0
    6 -8.5653718558683679e-08   0  2  0  2  2  0  0
    6  5.1034187898439108e-07   0  0  2  2  2  0  0
    6  7.2073474703493152e-07   0  0  1  3  2  0  0
    6 -1.1519317706827456e-06   0  0  0  4  2  0  0
    6  1.5751504155785977e-08   3  0  0  0  3  0  0
    6  3.5935804498806013e-07   2  1  0  0  3  0  0
    6  3.5935804498806013e-07   1  2  0  0  3  0  0
    6  1.5751504155785977e-08   0  3  0  0  3  0  0
    6  1.3272244328818687e-06   1  0  2  0  3  0  0
    6 -1.6046791011310834e-06   0  1  2  0  3  0  0
    6 -1.2685423262011922e-06   1  0  1  1  3  0  0
    6 -1.2685423262011922e-06   0  1  1  1  3  0  0
    6 -1.6046791011310834e-06   1  0  0  2  3  0  0
    6  1.3272244328818687e-06   0  1  0  2  3  0  0
    6  2.4475085127442103e-07   2  0  0  0  4  0  0
    6 -2.1201143419681045e-06   1  1  0  0  4  0  0
    6  2.4475085127442103e-07   0  2  0  0  4  0  0
    6 -2.7380520711874080e-07   0  0  2  0  4  0  0
    6  6.1644503311765587e-07   0  0  1  1  4  0  0
    6 -2.7380520711874080e-07   0  0  0  2  4  0  0
    6  2.1621165137578000e-21   1  0  0  0  5  0  0
    6  2.1621165137578000e-21   0  1  0  0  5  0  0
    6 -3.3498500812029642e-08   0  0  0  0  6  0  0
    7  4.1745103529645855e-08   7  0  0  0  0  0  0
    7 -3.6898092046695848e-08   6  1  0  0  0  0  0
    7 -2.6505349783050499e-07   5  2  0  0  0  0  0
    7 -1.8387084344949302e-07   4  3  0  0  0  0  0
    7 -1.8387084344949302e-07   3  4  0  0  0  0  0
    7 -2.6505349783050499e-07   2  5  0  0  0  0  0
    7 -3.6898092046695848e-08   1  6  0  0  0  0  0
    7  4.1745103529645855e-08   0  7  0  0  0  0  0
    7  8.9223074332294554e-07   5  0  2  0  0  0  0
    7 -7.6462261937747510e-07   4  1  2  0  0  0  0
    7 -3.7538559741390552e-06   3  2  2  0  0  0  0
    7  1.0785236528692673e-06   2  3  2  0  0  0  0
    7  2.3122544469633809e-07   1  4  2  0  0  0  0
    7 -6.9684834339359050e-08   0  5  2  0  0  0  0
    7 -7.5919481284317248e-07   3  0  4  0  0  0  0
    7 -6.3602198003778025e-09   2  1  4  0  0  0  0
    7  9.6454390593241954e-07   1  2  4  0  0  0  0
    7  1.5893345117419800e-07   0  3  4  0  0  0  0
    7 -3.4965247031786295e-07   1  0  6  0  0  0  0
    7  3.3375547015070307e-07   0  1  6  0  0  0  0
    7 -2.5342761160242167e-07   5  0  1  1  0  0  0
    7 -5.3135891852905610e-07   4  1  1  1  0  0  0
    7 -1.2870025553326444e-06   3  2  1  1  0  0  0
    7 -1.2870025553326444e-06   2  3  1  1  0  0  0
    7 -5.3135891852905610e-07   1  4  1  1  0  0  0
    7 -2.5342761160242167e-07   0  5  1  1  0  0  0
    7 -1.0699120910814797e-06   3  0  3  1  0  0  0
    7 -6.7166403429141432e-07   2  1  3  1  0  0  0
    7 -2.3665371293984982e-07   1  2  3  1  0  0  0
    7 -3.7323720294317393e-07   0  3  3  1  0  0  0
    7 -4.3430079443682695e-08   1  0  5  1  0  0  0
    7 -4.8681570971444091e-07   0  1  5  1  0  0  0
    7 -6.9684834339359050e-08   5  0  0  2  0  0  0
    7  2.3122544469633809e-07   4  1  0  2  0  0  0
    7  1.0785236528692673e-06   3  2  0  2  0  0  0
    7 -3.7538559741390552e-06   2  3  0  2  0  0  0
    7 -7.6462261937747510e-07   1  4  0  2  0  0  0
    7  8.9223074332294554e-07   0  5  0  2  0  0  0
    7 -1.4198184926093955e-08   3  0  2  2  0  0  0
    7 -3.4863345810053753e-07   2  1  2  2  0  0  0
    7 -3.4863345810053753e-07   1  2  2  2  0  0  0
    7 -1.4198184926093955e-08   0  3  2  2  0  0  0
    7 -9.6915799430437669e-07   1  0  4  2  0  0  0
    7 -1.6981413150324496e-06   0  1  4  2  0  0  0
    7 -3.7323720294317393e-07   3  0  1  3  0  0  0
    7 -2.3665371293984982e-07   2  1  1  3  0  0  0
    7 -6.7166403429141432e-07   1  2  1  3  0  0  0
    7 -1.0699120910814797e-06   0  3  1  3  0  0  0
    7 -1.2738558444044577e-06   1  0  3  3  0  0  0
    7 -1.2738558444044577e-06   0  1  3  3  0  0  0
    7  1.5893345117419800e-07   3  0  0  4  0  0  0
    7  9.6454390593241954e-07   2  1  0  4  0  0  0
    7 -6.3602198003778025e-09   1  2  0  4  0  0  0
    7 -7.5919481284317248e-07   0  3  0  4  0  0  0
    7 -1.6981413150324496e-06   1  0  2  4  0  0  0
    7 -9.6915799430437669e-07   0  1  2  4  0  0  0
    7 -4.8681570971444091e-07   1  0  1  5  0  0  0
    7 -4.3430079443682695e-08   0  1  1  5  0  0  0
    7  3.3375547015070307e-07   1  0  0  6  0  0  0
    7 -3.4965247031786295e-07   0  1  0  6  0  0  0
    7 -2.3586778728925654e-07   6  0  0  0  1  0  0
    7  1.0273246558982294e-06   5  1  0  0  1  0  0
    7  1.1860877811034011e-07   4  2  0  0  1  0  0
    7  1.1587972127622696e-06   3  3  0  0  1  0  0
    7  1.1860877811034011e-07   2  4  0  0  1  0  0
    7  1.0273246558982294e-06   1  5  0  0  1  0  0
    7 -2.3586778728925654e-07   0  6  0  0  1  0  0
    7 -1.7921764945358914e-07   4  0  2  0  1  0  0
    7  1.7633536995173033e-07   3  1  2  0  1  0  0
    7 -1.1440740210464996e-06   2  2  2  0  1  0  0
    7  7.9073198782543868e-07   1  3  2  0  1  0  0
    7 -3.4330100605291580e-07   0  4  2  0  1  0  0
    7 -2.9803713760645524e-07   2  0  4  0  1  0  0
    7  2.3488883856317690e-06   1  1  4  0  1  0  0
    7  3.1822939177453886e-07   0  2  4  0  1  0  0
    7 -1.4986614352727832e-07   0  0  6  0  1  0  0
    7  2.4224290004316005e-07   4  0  1  1  1  0  0
    7 -1.5482313410914898e-07   3  1  1  1  1  0  0
    7  1.1712340517179558e-06   2  2  1  1  1  0  0
    7 -1.5482313410914898e-07   1  3  1  1  1  0  0
    7  2.4224290004316005e-07   0  4  1  1  1  0  0
    7  7.5020242742385714e-07   2  0  3  1  1  0  0
    7 -1.4718298912490988e-06   1  1  3  1  1  0  0
    7 -2.2241326602829157e-06   0  2  3  1  1  0  0
    7  1.2021320425620636e-07   0  0  5  1  1  0  0
    7 -3.4330100605291580e-07   4  0  0  2  1  0  0
    7  7.9073198782543868e-07   3  1  0  2  1  0  0
    7 -1.1440740210464996e-06   2  2  0  2  1  0  0
    7  1.7633536995173033e-07   1  3  0  2  1  0  0
    7 -1.7921764945358914e-07   0  4  0  2  1  0  0
    7 -1.6480447441308749e-06   2  0  2  2  1  0  0
    7 -1.0104992238082297e-06   1  1  2  2  1  0  0
    7 -1.6480447441308749e-06   0  2  2  2  1  0  0
    7 -4.9348056443614026e-07   0  0  4  2  1  0  0
    7 -2.2241326602829157e-06   2  0  1  3  1  0  0
    7 -1.4718298912490988e-06   1  1  1  3  1  0  0
    7  7.5020242742385714e-07   0  2  1  3  1  0  0
    7  1.2083563926694378e-07   0  0  3  3  1  0  0
    7  3.1822939177453886e-07   2  0  0  4  1  0  0
    7  2.3488883856317690e-06   1  1  0  4  1  0  0
    7 -2.9803713760645524e-07   0  2  0  4  1  0  0
    7 -4.9348056443614026e-07   0  0  2  4  1  0  0
    7  1.2021320425620636e-07   0  0  1  5  1  0  0
    7 -1.4986614352727832e-07   0  0  0  6  1  0  0
    7 -3.5225693700874039e-07   5  0  0  0  2  0  0
    7 -3.4037703803669890e-07   4  1  0  0  2  0  0
    7  1.4619772184753732e-07   3  2  0  0  2  0  0
    7  1.4619772184753732e-07   2  3  0  0  2  0  0
    7 -3.4037703803669890e-07   1  4  0  0  2  0  0
    7 -3.5225693700874039e-07   0  5  0  0  2  0  0
    7  8.1425942142931225e-07   3  0  2  0  2  0  0
    7 -3.8045354234115378e-07   2  1  2  0  2  0  0
    7 -1.9106331338572977e-07   1  2  2  0  2  0  0
    7 -6.5440587685340641e-07   0  3  2  0  2  0  0
    7 -4.7203185860523642e-07   1  0  4  0  2  0  0
    7 -5.7803590772971895e-08   0  1  4  0  2  0  0
    7  4.3817205865081127e-07   3  0  1  1  2  0  0
    7  1.5385253553429911e-06   2  1  1  1  2  0  0
    7  1.5385253553429911e-06   1  2  1  1  2  0  0
    7  4.3817205865081127e-07   0  3  1  1  2  0  0
    7  8.5061633551083088e-07   1  0  3  1  2  0  0
    7  1.8256324930685681e-06   0  1  3  1  2  0  0
    7 -6.5440587685340641e-07   3  0  0  2  2  0  0
    7 -1.9106331338572977e-07   2  1  0  2  2  0  0
    7 -3.8045354234115378e-07   1  2  0  2  2  0  0
    7  8.1425942142931225e-07   0  3  0  2  2  0  0
    7  2.2151634034291767e-06   1  0  2  2  2  0  0
    7  2.2151634034291767e-06   0  1  2  2  2  0  0
    7  1.8256324930685681e-06   1  0  1  3  2  0  0
    7  8.5061633551083088e-07   0  1  1  3  2  0  0
    7 -5.7803590772971895e-08   1  0  0  4  2  0  0
    7 -4.7203185860523642e-07   0  1  0  4  2  0  0
    7  2.7132575210241007e-07   4  0  0  0  3  0  0
    7 -3.3535763132420953e-07   3  1  0  0  3  0  0
    7  2.3143316777854080e-06   2  2  0  0  3  0  0
    7 -3.3535763132420953e-07   1  3  0  0  3  0  0
    7  2.7132575210241007e-07   0  4  0  0  3  0  0
    7 -8.7933799377707508e-07   2  0  2  0  3  0  0
    7  1.4844487545352081e-06   1  1  2  0  3  0  0
    7 -7.8826721974402498e-08   0  2  2  0  3  0  0
    7  1.5166238510515749e-07   0  0  4  0  3  0  0
    7  1.7507493687148716e-06   2  0  1  1  3  0  0
    7 -2.9648249487621846e-06   1  1  1  1  3  0  0
    7  1.7507493687148716e-06   0  2  1  1  3  0  0
    7  7.5609768828908592e-08   0  0  3  1  3  0  0
    7 -7.8826721974402498e-08   2  0  0  2  3  0  0
    7  1.4844487545352081e-06   1  1  0  2  3  0  0
    7 -8.7933799377707508e-07   0  2  0  2  3  0  0
    7  3.3342203023066288e-07   0  0  2  2  3  0  0
    7  7.5609768828908592e-08   0  0  1  3  3  0  0
    7  1.5166238510515749e-07   0  0  0  4  3  0  0
    7 -2.4589318005736894e-07   3  0  0  0  4  0  0
    7  3.3814564723439612e-08   2  1  0  0  4  0  0
    7  3.3814564723439612e-08   1  2  0  0  4  0  0
    7 -2.4589318005736894e-07   0  3  0  0  4  0  0
    7 -1.7554612975560452e-08   1  0  2  0  4  0  0
    7  1.4806036416529477e-06   0  1  2  0  4  0  0
    7 -1.0294065663601564e-06   1  0  1  1  4  0  0
    7 -1.0294065663601564e-06   0  1  1  1  4  0  0
    7  1.4806036416529477e-06   1  0  0  2  4  0  0
    7 -1.7554612975560452e-08   0  1  0  2  4  0  0
    7 -1.6127658000604645e-07   2  0  0  0  5  0  0
    7  2.4210693662933593e-06   1  1  0  0  5  0  0
    7 -1.6127658000604645e-07   0  2  0  0  5  0  0
    7  3.1399455587671862e-07   0  0  2  0  5  0  0
    7 -2.6453802853972829e-07   0  0  1  1  5  0  0
    7  3.1399455587671862e-07   0  0  0  2  5  0  0
    7  1.5259181427780454e-20   1  0  0  0  6  0  0
    7  1.5259181427780454e-20   0  1  0  0  6  0  0
    7  1.3145142906880443e-07   0  0  0  0  7  0  0
    8 -5.7857441938449549e-09   8  0  0  0  0  0  0
    8  1.0922431684360457e-08   7  1  0  0  0  0  0
    8 -2.3206493280550178e-07   6  2  0  0  0  0  0
    8 -8.5062992514739073e-08   5  3  0  0  0  0  0
    8 -3.4748850171435472e-07   4  4  0  0  0  0  0
    8 -8.5062992514739073e-08   3  5  0  0  0  0  0
    8 -2.3206493280550178e-07   2  6  0  0  0  0  0
    8  1.0922431684360457e-08   1  7  0  0  0  0  0
    8 -5.7857441938449549e-09   0  8  0  0  0  0  0
    8 -1.1848255397148770e-06   6  0  2  0  0  0  0
    8  1.6676341612672682e-06   5  1  2  0  0  0  0
    8 -4.9763608419360572e-07   4  2  2  0  0  0  0
    8 -1.7776875237723391e-06   3  3  2  0  0  0  0
    8 -9.7289768801458518e-07   2  4  2  0  0  0  0
    8  1.9534784389399875e-07   1  5  2  0  0  0  0
    8  4.0720930530728030e-08   0  6  2  0  0  0  0
    8  4.6902823760991314e-07   4  0  4  0  0  0  0
    8  3.8031585750566232e-07   3  1  4  0  0  0  0
    8 -1.7256495502521564e-06   2  2  4  0  0  0  0
    8  1.3564788604474587e-06   1  3  4  0  0  0  0
    8  2.3532470069369285e-07   0  4  4  0  0  0  0
    8  2.4077044220997671e-09   2  0  6  0  0  0  0
    8 -3.1828567372940331e-07   1  1  6  0  0  0  0
    8 -1.0979877788107222e-06   0  2  6  0  0  0  0
    8 -6.7256470905139753e-08   0  0  8  0  0  0  0
    8  2.2850825745850508e-07   6  0  1  1  0  0  0
    8 -1.0826249319121553e-06   5  1  1  1  0  0  0
    8 -3.1652604814151369e-07   4  2  1  1  0  0  0
    8 -2.7768901221972083e-07   3  3  1  1  0  0  0
    8 -3.1652604814151369e-07   2  4  1  1  0  0  0
    8 -1.0826249319121553e-06   1  5  1  1  0  0  0
    8  2.2850825745850508e-07   0  6  1  1  0  0  0
    8 -5.7066711617561135e-07   4  0  3  1  0  0  0
    8 -1.3115240337903217e-06   3  1  3  1  0  0  0
    8  1.9052281678681651e-07   2  2  3  1  0  0  0
    8 -9.2475984037629251e-07   1  3  3  1  0  0  0
    8  4.2072498149799517e-07   0  4  3  1  0  0  0
    8  1.6259982904934227e-07   2  0  5  1  0  0  0
    8  8.5591273144883667e-07   1  1  5  1  0  0  0
    8 -1.1486106321219017e-06   0  2  5  1  0  0  0
    8  1.5796975635236861e-07   0  0  7  1  0  0  0
    8  4.0720930530728030e-08   6  0  0  2  0  0  0
    8  1.9534784389399875e-07   5  1  0  2  0  0  0
    8 -9.7289768801458518e-07   4  2  0  2  0  0  0
    8 -1.7776875237723391e-06   3  3  0  2  0  0  0
    8 -4.9763608419360572e-07   2  4  0  2  0  0  0
    8  1.6676341612672682e-06   1  5  0  2  0  0  0
    8 -1.1848255397148770e-06   0  6  0  2  0  0  0
    8  7.8249154384494676e-08   4  0  2  2  0  0  0
    8  6.5121146484931410e-07   3  1  2  2  0  0  0
    8 -1.6290560676731951e-06   2  2  2  2  0  0  0
    8  6.5121146484931410e-07   1  3  2  2  0  0  0
    8  7.8249154384494676e-08   0  4  2  2  0  0  0
    8  7.6857100579693476e-07   2  0  4  2  0  0  0
    8  2.0760784552797592e-07   1  1  4  2  0  0  0
    8 -3.1958503889913153e-07   0  2  4  2  0  0  0
    8  2.1382181175932562e-07   0  0  6  2  0  0  0
    8  4.2072498149799517e-07   4  0  1  3  0  0  0
    8 -9.2475984037629251e-07   3  1  1  3  0  0  0
    8  1.9052281678681651e-07   2  2  1  3  0  0  0
    8 -1.3115240337903217e-06   1  3  1  3  0  0  0
    8 -5.7066711617561135e-07   0  4  1  3  0  0  0
    8  6.6187053655890349e-07   2  0  3  3  0  0  0
    8 -6.4368047379777467e-06   1  1  3  3  0  0  0
    8  6.6187053655890349e-07   0  2  3  3  0  0  0
    8  5.7706391622478812e-08   0  0  5  3  0  0  0
    8  2.3532470069369285e-07   4  0  0  4  0  0  0
    8  1.3564788604474587e-06   3  1  0  4  0  0  0
    8 -1.7256495502521564e-06   2  2  0  4  0  0  0
    8  3.8031585750566232e-07   1  3  0  4  0  0  0
    8  4.6902823760991314e-07   0  4  0  4  0  0  0
    8 -3.1958503889913153e-07   2  0  2  4  0  0  0
    8  2.0760784552797592e-07   1  1  2  4  0  0  0
    8  7.6857100579693476e-07   0  2  2  4  0  0  0
    8  5.2894750300089042e-07   0  0  4  4  0  0  0
    8 -1.1486106321219017e-06   2  0  1  5  0  0  0
    8  8.5591273144883667e-07   1  1  1  5  0  0  0
    8  1.6259982904934227e-07   0  2  1  5  0  0  0
    8  5.7706391622478812e-08   0  0  3  5  0  0  0
    8 -1.0979877788107222e-06   2  0  0  6  0  0  0
    8 -3.1828567372940331e-07   1  1  0  6  0  0  0
    8  2.4077044220997671e-09   0  2  0  6  0  0  0
    8  2.1382181175932562e-07   0  0  2  6  0  0  0
    8  1.5796975635236861e-07   0  0  1  7  0  0  0
    8 -6.7256470905139753e-08   0  0  0  8  0  0  0
    8  1.7037922732780590e-07   7  0  0  0  1  0  0
    8 -3.8477497153974141e-07   6  1  0  0  1  0  0
    8  6.1550340978595918e-07   5  2  0  0  1  0  0
    8  4.2988816573874006e-07   4  3  0  0  1  0  0
    8  4.2988816573874006e-07   3  4  0  0  1  0  0
    8  6.1550340978595918e-07   2  5  0  0  1  0  0
    8 -3.8477497153974141e-07   1  6  0  0  1  0  0
    8  1.7037922732780590e-07   0  7  0  0  1  0  0
    8  8.7794632078758308e-07   5  0  2  0  1  0  0
    8 -3.3429893799177205e-06   4  1  2  0  1  0  0
    8 -1.3438081153113143e-06   3  2  2  0  1  0  0
    8 -2.3643500432700006e-06   2  3  2  0  1  0  0
    8  2.3497173991505647e-07   1  4  2  0  1  0  0
    8 -3.8982904419700268e-07   0  5  2  0  1  0  0
    8 -4.6098149276886203e-07   3  0  4  0  1  0  0
    8  7.8153496071277667e-07   2  1  4  0  1  0  0
    8  6.8074717439168659e-07   1  2  4  0  1  0  0
    8  1.2311562408178772e-07   0  3  4  0  1  0  0
    8 -2.9219477524940259e-07   1  0  6  0  1  0  0
    8 -7.0965518746058812e-08   0  1  6  0  1  0  0
    8 -2.0706380525950976e-09   5  0  1  1  1  0  0
    8 -3.7604438863215515e-07   4  1  1  1  1  0  0
    8 -4.0529880261742466e-07   3  2  1  1  1  0  0
    8 -4.0529880261742466e-07   2  3  1  1  1  0  0
    8 -3.7604438863215515e-07   1  4  1  1  1  0  0
    8 -2.0706380525950976e-09   0  5  1  1  1  0  0
    8 -2.2100111147370422e-06   3  0  3  1  1  0  0
    8 -1.7586778929076541e-06   2  1  3  1  1  0  0
    8 -6.3621649077522615e-06   1  2  3  1  1  0  0
    8  3.5720277529492899e-08   0  3  3  1  1  0  0
    8  9.2695794495271967e-07   1  0  5  1  1  0  0
    8 -2.2134254744215138e-08   0  1  5  1  1  0  0
    8 -3.8982904419700268e-07   5  0  0  2  1  0  0
    8  2.3497173991505647e-07   4  1  0  2  1  0  0
    8 -2.3643500432700006e-06   3  2  0  2  1  0  0
    8 -1.3438081153113143e-06   2  3  0  2  1  0  0
    8 -3.3429893799177205e-06   1  4  0  2  1  0  0
    8  8.7794632078758308e-07   0  5  0  2  1  0  0
    8 -6.7236395381098165e-07   3  0  2  2  1  0  0
    8 -2.6535535603530874e-06   2  1  2  2  1  0  0
    8 -2.6535535603530874e-06   1  2  2  2  1  0  0
    8 -6.7236395381098165e-07   0  3  2  2  1  0  0
    8  3.7904707132411108e-07   1  0  4  2  1  0  0
    8  2.3160793240106842e-06   0  1  4  2  1  0  0
    8  3.5720277529492899e-08   3  0  1  3  1  0  0
    8 -6.3621649077522615e-06   2  1  1  3  1  0  0
    8 -1.7586778929076541e-06   1  2  1  3  1  0  0
    8 -2.2100111147370422e-06   0  3  1  3  1  0  0
    8 -1.5910496466465267e-08   1  0  3  3  1  0  0
    8 -1.5910496466465267e-08   0  1  3  3  1  0  0
    8  1.2311562408178772e-07   3  0  0  4  1  0  0
    8  6.8074717439168659e-07   2  1  0  4  1  0  0
    8  7.8153496071277667e-07   1  2  0  4  1  0  0
    8 -4.6098149276886203e-07   0  3  0  4  1  0  0
    8  2.3160793240106842e-06   1  0  2  4  1  0  0
    8  3.7904707132411108e-07   0  1  2  4  1  0  0
    8 -2.2134254744215138e-08   1  0  1  5  1  0  0
    8  9.2695794495271967e-07   0  1  1  5  1  0  0
    8 -7.0965518746058812e-08   1  0  0  6  1  0  0
    8 -2.9219477524940259e-07   0  1  0  6  1  0  0
    8  1.3572423764649034e-07   6  0  0  0  2  0  0
    8 -4.2133154396942716e-07   5  1  0  0  2  0  0
    8  2.5773449116380834e-07   4  2  0  0  2  0  0
    8  3.7171820232274532e-08   3  3  0  0  2  0  0
    8  2.5773449116380834e-07   2  4  0  0  2  0  0
    8 -4.2133154396942716e-07   1  5  0  0  2  0  0
    8  1.3572423764649034e-07   0  6  0  0  2  0  0
    8  2.0785548399222402e-06   4  0  2  0  2  0  0
    8  1.3111404480302537e-06   3  1  2  0  2  0  0
    8  5.1844247409225873e-07   2  2  2  0  2  0  0
    8 -2.4937422499555525e-06   1  3  2  0  2  0  0
    8  2.0984945488500720e-07   0  4  2  0  2  0  0
    8  2.4346995170358107e-07   2  0  4  0  2  0  0
    8 -2.1609875425133920e-07   1  1  4  0  2  0  0
    8  4.5592704647482508e-07   0  2  4  0  2  0  0
    8  2.9853248871075682e-08   0  0  6  0  2  0  0
    8 -9.0614226484412285e-08   4  0  1  1  2  0  0
    8 -1.3637793095656187e-06   3  1  1  1  2  0  0
    8  2.2494941027249554e-06   2  2  1  1  2  0  0
    8 -1.3637793095656187e-06   1  3  1  1  2  0  0
    8 -9.0614226484412285e-08   0  4  1  1  2  0  0
    8  1.3873544067698920e-06   2  0  3  1  2  0  0
    8 -2.0226872627395071e-06   1  1  3  1  2  0  0
    8  1.3276715902025875e-06   0  2  3  1  2  0  0
    8 -1.7554884443508906e-07   0  0  5  1  2  0  0
    8  2.0984945488500720e-07   4  0  0  2  2  0  0
    8 -2.4937422499555525e-06   3  1  0  2  2  0  0
    8  5.1844247409225873e-07   2  2  0  2  2  0  0
    8  1.3111404480302537e-06   1  3  0  2  2  0  0
    8  2.0785548399222402e-06   0  4  0  2  2  0  0
    8 -1.4895845907728116e-06   2  0  2  2  2  0  0
    8  1.3572648034453893e-05   1  1  2  2  2  0  0
    8 -1.4895845907728116e-06   0  2  2  2  2  0  0
    8  8.6073044848076763e-08   0  0  4  2  2  0  0
    8  1.3276715902025875e-06   2  0  1  3  2  0  0
    8 -2.0226872627395071e-06   1  1  1  3  2  0  0
    8  1.3873544067698920e-06   0  2  1  3  2  0  0
    8 -1.2071450650678526e-06   0  0  3  3  2  0  0
    8  4.5592704647482508e-07   2  0  0  4  2  0  0
    8 -2.1609875425133920e-07   1  1  0  4  2  0  0
    8  2.4346995170358107e-07   0  2  0  4  2  0  0
    8  8.6073044848076763e-08   0  0  2  4  2  0  0
    8 -1.7554884443508906e-07   0  0  1  5  2  0  0
    8  2.9853248871075682e-08   0  0  0  6  2  0  0
    8 -1.4088796251483777e-07   5  0  0  0  3  0  0
    8  6.3212855394931162e-07   4  1  0  0  3  0  0
    8  7.2752561971647996e-08   3  2  0  0  3  0  0
    8  7.2752561971647996e-08   2  3  0  0  3  0  0
    8  6.3212855394931162e-07   1  4  0  0  3  0  0
    8 -1.4088796251483777e-07   0  5  0  0  3  0  0
    8  9.2125801462248327e-07   3  0  2  0  3  0  0
    8 -1.1356922597192266e-06   2  1  2  0  3  0  0
    8  6.4929564265856484e-06   1  2  2  0  3  0  0
    8 -1.9804334270736655e-07   0  3  2  0  3  0  0
    8 -6.9672751940199540e-07   1  0  4  0  3  0  0
    8 -4.1049624843928830e-07   0  1  4  0  3  0  0
    8  2.6059387847311562e-07   3  0  1  1  3  0  0
    8  1.8067008285313250e-06   2  1  1  1  3  0  0
    8  1.8067008285313250e-06   1  2  1  1  3  0  0
    8  2.6059387847311562e-07   0  3  1  1  3  0  0
    8 -1.4108179494225317e-06   1  0  3  1  3  0  0
    8 -7.8428451771744697e-06   0  1  3  1  3  0  0
    8 -1.9804334270736655e-07   3  0  0  2  3  0  0
    8  6.4929564265856484e-06   2  1  0  2  3  0  0
    8 -1.1356922597192266e-06   1  2  0  2  3  0  0
    8  9.2125801462248327e-07   0  3  0  2  3  0  0
    8  4.0292683236734688e-07   1  0  2  2  3  0  0
    8  4.0292683236734688e-07   0  1  2  2  3  0  0
    8 -7.8428451771744697e-06   1  0  1  3  3  0  0
    8 -1.4108179494225317e-06   0  1  1  3  3  0  0
    8 -4.1049624843928830e-07   1  0  0  4  3  0  0
    8 -6.9672751940199540e-07   0  1  0  4  3  0  0
    8 -1.6299303782883851e-07   4  0  0  0  4  0  0
    8  2.2198910530604807e-07   3  1  0  0  4  0  0
    8 -1.7697053624624643e-06   2  2  0  0  4  0  0
    8  2.2198910530604807e-07   1  3  0  0  4  0  0
    8 -1.6299303782883851e-07   0  4  0  0  4  0  0
    8  1.6652601942708935e-07   2  0  2  0  4  0  0
    8  3.3583447624507103e-07   1  1  2  0  4  0  0
    8 -2.6052160280378603e-07   0  2  2  0  4  0  0
    8 -2.5514824119016883e-07   0  0  4  0  4  0  0
    8 -3.3083286943239225e-07   2  0  1  1  4  0  0
    8 -5.1307363909047683e-06   1  1  1  1  4  0  0
    8 -3.3083286943239225e-07   0  2  1  1  4  0  0
    8 -1.8620857574293058e-07   0  0  3  1  4  0  0
    8 -2.6052160280378603e-07   2  0  0  2  4  0  0
    8  3.3583447624507103e-07   1  1  0  2  4  0  0
    8  1.6652601942708935e-07   0  2  0  2  4  0  0
    8  1.4403909825165820e-06   0  0  2  2  4  0  0
    8 -1.8620857574293058e-07   0  0  1  3  4  0  0
    8 -2.5514824119016883e-07   0  0  0  4  4  0  0
    8  3.0925204440030094e-07   3  0  0  0  5  0  0
    8 -2.4603765806198277e-08   2  1  0  0  5  0  0
    8 -2.4603765806198277e-08   1  2  0  0  5  0  0
    8  3.0925204440030094e-07   0  3  0  0  5  0  0
    8  3.7416916238012832e-07   1  0  2  0  5  0  0
    8  1.0184801597778392e-06   0  1  2  0  5  0  0
    8 -1.9409121052142550e-07   1  0  1  1  5  0  0
    8 -1.9409121052142550e-07   0  1  1  1  5  0  0
    8  1.0184801597778392e-06   1  0  0  2  5  0  0
    8  3.7416916238012832e-07   0  1  0  2  5  0  0
    8  1.5875557863521942e-07   2  0  0  0  6  0  0
    8 -1.6141773878157556e-06   1  1  0  0  6  0  0
    8  1.5875557863521942e-07   0  2  0  0  6  0  0
    8 -1.6491244186674137e-07   0  0  2  0  6  0  0
    8  8.3014247084855444e-08   0  0  1  1  6  0  0
    8 -1.6491244186674137e-07   0  0  0  2  6  0  0
    8 -1.1483828593855377e-20   1  0  0  0  7  0  0
    8 -1.1483828593855377e-20   0  1  0  0  7  0  0
    8 -1.0922303562721480e-07   0  0  0  0  8  0  0
 -661  0.0000000000000000e+00   0  0  0  0  0  0  0

tpsa, NO = 8, NV = 7, INA = 58472
------------------------------------------------------------------

   |I|         a                i  i  i  i  i  i  i
                I                1  2  3  4  5  6  7

    2 -1.0060018686376207e-10   1  1  0  0  0  0  0
    2 -1.0161332315740765e-09   0  0  1  1  0  0  0
    2  7.1833091966805356e-08   0  0  0  0  2  0  0
    3 -6.4316162134433871e-14   3  0  0  0  0  0  0
    3 -2.9720506535546242e-14   2  1  0  0  0  0  0
    3 -2.9720506535546242e-14   1  2  0  0  0  0  0
    3 -6.4316162134433871e-14   0  3  0  0  0  0  0
    3  5.6052042914446220e-13   1  0  2  0  0  0  0
    3  1.5331330211153804e-13   0  1  2  0  0  0  0
    3 -3.1100531930360110e-14   1  0  1  1  0  0  0
    3 -3.1100531930360110e-14   0  1  1  1  0  0  0
    3  1.5331330211153804e-13   1  0  0  2  0  0  0
    3  5.6052042914446220e-13   0  1  0  2  0  0  0
    3 -4.0542764036463220e-13   2  0  0  0  1  0  0
    3 -2.4650923724100903e-12   1  1  0  0  1  0  0
    3 -4.0542764036463220e-13   0  2  0  0  1  0  0
    3  2.9492394218721766e-12   0  0  2  0  1  0  0
    3 -2.1093479778298222e-12   0  0  1  1  1  0  0
    3  2.9492394218721766e-12   0  0  0  2  1  0  0
    3  1.9189367326764717e-25   1  0  0  0  2  0  0
    3  1.9189367326764717e-25   0  1  0  0  2  0  0
    3 -2.1356952876057538e-11   0  0  0  0  3  0  0
    4 -1.0884299376897270e-16   4  0  0  0  0  0  0
    4  5.5057390448522056e-17   3  1  0  0  0  0  0
    4  4.6022143432110231e-16   2  2  0  0  0  0  0
    4  5.5057390448522056e-17   1  3  0  0  0  0  0
    4 -1.0884299376897270e-16   0  4  0  0  0  0  0
    4 -2.6623047939748821e-16   2  0  2  0  0  0  0
    4 -1.2209656065080863e-15   1  1  2  0  0  0  0
    4  2.0811913424059677e-15   0  2  2  0  0  0  0
    4  4.4975984839727185e-16   0  0  4  0  0  0  0
    4 -1.9099636716539877e-16   2  0  1  1  0  0  0
    4 -3.8372902889603048e-16   1  1  1  1  0  0  0
    4 -1.9099636716539877e-16   0  2  1  1  0  0  0
    4 -1.1749445951042899e-15   0  0  3  1  0  0  0
    4  2.0811913424059677e-15   2  0  0  2  0  0  0
    4 -1.2209656065080863e-15   1  1  0  2  0  0  0
    4 -2.6623047939748821e-16   0  2  0  2  0  0  0
    4  3.4179403070320323e-16   0  0  2  2  0  0  0
    4 -1.1749445951042899e-15   0  0  1  3  0  0  0
    4  4.4975984839727185e-16   0  0  0  4  0  0  0
    4 -5.6875909976683832e-16   3  0  0  0  1  0  0
    4 -3.3008451796925609e-15   2  1  0  0  1  0  0
    4 -3.3008451796925609e-15   1  2  0  0  1  0  0
    4 -5.6875909976683832e-16   0  3  0  0  1  0  0
    4 -1.0699477871625360e-14   1  0  2  0  1  0  0
    4  2.6011733662041096e-15   0  1  2  0  1  0  0
    4 -6.1732959233478510e-15   1  0  1  1  1  0  0
    4 -6.1732959233478510e-15   0  1  1  1  1  0  0
    4  2.6011733662041096e-15   1  0  0  2  1  0  0
    4 -1.0699477871625360e-14   0  1  0  2  1  0  0
    4 -1.6822411651294799e-14   2  0  0  0  2  0  0
    4  8.5161639839412616e-14   1  1  0  0  2  0  0
    4 -1.6822411651294799e-14   0  2  0  0  2  0  0
    4  8.6530808514890868e-14   0  0  2  0  2  0  0
    4  4.7261500281770060e-15   0  0  1  1  2  0  0
    4  8.6530808514890868e-14   0  0  0  2  2  0  0
    4  2.8792063688537372e-12   0  0  0  0  4  0  0
    5  8.8893664782865505e-19   5  0  0  0  0  0  0
    5  3.1903451166640023e-19   4  1  0  0  0  0  0
    5  9.4358214017305002e-19   3  2  0  0  0  0  0
    5  9.4358214017305002e-19   2  3  0  0  0  0  0
    5  3.1903451166640023e-19   1  4  0  0  0  0  0
    5  8.8893664782865505e-19   0  5  0  0  0  0  0
    5  4.5820440802597986e-18   3  0  2  0  0  0  0
    5  2.6721456157607464e-18   2  1  2  0  0  0  0
    5 -5.1527262271545391e-18   1  2  2  0  0  0  0
    5 -1.0210800423539917e-18   0  3  2  0  0  0  0
    5  2.0955713893868109e-18   1  0  4  0  0  0  0
    5 -1.2515034537978797e-17   0  1  4  0  0  0  0
    5 -1.3252216023150491e-18   3  0  1  1  0  0  0
    5  2.8509729849781576e-18   2  1  1  1  0  0  0
    5  2.8509729849781576e-18   1  2  1  1  0  0  0
    5 -1.3252216023150491e-18   0  3  1  1  0  0  0
    5 -6.0481293172319700e-19   1  0  3  1  0  0  0
    5 -2.7441354574816167e-17   0  1  3  1  0  0  0
    5 -1.0210800423539917e-18   3  0  0  2  0  0  0
    5 -5.1527262271545391e-18   2  1  0  2  0  0  0
    5  2.6721456157607464e-18   1  2  0  2  0  0  0
    5  4.5820440802597986e-18   0  3  0  2  0  0  0
    5  3.2979746385089086e-18   1  0  2  2  0  0  0
    5  3.2979746385089086e-18   0  1  2  2  0  0  0
    5 -2.7441354574816167e-17   1  0  1  3  0  0  0
    5 -6.0481293172319700e-19   0  1  1  3  0  0  0
    5 -1.2515034537978797e-17   1  0  0  4  0  0  0
    5  2.0955713893868109e-18   0  1  0  4  0  0  0
    5 -8.0390664767415772e-18   4  0  0  0  1  0  0
    5  1.2374844625307188e-18   3  1  0  0  1  0  0
    5  1.1772711840614622e-16   2  2  0  0  1  0  0
    5  1.2374844625307188e-18   1  3  0  0  1  0  0
    5 -8.0390664767415772e-18   0  4  0  0  1  0  0
    5 -8.3231304896657401e-18   2  0  2  0  1  0  0
    5 -1.7580280586704611e-17   1  1  2  0  1  0  0
    5 -2.4496859735056756e-17   0  2  2  0  1  0  0
    5 -4.6858861727135253e-18   0  0  4  0  1  0  0
    5 -4.5451125361506294e-18   2  0  1  1  1  0  0
    5 -3.4181638308594910e-17   1  1  1  1  1  0  0
    5 -4.5451125361506294e-18   0  2  1  1  1  0  0
    5 -5.3358726064276241e-17   0  0  3  1  1  0  0
    5 -2.4496859735056756e-17   2  0  0  2  1  0  0
    5 -1.7580280586704611e-17   1  1  0  2  1  0  0
    5 -8.3231304896657401e-18   0  2  0  2  1  0  0
    5  1.0935447996346270e-16   0  0  2  2  1  0  0
    5 -5.3358726064276241e-17   0  0  1  3  1  0  0
    5 -4.6858861727135253e-18   0  0  0  4  1  0  0
    5  6.2302291540416939e-17   3  0  0  0  2  0  0
    5 -3.6381071744497357e-17   2  1  0  0  2  0  0
    5 -3.6381071744497357e-17   1  2  0  0  2  0  0
    5  6.2302291540416939e-17   0  3  0  0  2  0  0
    5 -4.0764892944689695e-17   1  0  2  0  2  0  0
    5  1.4165562105940787e-15   0  1  2  0  2  0  0
    5 -1.2294133571345070e-16   1  0  1  1  2  0  0
    5 -1.2294133571345070e-16   0  1  1  1  2  0  0
    5  1.4165562105940787e-15   1  0  0  2  2  0  0
    5 -4.0764892944689695e-17   0  1  0  2  2  0  0
    5  2.3445545825251838e-16   2  0  0  0  3  0  0
    5  1.7729484050614127e-15   1  1  0  0  3  0  0
    5  2.3445545825251838e-16   0  2  0  0  3  0  0
    5 -2.1030125592337035e-16   0  0  2  0  3  0  0
    5 -2.9408642286756026e-15   0  0  1  1  3  0  0
    5 -2.1030125592337035e-16   0  0  0  2  3  0  0
    5 -2.6729140198188047e-14   0  0  0  0  5  0  0
    6 -2.1535692673947751e-21   6  0  0  0  0  0  0
    6  7.0592386120628354e-21   5  1  0  0  0  0  0
    6  3.8871401826787488e-21   4  2  0  0  0  0  0
    6 -3.6497714925398685e-20   3  3  0  0  0  0  0
    6  3.8871401826787488e-21   2  4  0  0  0  0  0
    6  7.0592386120628354e-21   1  5  0  0  0  0  0
    6 -2.1535692673947751e-21   0  6  0  0  0  0  0
    6 -3.8030223270253367e-20   4  0  2  0  0  0  0
    6  2.0513816315621195e-20   3  1  2  0  0  0  0
    6  3.5650140691915456e-20   2  2  2  0  0  0  0
    6  1.2061897972873566e-21   1  3  2  0  0  0  0
    6 -2.4381035346022481e-21   0  4  2  0  0  0  0
    6  3.2977383870351236e-21   2  0  4  0  0  0  0
    6  6.8674610684189510e-20   1  1  4  0  0  0  0
    6  1.1619189778556677e-20   0  2  4  0  0  0  0
    6  1.1166135915340962e-20   0  0  6  0  0  0  0
    6 -5.5449904718226398e-22   4  0  1  1  0  0  0
    6  5.7262088209408543e-21   3  1  1  1  0  0  0
    6 -1.0377985529922963e-19   2  2  1  1  0  0  0
    6  5.7262088209408543e-21   1  3  1  1  0  0  0
    6 -5.5449904718226398e-22   0  4  1  1  0  0  0
    6 -5.3468063669592656e-21   2  0  3  1  0  0  0
    6 -2.0762103500336388e-20   1  1  3  1  0  0  0
    6  2.3768166908074900e-20   0  2  3  1  0  0  0
    6  1.8366773841689444e-20   0  0  5  1  0  0  0
    6 -2.4381035346022481e-21   4  0  0  2  0  0  0
    6  1.2061897972873566e-21   3  1  0  2  0  0  0
    6  3.5650140691915456e-20   2  2  0  2  0  0  0
    6  2.0513816315621195e-20   1  3  0  2  0  0  0
    6 -3.8030223270253367e-20   0  4  0  2  0  0  0
    6  2.8178537228632097e-20   2  0  2  2  0  0  0
    6  2.6261755757558118e-20   1  1  2  2  0  0  0
    6  2.8178537228632097e-20   0  2  2  2  0  0  0
    6  1.6395411411458163e-21   0  0  4  2  0  0  0
    6  2.3768166908074900e-20   2  0  1  3  0  0  0
    6 -2.0762103500336388e-20   1  1  1  3  0  0  0
    6 -5.3468063669592656e-21   0  2  1  3  0  0  0
    6 -2.6290511529616155e-20   0  0  3  3  0  0  0
    6  1.1619189778556677e-20   2  0  0  4  0  0  0
    6  6.8674610684189510e-20   1  1  0  4  0  0  0
    6  3.2977383870351236e-21   0  2  0  4  0  0  0
    6  1.6395411411458163e-21   0  0  2  4  0  0  0
    6  1.8366773841689444e-20   0  0  1  5  0  0  0
    6  1.1166135915340962e-20   0  0  0  6  0  0  0
    6  1.1462026588514651e-19   5  0  0  0  1  0  0
    6  1.0457906691801298e-19   4  1  0  0  1  0  0
    6  1.3631192295275057e-19   3  2  0  0  1  0  0
    6  1.3631192295275057e-19   2  3  0  0  1  0  0
    6  1.0457906691801298e-19   1  4  0  0  1  0  0
    6  1.1462026588514651e-19   0  5  0  0  1  0  0
    6  4.2531591577896846e-20   3  0  2  0  1  0  0
    6  2.1551554340958532e-19   2  1  2  0  1  0  0
    6 -1.0851998467038689e-18   1  2  2  0  1  0  0
    6 -6.7152179785676925e-20   0  3  2  0  1  0  0
    6  8.9854738789144438e-20   1  0  4  0  1  0  0
    6  1.6455196667698955e-19   0  1  4  0  1  0  0
    6  4.8727737873794950e-20   3  0  1  1  1  0  0
    6  1.1660812786069304e-19   2  1  1  1  1  0  0
    6  1.1660812786069304e-19   1  2  1  1  1  0  0
    6  4.8727737873794950e-20   0  3  1  1  1  0  0
    6  3.3094553944055965e-19   1  0  3  1  1  0  0
    6  7.8485028342050903e-20   0  1  3  1  1  0  0
    6 -6.7152179785676925e-20   3  0  0  2  1  0  0
    6 -1.0851998467038689e-18   2  1  0  2  1  0  0
    6  2.1551554340958532e-19   1  2  0  2  1  0  0
    6  4.2531591577896846e-20   0  3  0  2  1  0  0
    6  4.0322557357633452e-19   1  0  2  2  1  0  0
    6  4.0322557357633452e-19   0  1  2  2  1  0  0
    6  7.8485028342050903e-20   1  0  1  3  1  0  0
    6  3.3094553944055965e-19   0  1  1  3  1  0  0
    6  1.6455196667698955e-19   1  0  0  4  1  0  0
    6  8.9854738789144438e-20   0  1  0  4  1  0  0
    6  1.9915474344790867e-19   4  0  0  0  2  0  0
    6  7.9074243980402932e-19   3  1  0  0  2  0  0
    6 -3.9622264469593321e-18   2  2  0  0  2  0  0
    6  7.9074243980402932e-19   1  3  0  0  2  0  0
    6  1.9915474344790867e-19   0  4  0  0  2  0  0
    6 -9.3257263133746007e-20   2  0  2  0  2  0  0
    6  2.8417487049440701e-19   1  1  2  0  2  0  0
    6  1.1331621745712001e-18   0  2  2  0  2  0  0
    6 -1.1601675579366147e-18   0  0  4  0  2  0  0
    6 -8.8256951921850429e-19   2  0  1  1  2  0  0
    6  3.7162495232877833e-18   1  1  1  1  2  0  0
    6 -8.8256951921850429e-19   0  2  1  1  2  0  0
    6  7.2588767205542367e-19   0  0  3  1  2  0  0
    6  1.1331621745712001e-18   2  0  0  2  2  0  0
    6  2.8417487049440701e-19   1  1  0  2  2  0  0
    6 -9.3257263133746007e-20   0  2  0  2  2  0  0
    6  5.1399059086909253e-19   0  0  2  2  2  0  0
    6  7.2588767205542367e-19   0  0  1  3  2  0  0
    6 -1.1601675579366147e-18   0  0  0  4  2  0  0
    6  1.1654893082491007e-19   3  0  0  0  3  0  0
    6  2.6589712012553156e-18   2  1  0  0  3  0  0
    6  2.6589712012553156e-18   1  2  0  0  3  0  0
    6  1.1654893082491007e-19   0  3  0  0  3  0  0
    6  9.0842305259531273e-18   1  0  2  0  3  0  0
    6 -1.0983277969952414e-17   0  1  2  0  3  0  0
    6 -8.6825789502069423e-18   1  0  1  1  3  0  0
    6 -8.6825789502069423e-18   0  1  1  1  3  0  0
    6 -1.0983277969952414e-17   1  0  0  2  3  0  0
    6  9.0842305259531273e-18   0  1  0  2  3  0  0
    6  1.1384600820785168e-17   2  0  0  0  4  0  0
    6 -9.8617248324361671e-17   1  1  0  0  4  0  0
    6  1.1384600820785168e-17   0  2  0  0  4  0  0
    6 -1.1781289187388877e-17   0  0  2  0  4  0  0
    6  2.6524394038054542e-17   0  0  1  1  4  0  0
    6 -1.1781289187388877e-17   0  0  0  2  4  0  0
    6 -6.1579142531788716e-17   0  0  0  0  6  0  0
    7  6.9219826966583228e-24   7  0  0  0  0  0  0
    7 -6.1182733564321689e-24   6  1  0  0  0  0  0
    7 -4.3949962284045731e-23   5  2  0  0  0  0  0
    7 -3.0488624752685083e-23   4  3  0  0  0  0  0
    7 -3.0488624752685083e-23   3  4  0  0  0  0  0
    7 -4.3949962284045731e-23   2  5  0  0  0  0  0
    7 -6.1182733564321689e-24   1  6  0  0  0  0  0
    7  6.9219826966583228e-24   0  7  0  0  0  0  0
    7  1.3685468431964313e-22   5  0  2  0  0  0  0
    7 -1.1728153057004387e-22   4  1  2  0  0  0  0
    7 -5.7578465903215327e-22   3  2  2  0  0  0  0
    7  1.6542919547356072e-22   2  3  2  0  0  0  0
    7  3.5466481599516805e-23   1  4  2  0  0  0  0
    7 -1.0688598298980351e-23   0  5  2  0  0  0  0
    7 -1.0771922810192026e-22   3  0  4  0  0  0  0
    7 -9.0242709231572642e-25   2  1  4  0  0  0  0
    7  1.3685542005792670e-22   1  2  4  0  0  0  0
    7  2.2550455285572892e-23   0  3  4  0  0  0  0
    7 -4.5891697082468044e-23   1  0  6  0  0  0  0
    7  4.3805224432845309e-23   0  1  6  0  0  0  0
    7 -3.8871957779173967e-23   5  0  1  1  0  0  0
    7 -8.1502411343609238e-23   4  1  1  1  0  0  0
    7 -1.9740670196215316e-22   3  2  1  1  0  0  0
    7 -1.9740670196215316e-22   2  3  1  1  0  0  0
    7 -8.1502411343609238e-23   1  4  1  1  0  0  0
    7 -3.8871957779173967e-23   0  5  1  1  0  0  0
    7 -1.5180570604348389e-22   3  0  3  1  0  0  0
    7 -9.5299823041123028e-23   2  1  3  1  0  0  0
    7 -3.3577883902902771e-23   1  2  3  1  0  0  0
    7 -5.2957189274505231e-23   0  3  3  1  0  0  0
    7 -5.7001743710980623e-24   1  0  5  1  0  0  0
    7 -6.3894297857790584e-23   0  1  5  1  0  0  0
    7 -1.0688598298980351e-23   5  0  0  2  0  0  0
    7  3.5466481599516805e-23   4  1  0  2  0  0  0
    7  1.6542919547356072e-22   3  2  0  2  0  0  0
    7 -5.7578465903215327e-22   2  3  0  2  0  0  0
    7 -1.1728153057004387e-22   1  4  0  2  0  0  0
    7  1.3685468431964313e-22   0  5  0  2  0  0  0
    7 -2.0145257775926004e-24   3  0  2  2  0  0  0
    7 -4.9466258675361543e-23   2  1  2  2  0  0  0
    7 -4.9466258675361543e-23   1  2  2  2  0  0  0
    7 -2.0145257775926004e-24   0  3  2  2  0  0  0
    7 -1.2720146109431491e-22   1  0  4  2  0  0  0
    7 -2.2288012654922123e-22   0  1  4  2  0  0  0
    7 -5.2957189274505231e-23   3  0  1  3  0  0  0
    7 -3.3577883902902771e-23   2  1  1  3  0  0  0
    7 -9.5299823041123028e-23   1  2  1  3  0  0  0
    7 -1.5180570604348389e-22   0  3  1  3  0  0  0
    7 -1.6719288865597458e-22   1  0  3  3  0  0  0
    7 -1.6719288865597458e-22   0  1  3  3  0  0  0
    7  2.2550455285572892e-23   3  0  0  4  0  0  0
    7  1.3685542005792670e-22   2  1  0  4  0  0  0
    7 -9.0242709231572642e-25   1  2  0  4  0  0  0
    7 -1.0771922810192026e-22   0  3  0  4  0  0  0
    7 -2.2288012654922123e-22   1  0  2  4  0  0  0
    7 -1.2720146109431491e-22   0  1  2  4  0  0  0
    7 -6.3894297857790584e-23   1  0  1  5  0  0  0
    7 -5.7001743710980623e-24   0  1  1  5  0  0  0
    7  4.3805224432845309e-23   1  0  0  6  0  0  0
    7 -4.5891697082468044e-23   0  1  0  6  0  0  0
    7 -2.4586739200344353e-22   6  0  0  0  1  0  0
    7  1.0708780405726800e-21   5  1  0  0  1  0  0
    7  1.2363719216537857e-22   4  2  0  0  1  0  0
    7  1.2079243708396632e-21   3  3  0  0  1  0  0
    7  1.2363719216537857e-22   2  4  0  0  1  0  0
    7  1.0708780405726800e-21   1  5  0  0  1  0  0
    7 -2.4586739200344353e-22   0  6  0  0  1  0  0
    7 -1.7281068651196963e-22   4  0  2  0  1  0  0
    7  1.7003144740826415e-22   3  1  2  0  1  0  0
    7 -1.1031738090547518e-21   2  2  2  0  1  0  0
    7  7.6246361940192206e-22   1  3  2  0  1  0  0
    7 -3.3102812539463373e-22   0  4  2  0  1  0  0
    7 -2.6583840284856679e-22   2  0  4  0  1  0  0
    7  2.0951239228797818e-21   1  1  4  0  1  0  0
    7  2.8384916701394977e-22   0  2  4  0  1  0  0
    7 -1.2365406104126845e-22   0  0  6  0  1  0  0
    7  2.3358280831570501e-22   4  0  1  1  1  0  0
    7 -1.4928826583157132e-22   3  1  1  1  1  0  0
    7  1.1293628789389428e-21   2  2  1  1  1  0  0
    7 -1.4928826583157132e-22   1  3  1  1  1  0  0
    7  2.3358280831570501e-22   0  4  1  1  1  0  0
    7  6.6915357166937329e-22   2  0  3  1  1  0  0
    7 -1.3128193039858452e-21   1  1  3  1  1  0  0
    7 -1.9838463047973456e-21   0  2  3  1  1  0  0
    7  9.9187518589598883e-23   0  0  5  1  1  0  0
    7 -3.3102812539463373e-22   4  0  0  2  1  0  0
    7  7.6246361940192206e-22   3  1  0  2  1  0  0
    7 -1.1031738090547518e-21   2  2  0  2  1  0  0
    7  1.7003144740826415e-22   1  3  0  2  1  0  0
    7 -1.7281068651196963e-22   0  4  0  2  1  0  0
    7 -1.4699966122384255e-21   2  0  2  2  1  0  0
    7 -9.0132894811118961e-22   1  1  2  2  1  0  0
    7 -1.4699966122384255e-21   0  2  2  2  1  0  0
    7 -4.0716918712437008e-22   0  0  4  2  1  0  0
    7 -1.9838463047973456e-21   2  0  1  3  1  0  0
    7 -1.3128193039858452e-21   1  1  1  3  1  0  0
    7  6.6915357166937329e-22   0  2  1  3  1  0  0
    7  9.9701087665311689e-23   0  0  3  3  1  0  0
    7  2.8384916701394977e-22   2  0  0  4  1  0  0
    7  2.0951239228797818e-21   1  1  0  4  1  0  0
    7 -2.6583840284856679e-22   0  2  0  4  1  0  0
    7 -4.0716918712437008e-22   0  0  2  4  1  0  0
    7  9.9187518589598883e-23   0  0  1  5  1  0  0
    7 -1.2365406104126845e-22   0  0  0  6  1  0  0
    7 -2.3083368832442720e-21   5  0  0  0  2  0  0
    7 -2.2304880005530030e-21   4  1  0  0  2  0  0
    7  9.5803249881373856e-22   3  2  0  0  2  0  0
    7  9.5803249881373856e-22   2  3  0  0  2  0  0
    7 -2.2304880005530030e-21   1  4  0  0  2  0  0
    7 -2.3083368832442720e-21   0  5  0  0  2  0  0
    7  4.9358271847032562e-21   3  0  2  0  2  0  0
    7 -2.3062096518426825e-21   2  1  2  0  2  0  0
    7 -1.1581757255609862e-21   1  2  2  0  2  0  0
    7 -3.9668368971804666e-21   0  3  2  0  2  0  0
    7 -2.6468295912913630e-21   1  0  4  0  2  0  0
    7 -3.2412272975148964e-22   0  1  4  0  2  0  0
    7  2.6560841689368361e-21   3  0  1  1  2  0  0
    7  9.3261374365521129e-21   2  1  1  1  2  0  0
    7  9.3261374365521129e-21   1  2  1  1  2  0  0
    7  2.6560841689368361e-21   0  3  1  1  2  0  0
    7  4.7696706199417391e-21   1  0  3  1  2  0  0
    7  1.0236889772133074e-20   0  1  3  1  2  0  0
    7 -3.9668368971804666e-21   3  0  0  2  2  0  0
    7 -1.1581757255609862e-21   2  1  0  2  2  0  0
    7 -2.3062096518426825e-21   1  2  0  2  2  0  0
    7  4.9358271847032562e-21   0  3  0  2  2  0  0
    7  1.2421110861174806e-20   1  0  2  2  2  0  0
    7  1.2421110861174806e-20   0  1  2  2  2  0  0
    7  1.0236889772133074e-20   1  0  1  3  2  0  0
    7  4.7696706199417391e-21   0  1  1  3  2  0  0
    7 -3.2412272975148964e-22   1  0  0  4  2  0  0
    7 -2.6468295912913630e-21   0  1  0  4  2  0  0
    7  1.1177327774711505e-20   4  0  0  0  3  0  0
    7 -1.3815136005397449e-20   3  1  0  0  3  0  0
    7  9.5339434394129315e-20   2  2  0  0  3  0  0
    7 -1.3815136005397449e-20   1  3  0  0  3  0  0
    7  1.1177327774711505e-20   0  4  0  0  3  0  0
    7 -3.3508911950559262e-20   2  0  2  0  3  0  0
    7  5.6567853274685219e-20   1  1  2  0  3  0  0
    7 -3.0038480137150775e-21   0  2  2  0  3  0  0
    7  5.3461345717465589e-21   0  0  4  0  3  0  0
    7  6.6715764426114924e-20   2  0  1  1  3  0  0
    7 -1.1298051359086344e-19   1  1  1  1  3  0  0
    7  6.6715764426114924e-20   0  2  1  1  3  0  0
    7  2.6652620477893794e-21   0  0  3  1  3  0  0
    7 -3.0038480137150775e-21   2  0  0  2  3  0  0
    7  5.6567853274685219e-20   1  1  0  2  3  0  0
    7 -3.3508911950559262e-20   0  2  0  2  3  0  0
    7  1.1753204603515469e-20   0  0  2  2  3  0  0
    7  2.6652620477893794e-21   0  0  1  3  3  0  0
    7  5.3461345717465589e-21   0  0  0  4  3  0  0
    7 -6.3679667873519984e-20   3  0  0  0  4  0  0
    7  8.7570556059094302e-21   2  1  0  0  4  0  0
    7  8.7570556059094302e-21   1  2  0  0  4  0  0
    7 -6.3679667873519984e-20   0  3  0  0  4  0  0
    7 -4.2053590553004490e-21   1  0  2  0  4  0  0
    7  3.5469138171286041e-19   0  1  2  0  4  0  0
    7 -2.4660322796380064e-19   1  0  1  1  4  0  0
    7 -2.4660322796380064e-19   0  1  1  1  4  0  0
    7  3.5469138171286041e-19   1  0  0  2  4  0  0
    7 -4.2053590553004490e-21   0  1  0  2  4  0  0
    7 -2.6256264950354120e-19   2  0  0  0  5  0  0
    7  3.9415666392604029e-18   1  1  0  0  5  0  0
    7 -2.6256264950354120e-19   0  2  0  0  5  0  0
    7  4.7286947050491491e-19   0  0  2  0  5  0  0
    7 -3.9838893746014287e-19   0  0  1  1  5  0  0
    7  4.7286947050491491e-19   0  0  0  2  5  0  0
    7  8.4574925195008184e-18   0  0  0  0  7  0  0
    8 -2.1423735401299909e-25   6  2  0  0  0  0  0
    8 -3.2079390995113729e-25   4  4  0  0  0  0  0
    8 -2.1423735401299909e-25   2  6  0  0  0  0  0
    8 -1.0118068152640051e-24   6  0  2  0  0  0  0
    8  1.4241114435660642e-24   5  1  2  0  0  0  0
    8 -4.2496685345721894e-25   4  2  2  0  0  0  0
    8 -1.5180938388579040e-24   3  3  2  0  0  0  0
    8 -8.3082654643369582e-25   2  4  2  0  0  0  0
    8  1.6682142068497402e-25   1  5  2  0  0  0  0
    8  3.7050980042091970e-25   4  0  4  0  0  0  0
    8  3.0043127718576335e-25   3  1  4  0  0  0  0
    8 -1.3631803358332874e-24   2  2  4  0  0  0  0
    8  1.0715532063073425e-24   1  3  4  0  0  0  0
    8  1.8589522100511161e-25   0  4  4  0  0  0  0
    8 -2.3258158084348444e-25   1  1  6  0  0  0  0
    8 -8.0233499155143592e-25   0  2  6  0  0  0  0
    8  1.9513945681509876e-25   6  0  1  1  0  0  0
    8 -9.2453044584694969e-25   5  1  1  1  0  0  0
    8 -2.7030410974702317e-25   4  2  1  1  0  0  0
    8 -2.3713840195870247e-25   3  3  1  1  0  0  0
    8 -2.7030410974702317e-25   2  4  1  1  0  0  0
    8 -9.2453044584694969e-25   1  5  1  1  0  0  0
    8  1.9513945681509876e-25   0  6  1  1  0  0  0
    8 -4.5079963713583189e-25   4  0  3  1  0  0  0
    8 -1.0360410504986218e-24   3  1  3  1  0  0  0
    8  1.5050388262982243e-25   2  2  3  1  0  0  0
    8 -7.3051589738199593e-25   1  3  3  1  0  0  0
    8  3.3235254602424103e-25   0  4  3  1  0  0  0
    8  1.1881692582031767e-25   2  0  5  1  0  0  0
    8  6.2544296704248778e-25   1  1  5  1  0  0  0
    8 -8.3932673897118257e-25   0  2  5  1  0  0  0
    8  1.0677994481100612e-25   0  0  7  1  0  0  0
    8  1.6682142068497402e-25   5  1  0  2  0  0  0
    8 -8.3082654643369582e-25   4  2  0  2  0  0  0
    8 -1.5180938388579040e-24   3  3  0  2  0  0  0
    8 -4.2496685345721894e-25   2  4  0  2  0  0  0
    8  1.4241114435660642e-24   1  5  0  2  0  0  0
    8 -1.0118068152640051e-24   0  6  0  2  0  0  0
    8  5.1442580750075196e-25   3  1  2  2  0  0  0
    8 -1.2868761198341265e-24   2  2  2  2  0  0  0
    8  5.1442580750075196e-25   1  3  2  2  0  0  0
    8  5.6161955838040742e-25   2  0  4  2  0  0  0
    8  1.5170573134076286e-25   1  1  4  2  0  0  0
    8 -2.3353106877276299e-25   0  2  4  2  0  0  0
    8  1.4453324349074231e-25   0  0  6  2  0  0  0
    8  3.3235254602424103e-25   4  0  1  3  0  0  0
    8 -7.3051589738199593e-25   3  1  1  3  0  0  0
    8  1.5050388262982243e-25   2  2  1  3  0  0  0
    8 -1.0360410504986218e-24   1  3  1  3  0  0  0
    8 -4.5079963713583189e-25   0  4  1  3  0  0  0
    8  4.8365009302136908e-25   2  0  3  3  0  0  0
    8 -4.7035802899896405e-24   1  1  3  3  0  0  0
    8  4.8365009302136908e-25   0  2  3  3  0  0  0
    8  1.8589522100511161e-25   4  0  0  4  0  0  0
    8  1.0715532063073425e-24   3  1  0  4  0  0  0
    8 -1.3631803358332874e-24   2  2  0  4  0  0  0
    8  3.0043127718576335e-25   1  3  0  4  0  0  0
    8  3.7050980042091970e-25   0  4  0  4  0  0  0
    8 -2.3353106877276299e-25   2  0  2  4  0  0  0
    8  1.5170573134076286e-25   1  1  2  4  0  0  0
    8  5.6161955838040742e-25   0  2  2  4  0  0  0
    8  3.5754302901099393e-25   0  0  4  4  0  0  0
    8 -8.3932673897118257e-25   2  0  1  5  0  0  0
    8  6.2544296704248778e-25   1  1  1  5  0  0  0
    8  1.1881692582031767e-25   0  2  1  5  0  0  0
    8 -8.0233499155143592e-25   2  0  0  6  0  0  0
    8 -2.3258158084348444e-25   1  1  0  6  0  0  0
    8  1.4453324349074231e-25   0  0  2  6  0  0  0
    8  1.0677994481100612e-25   0  0  1  7  0  0  0
    8  9.8880272726702314e-25   7  0  0  0  1  0  0
    8 -2.2330570880602614e-24   6  1  0  0  1  0  0
    8  3.5720988983448873e-24   5  2  0  0  1  0  0
    8  2.4948733326771697e-24   4  3  0  0  1  0  0
    8  2.4948733326771697e-24   3  4  0  0  1  0  0
    8  3.5720988983448873e-24   2  5  0  0  1  0  0
    8 -2.2330570880602614e-24   1  6  0  0  1  0  0
    8  9.8880272726702314e-25   0  7  0  0  1  0  0
    8  4.7132284577780711e-24   5  0  2  0  1  0  0
    8 -1.7946738093672426e-23   4  1  2  0  1  0  0
    8 -7.2141935115083416e-24   3  2  2  0  1  0  0
    8 -1.2692942204134114e-23   2  3  2  0  1  0  0
    8  1.2614387293607926e-24   1  4  2  0  1  0  0
    8 -2.0927855169203238e-24   0  5  2  0  1  0  0
    8 -2.2892411019682014e-24   3  0  4  0  1  0  0
    8  3.8811144975528650e-24   2  1  4  0  1  0  0
    8  3.3806008182795944e-24   1  2  4  0  1  0  0
    8  6.1139406107093096e-25   0  3  4  0  1  0  0
    8 -1.3422642019152144e-24   1  0  6  0  1  0  0
    8 -3.2599650456403081e-25   0  1  6  0  1  0  0
    8 -2.0187830074837274e-24   4  1  1  1  1  0  0
    8 -2.1758344504322007e-24   3  2  1  1  1  0  0
    8 -2.1758344504322007e-24   2  3  1  1  1  0  0
    8 -2.0187830074837274e-24   1  4  1  1  1  0  0
    8 -1.0974948797346463e-23   3  0  3  1  1  0  0
    8 -8.7336211555584160e-24   2  1  3  1  1  0  0
    8 -3.1594607663845891e-23   1  2  3  1  1  0  0
    8  1.7738744131150462e-25   0  3  3  1  1  0  0
    8  4.2581954626975264e-24   1  0  5  1  1  0  0
    8 -1.0167881254506697e-25   0  1  5  1  1  0  0
    8 -2.0927855169203238e-24   5  0  0  2  1  0  0
    8  1.2614387293607926e-24   4  1  0  2  1  0  0
    8 -1.2692942204134114e-23   3  2  0  2  1  0  0
    8 -7.2141935115083416e-24   2  3  0  2  1  0  0
    8 -1.7946738093672426e-23   1  4  0  2  1  0  0
    8  4.7132284577780711e-24   0  5  0  2  1  0  0
    8 -3.3389696174152291e-24   3  0  2  2  1  0  0
    8 -1.3177587326006137e-23   2  1  2  2  1  0  0
    8 -1.3177587326006137e-23   1  2  2  2  1  0  0
    8 -3.3389696174152291e-24   0  3  2  2  1  0  0
    8  1.7412402882457002e-24   1  0  4  2  1  0  0
    8  1.0639445427325061e-23   0  1  4  2  1  0  0
    8  1.7738744131150462e-25   3  0  1  3  1  0  0
    8 -3.1594607663845891e-23   2  1  1  3  1  0  0
    8 -8.7336211555584160e-24   1  2  1  3  1  0  0
    8 -1.0974948797346463e-23   0  3  1  3  1  0  0
    8  6.1139406107093096e-25   3  0  0  4  1  0  0
    8  3.3806008182795944e-24   2  1  0  4  1  0  0
    8  3.8811144975528650e-24   1  2  0  4  1  0  0
    8 -2.2892411019682014e-24   0  3  0  4  1  0  0
    8  1.0639445427325061e-23   1  0  2  4  1  0  0
    8  1.7412402882457002e-24   0  1  2  4  1  0  0
    8 -1.0167881254506697e-25   1  0  1  5  1  0  0
    8  4.2581954626975264e-24   0  1  1  5  1  0  0
    8 -3.2599650456403081e-25   1  0  0  6  1  0  0
    8 -1.3422642019152144e-24   0  1  0  6  1  0  0
    8  4.9517391305774752e-24   6  0  0  0  2  0  0
    8 -1.5371785683955075e-23   5  1  0  0  2  0  0
    8  9.4031396847437445e-24   4  2  0  0  2  0  0
    8  1.3561701284214580e-24   3  3  0  0  2  0  0
    8  9.4031396847437445e-24   2  4  0  0  2  0  0
    8 -1.5371785683955075e-23   1  5  0  0  2  0  0
    8  4.9517391305774752e-24   0  6  0  0  2  0  0
    8  7.0148655267608246e-23   4  0  2  0  2  0  0
    8  4.4249368614076359e-23   3  1  2  0  2  0  0
    8  1.7496792335074654e-23   2  2  2  0  2  0  0
    8 -8.4160716887770983e-23   1  3  2  0  2  0  0
    8  7.0821595784187178e-24   0  4  2  0  2  0  0
    8  7.6008252756026804e-24   2  0  4  0  2  0  0
    8 -6.7463309613646754e-24   1  1  4  0  2  0  0
    8  1.4233468214163027e-23   0  2  4  0  2  0  0
    8  8.6211360348329084e-25   0  0  6  0  2  0  0
    8 -3.0581180798837202e-24   4  0  1  1  2  0  0
    8 -4.6025865091629880e-23   3  1  1  1  2  0  0
    8  7.5917643984064415e-23   2  2  1  1  2  0  0
    8 -4.6025865091629880e-23   1  3  1  1  2  0  0
    8 -3.0581180798837202e-24   0  4  1  1  2  0  0
    8  4.3311457399201747e-23   2  0  3  1  2  0  0
    8 -6.3145749049096793e-23   1  1  3  1  2  0  0
    8  4.1448235028187268e-23   0  2  3  1  2  0  0
    8 -5.0695670517086013e-24   0  0  5  1  2  0  0
    8  7.0821595784187178e-24   4  0  0  2  2  0  0
    8 -8.4160716887770983e-23   3  1  0  2  2  0  0
    8  1.7496792335074654e-23   2  2  0  2  2  0  0
    8  4.4249368614076359e-23   1  3  0  2  2  0  0
    8  7.0148655267608246e-23   0  4  0  2  2  0  0
    8 -4.6502954999057207e-23   2  0  2  2  2  0  0
    8  4.2372097877086329e-22   1  1  2  2  2  0  0
    8 -4.6502954999057207e-23   0  2  2  2  2  0  0
    8  2.4856504957706668e-24   0  0  4  2  2  0  0
    8  4.1448235028187268e-23   2  0  1  3  2  0  0
    8 -6.3145749049096793e-23   1  1  1  3  2  0  0
    8  4.3311457399201747e-23   0  2  1  3  2  0  0
    8 -3.4860399498462337e-23   0  0  3  3  2  0  0
    8  1.4233468214163027e-23   2  0  0  4  2  0  0
    8 -6.7463309613646754e-24   1  1  0  4  2  0  0
    8  7.6008252756026804e-24   0  2  0  4  2  0  0
    8  2.4856504957706668e-24   0  0  2  4  2  0  0
    8 -5.0695670517086013e-24   0  0  1  5  2  0  0
    8  8.6211360348329084e-25   0  0  0  6  2  0  0
    8 -3.2313319097112189e-23   5  0  0  0  3  0  0
    8  1.4498166706051270e-22   4  1  0  0  3  0  0
    8  1.6686143430278552e-23   3  2  0  0  3  0  0
    8  1.6686143430278552e-23   2  3  0  0  3  0  0
    8  1.4498166706051270e-22   1  4  0  0  3  0  0
    8 -3.2313319097112189e-23   0  5  0  0  3  0  0
    8  1.9545486138203115e-22   3  0  2  0  3  0  0
    8 -2.4094940795389403e-22   2  1  2  0  3  0  0
    8  1.3775509989326006e-21   1  2  2  0  3  0  0
    8 -4.2017039181324849e-23   0  3  2  0  3  0  0
    8 -1.3673688409596682e-22   1  0  4  0  3  0  0
    8 -8.0562309341317248e-23   0  1  4  0  3  0  0
    8  5.5287812518885668e-23   3  0  1  1  3  0  0
    8  3.8331114019572175e-22   2  1  1  1  3  0  0
    8  3.8331114019572175e-22   1  2  1  1  3  0  0
    8  5.5287812518885668e-23   0  3  1  1  3  0  0
    8 -2.7688134178519977e-22   1  0  3  1  3  0  0
    8 -1.5392046131525985e-21   0  1  3  1  3  0  0
    8 -4.2017039181324849e-23   3  0  0  2  3  0  0
    8  1.3775509989326006e-21   2  1  0  2  3  0  0
    8 -2.4094940795389403e-22   1  2  0  2  3  0  0
    8  1.9545486138203115e-22   0  3  0  2  3  0  0
    8  7.9076766802403954e-23   1  0  2  2  3  0  0
    8  7.9076766802403954e-23   0  1  2  2  3  0  0
    8 -1.5392046131525985e-21   1  0  1  3  3  0  0
    8 -2.7688134178519977e-22   0  1  1  3  3  0  0
    8 -8.0562309341317248e-23   1  0  0  4  3  0  0
    8 -1.3673688409596682e-22   0  1  0  4  3  0  0
    8 -2.3500877013783615e-22   4  0  0  0  4  0  0
    8  3.2007125774756604e-22   3  1  0  0  4  0  0
    8 -2.5516199113693208e-21   2  2  0  0  4  0  0
    8  3.2007125774756604e-22   1  3  0  0  4  0  0
    8 -2.3500877013783615e-22   0  4  0  0  4  0  0
    8  2.2210310673280583e-22   2  0  2  0  4  0  0
    8  4.4791727310021305e-22   1  1  2  0  4  0  0
    8 -3.4746916759795090e-22   0  2  2  0  4  0  0
    8 -3.1479123269125384e-22   0  0  4  0  4  0  0
    8 -4.4124640919814094e-22   2  0  1  1  4  0  0
    8 -6.8430897235608691e-21   1  1  1  1  4  0  0
    8 -4.4124640919814094e-22   0  2  1  1  4  0  0
    8 -2.2973635570590171e-22   0  0  3  1  4  0  0
    8 -3.4746916759795090e-22   2  0  0  2  4  0  0
    8  4.4791727310021305e-22   1  1  0  2  4  0  0
    8  2.2210310673280583e-22   0  2  0  2  4  0  0
    8  1.7770941740719790e-21   0  0  2  2  4  0  0
    8 -2.2973635570590171e-22   0  0  1  3  4  0  0
    8 -3.1479123269125384e-22   0  0  0  4  4  0  0
    8  2.8030763664158077e-21   3  0  0  0  5  0  0
    8 -2.2300979316053522e-22   2  1  0  0  5  0  0
    8 -2.2300979316053522e-22   1  2  0  0  5  0  0
    8  2.8030763664158077e-21   0  3  0  0  5  0  0
    8  3.1372408329197429e-21   1  0  2  0  5  0  0
    8  8.5394999535732867e-21   0  1  2  0  5  0  0
    8 -1.6273678650728289e-21   1  0  1  1  5  0  0
    8 -1.6273678650728289e-21   0  1  1  1  5  0  0
    8  8.5394999535732867e-21   1  0  0  2  5  0  0
    8  3.1372408329197429e-21   0  1  0  2  5  0  0
    8  9.0460436797015931e-21   2  0  0  0  6  0  0
    8 -9.1977360937466639e-20   1  1  0  0  6  0  0
    8  9.0460436797015931e-21   0  2  0  0  6  0  0
    8 -8.6924184391068327e-21   0  0  2  0  6  0  0
    8  4.3756223842228808e-21   0  0  1  1  6  0  0
    8 -8.6924184391068327e-21   0  0  0  2  6  0  0
    8 -2.4595666601828279e-19   0  0  0  0  8  0  0
 -631  0.0000000000000000e+00   0  0  0  0  0  0  0
