
tpsa, NO = 8, NV = 7, INA = 48097
------------------------------------------------------------------

   |I|         a                i  i  i  i  i  i  i
                I                1  2  3  4  5  6  7

    3 -4.3098700834507442e-07   3  0  0  0  0  0  0
    3 -8.7988378157769020e-07   2  1  0  0  0  0  0
    3  8.7988378157769020e-07   1  2  0  0  0  0  0
    3  4.3098700834507442e-07   0  3  0  0  0  0  0
    3  6.5025411008249923e-07   1  0  2  0  0  0  0
    3 -1.8493293771876851e-07   0  1  2  0  0  0  0
    3 -1.1096553253794837e-06   1  0  1  1  0  0  0
    3  1.1096553253794837e-06   0  1  1  1  0  0  0
    3  1.8493293771876851e-07   1  0  0  2  0  0  0
    3 -6.5025411008249923e-07   0  1  0  2  0  0  0
    3 -8.9240475240823918e-07   2  0  0  0  1  0  0
    3  8.9240475240823918e-07   0  2  0  0  1  0  0
    3  2.1691699441081856e-07   0  0  2  0  1  0  0
    3 -2.1691699441081856e-07   0  0  0  2  1  0  0
    3  2.3470540746321978e-19   1  0  0  0  2  0  0
    3 -2.3470540746321978e-19   0  1  0  0  2  0  0
    4 -9.4994483686147127e-08   4  0  0  0  0  0  0
    4  1.0458007203345653e-07   3  1  0  0  0  0  0
    4 -1.0458007203345653e-07   1  3  0  0  0  0  0
    4  9.4994483686147127e-08   0  4  0  0  0  0  0
    4  2.9630756652391232e-08   2  0  2  0  0  0  0
    4 -1.0439652842556031e-06   1  1  2  0  0  0  0
    4  2.0765499424677965e-07   0  2  2  0  0  0  0
    4  3.6835773154867061e-08   0  0  4  0  0  0  0
    4 -8.1019780025640995e-07   2  0  1  1  0  0  0
    4  8.1019780025640995e-07   0  2  1  1  0  0  0
    4 -2.0466580592925856e-07   0  0  3  1  0  0  0
    4 -2.0765499424677965e-07   2  0  0  2  0  0  0
    4  1.0439652842556031e-06   1  1  0  2  0  0  0
    4 -2.9630756652391232e-08   0  2  0  2  0  0  0
    4  2.0466580592925856e-07   0  0  1  3  0  0  0
    4 -3.6835773154867061e-08   0  0  0  4  0  0  0
    4  2.6666940865328116e-07   3  0  0  0  1  0  0
    4 -1.1863994914455247e-06   2  1  0  0  1  0  0
    4  1.1863994914455247e-06   1  2  0  0  1  0  0
    4 -2.6666940865328116e-07   0  3  0  0  1  0  0
    4 -5.0297310459278113e-07   1  0  2  0  1  0  0
    4  3.7514682984083812e-07   0  1  2  0  1  0  0
    4 -3.2024202127973656e-06   1  0  1  1  1  0  0
    4  3.2024202127973656e-06   0  1  1  1  1  0  0
    4 -3.7514682984083812e-07   1  0  0  2  1  0  0
    4  5.0297310459278113e-07   0  1  0  2  1  0  0
    4 -3.6681490388194694e-07   2  0  0  0  2  0  0
    4  3.6681490388194694e-07   0  2  0  0  2  0  0
    4  5.3679234494742473e-07   0  0  2  0  2  0  0
    4 -5.3679234494742473e-07   0  0  0  2  2  0  0
    4 -1.6751672195376123e-19   1  0  0  0  3  0  0
    4  1.6751672195376123e-19   0  1  0  0  3  0  0
    5  1.3390079259793503e-07   5  0  0  0  0  0  0
    5  1.9796239736438576e-08   4  1  0  0  0  0  0
    5  5.1961981567117340e-07   3  2  0  0  0  0  0
    5 -5.1961981567117340e-07   2  3  0  0  0  0  0
    5 -1.9796239736438576e-08   1  4  0  0  0  0  0
    5 -1.3390079259793503e-07   0  5  0  0  0  0  0
    5  1.1469663834238895e-07   3  0  2  0  0  0  0
    5 -2.1282916563144276e-08   2  1  2  0  0  0  0
    5 -2.4510211896797649e-07   1  2  2  0  0  0  0
    5  5.5872689258466489e-08   0  3  2  0  0  0  0
    5  6.8698669022086982e-08   1  0  4  0  0  0  0
    5 -1.0891145396239369e-07   0  1  4  0  0  0  0
    5  1.0991121933582896e-07   3  0  1  1  0  0  0
    5  2.4820297405797602e-09   2  1  1  1  0  0  0
    5 -2.4820297405797602e-09   1  2  1  1  0  0  0
    5 -1.0991121933582896e-07   0  3  1  1  0  0  0
    5  4.7000824206987385e-08   1  0  3  1  0  0  0
    5 -1.3215565738886421e-07   0  1  3  1  0  0  0
    5 -5.5872689258466489e-08   3  0  0  2  0  0  0
    5  2.4510211896797649e-07   2  1  0  2  0  0  0
    5  2.1282916563144276e-08   1  2  0  2  0  0  0
    5 -1.1469663834238895e-07   0  3  0  2  0  0  0
    5  1.6332547233347248e-06   1  0  2  2  0  0  0
    5 -1.6332547233347248e-06   0  1  2  2  0  0  0
    5  1.3215565738886421e-07   1  0  1  3  0  0  0
    5 -4.7000824206987385e-08   0  1  1  3  0  0  0
    5  1.0891145396239369e-07   1  0  0  4  0  0  0
    5 -6.8698669022086982e-08   0  1  0  4  0  0  0
    5 -4.7413465412186490e-08   4  0  0  0  1  0  0
    5 -1.4649370860073800e-08   3  1  0  0  1  0  0
    5  1.4649370860073800e-08   1  3  0  0  1  0  0
    5  4.7413465412186490e-08   0  4  0  0  1  0  0
    5 -1.8604387830137245e-07   2  0  2  0  1  0  0
    5 -7.8836158815998106e-08   1  1  2  0  1  0  0
    5  1.8336699485887466e-07   0  2  2  0  1  0  0
    5 -8.5824875518572863e-09   0  0  4  0  1  0  0
    5  1.1068227302939736e-06   2  0  1  1  1  0  0
    5 -1.1068227302939736e-06   0  2  1  1  1  0  0
    5 -1.1064996510085525e-07   0  0  3  1  1  0  0
    5 -1.8336699485887466e-07   2  0  0  2  1  0  0
    5  7.8836158815998106e-08   1  1  0  2  1  0  0
    5  1.8604387830137245e-07   0  2  0  2  1  0  0
    5  1.1064996510085525e-07   0  0  1  3  1  0  0
    5  8.5824875518572863e-09   0  0  0  4  1  0  0
    5 -6.5993848071337174e-08   3  0  0  0  2  0  0
    5  3.0694038276401189e-07   2  1  0  0  2  0  0
    5 -3.0694038276401189e-07   1  2  0  0  2  0  0
    5  6.5993848071337174e-08   0  3  0  0  2  0  0
    5 -7.5669498294714970e-08   1  0  2  0  2  0  0
    5  6.5985951923783450e-07   0  1  2  0  2  0  0
    5  1.9534312532481514e-06   1  0  1  1  2  0  0
    5 -1.9534312532481514e-06   0  1  1  1  2  0  0
    5 -6.5985951923783450e-07   1  0  0  2  2  0  0
    5  7.5669498294714970e-08   0  1  0  2  2  0  0
    5  1.1726950104096695e-07   2  0  0  0  3  0  0
    5 -1.1726950104096695e-07   0  2  0  0  3  0  0
    5 -1.7400599294738213e-07   0  0  2  0  3  0  0
    5  1.7400599294738213e-07   0  0  0  2  3  0  0
    5  1.6365072471022762e-19   1  0  0  0  4  0  0
    5 -1.6365072471022762e-19   0  1  0  0  4  0  0
    6 -2.3220595320344181e-08   6  0  0  0  0  0  0
    6  4.7769365192922642e-08   5  1  0  0  0  0  0
    6 -8.3165641674894690e-08   4  2  0  0  0  0  0
    6  8.3165641674894690e-08   2  4  0  0  0  0  0
    6 -4.7769365192922642e-08   1  5  0  0  0  0  0
    6  2.3220595320344181e-08   0  6  0  0  0  0  0
    6 -2.4773106527997452e-07   4  0  2  0  0  0  0
    6  1.2856398897767245e-07   3  1  2  0  0  0  0
    6  1.4703987375075771e-07   2  2  2  0  0  0  0
    6 -3.8925697326923245e-08   1  3  2  0  0  0  0
    6 -2.9904847268129063e-08   0  4  2  0  0  0  0
    6  6.4825618806897315e-08   2  0  4  0  0  0  0
    6  1.4948268301183660e-07   1  1  4  0  0  0  0
    6  1.4907121608951287e-07   0  2  4  0  0  0  0
    6  1.4353329773109613e-08   0  0  6  0  0  0  0
    6 -1.3796527505077209e-08   4  0  1  1  0  0  0
    6 -4.2447922736250702e-07   3  1  1  1  0  0  0
    6  4.2447922736250702e-07   1  3  1  1  0  0  0
    6  1.3796527505077209e-08   0  4  1  1  0  0  0
    6  9.8418168990981620e-08   2  0  3  1  0  0  0
    6  3.2361958343662024e-07   1  1  3  1  0  0  0
    6  6.1575020748060840e-08   0  2  3  1  0  0  0
    6 -6.9693278388949014e-09   0  0  5  1  0  0  0
    6  2.9904847268129063e-08   4  0  0  2  0  0  0
    6  3.8925697326923245e-08   3  1  0  2  0  0  0
    6 -1.4703987375075771e-07   2  2  0  2  0  0  0
    6 -1.2856398897767245e-07   1  3  0  2  0  0  0
    6  2.4773106527997452e-07   0  4  0  2  0  0  0
    6 -2.7790101946132189e-07   2  0  2  2  0  0  0
    6  2.7790101946132189e-07   0  2  2  2  0  0  0
    6 -1.0062560999039390e-08   0  0  4  2  0  0  0
    6 -6.1575020748060840e-08   2  0  1  3  0  0  0
    6 -3.2361958343662024e-07   1  1  1  3  0  0  0
    6 -9.8418168990981620e-08   0  2  1  3  0  0  0
    6 -1.4907121608951287e-07   2  0  0  4  0  0  0
    6 -1.4948268301183660e-07   1  1  0  4  0  0  0
    6 -6.4825618806897315e-08   0  2  0  4  0  0  0
    6  1.0062560999039390e-08   0  0  2  4  0  0  0
    6  6.9693278388949014e-09   0  0  1  5  0  0  0
    6 -1.4353329773109613e-08   0  0  0  6  0  0  0
    6  2.7677325883433457e-07   5  0  0  0  1  0  0
    6 -4.0010873639529156e-07   4  1  0  0  1  0  0
    6  1.2615137449522084e-06   3  2  0  0  1  0  0
    6 -1.2615137449522084e-06   2  3  0  0  1  0  0
    6  4.0010873639529156e-07   1  4  0  0  1  0  0
    6 -2.7677325883433457e-07   0  5  0  0  1  0  0
    6 -1.8538693488969783e-08   3  0  2  0  1  0  0
    6  5.8939501630554813e-07   2  1  2  0  1  0  0
    6 -3.7664206275572616e-07   1  2  2  0  1  0  0
    6 -1.0350546337735102e-07   0  3  2  0  1  0  0
    6  4.7348072181287105e-08   1  0  4  0  1  0  0
    6 -2.9992144214152926e-08   0  1  4  0  1  0  0
    6 -7.9816979887167760e-08   3  0  1  1  1  0  0
    6 -2.6098615183880234e-06   2  1  1  1  1  0  0
    6  2.6098615183880234e-06   1  2  1  1  1  0  0
    6  7.9816979887167760e-08   0  3  1  1  1  0  0
    6  2.9243382561761030e-07   1  0  3  1  1  0  0
    6 -1.6854875215850764e-07   0  1  3  1  1  0  0
    6  1.0350546337735102e-07   3  0  0  2  1  0  0
    6  3.7664206275572616e-07   2  1  0  2  1  0  0
    6 -5.8939501630554813e-07   1  2  0  2  1  0  0
    6  1.8538693488969783e-08   0  3  0  2  1  0  0
    6 -1.2019399200031099e-06   1  0  2  2  1  0  0
    6  1.2019399200031099e-06   0  1  2  2  1  0  0
    6  1.6854875215850764e-07   1  0  1  3  1  0  0
    6 -2.9243382561761030e-07   0  1  1  3  1  0  0
    6  2.9992144214152926e-08   1  0  0  4  1  0  0
    6 -4.7348072181287105e-08   0  1  0  4  1  0  0
    6  2.0870098097994053e-07   4  0  0  0  2  0  0
    6 -5.3180657077747878e-07   3  1  0  0  2  0  0
    6  5.3180657077747878e-07   1  3  0  0  2  0  0
    6 -2.0870098097994053e-07   0  4  0  0  2  0  0
    6 -3.3752014122246288e-07   2  0  2  0  2  0  0
    6  2.9142667955002485e-08   1  1  2  0  2  0  0
    6 -1.9636468344487874e-07   0  2  2  0  2  0  0
    6 -4.1765043046579964e-08   0  0  4  0  2  0  0
    6 -5.1401413414909781e-07   2  0  1  1  2  0  0
    6  5.1401413414909781e-07   0  2  1  1  2  0  0
    6  4.5263228486089815e-08   0  0  3  1  2  0  0
    6  1.9636468344487874e-07   2  0  0  2  2  0  0
    6 -2.9142667955002485e-08   1  1  0  2  2  0  0
    6  3.3752014122246288e-07   0  2  0  2  2  0  0
    6 -4.5263228486089815e-08   0  0  1  3  2  0  0
    6  4.1765043046579964e-08   0  0  0  4  2  0  0
    6 -5.0047591833521777e-08   3  0  0  0  3  0  0
    6  1.4692182977086829e-07   2  1  0  0  3  0  0
    6 -1.4692182977086829e-07   1  2  0  0  3  0  0
    6  5.0047591833521777e-08   0  3  0  0  3  0  0
    6  1.6002509070396708e-07   1  0  2  0  3  0  0
    6  1.3089731585956564e-07   0  1  2  0  3  0  0
    6 -2.3830066587137363e-06   1  0  1  1  3  0  0
    6  2.3830066587137363e-06   0  1  1  1  3  0  0
    6 -1.3089731585956564e-07   1  0  0  2  3  0  0
    6 -1.6002509070396708e-07   0  1  0  2  3  0  0
    6 -1.8824852256226068e-07   2  0  0  0  4  0  0
    6  1.8824852256226068e-07   0  2  0  0  4  0  0
    6  3.2735203259262899e-08   0  0  2  0  4  0  0
    6 -3.2735203259262899e-08   0  0  0  2  4  0  0
    6 -7.0657559412265168e-20   1  0  0  0  5  0  0
    6  7.0657559412265168e-20   0  1  0  0  5  0  0
    7 -2.5656383652049230e-08   7  0  0  0  0  0  0
    7 -1.1100894907020197e-07   6  1  0  0  0  0  0
    7  1.2017766562231374e-08   5  2  0  0  0  0  0
    7 -5.9472354919340100e-07   4  3  0  0  0  0  0
    7  5.9472354919340100e-07   3  4  0  0  0  0  0
    7 -1.2017766562231374e-08   2  5  0  0  0  0  0
    7  1.1100894907020197e-07   1  6  0  0  0  0  0
    7  2.5656383652049230e-08   0  7  0  0  0  0  0
    7  1.8952869478702615e-07   5  0  2  0  0  0  0
    7  2.1028702133369218e-07   4  1  2  0  0  0  0
    7 -7.5072469882784795e-07   3  2  2  0  0  0  0
    7  2.7267820692272723e-07   2  3  2  0  0  0  0
    7  4.4142857791489633e-08   1  4  2  0  0  0  0
    7 -1.0905491970941266e-08   0  5  2  0  0  0  0
    7  3.1702234323644536e-09   3  0  4  0  0  0  0
    7  3.8346491119774329e-08   2  1  4  0  0  0  0
    7  8.3802881492382626e-08   1  2  4  0  0  0  0
    7  1.1692877424508599e-08   0  3  4  0  0  0  0
    7  1.1422375052235364e-09   1  0  6  0  0  0  0
    7 -1.0785949769373797e-08   0  1  6  0  0  0  0
    7 -1.2644341608342236e-07   5  0  1  1  0  0  0
    7  3.8534020569665785e-07   4  1  1  1  0  0  0
    7 -1.7915664308935405e-06   3  2  1  1  0  0  0
    7  1.7915664308935405e-06   2  3  1  1  0  0  0
    7 -3.8534020569665785e-07   1  4  1  1  0  0  0
    7  1.2644341608342236e-07   0  5  1  1  0  0  0
    7 -1.2799784480274826e-07   3  0  3  1  0  0  0
    7 -5.7241103714095955e-07   2  1  3  1  0  0  0
    7  3.2210928041386691e-07   1  2  3  1  0  0  0
    7  6.8557592990523452e-09   0  3  3  1  0  0  0
    7 -1.5557946514400864e-08   1  0  5  1  0  0  0
    7 -2.7545048383213701e-09   0  1  5  1  0  0  0
    7  1.0905491970941266e-08   5  0  0  2  0  0  0
    7 -4.4142857791489633e-08   4  1  0  2  0  0  0
    7 -2.7267820692272723e-07   3  2  0  2  0  0  0
    7  7.5072469882784795e-07   2  3  0  2  0  0  0
    7 -2.1028702133369218e-07   1  4  0  2  0  0  0
    7 -1.8952869478702615e-07   0  5  0  2  0  0  0
    7 -2.0226867098782503e-07   3  0  2  2  0  0  0
    7  2.0914375570646064e-06   2  1  2  2  0  0  0
    7 -2.0914375570646064e-06   1  2  2  2  0  0  0
    7  2.0226867098782503e-07   0  3  2  2  0  0  0
    7 -2.3671749535798919e-07   1  0  4  2  0  0  0
    7  6.7313293500212507e-08   0  1  4  2  0  0  0
    7 -6.8557592990523452e-09   3  0  1  3  0  0  0
    7 -3.2210928041386691e-07   2  1  1  3  0  0  0
    7  5.7241103714095955e-07   1  2  1  3  0  0  0
    7  1.2799784480274826e-07   0  3  1  3  0  0  0
    7 -9.8561882484492524e-08   1  0  3  3  0  0  0
    7  9.8561882484492524e-08   0  1  3  3  0  0  0
    7 -1.1692877424508599e-08   3  0  0  4  0  0  0
    7 -8.3802881492382626e-08   2  1  0  4  0  0  0
    7 -3.8346491119774329e-08   1  2  0  4  0  0  0
    7 -3.1702234323644536e-09   0  3  0  4  0  0  0
    7 -6.7313293500212507e-08   1  0  2  4  0  0  0
    7  2.3671749535798919e-07   0  1  2  4  0  0  0
    7  2.7545048383213701e-09   1  0  1  5  0  0  0
    7  1.5557946514400864e-08   0  1  1  5  0  0  0
    7  1.0785949769373797e-08   1  0  0  6  0  0  0
    7 -1.1422375052235364e-09   0  1  0  6  0  0  0
    7  2.0245520588080530e-08   6  0  0  0  1  0  0
    7  1.8746757500105780e-07   5  1  0  0  1  0  0
    7  1.2374224223372657e-07   4  2  0  0  1  0  0
    7 -1.2374224223372657e-07   2  4  0  0  1  0  0
    7 -1.8746757500105780e-07   1  5  0  0  1  0  0
    7 -2.0245520588080530e-08   0  6  0  0  1  0  0
    7 -3.1211211934222970e-07   4  0  2  0  1  0  0
    7  4.3858000632580987e-07   3  1  2  0  1  0  0
    7  1.9689949583261448e-08   2  2  2  0  1  0  0
    7  3.8632018253289252e-07   1  3  2  0  1  0  0
    7  6.5908814357853287e-08   0  4  2  0  1  0  0
    7  3.5193552176923564e-08   2  0  4  0  1  0  0
    7 -7.9936987992312335e-08   1  1  4  0  1  0  0
    7  2.1857357564232932e-08   0  2  4  0  1  0  0
    7 -3.5308437041246204e-10   0  0  6  0  1  0  0
    7 -4.4505239987039618e-07   4  0  1  1  1  0  0
    7 -4.7722908180102381e-07   3  1  1  1  1  0  0
    7  4.7722908180102381e-07   1  3  1  1  1  0  0
    7  4.4505239987039618e-07   0  4  1  1  1  0  0
    7  2.9941149211512135e-08   2  0  3  1  1  0  0
    7 -1.4971413007821651e-07   1  1  3  1  1  0  0
    7  1.6719243414722994e-07   0  2  3  1  1  0  0
    7  3.6416896912631693e-08   0  0  5  1  1  0  0
    7 -6.5908814357853287e-08   4  0  0  2  1  0  0
    7 -3.8632018253289252e-07   3  1  0  2  1  0  0
    7 -1.9689949583261448e-08   2  2  0  2  1  0  0
    7 -4.3858000632580987e-07   1  3  0  2  1  0  0
    7  3.1211211934222970e-07   0  4  0  2  1  0  0
    7 -9.8514214651802851e-07   2  0  2  2  1  0  0
    7  9.8514214651802851e-07   0  2  2  2  1  0  0
    7 -5.3223635702133483e-09   0  0  4  2  1  0  0
    7 -1.6719243414722994e-07   2  0  1  3  1  0  0
    7  1.4971413007821651e-07   1  1  1  3  1  0  0
    7 -2.9941149211512135e-08   0  2  1  3  1  0  0
    7 -2.1857357564232932e-08   2  0  0  4  1  0  0
    7  7.9936987992312335e-08   1  1  0  4  1  0  0
    7 -3.5193552176923564e-08   0  2  0  4  1  0  0
    7  5.3223635702133483e-09   0  0  2  4  1  0  0
    7 -3.6416896912631693e-08   0  0  1  5  1  0  0
    7  3.5308437041246204e-10   0  0  0  6  1  0  0
    7 -6.3905092664543690e-07   5  0  0  0  2  0  0
    7  7.3049660740751413e-07   4  1  0  0  2  0  0
    7 -3.0808720299183367e-06   3  2  0  0  2  0  0
    7  3.0808720299183367e-06   2  3  0  0  2  0  0
    7 -7.3049660740751413e-07   1  4  0  0  2  0  0
    7  6.3905092664543690e-07   0  5  0  0  2  0  0
    7 -4.6391146979606900e-08   3  0  2  0  2  0  0
    7  3.1805431913295841e-07   2  1  2  0  2  0  0
    7 -2.0737771231426760e-07   1  2  2  0  2  0  0
    7 -8.4804121599834943e-08   0  3  2  0  2  0  0
    7 -2.3913746461750419e-08   1  0  4  0  2  0  0
    7  2.6777499388139308e-08   0  1  4  0  2  0  0
    7  4.0828116409825523e-07   3  0  1  1  2  0  0
    7 -7.2968856076031022e-06   2  1  1  1  2  0  0
    7  7.2968856076031022e-06   1  2  1  1  2  0  0
    7 -4.0828116409825523e-07   0  3  1  1  2  0  0
    7  1.4275494885189230e-07   1  0  3  1  2  0  0
    7 -2.1469673996939171e-07   0  1  3  1  2  0  0
    7  8.4804121599834943e-08   3  0  0  2  2  0  0
    7  2.0737771231426760e-07   2  1  0  2  2  0  0
    7 -3.1805431913295841e-07   1  2  0  2  2  0  0
    7  4.6391146979606900e-08   0  3  0  2  2  0  0
    7 -1.1765606309887742e-06   1  0  2  2  2  0  0
    7  1.1765606309887742e-06   0  1  2  2  2  0  0
    7  2.1469673996939171e-07   1  0  1  3  2  0  0
    7 -1.4275494885189230e-07   0  1  1  3  2  0  0
    7 -2.6777499388139308e-08   1  0  0  4  2  0  0
    7  2.3913746461750419e-08   0  1  0  4  2  0  0
    7 -1.1042910463870332e-07   4  0  0  0  3  0  0
    7  3.1050398335504633e-07   3  1  0  0  3  0  0
    7 -3.1050398335504633e-07   1  3  0  0  3  0  0
    7  1.1042910463870332e-07   0  4  0  0  3  0  0
    7 -1.9613252496568087e-07   2  0  2  0  3  0  0
    7  5.3401311445387394e-07   1  1  2  0  3  0  0
    7 -2.1720862317932405e-07   0  2  2  0  3  0  0
    7 -3.2250204158363649e-08   0  0  4  0  3  0  0
    7  1.0024351071743189e-06   2  0  1  1  3  0  0
    7 -1.0024351071743189e-06   0  2  1  1  3  0  0
    7 -1.8911133929238592e-07   0  0  3  1  3  0  0
    7  2.1720862317932405e-07   2  0  0  2  3  0  0
    7 -5.3401311445387394e-07   1  1  0  2  3  0  0
    7  1.9613252496568087e-07   0  2  0  2  3  0  0
    7  1.8911133929238592e-07   0  0  1  3  3  0  0
    7  3.2250204158363649e-08   0  0  0  4  3  0  0
    7  1.4151011539369779e-07   3  0  0  0  4  0  0
    7 -2.9892875582029987e-07   2  1  0  0  4  0  0
    7  2.9892875582029987e-07   1  2  0  0  4  0  0
    7 -1.4151011539369779e-07   0  3  0  0  4  0  0
    7 -1.1813606207392029e-07   1  0  2  0  4  0  0
    7  3.9745232299602234e-08   0  1  2  0  4  0  0
    7  9.8710262712587285e-07   1  0  1  1  4  0  0
    7 -9.8710262712587285e-07   0  1  1  1  4  0  0
    7 -3.9745232299602234e-08   1  0  0  2  4  0  0
    7  1.1813606207392029e-07   0  1  0  2  4  0  0
    7  1.9774351619879381e-07   2  0  0  0  5  0  0
    7 -1.9774351619879381e-07   0  2  0  0  5  0  0
    7  1.8932291084437525e-08   0  0  2  0  5  0  0
    7 -1.8932291084437525e-08   0  0  0  2  5  0  0
    7 -4.2617833849656440e-20   1  0  0  0  6  0  0
    7  4.2617833849656440e-20   0  1  0  0  6  0  0
    8  1.3917002450450022e-08   8  0  0  0  0  0  0
    8  2.3487947018423841e-08   7  1  0  0  0  0  0
    8 -1.0599470764130665e-08   6  2  0  0  0  0  0
    8  1.3653917788634217e-07   5  3  0  0  0  0  0
    8 -1.3653917788634217e-07   3  5  0  0  0  0  0
    8  1.0599470764130665e-08   2  6  0  0  0  0  0
    8 -2.3487947018423841e-08   1  7  0  0  0  0  0
    8 -1.3917002450450022e-08   0  8  0  0  0  0  0
    8 -4.0105718088116293e-07   6  0  2  0  0  0  0
    8  5.9021766614298848e-07   5  1  2  0  0  0  0
    8 -3.5939019944749499e-07   4  2  2  0  0  0  0
    8 -1.5223475473735178e-07   3  3  2  0  0  0  0
    8 -1.1223569723019382e-07   2  4  2  0  0  0  0
    8 -1.2117434375240269e-07   1  5  2  0  0  0  0
    8 -2.1430163359586761e-08   0  6  2  0  0  0  0
    8 -7.1929677825803207e-09   4  0  4  0  0  0  0
    8  1.0068501521329219e-07   3  1  4  0  0  0  0
    8 -8.6468229066682855e-08   2  2  4  0  0  0  0
    8  5.1412354372747553e-09   1  3  4  0  0  0  0
    8 -4.3907232192844552e-08   0  4  4  0  0  0  0
    8 -1.4792494966991205e-09   2  0  6  0  0  0  0
    8 -8.5495141805432109e-09   1  1  6  0  0  0  0
    8 -7.3820426340300300e-10   0  2  6  0  0  0  0
    8  2.5880412174999398e-10   0  0  8  0  0  0  0
    8  7.1161115701786482e-09   6  0  1  1  0  0  0
    8  9.1303609988280925e-09   5  1  1  1  0  0  0
    8  9.5354094633067557e-07   4  2  1  1  0  0  0
    8 -9.5354094633067557e-07   2  4  1  1  0  0  0
    8 -9.1303609988280925e-09   1  5  1  1  0  0  0
    8 -7.1161115701786482e-09   0  6  1  1  0  0  0
    8 -8.2885134553693791e-08   4  0  3  1  0  0  0
    8 -3.4328154429573460e-07   3  1  3  1  0  0  0
    8  3.5776953366193656e-07   2  2  3  1  0  0  0
    8 -8.3518255264859281e-08   1  3  3  1  0  0  0
    8  7.9764256305724288e-08   0  4  3  1  0  0  0
    8 -4.3512515413994898e-08   2  0  5  1  0  0  0
    8 -1.7108986373245369e-08   1  1  5  1  0  0  0
    8 -8.3555138906197412e-08   0  2  5  1  0  0  0
    8  4.7691523062323015e-09   0  0  7  1  0  0  0
    8  2.1430163359586761e-08   6  0  0  2  0  0  0
    8  1.2117434375240269e-07   5  1  0  2  0  0  0
    8  1.1223569723019382e-07   4  2  0  2  0  0  0
    8  1.5223475473735178e-07   3  3  0  2  0  0  0
    8  3.5939019944749499e-07   2  4  0  2  0  0  0
    8 -5.9021766614298848e-07   1  5  0  2  0  0  0
    8  4.0105718088116293e-07   0  6  0  2  0  0  0
    8  6.2610955083464720e-08   4  0  2  2  0  0  0
    8  8.9223142081356070e-07   3  1  2  2  0  0  0
    8 -8.9223142081356070e-07   1  3  2  2  0  0  0
    8 -6.2610955083464720e-08   0  4  2  2  0  0  0
    8  4.0560323603413779e-08   2  0  4  2  0  0  0
    8 -1.6332707586779693e-07   1  1  4  2  0  0  0
    8 -2.0539456970833807e-07   0  2  4  2  0  0  0
    8 -5.5135307088688509e-09   0  0  6  2  0  0  0
    8 -7.9764256305724288e-08   4  0  1  3  0  0  0
    8  8.3518255264859281e-08   3  1  1  3  0  0  0
    8 -3.5776953366193656e-07   2  2  1  3  0  0  0
    8  3.4328154429573460e-07   1  3  1  3  0  0  0
    8  8.2885134553693791e-08   0  4  1  3  0  0  0
    8  4.1230537891558923e-07   2  0  3  3  0  0  0
    8 -4.1230537891558923e-07   0  2  3  3  0  0  0
    8  2.9825305495085945e-08   0  0  5  3  0  0  0
    8  4.3907232192844552e-08   4  0  0  4  0  0  0
    8 -5.1412354372747553e-09   3  1  0  4  0  0  0
    8  8.6468229066682855e-08   2  2  0  4  0  0  0
    8 -1.0068501521329219e-07   1  3  0  4  0  0  0
    8  7.1929677825803207e-09   0  4  0  4  0  0  0
    8  2.0539456970833807e-07   2  0  2  4  0  0  0
    8  1.6332707586779693e-07   1  1  2  4  0  0  0
    8 -4.0560323603413779e-08   0  2  2  4  0  0  0
    8  8.3555138906197412e-08   2  0  1  5  0  0  0
    8  1.7108986373245369e-08   1  1  1  5  0  0  0
    8  4.3512515413994898e-08   0  2  1  5  0  0  0
    8 -2.9825305495085945e-08   0  0  3  5  0  0  0
    8  7.3820426340300300e-10   2  0  0  6  0  0  0
    8  8.5495141805432109e-09   1  1  0  6  0  0  0
    8  1.4792494966991205e-09   0  2  0  6  0  0  0
    8  5.5135307088688509e-09   0  0  2  6  0  0  0
    8 -4.7691523062323015e-09   0  0  1  7  0  0  0
    8 -2.5880412174999398e-10   0  0  0  8  0  0  0
    8 -2.1132552076865524e-08   7  0  0  0  1  0  0
    8  4.1635718285539300e-07   6  1  0  0  1  0  0
    8 -7.9226027224069374e-07   5  2  0  0  1  0  0
    8  3.5864235066468236e-06   4  3  0  0  1  0  0
    8 -3.5864235066468236e-06   3  4  0  0  1  0  0
    8  7.9226027224069374e-07   2  5  0  0  1  0  0
    8 -4.1635718285539300e-07   1  6  0  0  1  0  0
    8  2.1132552076865524e-08   0  7  0  0  1  0  0
    8  2.4732011510115401e-07   5  0  2  0  1  0  0
    8  5.4216391769600946e-07   4  1  2  0  1  0  0
    8 -1.5325436071215075e-07   3  2  2  0  1  0  0
    8 -4.4650005322506519e-07   2  3  2  0  1  0  0
    8  1.0894161072889870e-07   1  4  2  0  1  0  0
    8  1.6376543138254192e-08   0  5  2  0  1  0  0
    8  7.8384699618528303e-08   3  0  4  0  1  0  0
    8  1.3916259783743790e-07   2  1  4  0  1  0  0
    8 -8.0692106593612686e-08   1  2  4  0  1  0  0
    8 -1.1909821201074051e-07   0  3  4  0  1  0  0
    8  1.1783395272216281e-08   1  0  6  0  1  0  0
    8 -2.1003609769750050e-08   0  1  6  0  1  0  0
    8  4.0021578295143089e-07   5  0  1  1  1  0  0
    8  2.2213904805668084e-07   4  1  1  1  1  0  0
    8  5.2245608621526205e-06   3  2  1  1  1  0  0
    8 -5.2245608621526205e-06   2  3  1  1  1  0  0
    8 -2.2213904805668084e-07   1  4  1  1  1  0  0
    8 -4.0021578295143089e-07   0  5  1  1  1  0  0
    8 -1.8083758156309298e-07   3  0  3  1  1  0  0
    8 -4.8951586030129838e-07   2  1  3  1  1  0  0
    8 -3.9419239361923679e-07   1  2  3  1  1  0  0
    8  1.0180350444163666e-07   0  3  3  1  1  0  0
    8 -3.2400484483619054e-08   1  0  5  1  1  0  0
    8 -1.0396410892360224e-07   0  1  5  1  1  0  0
    8 -1.6376543138254192e-08   5  0  0  2  1  0  0
    8 -1.0894161072889870e-07   4  1  0  2  1  0  0
    8  4.4650005322506519e-07   3  2  0  2  1  0  0
    8  1.5325436071215075e-07   2  3  0  2  1  0  0
    8 -5.4216391769600946e-07   1  4  0  2  1  0  0
    8 -2.4732011510115401e-07   0  5  0  2  1  0  0
    8 -6.2209408599503128e-08   3  0  2  2  1  0  0
    8  1.0762746345359900e-05   2  1  2  2  1  0  0
    8 -1.0762746345359900e-05   1  2  2  2  1  0  0
    8  6.2209408599503128e-08   0  3  2  2  1  0  0
    8 -1.3591664079415427e-07   1  0  4  2  1  0  0
    8 -2.0054221882361203e-07   0  1  4  2  1  0  0
    8 -1.0180350444163666e-07   3  0  1  3  1  0  0
    8  3.9419239361923679e-07   2  1  1  3  1  0  0
    8  4.8951586030129838e-07   1  2  1  3  1  0  0
    8  1.8083758156309298e-07   0  3  1  3  1  0  0
    8  2.2332677341610607e-06   1  0  3  3  1  0  0
    8 -2.2332677341610607e-06   0  1  3  3  1  0  0
    8  1.1909821201074051e-07   3  0  0  4  1  0  0
    8  8.0692106593612686e-08   2  1  0  4  1  0  0
    8 -1.3916259783743790e-07   1  2  0  4  1  0  0
    8 -7.8384699618528303e-08   0  3  0  4  1  0  0
    8  2.0054221882361203e-07   1  0  2  4  1  0  0
    8  1.3591664079415427e-07   0  1  2  4  1  0  0
    8  1.0396410892360224e-07   1  0  1  5  1  0  0
    8  3.2400484483619054e-08   0  1  1  5  1  0  0
    8  2.1003609769750050e-08   1  0  0  6  1  0  0
    8 -1.1783395272216281e-08   0  1  0  6  1  0  0
    8 -3.8491947068135586e-08   6  0  0  0  2  0  0
    8 -9.2174404463871483e-07   5  1  0  0  2  0  0
    8  5.0227598418983127e-07   4  2  0  0  2  0  0
    8 -5.0227598418983127e-07   2  4  0  0  2  0  0
    8  9.2174404463871483e-07   1  5  0  0  2  0  0
    8  3.8491947068135586e-08   0  6  0  0  2  0  0
    8  1.6766575351399676e-07   4  0  2  0  2  0  0
    8  1.1768437695898178e-06   3  1  2  0  2  0  0
    8 -3.5902612446048552e-07   2  2  2  0  2  0  0
    8 -5.8479276646459885e-08   1  3  2  0  2  0  0
    8 -2.2352545203590092e-09   0  4  2  0  2  0  0
    8  1.9743759273577402e-08   2  0  4  0  2  0  0
    8  1.6901363508180002e-07   1  1  4  0  2  0  0
    8  1.3274779627274111e-08   0  2  4  0  2  0  0
    8 -5.3098783297848798e-09   0  0  6  0  2  0  0
    8  3.3584164686024953e-07   4  0  1  1  2  0  0
    8  3.9663791408330840e-06   3  1  1  1  2  0  0
    8 -3.9663791408330840e-06   1  3  1  1  2  0  0
    8 -3.3584164686024953e-07   0  4  1  1  2  0  0
    8  2.9290826239505361e-07   2  0  3  1  2  0  0
    8 -2.6893093969351445e-07   1  1  3  1  2  0  0
    8  4.8591493619070624e-07   0  2  3  1  2  0  0
    8  5.7194342353090077e-09   0  0  5  1  2  0  0
    8  2.2352545203590092e-09   4  0  0  2  2  0  0
    8  5.8479276646459885e-08   3  1  0  2  2  0  0
    8  3.5902612446048552e-07   2  2  0  2  2  0  0
    8 -1.1768437695898178e-06   1  3  0  2  2  0  0
    8 -1.6766575351399676e-07   0  4  0  2  2  0  0
    8  1.1137848388705344e-06   2  0  2  2  2  0  0
    8 -1.1137848388705344e-06   0  2  2  2  2  0  0
    8  6.7750435749901400e-08   0  0  4  2  2  0  0
    8 -4.8591493619070624e-07   2  0  1  3  2  0  0
    8  2.6893093969351445e-07   1  1  1  3  2  0  0
    8 -2.9290826239505361e-07   0  2  1  3  2  0  0
    8 -1.3274779627274111e-08   2  0  0  4  2  0  0
    8 -1.6901363508180002e-07   1  1  0  4  2  0  0
    8 -1.9743759273577402e-08   0  2  0  4  2  0  0
    8 -6.7750435749901400e-08   0  0  2  4  2  0  0
    8 -5.7194342353090077e-09   0  0  1  5  2  0  0
    8  5.3098783297848798e-09   0  0  0  6  2  0  0
    8  7.5770817220384945e-07   5  0  0  0  3  0  0
    8 -1.5404233900522008e-06   4  1  0  0  3  0  0
    8  5.5376296797756204e-06   3  2  0  0  3  0  0
    8 -5.5376296797756204e-06   2  3  0  0  3  0  0
    8  1.5404233900522008e-06   1  4  0  0  3  0  0
    8 -7.5770817220384945e-07   0  5  0  0  3  0  0
    8 -6.7079935059849672e-08   3  0  2  0  3  0  0
    8  3.1122971222939630e-07   2  1  2  0  3  0  0
    8  4.9273335857899514e-07   1  2  2  0  3  0  0
    8  8.9731795717500430e-08   0  3  2  0  3  0  0
    8 -4.5192760663196995e-08   1  0  4  0  3  0  0
    8  2.1426277645952178e-08   0  1  4  0  3  0  0
    8 -2.5192528146853732e-07   3  0  1  1  3  0  0
    8  1.3336291296180288e-05   2  1  1  1  3  0  0
    8 -1.3336291296180288e-05   1  2  1  1  3  0  0
    8  2.5192528146853732e-07   0  3  1  1  3  0  0
    8  1.4642801681768100e-07   1  0  3  1  3  0  0
    8  2.3978133875506219e-07   0  1  3  1  3  0  0
    8 -8.9731795717500430e-08   3  0  0  2  3  0  0
    8 -4.9273335857899514e-07   2  1  0  2  3  0  0
    8 -3.1122971222939630e-07   1  2  0  2  3  0  0
    8  6.7079935059849672e-08   0  3  0  2  3  0  0
    8  3.5911107132135264e-06   1  0  2  2  3  0  0
    8 -3.5911107132135264e-06   0  1  2  2  3  0  0
    8 -2.3978133875506219e-07   1  0  1  3  3  0  0
    8 -1.4642801681768100e-07   0  1  1  3  3  0  0
    8 -2.1426277645952178e-08   1  0  0  4  3  0  0
    8  4.5192760663196995e-08   0  1  0  4  3  0  0
    8  9.1009023406922273e-08   4  0  0  0  4  0  0
    8 -1.9626728592658281e-07   3  1  0  0  4  0  0
    8  1.9626728592658281e-07   1  3  0  0  4  0  0
    8 -9.1009023406922273e-08   0  4  0  0  4  0  0
    8  8.7176862796017122e-08   2  0  2  0  4  0  0
    8 -1.2688915267968583e-07   1  1  2  0  4  0  0
    8 -3.2266239883141008e-08   0  2  2  0  4  0  0
    8  3.9218964913996233e-09   0  0  4  0  4  0  0
    8  2.1000240845884082e-07   2  0  1  1  4  0  0
    8 -2.1000240845884082e-07   0  2  1  1  4  0  0
    8 -6.7822452211481874e-08   0  0  3  1  4  0  0
    8  3.2266239883141008e-08   2  0  0  2  4  0  0
    8  1.2688915267968583e-07   1  1  0  2  4  0  0
    8 -8.7176862796017122e-08   0  2  0  2  4  0  0
    8  6.7822452211481874e-08   0  0  1  3  4  0  0
    8 -3.9218964913996233e-09   0  0  0  4  4  0  0
    8 -3.5310421361123876e-07   3  0  0  0  5  0  0
    8  9.4593574173850925e-07   2  1  0  0  5  0  0
    8 -9.4593574173850925e-07   1  2  0  0  5  0  0
    8  3.5310421361123876e-07   0  3  0  0  5  0  0
    8  1.2449280737184621e-07   1  0  2  0  5  0  0
    8 -7.1437261620018668e-09   0  1  2  0  5  0  0
    8  1.0400590433784659e-06   1  0  1  1  5  0  0
    8 -1.0400590433784659e-06   0  1  1  1  5  0  0
    8  7.1437261620018668e-09   1  0  0  2  5  0  0
    8 -1.2449280737184621e-07   0  1  0  2  5  0  0
    8 -1.5017598235119693e-07   2  0  0  0  6  0  0
    8  1.5017598235119693e-07   0  2  0  0  6  0  0
    8 -2.1811737292236841e-08   0  0  2  0  6  0  0
    8  2.1811737292236841e-08   0  0  0  2  6  0  0
    8  1.6850764956079750e-19   1  0  0  0  7  0  0
    8 -1.6850764956079750e-19   0  1  0  0  7  0  0
 -608  0.0000000000000000e+00   0  0  0  0  0  0  0

tpsa, NO = 8, NV = 7, INA = 58470
------------------------------------------------------------------

   |I|         a                i  i  i  i  i  i  i
                I                1  2  3  4  5  6  7

    3 -7.4378310243754608e-14   3  0  0  0  0  0  0
    3 -1.5184742838520738e-13   2  1  0  0  0  0  0
    3  1.5184742838520738e-13   1  2  0  0  0  0  0
    3  7.4378310243754608e-14   0  3  0  0  0  0  0
    3  1.0380607049050292e-13   1  0  2  0  0  0  0
    3 -2.9522553216026092e-14   0  1  2  0  0  0  0
    3 -1.7714453033121214e-13   1  0  1  1  0  0  0
    3  1.7714453033121214e-13   0  1  1  1  0  0  0
    3  2.9522553216026092e-14   1  0  0  2  0  0  0
    3 -1.0380607049050292e-13   0  1  0  2  0  0  0
    3 -9.6816936805181366e-13   2  0  0  0  1  0  0
    3  9.6816936805181366e-13   0  2  0  0  1  0  0
    3  2.1769104218587952e-13   0  0  2  0  1  0  0
    3 -2.1769104218587952e-13   0  0  0  2  1  0  0
    3  1.6007366695373642e-24   1  0  0  0  2  0  0
    3 -1.6007366695373642e-24   0  1  0  0  2  0  0
    4 -9.1272768710696863e-17   4  0  0  0  0  0  0
    4  1.0048281074924850e-16   3  1  0  0  0  0  0
    4 -1.0048281074924850e-16   1  3  0  0  0  0  0
    4  9.1272768710696863e-17   0  4  0  0  0  0  0
    4  2.6335592696299154e-17   2  0  2  0  0  0  0
    4 -9.2786845903960357e-16   1  1  2  0  0  0  0
    4  1.8456219036155468e-16   0  2  2  0  0  0  0
    4  3.0285005834925163e-17   0  0  4  0  0  0  0
    4 -7.2009768502717027e-16   2  0  1  1  0  0  0
    4  7.2009768502717027e-16   0  2  1  1  0  0  0
    4 -1.6826863116780495e-16   0  0  3  1  0  0  0
    4 -1.8456219036155468e-16   2  0  0  2  0  0  0
    4  9.2786845903960357e-16   1  1  0  2  0  0  0
    4 -2.6335592696299154e-17   0  2  0  2  0  0  0
    4  1.6826863116780495e-16   0  0  1  3  0  0  0
    4 -3.0285005834925163e-17   0  0  0  4  0  0  0
    4  1.6107323118445580e-15   3  0  0  0  1  0  0
    4 -7.1660712988337921e-15   2  1  0  0  1  0  0
    4  7.1660712988337921e-15   1  2  0  0  1  0  0
    4 -1.6107323118445580e-15   0  3  0  0  1  0  0
    4 -2.8102985062634043e-15   1  0  2  0  1  0  0
    4  2.0960853888693006e-15   0  1  2  0  1  0  0
    4 -1.7893117262678657e-14   1  0  1  1  1  0  0
    4  1.7893117262678657e-14   0  1  1  1  1  0  0
    4 -2.0960853888693006e-15   1  0  0  2  1  0  0
    4  2.8102985062634043e-15   0  1  0  2  1  0  0
    4 -1.3928504241348813e-14   2  0  0  0  2  0  0
    4  1.3928504241348813e-14   0  2  0  0  2  0  0
    4  1.8854774317817419e-14   0  0  2  0  2  0  0
    4 -1.8854774317817419e-14   0  0  0  2  2  0  0
    5  7.1628638372085442e-19   5  0  0  0  0  0  0
    5  1.0589763284420874e-19   4  1  0  0  0  0  0
    5  2.7796444774931201e-18   3  2  0  0  0  0  0
    5 -2.7796444774931201e-18   2  3  0  0  0  0  0
    5 -1.0589763284420874e-19   1  4  0  0  0  0  0
    5 -7.1628638372085442e-19   0  5  0  0  0  0  0
    5  5.6755996583556457e-19   3  0  2  0  0  0  0
    5 -1.0531547891927294e-19   2  1  2  0  0  0  0
    5 -1.2128528985515843e-18   1  2  2  0  0  0  0
    5  2.7647803863277431e-19   0  3  2  0  0  0  0
    5  3.1446108205280836e-19   1  0  4  0  0  0  0
    5 -4.9853096353217404e-19   0  1  4  0  0  0  0
    5  5.4388000200119046e-19   3  0  1  1  0  0  0
    5  1.2281970379646985e-20   2  1  1  1  0  0  0
    5 -1.2281970379646985e-20   1  2  1  1  0  0  0
    5 -5.4388000200119046e-19   0  3  1  1  0  0  0
    5  2.1514143211058796e-19   1  0  3  1  0  0  0
    5 -6.0492891075577305e-19   0  1  3  1  0  0  0
    5 -2.7647803863277431e-19   3  0  0  2  0  0  0
    5  1.2128528985515843e-18   2  1  0  2  0  0  0
    5  1.0531547891927294e-19   1  2  0  2  0  0  0
    5 -5.6755996583556457e-19   0  3  0  2  0  0  0
    5  7.4760552843108816e-18   1  0  2  2  0  0  0
    5 -7.4760552843108816e-18   0  1  2  2  0  0  0
    5  6.0492891075577314e-19   1  0  1  3  0  0  0
    5 -2.1514143211058798e-19   0  1  1  3  0  0  0
    5  4.9853096353217404e-19   1  0  0  4  0  0  0
    5 -3.1446108205280836e-19   0  1  0  4  0  0  0
    5 -1.5944561547625646e-18   4  0  0  0  1  0  0
    5 -4.9264020944650213e-19   3  1  0  0  1  0  0
    5  4.9264020944650213e-19   1  3  0  0  1  0  0
    5  1.5944561547625646e-18   0  4  0  0  1  0  0
    5 -5.7874037812203072e-18   2  0  2  0  1  0  0
    5 -2.4524143862960220e-18   1  1  2  0  1  0  0
    5  5.7041319987868006e-18   0  2  2  0  1  0  0
    5 -2.4696709791508654e-19   0  0  4  0  1  0  0
    5  3.4430748879935992e-17   2  0  1  1  1  0  0
    5 -3.4430748879935992e-17   0  2  1  1  1  0  0
    5 -3.1840303408829493e-18   0  0  3  1  1  0  0
    5 -5.7041319987868006e-18   2  0  0  2  1  0  0
    5  2.4524143862960220e-18   1  1  0  2  1  0  0
    5  5.7874037812203072e-18   0  2  0  2  1  0  0
    5  3.1840303408829493e-18   0  0  1  3  1  0  0
    5  2.4696709791508654e-19   0  0  0  4  1  0  0
    5 -1.3951524624777932e-17   3  0  0  0  2  0  0
    5  6.4889174273363561e-17   2  1  0  0  2  0  0
    5 -6.4889174273363561e-17   1  2  0  0  2  0  0
    5  1.3951524624777932e-17   0  3  0  0  2  0  0
    5 -1.4797780762020647e-17   1  0  2  0  2  0  0
    5  1.2904085159100104e-16   0  1  2  0  2  0  0
    5  3.8200923847362565e-16   1  0  1  1  2  0  0
    5 -3.8200923847362565e-16   0  1  1  1  2  0  0
    5 -1.2904085159100104e-16   1  0  0  2  2  0  0
    5  1.4797780762020647e-17   0  1  0  2  2  0  0
    5  1.5585137186914193e-16   2  0  0  0  3  0  0
    5 -1.5585137186914193e-16   0  2  0  0  3  0  0
    5 -2.1391797316934259e-16   0  0  2  0  3  0  0
    5  2.1391797316934259e-16   0  0  0  2  3  0  0
    6 -6.9157232748227536e-22   6  0  0  0  0  0  0
    6  1.4227012965458561e-21   5  1  0  0  0  0  0
    6 -2.4768984423613536e-21   4  2  0  0  0  0  0
    6  2.4768984423613536e-21   2  4  0  0  0  0  0
    6 -1.4227012965458561e-21   1  5  0  0  0  0  0
    6  6.9157232748227536e-22   0  6  0  0  0  0  0
    6 -6.8249935350990785e-21   4  0  2  0  0  0  0
    6  3.5419392906073804e-21   3  1  2  0  0  0  0
    6  4.0509501164762814e-21   2  2  2  0  0  0  0
    6 -1.0724033835047253e-21   1  3  2  0  0  0  0
    6 -8.2387886655410423e-22   0  4  2  0  0  0  0
    6  1.6520605553384026e-21   2  0  4  0  0  0  0
    6  3.8095192742492373e-21   1  1  4  0  0  0  0
    6  3.7990331688373871e-21   0  2  4  0  0  0  0
    6  3.3836814528264066e-22   0  0  6  0  0  0  0
    6 -3.8009448238779340e-22   4  0  1  1  0  0  0
    6 -1.1694407317301228e-20   3  1  1  1  0  0  0
    6  1.1694407317301228e-20   1  3  1  1  0  0  0
    6  3.8009448238779340e-22   0  4  1  1  0  0  0
    6  2.5081561566417358e-21   2  0  3  1  0  0  0
    6  8.2473435436577840e-21   1  1  3  1  0  0  0
    6  1.5692200837301012e-21   0  2  3  1  0  0  0
    6 -1.6429626936681496e-22   0  0  5  1  0  0  0
    6  8.2387886655410423e-22   4  0  0  2  0  0  0
    6  1.0724033835047253e-21   3  1  0  2  0  0  0
    6 -4.0509501164762814e-21   2  2  0  2  0  0  0
    6 -3.5419392906073804e-21   1  3  0  2  0  0  0
    6  6.8249935350990785e-21   0  4  0  2  0  0  0
    6 -7.0822202855938066e-21   2  0  2  2  0  0  0
    6  7.0822202855938066e-21   0  2  2  2  0  0  0
    6 -2.3721674035646026e-22   0  0  4  2  0  0  0
    6 -1.5692200837301015e-21   2  0  1  3  0  0  0
    6 -8.2473435436577870e-21   1  1  1  3  0  0  0
    6 -2.5081561566417366e-21   0  2  1  3  0  0  0
    6 -3.7990331688373871e-21   2  0  0  4  0  0  0
    6 -3.8095192742492373e-21   1  1  0  4  0  0  0
    6 -1.6520605553384026e-21   0  2  0  4  0  0  0
    6  2.3721674035646026e-22   0  0  2  4  0  0  0
    6  1.6429626936681496e-22   0  0  1  5  0  0  0
    6 -3.3836814528264066e-22   0  0  0  6  0  0  0
    6  5.1819798443410113e-20   5  0  0  0  1  0  0
    6 -7.4911695453431780e-20   4  1  0  0  1  0  0
    6  2.3619112725100231e-19   3  2  0  0  1  0  0
    6 -2.3619112725100231e-19   2  3  0  0  1  0  0
    6  7.4911695453431780e-20   1  4  0  0  1  0  0
    6 -5.1819798443410113e-20   0  5  0  0  1  0  0
    6 -3.2107628770593917e-21   3  0  2  0  1  0  0
    6  1.0207880287807877e-19   2  1  2  0  1  0  0
    6 -6.5231584618121972e-20   1  2  2  0  1  0  0
    6 -1.7926371110378453e-20   0  3  2  0  1  0  0
    6  7.5855823382244564e-21   1  0  4  0  1  0  0
    6 -4.8050082918956704e-21   0  1  4  0  1  0  0
    6 -1.3823703171595819e-20   3  0  1  1  1  0  0
    6 -4.5200846987905990e-19   2  1  1  1  1  0  0
    6  4.5200846987905990e-19   1  2  1  1  1  0  0
    6  1.3823703171595819e-20   0  3  1  1  1  0  0
    6  4.6850500147312515e-20   1  0  3  1  1  0  0
    6 -2.7003009385641919e-20   0  1  3  1  1  0  0
    6  1.7926371110378453e-20   3  0  0  2  1  0  0
    6  6.5231584618121972e-20   2  1  0  2  1  0  0
    6 -1.0207880287807877e-19   1  2  0  2  1  0  0
    6  3.2107628770593917e-21   0  3  0  2  1  0  0
    6 -1.9256146678736137e-19   1  0  2  2  1  0  0
    6  1.9256146678736137e-19   0  1  2  2  1  0  0
    6  2.7003009385641922e-20   1  0  1  3  1  0  0
    6 -4.6850500147312521e-20   0  1  1  3  1  0  0
    6  4.8050082918956704e-21   1  0  0  4  1  0  0
    6 -7.5855823382244564e-21   0  1  0  4  1  0  0
    6  2.4564244831600668e-19   4  0  0  0  2  0  0
    6 -6.2593988520291429e-19   3  1  0  0  2  0  0
    6  6.2593988520291429e-19   1  3  0  0  2  0  0
    6 -2.4564244831600668e-19   0  4  0  0  2  0  0
    6 -3.6748205626772798e-19   2  0  2  0  2  0  0
    6  3.1729684357335164e-20   1  1  2  0  2  0  0
    6 -2.1379612306787885e-19   0  2  2  0  2  0  0
    6 -4.2063644073076919e-20   0  0  4  0  2  0  0
    6 -5.5964355277774763e-19   2  0  1  1  2  0  0
    6  5.5964355277774763e-19   0  2  1  1  2  0  0
    6  4.5586839944443606e-20   0  0  3  1  2  0  0
    6  2.1379612306787885e-19   2  0  0  2  2  0  0
    6 -3.1729684357335164e-20   1  1  0  2  2  0  0
    6  3.6748205626772798e-19   0  2  0  2  2  0  0
    6 -4.5586839944443606e-20   0  0  1  3  2  0  0
    6  4.2063644073076919e-20   0  0  0  4  2  0  0
    6 -3.7031341647558389e-19   3  0  0  0  3  0  0
    6  1.0871077457287886e-18   2  1  0  0  3  0  0
    6 -1.0871077457287886e-18   1  2  0  0  3  0  0
    6  3.7031341647558389e-19   0  3  0  0  3  0  0
    6  1.0952969052377178e-18   1  0  2  0  3  0  0
    6  8.9593090892309694e-19   0  1  2  0  3  0  0
    6 -1.6310566092904107e-17   1  0  1  1  3  0  0
    6  1.6310566092904107e-17   0  1  1  1  3  0  0
    6 -8.9593090892309694e-19   1  0  0  2  3  0  0
    6 -1.0952969052377178e-18   0  1  0  2  3  0  0
    6 -8.7563915439500150e-18   2  0  0  0  4  0  0
    6  8.7563915439500150e-18   0  2  0  0  4  0  0
    6  1.4085301746583699e-18   0  0  2  0  4  0  0
    6 -1.4085301746583699e-18   0  0  0  2  4  0  0
    7 -4.2542245361109742e-24   7  0  0  0  0  0  0
    7 -1.8406997699561863e-23   6  1  0  0  0  0  0
    7  1.9927312466040075e-24   5  2  0  0  0  0  0
    7 -9.8614346803294894e-23   4  3  0  0  0  0  0
    7  9.8614346803294894e-23   3  4  0  0  0  0  0
    7 -1.9927312466040075e-24   2  5  0  0  0  0  0
    7  1.8406997699561863e-23   1  6  0  0  0  0  0
    7  4.2542245361109742e-24   0  7  0  0  0  0  0
    7  2.9070831607966864e-23   5  0  2  0  0  0  0
    7  3.2254844541625419e-23   4  1  2  0  0  0  0
    7 -1.1514980002415942e-22   3  2  2  0  0  0  0
    7  4.1824707575391245e-23   2  3  2  0  0  0  0
    7  6.7708458974660079e-24   1  4  2  0  0  0  0
    7 -1.6727373184599701e-24   0  5  2  0  0  0  0
    7  4.4981079331407643e-25   3  0  4  0  0  0  0
    7  5.4408359408700329e-24   2  1  4  0  0  0  0
    7  1.1890468104318975e-23   1  2  4  0  0  0  0
    7  1.6590573449013033e-24   0  3  4  0  0  0  0
    7  1.4991805302647839e-25   1  0  6  0  0  0  0
    7 -1.4156500570776337e-24   0  1  6  0  0  0  0
    7 -1.9394505201588513e-23   5  0  1  1  0  0  0
    7  5.9105352063837865e-23   4  1  1  1  0  0  0
    7 -2.7479915949148148e-22   3  2  1  1  0  0  0
    7  2.7479915949148148e-22   2  3  1  1  0  0  0
    7 -5.9105352063837865e-23   1  4  1  1  0  0  0
    7  1.9394505201588513e-23   0  5  1  1  0  0  0
    7 -1.8161121240049342e-23   3  0  3  1  0  0  0
    7 -8.1217197529220797e-23   2  1  3  1  0  0  0
    7  4.5702845256154537e-23   1  2  3  1  0  0  0
    7  9.7273728330785148e-25   0  3  3  1  0  0  0
    7 -2.0419720415962075e-24   1  0  5  1  0  0  0
    7 -3.6152726602366288e-25   0  1  5  1  0  0  0
    7  1.6727373184599701e-24   5  0  0  2  0  0  0
    7 -6.7708458974660079e-24   4  1  0  2  0  0  0
    7 -4.1824707575391245e-23   3  2  0  2  0  0  0
    7  1.1514980002415942e-22   2  3  0  2  0  0  0
    7 -3.2254844541625419e-23   1  4  0  2  0  0  0
    7 -2.9070831607966864e-23   0  5  0  2  0  0  0
    7 -2.8699122727687276e-23   3  0  2  2  0  0  0
    7  2.9674602020351668e-22   2  1  2  2  0  0  0
    7 -2.9674602020351668e-22   1  2  2  2  0  0  0
    7  2.8699122727687276e-23   0  3  2  2  0  0  0
    7 -3.1069042873381324e-23   1  0  4  2  0  0  0
    7  8.8348332620866408e-24   0  1  4  2  0  0  0
    7 -9.7273728330785167e-25   3  0  1  3  0  0  0
    7 -4.5702845256154549e-23   2  1  1  3  0  0  0
    7  8.1217197529220820e-23   1  2  1  3  0  0  0
    7  1.8161121240049347e-23   0  3  1  3  0  0  0
    7 -1.2936193617463096e-23   1  0  3  3  0  0  0
    7  1.2936193617463096e-23   0  1  3  3  0  0  0
    7 -1.6590573449013033e-24   3  0  0  4  0  0  0
    7 -1.1890468104318975e-23   2  1  0  4  0  0  0
    7 -5.4408359408700329e-24   1  2  0  4  0  0  0
    7 -4.4981079331407643e-25   0  3  0  4  0  0  0
    7 -8.8348332620866408e-24   1  0  2  4  0  0  0
    7  3.1069042873381324e-23   0  1  2  4  0  0  0
    7  3.6152726602366288e-25   1  0  1  5  0  0  0
    7  2.0419720415962075e-24   0  1  1  5  0  0  0
    7  1.4156500570776337e-24   1  0  0  6  0  0  0
    7 -1.4991805302647839e-25   0  1  0  6  0  0  0
    7  2.1103828564088586e-23   6  0  0  0  1  0  0
    7  1.9541525479354623e-22   5  1  0  0  1  0  0
    7  1.2898828927984986e-22   4  2  0  0  1  0  0
    7 -1.2898828927984986e-22   2  4  0  0  1  0  0
    7 -1.9541525479354623e-22   1  5  0  0  1  0  0
    7 -2.1103828564088586e-23   0  6  0  0  1  0  0
    7 -3.0095422954536662e-22   4  0  2  0  1  0  0
    7  4.2290093757319580e-22   3  1  2  0  1  0  0
    7  1.8986041359451263e-23   2  2  2  0  1  0  0
    7  3.7250938264440888e-22   1  3  2  0  1  0  0
    7  6.3552599261827264e-23   0  4  2  0  1  0  0
    7  3.1391382216383298e-23   2  0  4  0  1  0  0
    7 -7.1300917016796324e-23   1  1  4  0  1  0  0
    7  1.9495976481421795e-23   0  2  4  0  1  0  0
    7 -2.9132875020403430e-25   0  0  6  0  1  0  0
    7 -4.2914194550531495e-22   4  0  1  1  1  0  0
    7 -4.6016832327035200e-22   3  1  1  1  1  0  0
    7  4.6016832327035200e-22   1  3  1  1  1  0  0
    7  4.2914194550531495e-22   0  4  1  1  1  0  0
    7  2.6706427761862292e-23   2  0  3  1  1  0  0
    7 -1.3353961705406477e-22   1  1  3  1  1  0  0
    7  1.4912963538373852e-22   0  2  3  1  1  0  0
    7  3.0047461606620282e-23   0  0  5  1  1  0  0
    7 -6.3552599261827264e-23   4  0  0  2  1  0  0
    7 -3.7250938264440888e-22   3  1  0  2  1  0  0
    7 -1.8986041359451263e-23   2  2  0  2  1  0  0
    7 -4.2290093757319580e-22   1  3  0  2  1  0  0
    7  3.0095422954536662e-22   0  4  0  2  1  0  0
    7 -8.7871134756022801e-22   2  0  2  2  1  0  0
    7  8.7871134756022801e-22   0  2  2  2  1  0  0
    7 -4.3914646384104291e-24   0  0  4  2  1  0  0
    7 -1.4912963538373855e-22   2  0  1  3  1  0  0
    7  1.3353961705406479e-22   1  1  1  3  1  0  0
    7 -2.6706427761862298e-23   0  2  1  3  1  0  0
    7 -1.9495976481421795e-23   2  0  0  4  1  0  0
    7  7.1300917016796324e-23   1  1  0  4  1  0  0
    7 -3.1391382216383298e-23   0  2  0  4  1  0  0
    7  4.3914646384104291e-24   0  0  2  4  1  0  0
    7 -3.0047461606620282e-23   0  0  1  5  1  0  0
    7  2.9132875020403430e-25   0  0  0  6  1  0  0
    7 -4.1876955973488448e-21   5  0  0  0  2  0  0
    7  4.7869384100212508e-21   4  1  0  0  2  0  0
    7 -2.0188929704568707e-20   3  2  0  0  2  0  0
    7  2.0188929704568707e-20   2  3  0  0  2  0  0
    7 -4.7869384100212508e-21   1  4  0  0  2  0  0
    7  4.1876955973488448e-21   0  5  0  0  2  0  0
    7 -2.8121097326644350e-22   3  0  2  0  2  0  0
    7  1.9279619164038428e-21   2  1  2  0  2  0  0
    7 -1.2570693356493053e-21   1  2  2  0  2  0  0
    7 -5.1406035687323480e-22   0  3  2  0  2  0  0
    7 -1.3409182159997958e-22   1  0  4  0  2  0  0
    7  1.5014977584508158e-22   0  1  4  0  2  0  0
    7  2.4748934009520747e-21   3  0  1  1  2  0  0
    7 -4.4231807944520019e-20   2  1  1  1  2  0  0
    7  4.4231807944520019e-20   1  2  1  1  2  0  0
    7 -2.4748934009520747e-21   0  3  1  1  2  0  0
    7  8.0047144284062072e-22   1  0  3  1  2  0  0
    7 -1.2038714636420710e-21   0  1  3  1  2  0  0
    7  5.1406035687323480e-22   3  0  0  2  2  0  0
    7  1.2570693356493053e-21   2  1  0  2  2  0  0
    7 -1.9279619164038428e-21   1  2  0  2  2  0  0
    7  2.8121097326644350e-22   0  3  0  2  2  0  0
    7 -6.5973417625904680e-21   1  0  2  2  2  0  0
    7  6.5973417625904680e-21   0  1  2  2  2  0  0
    7  1.2038714636420710e-21   1  0  1  3  2  0  0
    7 -8.0047144284062091e-22   0  1  1  3  2  0  0
    7 -1.5014977584508158e-22   1  0  0  4  2  0  0
    7  1.3409182159997958e-22   0  1  0  4  2  0  0
    7 -4.5491527761390767e-21   4  0  0  0  3  0  0
    7  1.2791284168275195e-20   3  1  0  0  3  0  0
    7 -1.2791284168275195e-20   1  3  0  0  3  0  0
    7  4.5491527761390767e-21   0  4  0  0  3  0  0
    7 -7.4740174497475560e-21   2  0  2  0  3  0  0
    7  2.0349625012581030e-20   1  1  2  0  3  0  0
    7 -8.2771638215638866e-21   0  2  2  0  3  0  0
    7 -1.1368272447869432e-21   0  0  4  0  3  0  0
    7  3.8199770714068984e-20   2  0  1  1  3  0  0
    7 -3.8199770714068984e-20   0  2  1  1  3  0  0
    7 -6.6662189718255775e-21   0  0  3  1  3  0  0
    7  8.2771638215638866e-21   2  0  0  2  3  0  0
    7 -2.0349625012581030e-20   1  1  0  2  3  0  0
    7  7.4740174497475560e-21   0  2  0  2  3  0  0
    7  6.6662189718255775e-21   0  0  1  3  3  0  0
    7  1.1368272447869432e-21   0  0  0  4  3  0  0
    7  3.6647283779532830e-20   3  0  0  0  4  0  0
    7 -7.7414444288532384e-20   2  1  0  0  4  0  0
    7  7.7414444288532384e-20   1  2  0  0  4  0  0
    7 -3.6647283779532830e-20   0  3  0  0  4  0  0
    7 -2.8300513323292766e-20   1  0  2  0  4  0  0
    7  9.5213134455797314e-21   0  1  2  0  4  0  0
    7  2.3646895418736069e-19   1  0  1  1  4  0  0
    7 -2.3646895418736069e-19   0  1  1  1  4  0  0
    7 -9.5213134455797314e-21   1  0  0  2  4  0  0
    7  2.8300513323292766e-20   0  1  0  2  4  0  0
    7  3.2193181138485933e-19   2  0  0  0  5  0  0
    7 -3.2193181138485933e-19   0  2  0  0  5  0  0
    7  2.8511648667112084e-20   0  0  2  0  5  0  0
    7 -2.8511648667112084e-20   0  0  0  2  5  0  0
    8  1.2605003192790293e-25   5  3  0  0  0  0  0
    8 -1.2605003192790293e-25   3  5  0  0  0  0  0
    8 -3.4249125742493833e-25   6  0  2  0  0  0  0
    8  5.0402885241349635e-25   5  1  2  0  0  0  0
    8 -3.0690885784549533e-25   4  2  2  0  0  0  0
    8 -1.3000408684671327e-25   3  3  2  0  0  0  0
    8 -1.0347939231064236e-25   1  5  2  0  0  0  0
    8  8.1429644769713605e-25   4  2  1  1  0  0  0
    8 -8.1429644769713605e-25   2  4  1  1  0  0  0
    8 -2.7117594691810402e-25   3  1  3  1  0  0  0
    8  2.8262076328124241e-25   2  2  3  1  0  0  0
    8  1.0347939231064236e-25   5  1  0  2  0  0  0
    8  1.3000408684671327e-25   3  3  0  2  0  0  0
    8  3.0690885784549533e-25   2  4  0  2  0  0  0
    8 -5.0402885241349635e-25   1  5  0  2  0  0  0
    8  3.4249125742493833e-25   0  6  0  2  0  0  0
    8  7.0482000687098699e-25   3  1  2  2  0  0  0
    8 -7.0482000687098699e-25   1  3  2  2  0  0  0
    8 -1.1934834846563404e-25   1  1  4  2  0  0  0
    8 -1.5008841949966608e-25   0  2  4  2  0  0  0
    8 -2.8262076328124250e-25   2  2  1  3  0  0  0
    8  2.7117594691810411e-25   1  3  1  3  0  0  0
    8  3.0128480397765648e-25   2  0  3  3  0  0  0
    8 -3.0128480397765648e-25   0  2  3  3  0  0  0
    8  1.5008841949966608e-25   2  0  2  4  0  0  0
    8  1.1934834846563404e-25   1  1  2  4  0  0  0
    8 -1.2264361950364832e-25   7  0  0  0  1  0  0
    8  2.4163457270089321e-24   6  1  0  0  1  0  0
    8 -4.5979144886582257e-24   5  2  0  0  1  0  0
    8  2.0813953673378286e-23   4  3  0  0  1  0  0
    8 -2.0813953673378286e-23   3  4  0  0  1  0  0
    8  4.5979144886582257e-24   2  5  0  0  1  0  0
    8 -2.4163457270089321e-24   1  6  0  0  1  0  0
    8  1.2264361950364832e-25   0  7  0  0  1  0  0
    8  1.3277306107166199e-24   5  0  2  0  1  0  0
    8  2.9105907105720858e-24   4  1  2  0  1  0  0
    8 -8.2274143314265187e-25   3  2  2  0  1  0  0
    8 -2.3970221270156319e-24   2  3  2  0  1  0  0
    8  5.8484976560185189e-25   1  4  2  0  1  0  0
    8  3.8925961008620983e-25   3  0  4  0  1  0  0
    8  6.9108357672369637e-25   2  1  4  0  1  0  0
    8 -4.0071822820687223e-25   1  2  4  0  1  0  0
    8 -5.9144353164437155e-25   0  3  4  0  1  0  0
    8  2.1485464120021109e-24   5  0  1  1  1  0  0
    8  1.1925468084942244e-24   4  1  1  1  1  0  0
    8  2.8047898091082856e-23   3  2  1  1  1  0  0
    8 -2.8047898091082856e-23   2  3  1  1  1  0  0
    8 -1.1925468084942244e-24   1  4  1  1  1  0  0
    8 -2.1485464120021109e-24   0  5  1  1  1  0  0
    8 -8.9804217954218601e-25   3  0  3  1  1  0  0
    8 -2.4309432049779477e-24   2  1  3  1  1  0  0
    8 -1.9575654201129764e-24   1  2  3  1  1  0  0
    8  5.0555775090313768e-25   0  3  3  1  1  0  0
    8 -1.4883911052122804e-25   1  0  5  1  1  0  0
    8 -4.7758315176256966e-25   0  1  5  1  1  0  0
    8 -5.8484976560185189e-25   4  1  0  2  1  0  0
    8  2.3970221270156319e-24   3  2  0  2  1  0  0
    8  8.2274143314265187e-25   2  3  0  2  1  0  0
    8 -2.9105907105720858e-24   1  4  0  2  1  0  0
    8 -1.3277306107166199e-24   0  5  0  2  1  0  0
    8 -3.0893286895255623e-25   3  0  2  2  1  0  0
    8  5.3447961990547368e-23   2  1  2  2  1  0  0
    8 -5.3447961990547368e-23   1  2  2  2  1  0  0
    8  3.0893286895255623e-25   0  3  2  2  1  0  0
    8 -6.2436448847124061e-25   1  0  4  2  1  0  0
    8 -9.2123701072280631e-25   0  1  4  2  1  0  0
    8 -5.0555775090313778e-25   3  0  1  3  1  0  0
    8  1.9575654201129767e-24   2  1  1  3  1  0  0
    8  2.4309432049779484e-24   1  2  1  3  1  0  0
    8  8.9804217954218638e-25   0  3  1  3  1  0  0
    8  1.0259031258509214e-23   1  0  3  3  1  0  0
    8 -1.0259031258509214e-23   0  1  3  3  1  0  0
    8  5.9144353164437155e-25   3  0  0  4  1  0  0
    8  4.0071822820687223e-25   2  1  0  4  1  0  0
    8 -6.9108357672369637e-25   1  2  0  4  1  0  0
    8 -3.8925961008620983e-25   0  3  0  4  1  0  0
    8  9.2123701072280631e-25   1  0  2  4  1  0  0
    8  6.2436448847124061e-25   0  1  2  4  1  0  0
    8  4.7758315176256966e-25   1  0  1  5  1  0  0
    8  1.4883911052122804e-25   0  1  1  5  1  0  0
    8 -1.4043334028948413e-24   6  0  0  0  2  0  0
    8 -3.3628747034132269e-23   5  1  0  0  2  0  0
    8  1.8324948354030524e-23   4  2  0  0  2  0  0
    8 -1.8324948354030524e-23   2  4  0  0  2  0  0
    8  3.3628747034132269e-23   1  5  0  0  2  0  0
    8  1.4043334028948413e-24   0  6  0  0  2  0  0
    8  5.6585118263596733e-24   4  0  2  0  2  0  0
    8  3.9717021803416598e-23   3  1  2  0  2  0  0
    8 -1.2116687687579223e-23   2  2  2  0  2  0  0
    8 -1.9736032646245096e-24   1  3  2  0  2  0  0
    8  6.1637529999893887e-25   2  0  4  0  2  0  0
    8  5.2763928380585387e-24   1  1  4  0  2  0  0
    8  4.1442190222259166e-25   0  2  4  0  2  0  0
    8 -1.5334070876901966e-25   0  0  6  0  2  0  0
    8  1.1334240241160449e-23   4  0  1  1  2  0  0
    8  1.3386039072288376e-22   3  1  1  1  2  0  0
    8 -1.3386039072288376e-22   1  3  1  1  2  0  0
    8 -1.1334240241160449e-23   0  4  1  1  2  0  0
    8  9.1442270747057418e-24   2  0  3  1  2  0  0
    8 -8.3956852560708789e-24   1  1  3  1  2  0  0
    8  1.5169652365511434e-23   0  2  3  1  2  0  0
    8  1.6516802173800659e-25   0  0  5  1  2  0  0
    8  1.9736032646245096e-24   3  1  0  2  2  0  0
    8  1.2116687687579223e-23   2  2  0  2  2  0  0
    8 -3.9717021803416598e-23   1  3  0  2  2  0  0
    8 -5.6585118263596733e-24   0  4  0  2  2  0  0
    8  3.4770960012252294e-23   2  0  2  2  2  0  0
    8 -3.4770960012252294e-23   0  2  2  2  2  0  0
    8  1.9565231427290908e-24   0  0  4  2  2  0  0
    8 -1.5169652365511437e-23   2  0  1  3  2  0  0
    8  8.3956852560708803e-24   1  1  1  3  2  0  0
    8 -9.1442270747057433e-24   0  2  1  3  2  0  0
    8 -4.1442190222259166e-25   2  0  0  4  2  0  0
    8 -5.2763928380585387e-24   1  1  0  4  2  0  0
    8 -6.1637529999893887e-25   0  2  0  4  2  0  0
    8 -1.9565231427290908e-24   0  0  2  4  2  0  0
    8 -1.6516802173800659e-25   0  0  1  5  2  0  0
    8  1.5334070876901966e-25   0  0  0  6  2  0  0
    8  1.7378394515666343e-22   5  0  0  0  3  0  0
    8 -3.5330337424795850e-22   4  1  0  0  3  0  0
    8  1.2700815008619606e-21   3  2  0  0  3  0  0
    8 -1.2700815008619606e-21   2  3  0  0  3  0  0
    8  3.5330337424795850e-22   1  4  0  0  3  0  0
    8 -1.7378394515666343e-22   0  5  0  0  3  0  0
    8 -1.4231734433280658e-23   3  0  2  0  3  0  0
    8  6.6030752836048671e-23   2  1  2  0  3  0  0
    8  1.0453871637559133e-22   1  2  2  0  3  0  0
    8  1.9037571901843138e-23   0  3  2  0  3  0  0
    8 -8.8693457696119796e-24   1  0  4  0  3  0  0
    8  4.2050333329695332e-24   0  1  4  0  3  0  0
    8 -5.3448675817751140e-23   3  0  1  1  3  0  0
    8  2.8294385777620259e-21   2  1  1  1  3  0  0
    8 -2.8294385777620259e-21   1  2  1  1  3  0  0
    8  5.3448675817751140e-23   0  3  1  1  3  0  0
    8  2.8737361746793927e-23   1  0  3  1  3  0  0
    8  4.7058501656239859e-23   0  1  3  1  3  0  0
    8 -1.9037571901843138e-23   3  0  0  2  3  0  0
    8 -1.0453871637559133e-22   2  1  0  2  3  0  0
    8 -6.6030752836048671e-23   1  2  0  2  3  0  0
    8  1.4231734433280658e-23   0  3  0  2  3  0  0
    8  7.0477665327461486e-22   1  0  2  2  3  0  0
    8 -7.0477665327461486e-22   0  1  2  2  3  0  0
    8 -4.7058501656239870e-23   1  0  1  3  3  0  0
    8 -2.8737361746793932e-23   0  1  1  3  3  0  0
    8 -4.2050333329695332e-24   1  0  0  4  3  0  0
    8  8.8693457696119796e-24   0  1  0  4  3  0  0
    8  1.3121982967619837e-22   4  0  0  0  4  0  0
    8 -2.8298468510252164e-22   3  1  0  0  4  0  0
    8  2.8298468510252164e-22   1  3  0  0  4  0  0
    8 -1.3121982967619837e-22   0  4  0  0  4  0  0
    8  1.1627163207784715e-22   2  0  2  0  4  0  0
    8 -1.6923766698927663e-22   1  1  2  0  4  0  0
    8 -4.3034909170871566e-23   0  2  2  0  4  0  0
    8  4.8386719236485984e-24   0  0  4  0  4  0  0
    8  2.8008948691950041e-22   2  0  1  1  4  0  0
    8 -2.8008948691950041e-22   0  2  1  1  4  0  0
    8 -8.3676506003752422e-23   0  0  3  1  4  0  0
    8  4.3034909170871566e-23   2  0  0  2  4  0  0
    8  1.6923766698927663e-22   1  1  0  2  4  0  0
    8 -1.1627163207784715e-22   0  2  0  2  4  0  0
    8  8.3676506003752422e-23   0  0  1  3  4  0  0
    8 -4.8386719236485984e-24   0  0  0  4  4  0  0
    8 -3.2005546736962468e-21   3  0  0  0  5  0  0
    8  8.5740100019615006e-21   2  1  0  0  5  0  0
    8 -8.5740100019615006e-21   1  2  0  0  5  0  0
    8  3.2005546736962468e-21   0  3  0  0  5  0  0
    8  1.0438164283965863e-21   1  0  2  0  5  0  0
    8 -5.9896944131009834e-23   0  1  2  0  5  0  0
    8  8.7204292271940019e-21   1  0  1  1  5  0  0
    8 -8.7204292271940019e-21   0  1  1  1  5  0  0
    8  5.9896944131009834e-23   1  0  0  2  5  0  0
    8 -1.0438164283965863e-21   0  1  0  2  5  0  0
    8 -8.5571701332934726e-21   2  0  0  0  6  0  0
    8  8.5571701332934726e-21   0  2  0  0  6  0  0
    8 -1.1496812810594282e-21   0  0  2  0  6  0  0
    8  1.1496812810594282e-21   0  0  0  2  6  0  0
 -536  0.0000000000000000e+00   0  0  0  0  0  0  0
