
tpsa, NO = 8, NV = 7, INA = 48089
------------------------------------------------------------------

   |I|         a                i  i  i  i  i  i  i
                I                1  2  3  4  5  6  7

    2  1.2575093299556027e-25   1  1  0  0  0  0  0
    2  1.1338720584782265e-25   0  0  2  0  0  0  0
    2  1.1338720584782265e-25   0  0  0  2  0  0  0
    3 -2.5270505558494904e-07   3  0  0  0  0  0  0
    3 -2.2330136404252126e-07   2  1  0  0  0  0  0
    3 -2.2330136404252126e-07   1  2  0  0  0  0  0
    3 -2.5270505558494904e-07   0  3  0  0  0  0  0
    3 -6.0386369713426571e-07   1  0  2  0  0  0  0
    3 -1.0678881266844823e-06   0  1  2  0  0  0  0
    3 -2.0110450659975005e-07   1  0  1  1  0  0  0
    3 -2.0110450659975005e-07   0  1  1  1  0  0  0
    3 -1.0678881266844823e-06   1  0  0  2  0  0  0
    3 -6.0386369713426571e-07   0  1  0  2  0  0  0
    3 -3.6996273512143036e-07   2  0  0  0  1  0  0
    3 -2.2721852358761175e-06   1  1  0  0  1  0  0
    3 -3.6996273512143036e-07   0  2  0  0  1  0  0
    3 -1.0051568026089969e-06   0  0  2  0  1  0  0
    3 -2.1018477385969385e-06   0  0  1  1  1  0  0
    3 -1.0051568026089969e-06   0  0  0  2  1  0  0
    3  4.5249839216199558e-07   1  0  0  0  2  0  0
    3  4.5249839216199558e-07   0  1  0  0  2  0  0
    3 -5.0237472675751984e-07   0  0  0  0  3  0  0
    4 -7.4381064050491081e-08   4  0  0  0  0  0  0
    4  1.6155091721238060e-08   3  1  0  0  0  0  0
    4  1.0956687961466126e-06   2  2  0  0  0  0  0
    4  1.6155091721238060e-08   1  3  0  0  0  0  0
    4 -7.4381064050491081e-08   0  4  0  0  0  0  0
    4  6.2799202038942615e-08   2  0  2  0  0  0  0
    4  7.2985321350039667e-07   1  1  2  0  0  0  0
    4 -4.4053408318077534e-07   0  2  2  0  0  0  0
    4  1.8239884975050711e-07   0  0  4  0  0  0  0
    4 -2.5819275749059487e-07   2  0  1  1  0  0  0
    4 -1.6851737080963328e-07   1  1  1  1  0  0  0
    4 -2.5819275749059487e-07   0  2  1  1  0  0  0
    4  3.8224486865936252e-07   0  0  3  1  0  0  0
    4 -4.4053408318077534e-07   2  0  0  2  0  0  0
    4  7.2985321350039667e-07   1  1  0  2  0  0  0
    4  6.2799202038942615e-08   0  2  0  2  0  0  0
    4  9.1668756974496924e-07   0  0  2  2  0  0  0
    4  3.8224486865936252e-07   0  0  1  3  0  0  0
    4  1.8239884975050711e-07   0  0  0  4  0  0  0
    4 -3.1529804940484467e-08   3  0  0  0  1  0  0
    4 -4.9599101117022673e-07   2  1  0  0  1  0  0
    4 -4.9599101117022673e-07   1  2  0  0  1  0  0
    4 -3.1529804940484467e-08   0  3  0  0  1  0  0
    4  4.4807363363730601e-07   1  0  2  0  1  0  0
    4 -5.8478238804336338e-08   0  1  2  0  1  0  0
    4 -3.9870410312547655e-07   1  0  1  1  1  0  0
    4 -3.9870410312547655e-07   0  1  1  1  1  0  0
    4 -5.8478238804336338e-08   1  0  0  2  1  0  0
    4  4.4807363363730601e-07   0  1  0  2  1  0  0
    4 -2.7809684861383507e-07   2  0  0  0  2  0  0
    4  1.4422892819940337e-06   1  1  0  0  2  0  0
    4 -2.7809684861383507e-07   0  2  0  0  2  0  0
    4 -3.0814400357131623e-07   0  0  2  0  2  0  0
    4  8.2989994788559963e-07   0  0  1  1  2  0  0
    4 -3.0814400357131623e-07   0  0  0  2  2  0  0
    4  3.0235091763848729e-07   1  0  0  0  3  0  0
    4  3.0235091763848729e-07   0  1  0  0  3  0  0
    4  1.8252130882789307e-06   0  0  0  0  4  0  0
    5  1.3193227423293796e-07   5  0  0  0  0  0  0
    5  1.0191936326625546e-07   4  1  0  0  0  0  0
    5  2.8296528812677770e-07   3  2  0  0  0  0  0
    5  2.8296528812677770e-07   2  3  0  0  0  0  0
    5  1.0191936326625546e-07   1  4  0  0  0  0  0
    5  1.3193227423293796e-07   0  5  0  0  0  0  0
    5  5.1463763120836493e-08   3  0  2  0  0  0  0
    5  2.3050607284017734e-08   2  1  2  0  0  0  0
    5  5.9797486060100291e-07   1  2  2  0  0  0  0
    5  6.1175514911547161e-09   0  3  2  0  0  0  0
    5 -6.0551502170172643e-08   1  0  4  0  0  0  0
    5  3.6200440081628482e-07   0  1  4  0  0  0  0
    5  1.9829141055407317e-07   3  0  1  1  0  0  0
    5 -1.3648506157659211e-07   2  1  1  1  0  0  0
    5 -1.3648506157659211e-07   1  2  1  1  0  0  0
    5  1.9829141055407317e-07   0  3  1  1  0  0  0
    5 -1.6878306689752740e-07   1  0  3  1  0  0  0
    5  7.6458049189921583e-08   0  1  3  1  0  0  0
    5  6.1175514911547161e-09   3  0  0  2  0  0  0
    5  5.9797486060100291e-07   2  1  0  2  0  0  0
    5  2.3050607284017734e-08   1  2  0  2  0  0  0
    5  5.1463763120836493e-08   0  3  0  2  0  0  0
    5 -1.7977599277972904e-07   1  0  2  2  0  0  0
    5 -1.7977599277972904e-07   0  1  2  2  0  0  0
    5  7.6458049189921583e-08   1  0  1  3  0  0  0
    5 -1.6878306689752740e-07   0  1  1  3  0  0  0
    5  3.6200440081628482e-07   1  0  0  4  0  0  0
    5 -6.0551502170172643e-08   0  1  0  4  0  0  0
    5 -1.1495415910440137e-07   4  0  0  0  1  0  0
    5  1.1392468578410386e-07   3  1  0  0  1  0  0
    5  4.9915061081979839e-06   2  2  0  0  1  0  0
    5  1.1392468578410386e-07   1  3  0  0  1  0  0
    5 -1.1495415910440137e-07   0  4  0  0  1  0  0
    5  2.8937316465139014e-07   2  0  2  0  1  0  0
    5  1.4708397112097004e-07   1  1  2  0  1  0  0
    5  3.8108152614938649e-09   0  2  2  0  1  0  0
    5 -6.9441611851239669e-08   0  0  4  0  1  0  0
    5  2.3186886271919310e-07   2  0  1  1  1  0  0
    5  7.6543716645656319e-07   1  1  1  1  1  0  0
    5  2.3186886271919310e-07   0  2  1  1  1  0  0
    5 -4.2112918448190549e-07   0  0  3  1  1  0  0
    5  3.8108152614938649e-09   2  0  0  2  1  0  0
    5  1.4708397112097004e-07   1  1  0  2  1  0  0
    5  2.8937316465139014e-07   0  2  0  2  1  0  0
    5 -7.8187668973348343e-07   0  0  2  2  1  0  0
    5 -4.2112918448190549e-07   0  0  1  3  1  0  0
    5 -6.9441611851239669e-08   0  0  0  4  1  0  0
    5  2.2409276280174686e-07   3  0  0  0  2  0  0
    5 -5.4047672146086120e-07   2  1  0  0  2  0  0
    5 -5.4047672146086120e-07   1  2  0  0  2  0  0
    5  2.2409276280174686e-07   0  3  0  0  2  0  0
    5 -2.7598499099720046e-07   1  0  2  0  2  0  0
    5 -9.3857400866622207e-07   0  1  2  0  2  0  0
    5  2.2968820622177175e-07   1  0  1  1  2  0  0
    5  2.2968820622177175e-07   0  1  1  1  2  0  0
    5 -9.3857400866622207e-07   1  0  0  2  2  0  0
    5 -2.7598499099720046e-07   0  1  0  2  2  0  0
    5  1.3282559694400617e-07   2  0  0  0  3  0  0
    5  1.7414316490123871e-06   1  1  0  0  3  0  0
    5  1.3282559694400617e-07   0  2  0  0  3  0  0
    5  2.0119108546122147e-07   0  0  2  0  3  0  0
    5  4.3242407362815789e-07   0  0  1  1  3  0  0
    5  2.0119108546122147e-07   0  0  0  2  3  0  0
    5 -1.9802901761519187e-07   1  0  0  0  4  0  0
    5 -1.9802901761519187e-07   0  1  0  0  4  0  0
    5 -4.9800747824844764e-07   0  0  0  0  5  0  0
    6 -5.1742998211288936e-08   6  0  0  0  0  0  0
    6  2.2881831072961837e-07   5  1  0  0  0  0  0
    6  1.1874470842032114e-07   4  2  0  0  0  0  0
    6 -1.6477261351890746e-06   3  3  0  0  0  0  0
    6  1.1874470842032114e-07   2  4  0  0  0  0  0
    6  2.2881831072961837e-07   1  5  0  0  0  0  0
    6 -5.1742998211288936e-08   0  6  0  0  0  0  0
    6  1.4323896796837485e-07   4  0  2  0  0  0  0
    6 -1.6085953964560157e-07   3  1  2  0  0  0  0
    6 -2.0695644169688614e-07   2  2  2  0  0  0  0
    6  2.9591539211441052e-07   1  3  2  0  0  0  0
    6 -1.4961790543251891e-10   0  4  2  0  0  0  0
    6 -9.3191646096833056e-09   2  0  4  0  0  0  0
    6  2.1539600622040348e-08   1  1  4  0  0  0  0
    6  3.4981705931956461e-09   0  2  4  0  0  0  0
    6 -1.1945277987265083e-08   0  0  6  0  0  0  0
    6 -6.2579365392496626e-08   4  0  1  1  0  0  0
    6 -5.3371692552442727e-08   3  1  1  1  0  0  0
    6 -3.2857084784951401e-06   2  2  1  1  0  0  0
    6 -5.3371692552442727e-08   1  3  1  1  0  0  0
    6 -6.2579365392496626e-08   0  4  1  1  0  0  0
    6 -3.6070322965013541e-08   2  0  3  1  0  0  0
    6 -2.6321296973316378e-09   1  1  3  1  0  0  0
    6 -2.0847070764575850e-07   0  2  3  1  0  0  0
    6  2.6474069776744977e-08   0  0  5  1  0  0  0
    6 -1.4961790543251891e-10   4  0  0  2  0  0  0
    6  2.9591539211441052e-07   3  1  0  2  0  0  0
    6 -2.0695644169688614e-07   2  2  0  2  0  0  0
    6 -1.6085953964560157e-07   1  3  0  2  0  0  0
    6  1.4323896796837485e-07   0  4  0  2  0  0  0
    6 -2.6819582095973318e-07   2  0  2  2  0  0  0
    6 -1.0233206111830173e-06   1  1  2  2  0  0  0
    6 -2.6819582095973318e-07   0  2  2  2  0  0  0
    6  1.6184555512355739e-07   0  0  4  2  0  0  0
    6 -2.0847070764575850e-07   2  0  1  3  0  0  0
    6 -2.6321296973316378e-09   1  1  1  3  0  0  0
    6 -3.6070322965013541e-08   0  2  1  3  0  0  0
    6  5.6786526767252964e-08   0  0  3  3  0  0  0
    6  3.4981705931956461e-09   2  0  0  4  0  0  0
    6  2.1539600622040348e-08   1  1  0  4  0  0  0
    6 -9.3191646096833056e-09   0  2  0  4  0  0  0
    6  1.6184555512355739e-07   0  0  2  4  0  0  0
    6  2.6474069776744977e-08   0  0  1  5  0  0  0
    6 -1.1945277987265083e-08   0  0  0  6  0  0  0
    6  3.8058564677592239e-07   5  0  0  0  1  0  0
    6  4.2396264400157755e-07   4  1  0  0  1  0  0
    6  1.3241850733991879e-06   3  2  0  0  1  0  0
    6  1.3241850733991879e-06   2  3  0  0  1  0  0
    6  4.2396264400157755e-07   1  4  0  0  1  0  0
    6  3.8058564677592239e-07   0  5  0  0  1  0  0
    6 -1.2167161270270976e-07   3  0  2  0  1  0  0
    6 -5.7754957946128381e-07   2  1  2  0  1  0  0
    6  1.3348143104403743e-06   1  2  2  0  1  0  0
    6  4.5796042221489800e-08   0  3  2  0  1  0  0
    6  1.5748703080461501e-07   1  0  4  0  1  0  0
    6 -7.9532744260045176e-08   0  1  4  0  1  0  0
    6 -6.1910784257155935e-08   3  0  1  1  1  0  0
    6  5.5353308736307001e-07   2  1  1  1  1  0  0
    6  5.5353308736307001e-07   1  2  1  1  1  0  0
    6 -6.1910784257155935e-08   0  3  1  1  1  0  0
    6  7.9228791317673894e-08   1  0  3  1  1  0  0
    6  1.4588238726312905e-07   0  1  3  1  1  0  0
    6  4.5796042221489800e-08   3  0  0  2  1  0  0
    6  1.3348143104403743e-06   2  1  0  2  1  0  0
    6 -5.7754957946128381e-07   1  2  0  2  1  0  0
    6 -1.2167161270270976e-07   0  3  0  2  1  0  0
    6 -1.6433552842567236e-07   1  0  2  2  1  0  0
    6 -1.6433552842567236e-07   0  1  2  2  1  0  0
    6  1.4588238726312905e-07   1  0  1  3  1  0  0
    6  7.9228791317673894e-08   0  1  1  3  1  0  0
    6 -7.9532744260045176e-08   1  0  0  4  1  0  0
    6  1.5748703080461501e-07   0  1  0  4  1  0  0
    6  1.5519734810172201e-09   4  0  0  0  2  0  0
    6  9.0425364834218973e-07   3  1  0  0  2  0  0
    6 -2.5560656762723706e-06   2  2  0  0  2  0  0
    6  9.0425364834218973e-07   1  3  0  0  2  0  0
    6  1.5519734810172201e-09   0  4  0  0  2  0  0
    6  1.3571287286591535e-07   2  0  2  0  2  0  0
    6 -7.3878911081431758e-07   1  1  2  0  2  0  0
    6 -8.9150381567833093e-08   0  2  2  0  2  0  0
    6 -2.0166757935564437e-08   0  0  4  0  2  0  0
    6  6.2693361913916515e-07   2  0  1  1  2  0  0
    6 -1.5838214970214257e-08   1  1  1  1  2  0  0
    6  6.2693361913916515e-07   0  2  1  1  2  0  0
    6 -1.5654990002410046e-07   0  0  3  1  2  0  0
    6 -8.9150381567833093e-08   2  0  0  2  2  0  0
    6 -7.3878911081431758e-07   1  1  0  2  2  0  0
    6  1.3571287286591535e-07   0  2  0  2  2  0  0
    6 -4.7961602443513219e-07   0  0  2  2  2  0  0
    6 -1.5654990002410046e-07   0  0  1  3  2  0  0
    6 -2.0166757935564437e-08   0  0  0  4  2  0  0
    6  3.8328250633562967e-08   3  0  0  0  3  0  0
    6 -1.0677420467832071e-06   2  1  0  0  3  0  0
    6 -1.0677420467832071e-06   1  2  0  0  3  0  0
    6  3.8328250633562967e-08   0  3  0  0  3  0  0
    6 -1.8079524001400873e-07   1  0  2  0  3  0  0
    6 -1.2573748239521195e-07   0  1  2  0  3  0  0
    6  8.8464039569060212e-08   1  0  1  1  3  0  0
    6  8.8464039569060212e-08   0  1  1  1  3  0  0
    6 -1.2573748239521195e-07   1  0  0  2  3  0  0
    6 -1.8079524001400873e-07   0  1  0  2  3  0  0
    6  1.4626482277049712e-07   2  0  0  0  4  0  0
    6 -2.2198263814748672e-06   1  1  0  0  4  0  0
    6  1.4626482277049712e-07   0  2  0  0  4  0  0
    6  3.5097944270797852e-08   0  0  2  0  4  0  0
    6  9.4152662840293120e-08   0  0  1  1  4  0  0
    6  3.5097944270797852e-08   0  0  0  2  4  0  0
    6 -2.1633490783402590e-07   1  0  0  0  5  0  0
    6 -2.1633490783402590e-07   0  1  0  0  5  0  0
    6 -1.9655732296844296e-08   0  0  0  0  6  0  0
    7  2.3769310418996374e-08   7  0  0  0  0  0  0
    7 -1.5948918751034860e-07   6  1  0  0  0  0  0
    7 -1.6007759090944427e-07   5  2  0  0  0  0  0
    7 -4.8547448222061420e-07   4  3  0  0  0  0  0
    7 -4.8547448222061420e-07   3  4  0  0  0  0  0
    7 -1.6007759090944427e-07   2  5  0  0  0  0  0
    7 -1.5948918751034860e-07   1  6  0  0  0  0  0
    7  2.3769310418996374e-08   0  7  0  0  0  0  0
    7 -1.1081470484077682e-07   5  0  2  0  0  0  0
    7  1.0322345707414797e-07   4  1  2  0  0  0  0
    7  6.6209733601603566e-07   3  2  2  0  0  0  0
    7 -2.5360531586395836e-07   2  3  2  0  0  0  0
    7 -9.3453339495142713e-08   1  4  2  0  0  0  0
    7  1.2559322455562010e-09   0  5  2  0  0  0  0
    7  5.7487360836122223e-08   3  0  4  0  0  0  0
    7 -1.2075907608644092e-07   2  1  4  0  0  0  0
    7 -1.9797948904261142e-07   1  2  4  0  0  0  0
    7 -2.0989602513366040e-09   0  3  4  0  0  0  0
    7 -2.9084535389238459e-08   1  0  6  0  0  0  0
    7 -1.1588300903959782e-08   0  1  6  0  0  0  0
    7 -1.3268986588411567e-07   5  0  1  1  0  0  0
    7 -4.1436460344586918e-07   4  1  1  1  0  0  0
    7 -9.7421874760117725e-07   3  2  1  1  0  0  0
    7 -9.7421874760117725e-07   2  3  1  1  0  0  0
    7 -4.1436460344586918e-07   1  4  1  1  0  0  0
    7 -1.3268986588411567e-07   0  5  1  1  0  0  0
    7  4.0995666828677305e-08   3  0  3  1  0  0  0
    7  7.3789359727806855e-07   2  1  3  1  0  0  0
    7 -1.4947059650912431e-07   1  2  3  1  0  0  0
    7  1.3271913807895542e-07   0  3  3  1  0  0  0
    7 -7.3118487598276496e-08   1  0  5  1  0  0  0
    7  1.7375983805620965e-07   0  1  5  1  0  0  0
    7  1.2559322455562010e-09   5  0  0  2  0  0  0
    7 -9.3453339495142713e-08   4  1  0  2  0  0  0
    7 -2.5360531586395836e-07   3  2  0  2  0  0  0
    7  6.6209733601603566e-07   2  3  0  2  0  0  0
    7  1.0322345707414797e-07   1  4  0  2  0  0  0
    7 -1.1081470484077682e-07   0  5  0  2  0  0  0
    7 -1.9747279692895632e-07   3  0  2  2  0  0  0
    7 -1.2939581379924932e-07   2  1  2  2  0  0  0
    7 -1.2939581379924932e-07   1  2  2  2  0  0  0
    7 -1.9747279692895632e-07   0  3  2  2  0  0  0
    7  1.0011816892818317e-07   1  0  4  2  0  0  0
    7  1.1178198665899438e-07   0  1  4  2  0  0  0
    7  1.3271913807895542e-07   3  0  1  3  0  0  0
    7 -1.4947059650912431e-07   2  1  1  3  0  0  0
    7  7.3789359727806855e-07   1  2  1  3  0  0  0
    7  4.0995666828677305e-08   0  3  1  3  0  0  0
    7  1.2666302446932993e-07   1  0  3  3  0  0  0
    7  1.2666302446932993e-07   0  1  3  3  0  0  0
    7 -2.0989602513366040e-09   3  0  0  4  0  0  0
    7 -1.9797948904261142e-07   2  1  0  4  0  0  0
    7 -1.2075907608644092e-07   1  2  0  4  0  0  0
    7  5.7487360836122223e-08   0  3  0  4  0  0  0
    7  1.1178198665899438e-07   1  0  2  4  0  0  0
    7  1.0011816892818317e-07   0  1  2  4  0  0  0
    7  1.7375983805620965e-07   1  0  1  5  0  0  0
    7 -7.3118487598276496e-08   0  1  1  5  0  0  0
    7 -1.1588300903959782e-08   1  0  0  6  0  0  0
    7 -2.9084535389238459e-08   0  1  0  6  0  0  0
    7 -1.4065702852332619e-07   6  0  0  0  1  0  0
    7  9.0635300958679152e-07   5  1  0  0  1  0  0
    7 -8.8813892598193721e-08   4  2  0  0  1  0  0
    7  1.1087572639023586e-06   3  3  0  0  1  0  0
    7 -8.8813892598193721e-08   2  4  0  0  1  0  0
    7  9.0635300958679152e-07   1  5  0  0  1  0  0
    7 -1.4065702852332619e-07   0  6  0  0  1  0  0
    7 -1.9831053490705715e-09   4  0  2  0  1  0  0
    7 -4.5131412369319376e-08   3  1  2  0  1  0  0
    7  9.8198485790294866e-07   2  2  2  0  1  0  0
    7 -1.7980103599549983e-07   1  3  2  0  1  0  0
    7  1.0076967748742634e-07   0  4  2  0  1  0  0
    7 -1.1810303837649723e-08   2  0  4  0  1  0  0
    7 -8.2921448393216360e-08   1  1  4  0  1  0  0
    7  2.5413536829812135e-08   0  2  4  0  1  0  0
    7  2.0682391519455828e-08   0  0  6  0  1  0  0
    7  1.1046615323442720e-08   4  0  1  1  1  0  0
    7 -8.4936194268043923e-07   3  1  1  1  1  0  0
    7  2.2817204469561490e-06   2  2  1  1  1  0  0
    7 -8.4936194268043923e-07   1  3  1  1  1  0  0
    7  1.1046615323442720e-08   0  4  1  1  1  0  0
    7  4.3089137391814932e-08   2  0  3  1  1  0  0
    7  1.1319070202166253e-06   1  1  3  1  1  0  0
    7  4.0002414592180311e-08   0  2  3  1  1  0  0
    7 -1.9675595683074011e-08   0  0  5  1  1  0  0
    7  1.0076967748742634e-07   4  0  0  2  1  0  0
    7 -1.7980103599549983e-07   3  1  0  2  1  0  0
    7  9.8198485790294866e-07   2  2  0  2  1  0  0
    7 -4.5131412369319376e-08   1  3  0  2  1  0  0
    7 -1.9831053490705715e-09   0  4  0  2  1  0  0
    7 -2.9030208174327525e-07   2  0  2  2  1  0  0
    7  1.7870853235029678e-06   1  1  2  2  1  0  0
    7 -2.9030208174327525e-07   0  2  2  2  1  0  0
    7  6.0737963790720710e-08   0  0  4  2  1  0  0
    7  4.0002414592180311e-08   2  0  1  3  1  0  0
    7  1.1319070202166253e-06   1  1  1  3  1  0  0
    7  4.3089137391814932e-08   0  2  1  3  1  0  0
    7  1.4821431285752612e-07   0  0  3  3  1  0  0
    7  2.5413536829812135e-08   2  0  0  4  1  0  0
    7 -8.2921448393216360e-08   1  1  0  4  1  0  0
    7 -1.1810303837649723e-08   0  2  0  4  1  0  0
    7  6.0737963790720710e-08   0  0  2  4  1  0  0
    7 -1.9675595683074011e-08   0  0  1  5  1  0  0
    7  2.0682391519455828e-08   0  0  0  6  1  0  0
    7 -3.0629455587761426e-07   5  0  0  0  2  0  0
    7 -2.4397233522838918e-07   4  1  0  0  2  0  0
    7  1.1517057405992766e-06   3  2  0  0  2  0  0
    7  1.1517057405992766e-06   2  3  0  0  2  0  0
    7 -2.4397233522838918e-07   1  4  0  0  2  0  0
    7 -3.0629455587761426e-07   0  5  0  0  2  0  0
    7 -1.9896872739198173e-07   3  0  2  0  2  0  0
    7  6.3109640404769787e-07   2  1  2  0  2  0  0
    7  2.6576675507630683e-08   1  2  2  0  2  0  0
    7  3.6598835431888514e-08   0  3  2  0  2  0  0
    7  6.9819691884081219e-08   1  0  4  0  2  0  0
    7 -6.4544064997992925e-08   0  1  4  0  2  0  0
    7  7.8700533893475920e-08   3  0  1  1  2  0  0
    7  8.8838468842543445e-07   2  1  1  1  2  0  0
    7  8.8838468842543445e-07   1  2  1  1  2  0  0
    7  7.8700533893475920e-08   0  3  1  1  2  0  0
    7  1.6167747460154347e-07   1  0  3  1  2  0  0
    7 -1.9423049941568684e-07   0  1  3  1  2  0  0
    7  3.6598835431888514e-08   3  0  0  2  2  0  0
    7  2.6576675507630683e-08   2  1  0  2  2  0  0
    7  6.3109640404769787e-07   1  2  0  2  2  0  0
    7 -1.9896872739198173e-07   0  3  0  2  2  0  0
    7 -4.3388371229574960e-08   1  0  2  2  2  0  0
    7 -4.3388371229574960e-08   0  1  2  2  2  0  0
    7 -1.9423049941568684e-07   1  0  1  3  2  0  0
    7  1.6167747460154347e-07   0  1  1  3  2  0  0
    7 -6.4544064997992925e-08   1  0  0  4  2  0  0
    7  6.9819691884081219e-08   0  1  0  4  2  0  0
    7 -1.0677126214478682e-07   4  0  0  0  3  0  0
    7 -6.3008720500694077e-07   3  1  0  0  3  0  0
    7  1.1056954348781424e-06   2  2  0  0  3  0  0
    7 -6.3008720500694077e-07   1  3  0  0  3  0  0
    7 -1.0677126214478682e-07   0  4  0  0  3  0  0
    7 -5.3473551118304938e-08   2  0  2  0  3  0  0
    7 -3.9172406033086550e-07   1  1  2  0  3  0  0
    7 -2.7092660874091887e-07   0  2  2  0  3  0  0
    7  5.7685446681865076e-08   0  0  4  0  3  0  0
    7  7.1525298316605864e-09   2  0  1  1  3  0  0
    7  3.2510960351127191e-07   1  1  1  1  3  0  0
    7  7.1525298316605864e-09   0  2  1  1  3  0  0
    7  2.1824136558045495e-07   0  0  3  1  3  0  0
    7 -2.7092660874091887e-07   2  0  0  2  3  0  0
    7 -3.9172406033086550e-07   1  1  0  2  3  0  0
    7 -5.3473551118304938e-08   0  2  0  2  3  0  0
    7  2.8660710867671970e-07   0  0  2  2  3  0  0
    7  2.1824136558045495e-07   0  0  1  3  3  0  0
    7  5.7685446681865076e-08   0  0  0  4  3  0  0
    7 -3.4901103384778200e-07   3  0  0  0  4  0  0
    7  5.6840713211988943e-07   2  1  0  0  4  0  0
    7  5.6840713211988943e-07   1  2  0  0  4  0  0
    7 -3.4901103384778200e-07   0  3  0  0  4  0  0
    7  4.4991290895286398e-08   1  0  2  0  4  0  0
    7  1.4762144143172330e-07   0  1  2  0  4  0  0
    7  5.2523172599898302e-08   1  0  1  1  4  0  0
    7  5.2523172599898302e-08   0  1  1  1  4  0  0
    7  1.4762144143172330e-07   1  0  0  2  4  0  0
    7  4.4991290895286398e-08   0  1  0  2  4  0  0
    7 -1.2696765690425680e-07   2  0  0  0  5  0  0
    7  2.6652441762326686e-06   1  1  0  0  5  0  0
    7 -1.2696765690425680e-07   0  2  0  0  5  0  0
    7  4.1609531630126404e-09   0  0  2  0  5  0  0
    7 -1.6491980135993429e-08   0  0  1  1  5  0  0
    7  4.1609531630126404e-09   0  0  0  2  5  0  0
    7  3.4081350628300795e-07   1  0  0  0  6  0  0
    7  3.4081350628300795e-07   0  1  0  0  6  0  0
    7  1.6316077418196405e-07   0  0  0  0  7  0  0
    8 -5.6428937935250209e-09   8  0  0  0  0  0  0
    8  7.0400197730975810e-08   7  1  0  0  0  0  0
    8 -3.9584299579307244e-07   6  2  0  0  0  0  0
    8 -1.9331581295829630e-07   5  3  0  0  0  0  0
    8 -4.3876528038366917e-07   4  4  0  0  0  0  0
    8 -1.9331581295829630e-07   3  5  0  0  0  0  0
    8 -3.9584299579307244e-07   2  6  0  0  0  0  0
    8  7.0400197730975810e-08   1  7  0  0  0  0  0
    8 -5.6428937935250209e-09   0  8  0  0  0  0  0
    8  7.1477937111101007e-08   6  0  2  0  0  0  0
    8 -9.1478779083209433e-08   5  1  2  0  0  0  0
    8  1.7074323819539724e-07   4  2  2  0  0  0  0
    8 -9.2624852347648755e-08   3  3  2  0  0  0  0
    8 -9.3774712331226032e-08   2  4  2  0  0  0  0
    8  1.5334748436869482e-08   1  5  2  0  0  0  0
    8  3.4601242362457823e-08   0  6  2  0  0  0  0
    8 -2.8936985282080939e-09   4  0  4  0  0  0  0
    8  1.1898279190230997e-07   3  1  4  0  0  0  0
    8 -1.4615720875449506e-08   2  2  4  0  0  0  0
    8 -1.2786652103393812e-07   1  3  4  0  0  0  0
    8  9.3488588851392763e-09   0  4  4  0  0  0  0
    8  3.7706044810924470e-10   2  0  6  0  0  0  0
    8 -5.8760091681819393e-08   1  1  6  0  0  0  0
    8  6.5821734047405221e-10   0  2  6  0  0  0  0
    8 -2.9766602814088403e-09   0  0  8  0  0  0  0
    8  4.0140515352218352e-08   6  0  1  1  0  0  0
    8 -4.2716939164852966e-07   5  1  1  1  0  0  0
    8 -4.4244334183550862e-07   4  2  1  1  0  0  0
    8 -1.8991063487530905e-06   3  3  1  1  0  0  0
    8 -4.4244334183550862e-07   2  4  1  1  0  0  0
    8 -4.2716939164852966e-07   1  5  1  1  0  0  0
    8  4.0140515352218352e-08   0  6  1  1  0  0  0
    8  4.7254144328472416e-08   4  0  3  1  0  0  0
    8  7.7214421875238401e-08   3  1  3  1  0  0  0
    8 -6.0946830284201518e-07   2  2  3  1  0  0  0
    8  7.0682485431656682e-09   1  3  3  1  0  0  0
    8 -3.4566420609260378e-08   0  4  3  1  0  0  0
    8  1.9506787534992566e-08   2  0  5  1  0  0  0
    8 -7.1452066906453312e-08   1  1  5  1  0  0  0
    8 -1.9761318756507919e-09   0  2  5  1  0  0  0
    8 -1.8690424034791303e-08   0  0  7  1  0  0  0
    8  3.4601242362457823e-08   6  0  0  2  0  0  0
    8  1.5334748436869482e-08   5  1  0  2  0  0  0
    8 -9.3774712331226032e-08   4  2  0  2  0  0  0
    8 -9.2624852347648755e-08   3  3  0  2  0  0  0
    8  1.7074323819539724e-07   2  4  0  2  0  0  0
    8 -9.1478779083209433e-08   1  5  0  2  0  0  0
    8  7.1477937111101007e-08   0  6  0  2  0  0  0
    8 -3.3485828692885019e-08   4  0  2  2  0  0  0
    8 -1.2119756000100960e-07   3  1  2  2  0  0  0
    8 -2.9039283146299404e-06   2  2  2  2  0  0  0
    8 -1.2119756000100960e-07   1  3  2  2  0  0  0
    8 -3.3485828692885019e-08   0  4  2  2  0  0  0
    8 -1.3429140907795228e-07   2  0  4  2  0  0  0
    8 -4.3256528245250295e-07   1  1  4  2  0  0  0
    8  6.3227249248967723e-08   0  2  4  2  0  0  0
    8 -2.9688620801283356e-09   0  0  6  2  0  0  0
    8 -3.4566420609260378e-08   4  0  1  3  0  0  0
    8  7.0682485431656682e-09   3  1  1  3  0  0  0
    8 -6.0946830284201518e-07   2  2  1  3  0  0  0
    8  7.7214421875238401e-08   1  3  1  3  0  0  0
    8  4.7254144328472416e-08   0  4  1  3  0  0  0
    8 -1.2003151078724493e-08   2  0  3  3  0  0  0
    8 -9.8984044674911510e-07   1  1  3  3  0  0  0
    8 -1.2003151078724493e-08   0  2  3  3  0  0  0
    8 -6.7979827932849943e-09   0  0  5  3  0  0  0
    8  9.3488588851392763e-09   4  0  0  4  0  0  0
    8 -1.2786652103393812e-07   3  1  0  4  0  0  0
    8 -1.4615720875449506e-08   2  2  0  4  0  0  0
    8  1.1898279190230997e-07   1  3  0  4  0  0  0
    8 -2.8936985282080939e-09   0  4  0  4  0  0  0
    8  6.3227249248967723e-08   2  0  2  4  0  0  0
    8 -4.3256528245250295e-07   1  1  2  4  0  0  0
    8 -1.3429140907795228e-07   0  2  2  4  0  0  0
    8 -5.5714478142008553e-08   0  0  4  4  0  0  0
    8 -1.9761318756507919e-09   2  0  1  5  0  0  0
    8 -7.1452066906453312e-08   1  1  1  5  0  0  0
    8  1.9506787534992566e-08   0  2  1  5  0  0  0
    8 -6.7979827932849943e-09   0  0  3  5  0  0  0
    8  6.5821734047405221e-10   2  0  0  6  0  0  0
    8 -5.8760091681819393e-08   1  1  0  6  0  0  0
    8  3.7706044810924470e-10   0  2  0  6  0  0  0
    8 -2.9688620801283356e-09   0  0  2  6  0  0  0
    8 -1.8690424034791303e-08   0  0  1  7  0  0  0
    8 -2.9766602814088403e-09   0  0  0  8  0  0  0
    8  6.5069707311410865e-08   7  0  0  0  1  0  0
    8 -3.7903171056018501e-07   6  1  0  0  1  0  0
    8  4.6081220633491436e-07   5  2  0  0  1  0  0
    8 -6.7385041275381893e-08   4  3  0  0  1  0  0
    8 -6.7385041275381893e-08   3  4  0  0  1  0  0
    8  4.6081220633491436e-07   2  5  0  0  1  0  0
    8 -3.7903171056018501e-07   1  6  0  0  1  0  0
    8  6.5069707311410865e-08   0  7  0  0  1  0  0
    8 -1.5478292327184080e-07   5  0  2  0  1  0  0
    8  3.8209607275461509e-07   4  1  2  0  1  0  0
    8 -4.0025583766807818e-07   3  2  2  0  1  0  0
    8  3.8618003888730392e-07   2  3  2  0  1  0  0
    8 -7.3935401452281427e-08   1  4  2  0  1  0  0
    8  2.5035981951905497e-08   0  5  2  0  1  0  0
    8 -1.0167242794826097e-07   3  0  4  0  1  0  0
    8 -2.5170476639996667e-07   2  1  4  0  1  0  0
    8  3.7254030826556132e-07   1  2  4  0  1  0  0
    8 -1.0648907645730420e-07   0  3  4  0  1  0  0
    8 -8.4012275738285811e-09   1  0  6  0  1  0  0
    8  1.5529632340028303e-08   0  1  6  0  1  0  0
    8  1.3324504287313222e-07   5  0  1  1  1  0  0
    8  1.8744925765536403e-07   4  1  1  1  1  0  0
    8 -8.0749052301781324e-07   3  2  1  1  1  0  0
    8 -8.0749052301781324e-07   2  3  1  1  1  0  0
    8  1.8744925765536403e-07   1  4  1  1  1  0  0
    8  1.3324504287313222e-07   0  5  1  1  1  0  0
    8  4.1934011548013386e-08   3  0  3  1  1  0  0
    8 -4.8405557178312668e-07   2  1  3  1  1  0  0
    8  1.0633062604569407e-06   1  2  3  1  1  0  0
    8 -9.8856875905191466e-08   0  3  3  1  1  0  0
    8 -5.5192729447642069e-08   1  0  5  1  1  0  0
    8  1.4160873613120654e-07   0  1  5  1  1  0  0
    8  2.5035981951905497e-08   5  0  0  2  1  0  0
    8 -7.3935401452281427e-08   4  1  0  2  1  0  0
    8  3.8618003888730392e-07   3  2  0  2  1  0  0
    8 -4.0025583766807818e-07   2  3  0  2  1  0  0
    8  3.8209607275461509e-07   1  4  0  2  1  0  0
    8 -1.5478292327184080e-07   0  5  0  2  1  0  0
    8 -1.0395721983638059e-07   3  0  2  2  1  0  0
    8 -6.0734970129522494e-07   2  1  2  2  1  0  0
    8 -6.0734970129522494e-07   1  2  2  2  1  0  0
    8 -1.0395721983638059e-07   0  3  2  2  1  0  0
    8 -1.6379551107697210e-07   1  0  4  2  1  0  0
    8  2.5764033717894818e-07   0  1  4  2  1  0  0
    8 -9.8856875905191466e-08   3  0  1  3  1  0  0
    8  1.0633062604569407e-06   2  1  1  3  1  0  0
    8 -4.8405557178312668e-07   1  2  1  3  1  0  0
    8  4.1934011548013386e-08   0  3  1  3  1  0  0
    8 -7.4047897937116078e-08   1  0  3  3  1  0  0
    8 -7.4047897937116078e-08   0  1  3  3  1  0  0
    8 -1.0648907645730420e-07   3  0  0  4  1  0  0
    8  3.7254030826556132e-07   2  1  0  4  1  0  0
    8 -2.5170476639996667e-07   1  2  0  4  1  0  0
    8 -1.0167242794826097e-07   0  3  0  4  1  0  0
    8  2.5764033717894818e-07   1  0  2  4  1  0  0
    8 -1.6379551107697210e-07   0  1  2  4  1  0  0
    8  1.4160873613120654e-07   1  0  1  5  1  0  0
    8 -5.5192729447642069e-08   0  1  1  5  1  0  0
    8  1.5529632340028303e-08   1  0  0  6  1  0  0
    8 -8.4012275738285811e-09   0  1  0  6  1  0  0
    8  1.1761880043980720e-07   6  0  0  0  2  0  0
    8 -3.6394384506412700e-07   5  1  0  0  2  0  0
    8  4.4845610548548301e-07   4  2  0  0  2  0  0
    8  8.4018470182914732e-07   3  3  0  0  2  0  0
    8  4.4845610548548301e-07   2  4  0  0  2  0  0
    8 -3.6394384506412700e-07   1  5  0  0  2  0  0
    8  1.1761880043980720e-07   0  6  0  0  2  0  0
    8 -2.5678440159783726e-07   4  0  2  0  2  0  0
    8 -3.3700326859502890e-07   3  1  2  0  2  0  0
    8  1.7165305772968077e-07   2  2  2  0  2  0  0
    8  4.4180200030178810e-07   1  3  2  0  2  0  0
    8 -2.3280213906793733e-07   0  4  2  0  2  0  0
    8 -3.1817311672973867e-08   2  0  4  0  2  0  0
    8  6.7132635351316440e-08   1  1  4  0  2  0  0
    8 -1.3899380883777081e-08   0  2  4  0  2  0  0
    8  1.3602305891994773e-09   0  0  6  0  2  0  0
    8  5.7359231145417870e-08   4  0  1  1  2  0  0
    8  2.8348667007112244e-07   3  1  1  1  2  0  0
    8  2.5570783165336116e-07   2  2  1  1  2  0  0
    8  2.8348667007112244e-07   1  3  1  1  2  0  0
    8  5.7359231145417870e-08   0  4  1  1  2  0  0
    8 -3.8361392454611041e-08   2  0  3  1  2  0  0
    8 -2.3495397938753372e-07   1  1  3  1  2  0  0
    8  1.2943621507089661e-07   0  2  3  1  2  0  0
    8 -1.1431199820876496e-08   0  0  5  1  2  0  0
    8 -2.3280213906793733e-07   4  0  0  2  2  0  0
    8  4.4180200030178810e-07   3  1  0  2  2  0  0
    8  1.7165305772968077e-07   2  2  0  2  2  0  0
    8 -3.3700326859502890e-07   1  3  0  2  2  0  0
    8 -2.5678440159783726e-07   0  4  0  2  2  0  0
    8 -5.4906716623966270e-08   2  0  2  2  2  0  0
    8 -1.1249502460176752e-06   1  1  2  2  2  0  0
    8 -5.4906716623966270e-08   0  2  2  2  2  0  0
    8 -1.6166223892555412e-07   0  0  4  2  2  0  0
    8  1.2943621507089661e-07   2  0  1  3  2  0  0
    8 -2.3495397938753372e-07   1  1  1  3  2  0  0
    8 -3.8361392454611041e-08   0  2  1  3  2  0  0
    8 -2.3847014061897358e-07   0  0  3  3  2  0  0
    8 -1.3899380883777081e-08   2  0  0  4  2  0  0
    8  6.7132635351316440e-08   1  1  0  4  2  0  0
    8 -3.1817311672973867e-08   0  2  0  4  2  0  0
    8 -1.6166223892555412e-07   0  0  2  4  2  0  0
    8 -1.1431199820876496e-08   0  0  1  5  2  0  0
    8  1.3602305891994773e-09   0  0  0  6  2  0  0
    8 -1.6326120785681547e-07   5  0  0  0  3  0  0
    8 -3.3032714281417276e-07   4  1  0  0  3  0  0
    8 -1.9128858223579550e-07   3  2  0  0  3  0  0
    8 -1.9128858223579550e-07   2  3  0  0  3  0  0
    8 -3.3032714281417276e-07   1  4  0  0  3  0  0
    8 -1.6326120785681547e-07   0  5  0  0  3  0  0
    8  4.4340259203078583e-08   3  0  2  0  3  0  0
    8 -5.2975731555797422e-07   2  1  2  0  3  0  0
    8 -1.0655948108019183e-06   1  2  2  0  3  0  0
    8  5.6672079604621351e-08   0  3  2  0  3  0  0
    8 -1.0484300351029234e-07   1  0  4  0  3  0  0
    8  3.8555944555428045e-08   0  1  4  0  3  0  0
    8  1.8099851486100725e-07   3  0  1  1  3  0  0
    8 -5.9039339903341310e-07   2  1  1  1  3  0  0
    8 -5.9039339903341310e-07   1  2  1  1  3  0  0
    8  1.8099851486100725e-07   0  3  1  1  3  0  0
    8 -2.6845850458653176e-07   1  0  3  1  3  0  0
    8 -5.1682385162843395e-07   0  1  3  1  3  0  0
    8  5.6672079604621351e-08   3  0  0  2  3  0  0
    8 -1.0655948108019183e-06   2  1  0  2  3  0  0
    8 -5.2975731555797422e-07   1  2  0  2  3  0  0
    8  4.4340259203078583e-08   0  3  0  2  3  0  0
    8 -4.8599281299195717e-07   1  0  2  2  3  0  0
    8 -4.8599281299195717e-07   0  1  2  2  3  0  0
    8 -5.1682385162843395e-07   1  0  1  3  3  0  0
    8 -2.6845850458653176e-07   0  1  1  3  3  0  0
    8  3.8555944555428045e-08   1  0  0  4  3  0  0
    8 -1.0484300351029234e-07   0  1  0  4  3  0  0
    8  2.9009555441399498e-07   4  0  0  0  4  0  0
    8  1.3660003309879107e-07   3  1  0  0  4  0  0
    8 -1.7968822271899159e-06   2  2  0  0  4  0  0
    8  1.3660003309879107e-07   1  3  0  0  4  0  0
    8  2.9009555441399498e-07   0  4  0  0  4  0  0
    8 -1.0663122362250755e-07   2  0  2  0  4  0  0
    8 -1.4734543103626079e-08   1  1  2  0  4  0  0
    8  3.9007972424495536e-08   0  2  2  0  4  0  0
    8 -3.3970814279775929e-08   0  0  4  0  4  0  0
    8 -5.4206280887478174e-08   2  0  1  1  4  0  0
    8 -1.3061669075652715e-06   1  1  1  1  4  0  0
    8 -5.4206280887478174e-08   0  2  1  1  4  0  0
    8 -8.5924452769608241e-08   0  0  3  1  4  0  0
    8  3.9007972424495536e-08   2  0  0  2  4  0  0
    8 -1.4734543103626079e-08   1  1  0  2  4  0  0
    8 -1.0663122362250755e-07   0  2  0  2  4  0  0
    8 -9.3754541521579143e-08   0  0  2  2  4  0  0
    8 -8.5924452769608241e-08   0  0  1  3  4  0  0
    8 -3.3970814279775929e-08   0  0  0  4  4  0  0
    8  2.5831187896016825e-07   3  0  0  0  5  0  0
    8 -2.9937061140629810e-07   2  1  0  0  5  0  0
    8 -2.9937061140629810e-07   1  2  0  0  5  0  0
    8  2.5831187896016825e-07   0  3  0  0  5  0  0
    8 -8.3524817862465252e-08   1  0  2  0  5  0  0
    8  1.2979203281614670e-07   0  1  2  0  5  0  0
    8 -7.2216273140250843e-09   1  0  1  1  5  0  0
    8 -7.2216273140250843e-09   0  1  1  1  5  0  0
    8  1.2979203281614670e-07   1  0  0  2  5  0  0
    8 -8.3524817862465252e-08   0  1  0  2  5  0  0
    8  2.1963274324648019e-07   2  0  0  0  6  0  0
    8 -1.7495576109932242e-06   1  1  0  0  6  0  0
    8  2.1963274324648019e-07   0  2  0  0  6  0  0
    8 -2.8980517742471489e-08   0  0  2  0  6  0  0
    8 -1.0124988596798704e-07   0  0  1  1  6  0  0
    8 -2.8980517742471489e-08   0  0  0  2  6  0  0
    8 -3.8427578731734821e-07   1  0  0  0  7  0  0
    8 -3.8427578731734821e-07   0  1  0  0  7  0  0
    8 -1.6819600648772613e-07   0  0  0  0  8  0  0
 -661  0.0000000000000000e+00   0  0  0  0  0  0  0
