begin              0    0    0
   0   0   0
 -1.0000000000000000e+01  1.0000000000000000e+01 -1.0000000000000000e+01  1.0000000000000000e+01
  0.0000000000000000e+00
d8                 9    1    1
   0   0   0
 -1.0000000000000000e+01  1.0000000000000000e+01 -1.0000000000000000e+01  1.0000000000000000e+01
  4.3185399999999996e+00
ls1               25    1    2
   3   4   2
 -1.0000000000000000e+01  1.0000000000000000e+01 -1.0000000000000000e+01  1.0000000000000000e+01
  0.0000000000000000e+00  0.0000000000000000e+00  0.0000000000000000e+00
   1  3
  3 -3.9171434999999999e+00  0.0000000000000000e+00
qls1              18    1    3
   1   4   2
 -1.0000000000000000e+01  1.0000000000000000e+01 -1.0000000000000000e+01  1.0000000000000000e+01
  0.0000000000000000e+00  0.0000000000000000e+00  0.0000000000000000e+00  0.0000000000000000e+00
  2.7500000000000002e-01  0.0000000000000000e+00  0.0000000000000000e+00  0.0000000000000000e+00  0.0000000000000000e+00
   1  2
  2 -8.7050000000000005e-01  0.0000000000000000e+00
d7                 8    1    4
   0   0   0
 -1.0000000000000000e+01  1.0000000000000000e+01 -1.0000000000000000e+01  1.0000000000000000e+01
  9.1508999999999996e-01
ls2               26    1    5
   3   4   2
 -1.0000000000000000e+01  1.0000000000000000e+01 -1.0000000000000000e+01  1.0000000000000000e+01
  0.0000000000000000e+00  0.0000000000000000e+00  0.0000000000000000e+00
   1  3
  3  7.4466749999999999e+00  0.0000000000000000e+00
qls2              17    1    6
   1   4   2
 -1.0000000000000000e+01  1.0000000000000000e+01 -1.0000000000000000e+01  1.0000000000000000e+01
  0.0000000000000000e+00  0.0000000000000000e+00  0.0000000000000000e+00  0.0000000000000000e+00
  4.4800000000000001e-01  0.0000000000000000e+00  0.0000000000000000e+00  0.0000000000000000e+00  0.0000000000000000e+00
   1  2
  2  1.8353800000000000e+00  0.0000000000000000e+00
d6                 7    1    7
   0   0   0
 -1.0000000000000000e+01  1.0000000000000000e+01 -1.0000000000000000e+01  1.0000000000000000e+01
  6.5659000000000001e-01
ls3               27    1    8
   3   4   2
 -1.0000000000000000e+01  1.0000000000000000e+01 -1.0000000000000000e+01  1.0000000000000000e+01
  0.0000000000000000e+00  0.0000000000000000e+00  0.0000000000000000e+00
   1  3
  3 -5.3771740000000001e-01  0.0000000000000000e+00
qls3              16    1    9
   1   4   2
 -1.0000000000000000e+01  1.0000000000000000e+01 -1.0000000000000000e+01  1.0000000000000000e+01
  0.0000000000000000e+00  0.0000000000000000e+00  0.0000000000000000e+00  0.0000000000000000e+00
  2.7500000000000002e-01  0.0000000000000000e+00  0.0000000000000000e+00  0.0000000000000000e+00  0.0000000000000000e+00
   1  2
  2 -2.3621699999999999e+00  0.0000000000000000e+00
d5                 6    1   10
   0   0   0
 -1.0000000000000000e+01  1.0000000000000000e+01 -1.0000000000000000e+01  1.0000000000000000e+01
  2.0002000000000000e-01
b                 10    1   11
   1   4  10
 -1.0000000000000000e+01  1.0000000000000000e+01 -1.0000000000000000e+01  1.0000000000000000e+01
  0.0000000000000000e+00  0.0000000000000000e+00  0.0000000000000000e+00  0.0000000000000000e+00
  2.6200000000000001e+00  3.9969372183076245e-02  3.0000000000000000e+00  3.0000000000000000e+00  0.0000000000000000e+00
   0  1
d1                 2    1   12
   0   0   0
 -1.0000000000000000e+01  1.0000000000000000e+01 -1.0000000000000000e+01  1.0000000000000000e+01
  2.0376000000000000e-01
qd                11    1   13
   1   4   2
 -1.0000000000000000e+01  1.0000000000000000e+01 -1.0000000000000000e+01  1.0000000000000000e+01
  0.0000000000000000e+00  0.0000000000000000e+00  0.0000000000000000e+00  0.0000000000000000e+00
  2.5000000000000000e-01  0.0000000000000000e+00  0.0000000000000000e+00  0.0000000000000000e+00  0.0000000000000000e+00
   1  2
  2  3.2428800000000000e+00  0.0000000000000000e+00
d2                 3    1   14
   0   0   0
 -1.0000000000000000e+01  1.0000000000000000e+01 -1.0000000000000000e+01  1.0000000000000000e+01
  1.9624000000000000e-01
sm1               19    1   15
   1   4   2
 -1.0000000000000000e+01  1.0000000000000000e+01 -1.0000000000000000e+01  1.0000000000000000e+01
  0.0000000000000000e+00  0.0000000000000000e+00  0.0000000000000000e+00  0.0000000000000000e+00
  2.0000000000000001e-01  0.0000000000000000e+00  0.0000000000000000e+00  0.0000000000000000e+00  0.0000000000000000e+00
   1  3
  3  5.4138350500000001e+01  0.0000000000000000e+00
d3                 4    1   16
   0   0   0
 -1.0000000000000000e+01  1.0000000000000000e+01 -1.0000000000000000e+01  1.0000000000000000e+01
  1.3967099999999999e+00
sm3               21    1   17
   3   4   2
 -1.0000000000000000e+01  1.0000000000000000e+01 -1.0000000000000000e+01  1.0000000000000000e+01
  0.0000000000000000e+00  0.0000000000000000e+00  0.0000000000000000e+00
   0  3
qf                12    1   18
   1   4   2
 -1.0000000000000000e+01  1.0000000000000000e+01 -1.0000000000000000e+01  1.0000000000000000e+01
  0.0000000000000000e+00  0.0000000000000000e+00  0.0000000000000000e+00  0.0000000000000000e+00
  2.8299999999999997e-01  0.0000000000000000e+00  0.0000000000000000e+00  0.0000000000000000e+00  0.0000000000000000e+00
   1  2
  2 -9.3901999999999997e-01  0.0000000000000000e+00
d4                 5    1   19
   0   0   0
 -1.0000000000000000e+01  1.0000000000000000e+01 -1.0000000000000000e+01  1.0000000000000000e+01
  2.1529000000000001e-01
sm2h              20    1   20
   1   4   2
 -1.0000000000000000e+01  1.0000000000000000e+01 -1.0000000000000000e+01  1.0000000000000000e+01
  0.0000000000000000e+00  0.0000000000000000e+00  0.0000000000000000e+00  0.0000000000000000e+00
  1.2500000000000000e-01  0.0000000000000000e+00  0.0000000000000000e+00  0.0000000000000000e+00  0.0000000000000000e+00
   1  3
  3 -9.0016407999999998e+01  0.0000000000000000e+00
css               28    1   21
  -1   0   0
 -1.0000000000000000e+01  1.0000000000000000e+01 -1.0000000000000000e+01  1.0000000000000000e+01
sm2h              20    2   22
   1   4   2
 -1.0000000000000000e+01  1.0000000000000000e+01 -1.0000000000000000e+01  1.0000000000000000e+01
  0.0000000000000000e+00  0.0000000000000000e+00  0.0000000000000000e+00  0.0000000000000000e+00
  1.2500000000000000e-01  0.0000000000000000e+00  0.0000000000000000e+00  0.0000000000000000e+00  0.0000000000000000e+00
   1  3
  3 -9.0016407999999998e+01  0.0000000000000000e+00
d4                 5    2   23
   0   0   0
 -1.0000000000000000e+01  1.0000000000000000e+01 -1.0000000000000000e+01  1.0000000000000000e+01
  2.1529000000000001e-01
qf                12    2   24
   1   4   2
 -1.0000000000000000e+01  1.0000000000000000e+01 -1.0000000000000000e+01  1.0000000000000000e+01
  0.0000000000000000e+00  0.0000000000000000e+00  0.0000000000000000e+00  0.0000000000000000e+00
  2.8299999999999997e-01  0.0000000000000000e+00  0.0000000000000000e+00  0.0000000000000000e+00  0.0000000000000000e+00
   1  2
  2 -9.3901999999999997e-01  0.0000000000000000e+00
sm3               21    2   25
   3   4   2
 -1.0000000000000000e+01  1.0000000000000000e+01 -1.0000000000000000e+01  1.0000000000000000e+01
  0.0000000000000000e+00  0.0000000000000000e+00  0.0000000000000000e+00
   0  3
d3                 4    2   26
   0   0   0
 -1.0000000000000000e+01  1.0000000000000000e+01 -1.0000000000000000e+01  1.0000000000000000e+01
  1.3967099999999999e+00
sm1               19    2   27
   1   4   2
 -1.0000000000000000e+01  1.0000000000000000e+01 -1.0000000000000000e+01  1.0000000000000000e+01
  0.0000000000000000e+00  0.0000000000000000e+00  0.0000000000000000e+00  0.0000000000000000e+00
  2.0000000000000001e-01  0.0000000000000000e+00  0.0000000000000000e+00  0.0000000000000000e+00  0.0000000000000000e+00
   1  3
  3  5.4138350500000001e+01  0.0000000000000000e+00
d2                 3    2   28
   0   0   0
 -1.0000000000000000e+01  1.0000000000000000e+01 -1.0000000000000000e+01  1.0000000000000000e+01
  1.9624000000000000e-01
qd                11    2   29
   1   4   2
 -1.0000000000000000e+01  1.0000000000000000e+01 -1.0000000000000000e+01  1.0000000000000000e+01
  0.0000000000000000e+00  0.0000000000000000e+00  0.0000000000000000e+00  0.0000000000000000e+00
  2.5000000000000000e-01  0.0000000000000000e+00  0.0000000000000000e+00  0.0000000000000000e+00  0.0000000000000000e+00
   1  2
  2  3.2428800000000000e+00  0.0000000000000000e+00
d1                 2    2   30
   0   0   0
 -1.0000000000000000e+01  1.0000000000000000e+01 -1.0000000000000000e+01  1.0000000000000000e+01
  2.0376000000000000e-01
b                 10    2   31
   1   4  10
 -1.0000000000000000e+01  1.0000000000000000e+01 -1.0000000000000000e+01  1.0000000000000000e+01
  0.0000000000000000e+00  0.0000000000000000e+00  0.0000000000000000e+00  0.0000000000000000e+00
  2.6200000000000001e+00  3.9969372183076245e-02  3.0000000000000000e+00  3.0000000000000000e+00  0.0000000000000000e+00
   0  1
d5                 6    2   32
   0   0   0
 -1.0000000000000000e+01  1.0000000000000000e+01 -1.0000000000000000e+01  1.0000000000000000e+01
  2.0002000000000000e-01
qss3              13    1   33
   1   4   2
 -1.0000000000000000e+01  1.0000000000000000e+01 -1.0000000000000000e+01  1.0000000000000000e+01
  0.0000000000000000e+00  0.0000000000000000e+00  0.0000000000000000e+00  0.0000000000000000e+00
  2.7500000000000002e-01  0.0000000000000000e+00  0.0000000000000000e+00  0.0000000000000000e+00  0.0000000000000000e+00
   1  2
  2 -2.4946000000000002e+00  0.0000000000000000e+00
ss3               24    1   34
   3   4   2
 -1.0000000000000000e+01  1.0000000000000000e+01 -1.0000000000000000e+01  1.0000000000000000e+01
  0.0000000000000000e+00  0.0000000000000000e+00  0.0000000000000000e+00
   1  3
  3 -3.7605130999999998e+00  0.0000000000000000e+00
d6                 7    2   35
   0   0   0
 -1.0000000000000000e+01  1.0000000000000000e+01 -1.0000000000000000e+01  1.0000000000000000e+01
  6.5659000000000001e-01
qss2              14    1   36
   1   4   2
 -1.0000000000000000e+01  1.0000000000000000e+01 -1.0000000000000000e+01  1.0000000000000000e+01
  0.0000000000000000e+00  0.0000000000000000e+00  0.0000000000000000e+00  0.0000000000000000e+00
  4.4800000000000001e-01  0.0000000000000000e+00  0.0000000000000000e+00  0.0000000000000000e+00  0.0000000000000000e+00
   1  2
  2  2.1065900000000002e+00  0.0000000000000000e+00
ss2               23    1   37
   3   4   2
 -1.0000000000000000e+01  1.0000000000000000e+01 -1.0000000000000000e+01  1.0000000000000000e+01
  0.0000000000000000e+00  0.0000000000000000e+00  0.0000000000000000e+00
   1  3
  3 -3.8683550000000000e-01  0.0000000000000000e+00
d7                 8    2   38
   0   0   0
 -1.0000000000000000e+01  1.0000000000000000e+01 -1.0000000000000000e+01  1.0000000000000000e+01
  9.1508999999999996e-01
qss1              15    1   39
   1   4   2
 -1.0000000000000000e+01  1.0000000000000000e+01 -1.0000000000000000e+01  1.0000000000000000e+01
  0.0000000000000000e+00  0.0000000000000000e+00  0.0000000000000000e+00  0.0000000000000000e+00
  2.7500000000000002e-01  0.0000000000000000e+00  0.0000000000000000e+00  0.0000000000000000e+00  0.0000000000000000e+00
   1  2
  2 -1.2525100000000000e+00  0.0000000000000000e+00
ss1               22    1   40
   3   4   2
 -1.0000000000000000e+01  1.0000000000000000e+01 -1.0000000000000000e+01  1.0000000000000000e+01
  0.0000000000000000e+00  0.0000000000000000e+00  0.0000000000000000e+00
   1  3
  3  5.5528540000000000e+00  0.0000000000000000e+00
d8                 9    2   41
   0   0   0
 -1.0000000000000000e+01  1.0000000000000000e+01 -1.0000000000000000e+01  1.0000000000000000e+01
  4.3185399999999996e+00
d8                 9    3   42
   0   0   0
 -1.0000000000000000e+01  1.0000000000000000e+01 -1.0000000000000000e+01  1.0000000000000000e+01
  4.3185399999999996e+00
ss1               22    2   43
   3   4   2
 -1.0000000000000000e+01  1.0000000000000000e+01 -1.0000000000000000e+01  1.0000000000000000e+01
  0.0000000000000000e+00  0.0000000000000000e+00  0.0000000000000000e+00
   1  3
  3  5.5528540000000000e+00  0.0000000000000000e+00
qss1              15    2   44
   1   4   2
 -1.0000000000000000e+01  1.0000000000000000e+01 -1.0000000000000000e+01  1.0000000000000000e+01
  0.0000000000000000e+00  0.0000000000000000e+00  0.0000000000000000e+00  0.0000000000000000e+00
  2.7500000000000002e-01  0.0000000000000000e+00  0.0000000000000000e+00  0.0000000000000000e+00  0.0000000000000000e+00
   1  2
  2 -1.2525100000000000e+00  0.0000000000000000e+00
d7                 8    3   45
   0   0   0
 -1.0000000000000000e+01  1.0000000000000000e+01 -1.0000000000000000e+01  1.0000000000000000e+01
  9.1508999999999996e-01
ss2               23    2   46
   3   4   2
 -1.0000000000000000e+01  1.0000000000000000e+01 -1.0000000000000000e+01  1.0000000000000000e+01
  0.0000000000000000e+00  0.0000000000000000e+00  0.0000000000000000e+00
   1  3
  3 -3.8683550000000000e-01  0.0000000000000000e+00
qss2              14    2   47
   1   4   2
 -1.0000000000000000e+01  1.0000000000000000e+01 -1.0000000000000000e+01  1.0000000000000000e+01
  0.0000000000000000e+00  0.0000000000000000e+00  0.0000000000000000e+00  0.0000000000000000e+00
  4.4800000000000001e-01  0.0000000000000000e+00  0.0000000000000000e+00  0.0000000000000000e+00  0.0000000000000000e+00
   1  2
  2  2.1065900000000002e+00  0.0000000000000000e+00
d6                 7    3   48
   0   0   0
 -1.0000000000000000e+01  1.0000000000000000e+01 -1.0000000000000000e+01  1.0000000000000000e+01
  6.5659000000000001e-01
ss3               24    2   49
   3   4   2
 -1.0000000000000000e+01  1.0000000000000000e+01 -1.0000000000000000e+01  1.0000000000000000e+01
  0.0000000000000000e+00  0.0000000000000000e+00  0.0000000000000000e+00
   1  3
  3 -3.7605130999999998e+00  0.0000000000000000e+00
qss3              13    2   50
   1   4   2
 -1.0000000000000000e+01  1.0000000000000000e+01 -1.0000000000000000e+01  1.0000000000000000e+01
  0.0000000000000000e+00  0.0000000000000000e+00  0.0000000000000000e+00  0.0000000000000000e+00
  2.7500000000000002e-01  0.0000000000000000e+00  0.0000000000000000e+00  0.0000000000000000e+00  0.0000000000000000e+00
   1  2
  2 -2.4946000000000002e+00  0.0000000000000000e+00
d5                 6    3   51
   0   0   0
 -1.0000000000000000e+01  1.0000000000000000e+01 -1.0000000000000000e+01  1.0000000000000000e+01
  2.0002000000000000e-01
b                 10    3   52
   1   4  10
 -1.0000000000000000e+01  1.0000000000000000e+01 -1.0000000000000000e+01  1.0000000000000000e+01
  0.0000000000000000e+00  0.0000000000000000e+00  0.0000000000000000e+00  0.0000000000000000e+00
  2.6200000000000001e+00  3.9969372183076245e-02  3.0000000000000000e+00  3.0000000000000000e+00  0.0000000000000000e+00
   0  1
d1                 2    3   53
   0   0   0
 -1.0000000000000000e+01  1.0000000000000000e+01 -1.0000000000000000e+01  1.0000000000000000e+01
  2.0376000000000000e-01
qd                11    3   54
   1   4   2
 -1.0000000000000000e+01  1.0000000000000000e+01 -1.0000000000000000e+01  1.0000000000000000e+01
  0.0000000000000000e+00  0.0000000000000000e+00  0.0000000000000000e+00  0.0000000000000000e+00
  2.5000000000000000e-01  0.0000000000000000e+00  0.0000000000000000e+00  0.0000000000000000e+00  0.0000000000000000e+00
   1  2
  2  3.2428800000000000e+00  0.0000000000000000e+00
d2                 3    3   55
   0   0   0
 -1.0000000000000000e+01  1.0000000000000000e+01 -1.0000000000000000e+01  1.0000000000000000e+01
  1.9624000000000000e-01
sm1               19    3   56
   1   4   2
 -1.0000000000000000e+01  1.0000000000000000e+01 -1.0000000000000000e+01  1.0000000000000000e+01
  0.0000000000000000e+00  0.0000000000000000e+00  0.0000000000000000e+00  0.0000000000000000e+00
  2.0000000000000001e-01  0.0000000000000000e+00  0.0000000000000000e+00  0.0000000000000000e+00  0.0000000000000000e+00
   1  3
  3  5.4138350500000001e+01  0.0000000000000000e+00
d3                 4    3   57
   0   0   0
 -1.0000000000000000e+01  1.0000000000000000e+01 -1.0000000000000000e+01  1.0000000000000000e+01
  1.3967099999999999e+00
sm3               21    3   58
   3   4   2
 -1.0000000000000000e+01  1.0000000000000000e+01 -1.0000000000000000e+01  1.0000000000000000e+01
  0.0000000000000000e+00  0.0000000000000000e+00  0.0000000000000000e+00
   0  3
qf                12    3   59
   1   4   2
 -1.0000000000000000e+01  1.0000000000000000e+01 -1.0000000000000000e+01  1.0000000000000000e+01
  0.0000000000000000e+00  0.0000000000000000e+00  0.0000000000000000e+00  0.0000000000000000e+00
  2.8299999999999997e-01  0.0000000000000000e+00  0.0000000000000000e+00  0.0000000000000000e+00  0.0000000000000000e+00
   1  2
  2 -9.3901999999999997e-01  0.0000000000000000e+00
d4                 5    3   60
   0   0   0
 -1.0000000000000000e+01  1.0000000000000000e+01 -1.0000000000000000e+01  1.0000000000000000e+01
  2.1529000000000001e-01
sm2h              20    3   61
   1   4   2
 -1.0000000000000000e+01  1.0000000000000000e+01 -1.0000000000000000e+01  1.0000000000000000e+01
  0.0000000000000000e+00  0.0000000000000000e+00  0.0000000000000000e+00  0.0000000000000000e+00
  1.2500000000000000e-01  0.0000000000000000e+00  0.0000000000000000e+00  0.0000000000000000e+00  0.0000000000000000e+00
   1  3
  3 -9.0016407999999998e+01  0.0000000000000000e+00
css               28    2   62
  -1   0   0
 -1.0000000000000000e+01  1.0000000000000000e+01 -1.0000000000000000e+01  1.0000000000000000e+01
sm2h              20    4   63
   1   4   2
 -1.0000000000000000e+01  1.0000000000000000e+01 -1.0000000000000000e+01  1.0000000000000000e+01
  0.0000000000000000e+00  0.0000000000000000e+00  0.0000000000000000e+00  0.0000000000000000e+00
  1.2500000000000000e-01  0.0000000000000000e+00  0.0000000000000000e+00  0.0000000000000000e+00  0.0000000000000000e+00
   1  3
  3 -9.0016407999999998e+01  0.0000000000000000e+00
d4                 5    4   64
   0   0   0
 -1.0000000000000000e+01  1.0000000000000000e+01 -1.0000000000000000e+01  1.0000000000000000e+01
  2.1529000000000001e-01
qf                12    4   65
   1   4   2
 -1.0000000000000000e+01  1.0000000000000000e+01 -1.0000000000000000e+01  1.0000000000000000e+01
  0.0000000000000000e+00  0.0000000000000000e+00  0.0000000000000000e+00  0.0000000000000000e+00
  2.8299999999999997e-01  0.0000000000000000e+00  0.0000000000000000e+00  0.0000000000000000e+00  0.0000000000000000e+00
   1  2
  2 -9.3901999999999997e-01  0.0000000000000000e+00
sm3               21    4   66
   3   4   2
 -1.0000000000000000e+01  1.0000000000000000e+01 -1.0000000000000000e+01  1.0000000000000000e+01
  0.0000000000000000e+00  0.0000000000000000e+00  0.0000000000000000e+00
   0  3
d3                 4    4   67
   0   0   0
 -1.0000000000000000e+01  1.0000000000000000e+01 -1.0000000000000000e+01  1.0000000000000000e+01
  1.3967099999999999e+00
sm1               19    4   68
   1   4   2
 -1.0000000000000000e+01  1.0000000000000000e+01 -1.0000000000000000e+01  1.0000000000000000e+01
  0.0000000000000000e+00  0.0000000000000000e+00  0.0000000000000000e+00  0.0000000000000000e+00
  2.0000000000000001e-01  0.0000000000000000e+00  0.0000000000000000e+00  0.0000000000000000e+00  0.0000000000000000e+00
   1  3
  3  5.4138350500000001e+01  0.0000000000000000e+00
d2                 3    4   69
   0   0   0
 -1.0000000000000000e+01  1.0000000000000000e+01 -1.0000000000000000e+01  1.0000000000000000e+01
  1.9624000000000000e-01
qd                11    4   70
   1   4   2
 -1.0000000000000000e+01  1.0000000000000000e+01 -1.0000000000000000e+01  1.0000000000000000e+01
  0.0000000000000000e+00  0.0000000000000000e+00  0.0000000000000000e+00  0.0000000000000000e+00
  2.5000000000000000e-01  0.0000000000000000e+00  0.0000000000000000e+00  0.0000000000000000e+00  0.0000000000000000e+00
   1  2
  2  3.2428800000000000e+00  0.0000000000000000e+00
d1                 2    4   71
   0   0   0
 -1.0000000000000000e+01  1.0000000000000000e+01 -1.0000000000000000e+01  1.0000000000000000e+01
  2.0376000000000000e-01
b                 10    4   72
   1   4  10
 -1.0000000000000000e+01  1.0000000000000000e+01 -1.0000000000000000e+01  1.0000000000000000e+01
  0.0000000000000000e+00  0.0000000000000000e+00  0.0000000000000000e+00  0.0000000000000000e+00
  2.6200000000000001e+00  3.9969372183076245e-02  3.0000000000000000e+00  3.0000000000000000e+00  0.0000000000000000e+00
   0  1
d5                 6    4   73
   0   0   0
 -1.0000000000000000e+01  1.0000000000000000e+01 -1.0000000000000000e+01  1.0000000000000000e+01
  2.0002000000000000e-01
qls3              16    2   74
   1   4   2
 -1.0000000000000000e+01  1.0000000000000000e+01 -1.0000000000000000e+01  1.0000000000000000e+01
  0.0000000000000000e+00  0.0000000000000000e+00  0.0000000000000000e+00  0.0000000000000000e+00
  2.7500000000000002e-01  0.0000000000000000e+00  0.0000000000000000e+00  0.0000000000000000e+00  0.0000000000000000e+00
   1  2
  2 -2.3621699999999999e+00  0.0000000000000000e+00
ls3               27    2   75
   3   4   2
 -1.0000000000000000e+01  1.0000000000000000e+01 -1.0000000000000000e+01  1.0000000000000000e+01
  0.0000000000000000e+00  0.0000000000000000e+00  0.0000000000000000e+00
   1  3
  3 -5.3771740000000001e-01  0.0000000000000000e+00
d6                 7    4   76
   0   0   0
 -1.0000000000000000e+01  1.0000000000000000e+01 -1.0000000000000000e+01  1.0000000000000000e+01
  6.5659000000000001e-01
qls2              17    2   77
   1   4   2
 -1.0000000000000000e+01  1.0000000000000000e+01 -1.0000000000000000e+01  1.0000000000000000e+01
  0.0000000000000000e+00  0.0000000000000000e+00  0.0000000000000000e+00  0.0000000000000000e+00
  4.4800000000000001e-01  0.0000000000000000e+00  0.0000000000000000e+00  0.0000000000000000e+00  0.0000000000000000e+00
   1  2
  2  1.8353800000000000e+00  0.0000000000000000e+00
ls2               26    2   78
   3   4   2
 -1.0000000000000000e+01  1.0000000000000000e+01 -1.0000000000000000e+01  1.0000000000000000e+01
  0.0000000000000000e+00  0.0000000000000000e+00  0.0000000000000000e+00
   1  3
  3  7.4466749999999999e+00  0.0000000000000000e+00
d7                 8    4   79
   0   0   0
 -1.0000000000000000e+01  1.0000000000000000e+01 -1.0000000000000000e+01  1.0000000000000000e+01
  9.1508999999999996e-01
qls1              18    2   80
   1   4   2
 -1.0000000000000000e+01  1.0000000000000000e+01 -1.0000000000000000e+01  1.0000000000000000e+01
  0.0000000000000000e+00  0.0000000000000000e+00  0.0000000000000000e+00  0.0000000000000000e+00
  2.7500000000000002e-01  0.0000000000000000e+00  0.0000000000000000e+00  0.0000000000000000e+00  0.0000000000000000e+00
   1  2
  2 -8.7050000000000005e-01  0.0000000000000000e+00
ls1               25    2   81
   3   4   2
 -1.0000000000000000e+01  1.0000000000000000e+01 -1.0000000000000000e+01  1.0000000000000000e+01
  0.0000000000000000e+00  0.0000000000000000e+00  0.0000000000000000e+00
   1  3
  3 -3.9171434999999999e+00  0.0000000000000000e+00
d8                 9    4   82
   0   0   0
 -1.0000000000000000e+01  1.0000000000000000e+01 -1.0000000000000000e+01  1.0000000000000000e+01
  4.3185399999999996e+00
cav                1    1   83
   2   0   0
 -1.0000000000000000e+01  1.0000000000000000e+01 -1.0000000000000000e+01  1.0000000000000000e+01
  8.3333333333333339e-04  8.1642542195216845e+02 1320  3.0000000000000000e+09
