
tpsa, NO = 8, NV = 7, INA = 48092
------------------------------------------------------------------

   |I|         a                i  i  i  i  i  i  i
                I                1  2  3  4  5  6  7

    2 -1.3825415166261782e-05   1  1  0  0  0  0  0
    2 -4.0772194708693144e-06   0  0  1  1  0  0  0
    2  8.6189624646016180e-06   0  0  0  0  2  0  0
    3 -9.6592969124689122e-07   3  0  0  0  0  0  0
    3 -1.1963492624541031e-06   2  1  0  0  0  0  0
    3 -1.1963492624541031e-06   1  2  0  0  0  0  0
    3 -9.6592969124689122e-07   0  3  0  0  0  0  0
    3  2.0559547079870268e-06   1  0  2  0  0  0  0
    3  8.5567182475395587e-08   0  1  2  0  0  0  0
    3 -6.3177682875001490e-07   1  0  1  1  0  0  0
    3 -6.3177682875001490e-07   0  1  1  1  0  0  0
    3  8.5567182475395587e-08   1  0  0  2  0  0  0
    3  2.0559547079870268e-06   0  1  0  2  0  0  0
    3 -1.2216860398264604e-06   2  0  0  0  1  0  0
    3 -2.6227672289531622e-07   1  1  0  0  1  0  0
    3 -1.2216860398264604e-06   0  2  0  0  1  0  0
    3  3.1513945067367248e-07   0  0  2  0  1  0  0
    3 -2.2040497371541094e-07   0  0  1  1  1  0  0
    3  3.1513945067367248e-07   0  0  0  2  1  0  0
    3 -8.4210944368179285e-22   1  0  0  0  2  0  0
    3 -8.4210944368179285e-22   0  1  0  0  2  0  0
    3 -7.1991459698585655e-08   0  0  0  0  3  0  0
    4 -5.0933921667764732e-07   4  0  0  0  0  0  0
    4 -3.7926484966204210e-08   3  1  0  0  0  0  0
    4 -3.4464809233871727e-07   2  2  0  0  0  0  0
    4 -3.7926484966204210e-08   1  3  0  0  0  0  0
    4 -5.0933921667764732e-07   0  4  0  0  0  0  0
    4 -1.8237588434619369e-07   2  0  2  0  0  0  0
    4  3.0561322948142696e-07   1  1  2  0  0  0  0
    4 -9.9552934782709891e-08   0  2  2  0  0  0  0
    4  6.5076926846523381e-08   0  0  4  0  0  0  0
    4 -2.0304241981345414e-07   2  0  1  1  0  0  0
    4 -1.0556400574586497e-06   1  1  1  1  0  0  0
    4 -2.0304241981345414e-07   0  2  1  1  0  0  0
    4 -7.0023080776729415e-08   0  0  3  1  0  0  0
    4 -9.9552934782709891e-08   2  0  0  2  0  0  0
    4  3.0561322948142696e-07   1  1  0  2  0  0  0
    4 -1.8237588434619369e-07   0  2  0  2  0  0  0
    4 -1.1459821882078569e-07   0  0  2  2  0  0  0
    4 -7.0023080776729415e-08   0  0  1  3  0  0  0
    4  6.5076926846523381e-08   0  0  0  4  0  0  0
    4  1.2193141378664617e-07   3  0  0  0  1  0  0
    4 -7.9675605667555090e-07   2  1  0  0  1  0  0
    4 -7.9675605667555090e-07   1  2  0  0  1  0  0
    4  1.2193141378664617e-07   0  3  0  0  1  0  0
    4  2.2678052420946910e-08   1  0  2  0  1  0  0
    4  1.7035818457893646e-07   0  1  2  0  1  0  0
    4 -4.0945195551367567e-07   1  0  1  1  1  0  0
    4 -4.0945195551367567e-07   0  1  1  1  1  0  0
    4  1.7035818457893646e-07   1  0  0  2  1  0  0
    4  2.2678052420946910e-08   0  1  0  2  1  0  0
    4 -4.9245976542332801e-07   2  0  0  0  2  0  0
    4 -5.7969491038232515e-08   1  1  0  0  2  0  0
    4 -4.9245976542332801e-07   0  2  0  0  2  0  0
    4  2.6626133185067467e-07   0  0  2  0  2  0  0
    4 -6.9745955017641887e-08   0  0  1  1  2  0  0
    4  2.6626133185067467e-07   0  0  0  2  2  0  0
    4  3.8379406871181489e-22   1  0  0  0  3  0  0
    4  3.8379406871181489e-22   0  1  0  0  3  0  0
    4  2.0691761480340821e-07   0  0  0  0  4  0  0
    5  4.3149127299615174e-07   5  0  0  0  0  0  0
    5 -2.4370969475295057e-07   4  1  0  0  0  0  0
    5 -8.5663452787438716e-08   3  2  0  0  0  0  0
    5 -8.5663452787438716e-08   2  3  0  0  0  0  0
    5 -2.4370969475295057e-07   1  4  0  0  0  0  0
    5  4.3149127299615174e-07   0  5  0  0  0  0  0
    5  1.7974939362588516e-07   3  0  2  0  0  0  0
    5 -6.9361490463203540e-08   2  1  2  0  0  0  0
    5  1.1116720560935270e-08   1  2  2  0  0  0  0
    5  8.2392655991176152e-08   0  3  2  0  0  0  0
    5 -4.3092700568963437e-08   1  0  4  0  0  0  0
    5 -2.4271301891305251e-09   0  1  4  0  0  0  0
    5 -1.2574705972306536e-07   3  0  1  1  0  0  0
    5  2.2548838330691956e-07   2  1  1  1  0  0  0
    5  2.2548838330691956e-07   1  2  1  1  0  0  0
    5 -1.2574705972306536e-07   0  3  1  1  0  0  0
    5  2.5473148347787582e-09   1  0  3  1  0  0  0
    5 -2.4257323808331989e-08   0  1  3  1  0  0  0
    5  8.2392655991176152e-08   3  0  0  2  0  0  0
    5  1.1116720560935270e-08   2  1  0  2  0  0  0
    5 -6.9361490463203540e-08   1  2  0  2  0  0  0
    5  1.7974939362588516e-07   0  3  0  2  0  0  0
    5  1.0429243115650261e-07   1  0  2  2  0  0  0
    5  1.0429243115650261e-07   0  1  2  2  0  0  0
    5 -2.4257323808331989e-08   1  0  1  3  0  0  0
    5  2.5473148347787582e-09   0  1  1  3  0  0  0
    5 -2.4271301891305251e-09   1  0  0  4  0  0  0
    5 -4.3092700568963437e-08   0  1  0  4  0  0  0
    5 -3.1159618139008972e-07   4  0  0  0  1  0  0
    5 -1.3672487237253003e-07   3  1  0  0  1  0  0
    5  1.8830195631217104e-07   2  2  0  0  1  0  0
    5 -1.3672487237253003e-07   1  3  0  0  1  0  0
    5 -3.1159618139008972e-07   0  4  0  0  1  0  0
    5  1.9883077184796799e-08   2  0  2  0  1  0  0
    5 -1.1708557288999903e-08   1  1  2  0  1  0  0
    5 -1.7012166775959743e-08   0  2  2  0  1  0  0
    5 -1.5957754604558540e-08   0  0  4  0  1  0  0
    5 -1.3133579468597243e-08   2  0  1  1  1  0  0
    5 -9.4763333522398627e-08   1  1  1  1  1  0  0
    5 -1.3133579468597243e-08   0  2  1  1  1  0  0
    5  2.4162931910435649e-09   0  0  3  1  1  0  0
    5 -1.7012166775959743e-08   2  0  0  2  1  0  0
    5 -1.1708557288999903e-08   1  1  0  2  1  0  0
    5  1.9883077184796799e-08   0  2  0  2  1  0  0
    5  4.0210656235614779e-08   0  0  2  2  1  0  0
    5  2.4162931910435649e-09   0  0  1  3  1  0  0
    5 -1.5957754604558540e-08   0  0  0  4  1  0  0
    5  8.6768216915306849e-08   3  0  0  0  2  0  0
    5 -2.9446948903576010e-07   2  1  0  0  2  0  0
    5 -2.9446948903576010e-07   1  2  0  0  2  0  0
    5  8.6768216915306849e-08   0  3  0  0  2  0  0
    5  1.2597320409088749e-08   1  0  2  0  2  0  0
    5  2.3619649824115233e-09   0  1  2  0  2  0  0
    5 -1.2012142984988344e-07   1  0  1  1  2  0  0
    5 -1.2012142984988344e-07   0  1  1  1  2  0  0
    5  2.3619649824115233e-09   1  0  0  2  2  0  0
    5  1.2597320409088749e-08   0  1  0  2  2  0  0
    5  1.8422200560212446e-08   2  0  0  0  3  0  0
    5 -2.1466589013554659e-08   1  1  0  0  3  0  0
    5  1.8422200560212446e-08   0  2  0  0  3  0  0
    5 -5.0536109422452728e-08   0  0  2  0  3  0  0
    5 -5.2791684334573765e-08   0  0  1  1  3  0  0
    5 -5.0536109422452728e-08   0  0  0  2  3  0  0
    5 -4.8360078626584641e-22   1  0  0  0  4  0  0
    5 -4.8360078626584641e-22   0  1  0  0  4  0  0
    5 -4.5959768355585822e-08   0  0  0  0  5  0  0
    6 -1.9326484935768929e-07   6  0  0  0  0  0  0
    6  4.3697047683180854e-07   5  1  0  0  0  0  0
    6  1.0893715221038807e-07   4  2  0  0  0  0  0
    6 -2.5111762646625109e-07   3  3  0  0  0  0  0
    6  1.0893715221038807e-07   2  4  0  0  0  0  0
    6  4.3697047683180854e-07   1  5  0  0  0  0  0
    6 -1.9326484935768929e-07   0  6  0  0  0  0  0
    6 -9.2242677604568418e-07   4  0  2  0  0  0  0
    6 -7.3235403493291117e-09   3  1  2  0  0  0  0
    6  4.2387447117662513e-08   2  2  2  0  0  0  0
    6  4.8061607790255350e-08   1  3  2  0  0  0  0
    6 -1.8585127851917931e-07   0  4  2  0  0  0  0
    6  1.7665394567837768e-08   2  0  4  0  0  0  0
    6 -2.4346216557644427e-09   1  1  4  0  0  0  0
    6 -7.5136886575156285e-09   0  2  4  0  0  0  0
    6 -2.3413785288063870e-09   0  0  6  0  0  0  0
    6 -1.2190409119670807e-08   4  0  1  1  0  0  0
    6 -1.0151274064488525e-07   3  1  1  1  0  0  0
    6 -7.9968987058896344e-08   2  2  1  1  0  0  0
    6 -1.0151274064488525e-07   1  3  1  1  0  0  0
    6 -1.2190409119670807e-08   0  4  1  1  0  0  0
    6  1.8431706509983187e-09   2  0  3  1  0  0  0
    6 -9.5797344312413264e-09   1  1  3  1  0  0  0
    6  3.8487464123069673e-08   0  2  3  1  0  0  0
    6  1.0697304670321831e-09   0  0  5  1  0  0  0
    6 -1.8585127851917931e-07   4  0  0  2  0  0  0
    6  4.8061607790255350e-08   3  1  0  2  0  0  0
    6  4.2387447117662513e-08   2  2  0  2  0  0  0
    6 -7.3235403493291117e-09   1  3  0  2  0  0  0
    6 -9.2242677604568418e-07   0  4  0  2  0  0  0
    6 -6.4596459578554157e-08   2  0  2  2  0  0  0
    6  7.7036567401821466e-09   1  1  2  2  0  0  0
    6 -6.4596459578554157e-08   0  2  2  2  0  0  0
    6  6.5995876713479439e-09   0  0  4  2  0  0  0
    6  3.8487464123069673e-08   2  0  1  3  0  0  0
    6 -9.5797344312413264e-09   1  1  1  3  0  0  0
    6  1.8431706509983187e-09   0  2  1  3  0  0  0
    6 -1.4702168304031892e-08   0  0  3  3  0  0  0
    6 -7.5136886575156285e-09   2  0  0  4  0  0  0
    6 -2.4346216557644427e-09   1  1  0  4  0  0  0
    6  1.7665394567837768e-08   0  2  0  4  0  0  0
    6  6.5995876713479439e-09   0  0  2  4  0  0  0
    6  1.0697304670321831e-09   0  0  1  5  0  0  0
    6 -2.3413785288063870e-09   0  0  0  6  0  0  0
    6  6.4849565508632899e-07   5  0  0  0  1  0  0
    6 -1.1556490816301443e-07   4  1  0  0  1  0  0
    6 -3.9959832021365951e-08   3  2  0  0  1  0  0
    6 -3.9959832021365951e-08   2  3  0  0  1  0  0
    6 -1.1556490816301443e-07   1  4  0  0  1  0  0
    6  6.4849565508632899e-07   0  5  0  0  1  0  0
    6 -4.3512768365809642e-09   3  0  2  0  1  0  0
    6 -1.3581650855470833e-08   2  1  2  0  1  0  0
    6 -8.9241805091201243e-10   1  2  2  0  1  0  0
    6  9.6052765657914063e-08   0  3  2  0  1  0  0
    6  3.7952713132989126e-09   1  0  4  0  1  0  0
    6 -5.9603424009915688e-09   0  1  4  0  1  0  0
    6 -1.0486622901598499e-07   3  0  1  1  1  0  0
    6  1.5797681968155626e-08   2  1  1  1  1  0  0
    6  1.5797681968155626e-08   1  2  1  1  1  0  0
    6 -1.0486622901598499e-07   0  3  1  1  1  0  0
    6 -6.1391109073892063e-09   1  0  3  1  1  0  0
    6  1.0881243860449572e-08   0  1  3  1  1  0  0
    6  9.6052765657914063e-08   3  0  0  2  1  0  0
    6 -8.9241805091201243e-10   2  1  0  2  1  0  0
    6 -1.3581650855470833e-08   1  2  0  2  1  0  0
    6 -4.3512768365809642e-09   0  3  0  2  1  0  0
    6 -1.1838676041618691e-08   1  0  2  2  1  0  0
    6 -1.1838676041618691e-08   0  1  2  2  1  0  0
    6  1.0881243860449572e-08   1  0  1  3  1  0  0
    6 -6.1391109073892063e-09   0  1  1  3  1  0  0
    6 -5.9603424009915688e-09   1  0  0  4  1  0  0
    6  3.7952713132989126e-09   0  1  0  4  1  0  0
    6  3.8265578279514653e-07   4  0  0  0  2  0  0
    6 -1.4153941084638244e-07   3  1  0  0  2  0  0
    6 -2.3538299065185673e-07   2  2  0  0  2  0  0
    6 -1.4153941084638244e-07   1  3  0  0  2  0  0
    6  3.8265578279514653e-07   0  4  0  0  2  0  0
    6  1.2553294318883517e-08   2  0  2  0  2  0  0
    6  1.7634415229018390e-08   1  1  2  0  2  0  0
    6 -2.4790731449039492e-08   0  2  2  0  2  0  0
    6 -6.2513819385134716e-09   0  0  4  0  2  0  0
    6  4.6374847203934198e-08   2  0  1  1  2  0  0
    6  5.0786342371834373e-09   1  1  1  1  2  0  0
    6  4.6374847203934198e-08   0  2  1  1  2  0  0
    6  4.3985548653035607e-09   0  0  3  1  2  0  0
    6 -2.4790731449039492e-08   2  0  0  2  2  0  0
    6  1.7634415229018390e-08   1  1  0  2  2  0  0
    6  1.2553294318883517e-08   0  2  0  2  2  0  0
    6  1.1817752792972855e-08   0  0  2  2  2  0  0
    6  4.3985548653035607e-09   0  0  1  3  2  0  0
    6 -6.2513819385134716e-09   0  0  0  4  2  0  0
    6 -1.4169152959143568e-07   3  0  0  0  3  0  0
    6  2.2760917062711579e-07   2  1  0  0  3  0  0
    6  2.2760917062711579e-07   1  2  0  0  3  0  0
    6 -1.4169152959143568e-07   0  3  0  0  3  0  0
    6  1.3765836238203492e-09   1  0  2  0  3  0  0
    6 -9.4595512826486633e-09   0  1  2  0  3  0  0
    6  5.2369634194784492e-08   1  0  1  1  3  0  0
    6  5.2369634194784492e-08   0  1  1  1  3  0  0
    6 -9.4595512826486633e-09   1  0  0  2  3  0  0
    6  1.3765836238203492e-09   0  1  0  2  3  0  0
    6  7.2727243979926575e-09   2  0  0  0  4  0  0
    6 -1.7090380927411090e-07   1  1  0  0  4  0  0
    6  7.2727243979926575e-09   0  2  0  0  4  0  0
    6 -1.6484413732439255e-10   0  0  2  0  4  0  0
    6  3.4338439210112145e-09   0  0  1  1  4  0  0
    6 -1.6484413732439255e-10   0  0  0  2  4  0  0
    6  6.4013669360974050e-23   1  0  0  0  5  0  0
    6  6.4013669360974050e-23   0  1  0  0  5  0  0
    6 -3.5446561414324855e-09   0  0  0  0  6  0  0
    7  7.8438995684501671e-08   7  0  0  0  0  0  0
    7  1.6213672230526373e-08   6  1  0  0  0  0  0
    7  6.6641585757420778e-08   5  2  0  0  0  0  0
    7  2.0198750999141380e-07   4  3  0  0  0  0  0
    7  2.0198750999141380e-07   3  4  0  0  0  0  0
    7  6.6641585757420778e-08   2  5  0  0  0  0  0
    7  1.6213672230526373e-08   1  6  0  0  0  0  0
    7  7.8438995684501671e-08   0  7  0  0  0  0  0
    7  4.3243953337275524e-07   5  0  2  0  0  0  0
    7 -5.9760320353467925e-07   4  1  2  0  0  0  0
    7 -2.8597462429444099e-07   3  2  2  0  0  0  0
    7 -1.6043365443182680e-08   2  3  2  0  0  0  0
    7 -1.5293522083710926e-07   1  4  2  0  0  0  0
    7  1.5062306649088652e-07   0  5  2  0  0  0  0
    7 -1.6235157687747046e-07   3  0  4  0  0  0  0
    7  1.4036873873354755e-08   2  1  4  0  0  0  0
    7 -6.3300284315817692e-09   1  2  4  0  0  0  0
    7  3.4334102774035113e-08   0  3  4  0  0  0  0
    7  8.6662937651659434e-10   1  0  6  0  0  0  0
    7  1.1033850251077026e-11   0  1  6  0  0  0  0
    7 -5.1840872318568579e-07   5  0  1  1  0  0  0
    7  4.9633907341637205e-07   4  1  1  1  0  0  0
    7 -5.9437107463389328e-08   3  2  1  1  0  0  0
    7 -5.9437107463389328e-08   2  3  1  1  0  0  0
    7  4.9633907341637205e-07   1  4  1  1  0  0  0
    7 -5.1840872318568579e-07   0  5  1  1  0  0  0
    7 -1.5795853553052736e-07   3  0  3  1  0  0  0
    7  9.0193096945130768e-09   2  1  3  1  0  0  0
    7  2.2738411484556179e-08   1  2  3  1  0  0  0
    7 -1.0522438621247680e-08   0  3  3  1  0  0  0
    7  2.9438451954946449e-10   1  0  5  1  0  0  0
    7  1.1878993706568245e-10   0  1  5  1  0  0  0
    7  1.5062306649088652e-07   5  0  0  2  0  0  0
    7 -1.5293522083710926e-07   4  1  0  2  0  0  0
    7 -1.6043365443182680e-08   3  2  0  2  0  0  0
    7 -2.8597462429444099e-07   2  3  0  2  0  0  0
    7 -5.9760320353467925e-07   1  4  0  2  0  0  0
    7  4.3243953337275524e-07   0  5  0  2  0  0  0
    7  3.4066700289843638e-07   3  0  2  2  0  0  0
    7 -2.3920956666793699e-08   2  1  2  2  0  0  0
    7 -2.3920956666793699e-08   1  2  2  2  0  0  0
    7  3.4066700289843638e-07   0  3  2  2  0  0  0
    7 -8.0149454855659247e-10   1  0  4  2  0  0  0
    7  2.5283621723340478e-09   0  1  4  2  0  0  0
    7 -1.0522438621247680e-08   3  0  1  3  0  0  0
    7  2.2738411484556179e-08   2  1  1  3  0  0  0
    7  9.0193096945130768e-09   1  2  1  3  0  0  0
    7 -1.5795853553052736e-07   0  3  1  3  0  0  0
    7 -1.3467318638996532e-09   1  0  3  3  0  0  0
    7 -1.3467318638996532e-09   0  1  3  3  0  0  0
    7  3.4334102774035113e-08   3  0  0  4  0  0  0
    7 -6.3300284315817692e-09   2  1  0  4  0  0  0
    7  1.4036873873354755e-08   1  2  0  4  0  0  0
    7 -1.6235157687747046e-07   0  3  0  4  0  0  0
    7  2.5283621723340478e-09   1  0  2  4  0  0  0
    7 -8.0149454855659247e-10   0  1  2  4  0  0  0
    7  1.1878993706568245e-10   1  0  1  5  0  0  0
    7  2.9438451954946449e-10   0  1  1  5  0  0  0
    7  1.1033850251077026e-11   1  0  0  6  0  0  0
    7  8.6662937651659434e-10   0  1  0  6  0  0  0
    7 -2.5091619867960121e-07   6  0  0  0  1  0  0
    7  6.7950921523551612e-07   5  1  0  0  1  0  0
    7  3.0232670077334799e-07   4  2  0  0  1  0  0
    7 -8.0537503072807035e-08   3  3  0  0  1  0  0
    7  3.0232670077334799e-07   2  4  0  0  1  0  0
    7  6.7950921523551612e-07   1  5  0  0  1  0  0
    7 -2.5091619867960121e-07   0  6  0  0  1  0  0
    7 -2.4343226245302609e-06   4  0  2  0  1  0  0
    7 -2.9031016838357287e-07   3  1  2  0  1  0  0
    7 -1.5073744022218221e-09   2  2  2  0  1  0  0
    7 -3.7156600947589150e-09   1  3  2  0  1  0  0
    7 -3.0119268711500301e-07   0  4  2  0  1  0  0
    7 -8.5287263856330741e-09   2  0  4  0  1  0  0
    7 -8.2494405673175102e-10   1  1  4  0  1  0  0
    7 -1.2038553967755877e-08   0  2  4  0  1  0  0
    7  2.3174985625001378e-10   0  0  6  0  1  0  0
    7  5.7016246449369036e-08   4  0  1  1  1  0  0
    7 -7.4133570382328090e-08   3  1  1  1  1  0  0
    7  2.3280541268330387e-08   2  2  1  1  1  0  0
    7 -7.4133570382328090e-08   1  3  1  1  1  0  0
    7  5.7016246449369036e-08   0  4  1  1  1  0  0
    7  1.0467394000065973e-08   2  0  3  1  1  0  0
    7  1.0458112569859126e-10   1  1  3  1  1  0  0
    7  1.8433752514087330e-08   0  2  3  1  1  0  0
    7  5.5204983896114271e-10   0  0  5  1  1  0  0
    7 -3.0119268711500301e-07   4  0  0  2  1  0  0
    7 -3.7156600947589150e-09   3  1  0  2  1  0  0
    7 -1.5073744022218221e-09   2  2  0  2  1  0  0
    7 -2.9031016838357287e-07   1  3  0  2  1  0  0
    7 -2.4343226245302609e-06   0  4  0  2  1  0  0
    7 -9.5216051799796458e-09   2  0  2  2  1  0  0
    7 -4.2871938682571933e-09   1  1  2  2  1  0  0
    7 -9.5216051799796458e-09   0  2  2  2  1  0  0
    7 -2.4398505870472468e-09   0  0  4  2  1  0  0
    7  1.8433752514087330e-08   2  0  1  3  1  0  0
    7  1.0458112569859126e-10   1  1  1  3  1  0  0
    7  1.0467394000065973e-08   0  2  1  3  1  0  0
    7  4.2204072478576534e-09   0  0  3  3  1  0  0
    7 -1.2038553967755877e-08   2  0  0  4  1  0  0
    7 -8.2494405673175102e-10   1  1  0  4  1  0  0
    7 -8.5287263856330741e-09   0  2  0  4  1  0  0
    7 -2.4398505870472468e-09   0  0  2  4  1  0  0
    7  5.5204983896114271e-10   0  0  1  5  1  0  0
    7  2.3174985625001378e-10   0  0  0  6  1  0  0
    7 -7.1219241169825715e-07   5  0  0  0  2  0  0
    7  5.0421103657537284e-07   4  1  0  0  2  0  0
    7 -5.8325700564995314e-08   3  2  0  0  2  0  0
    7 -5.8325700564995314e-08   2  3  0  0  2  0  0
    7  5.0421103657537284e-07   1  4  0  0  2  0  0
    7 -7.1219241169825715e-07   0  5  0  0  2  0  0
    7 -7.8098828046029029e-08   3  0  2  0  2  0  0
    7  2.0729211460050286e-08   2  1  2  0  2  0  0
    7  4.6269803120112902e-08   1  2  2  0  2  0  0
    7 -1.0326991224200582e-07   0  3  2  0  2  0  0
    7  3.4789393231425781e-09   1  0  4  0  2  0  0
    7  1.9314671189314114e-09   0  1  4  0  2  0  0
    7  7.5642500739909852e-08   3  0  1  1  2  0  0
    7 -1.0698214489482129e-07   2  1  1  1  2  0  0
    7 -1.0698214489482129e-07   1  2  1  1  2  0  0
    7  7.5642500739909852e-08   0  3  1  1  2  0  0
    7  2.5151560410341143e-09   1  0  3  1  2  0  0
    7  5.3487487734556449e-09   0  1  3  1  2  0  0
    7 -1.0326991224200582e-07   3  0  0  2  2  0  0
    7  4.6269803120112902e-08   2  1  0  2  2  0  0
    7  2.0729211460050286e-08   1  2  0  2  2  0  0
    7 -7.8098828046029029e-08   0  3  0  2  2  0  0
    7 -1.3999261428264648e-08   1  0  2  2  2  0  0
    7 -1.3999261428264648e-08   0  1  2  2  2  0  0
    7  5.3487487734556449e-09   1  0  1  3  2  0  0
    7  2.5151560410341143e-09   0  1  1  3  2  0  0
    7  1.9314671189314114e-09   1  0  0  4  2  0  0
    7  3.4789393231425781e-09   0  1  0  4  2  0  0
    7 -7.8500583969416270e-08   4  0  0  0  3  0  0
    7  1.0138472090116594e-07   3  1  0  0  3  0  0
    7  1.0440087946359285e-07   2  2  0  0  3  0  0
    7  1.0138472090116594e-07   1  3  0  0  3  0  0
    7 -7.8500583969416270e-08   0  4  0  0  3  0  0
    7 -2.1092587819133272e-09   2  0  2  0  3  0  0
    7 -4.0160524440766761e-08   1  1  2  0  3  0  0
    7  2.3794661748295432e-08   0  2  2  0  3  0  0
    7  1.5061318930976557e-09   0  0  4  0  3  0  0
    7 -1.6786455626764546e-08   2  0  1  1  3  0  0
    7  6.8631138023158568e-08   1  1  1  1  3  0  0
    7 -1.6786455626764546e-08   0  2  1  1  3  0  0
    7 -9.3207526788342532e-10   0  0  3  1  3  0  0
    7  2.3794661748295432e-08   2  0  0  2  3  0  0
    7 -4.0160524440766761e-08   1  1  0  2  3  0  0
    7 -2.1092587819133272e-09   0  2  0  2  3  0  0
    7 -5.2246246452723740e-09   0  0  2  2  3  0  0
    7 -9.3207526788342532e-10   0  0  1  3  3  0  0
    7  1.5061318930976557e-09   0  0  0  4  3  0  0
    7  5.9680380378182494e-08   3  0  0  0  4  0  0
    7 -1.5768341596763791e-07   2  1  0  0  4  0  0
    7 -1.5768341596763791e-07   1  2  0  0  4  0  0
    7  5.9680380378182494e-08   0  3  0  0  4  0  0
    7  7.2140937362513791e-09   1  0  2  0  4  0  0
    7  6.9704439824562087e-09   0  1  2  0  4  0  0
    7 -1.6237015365550697e-08   1  0  1  1  4  0  0
    7 -1.6237015365550697e-08   0  1  1  1  4  0  0
    7  6.9704439824562087e-09   1  0  0  2  4  0  0
    7  7.2140937362513791e-09   0  1  0  2  4  0  0
    7  3.6849101588362277e-10   2  0  0  0  5  0  0
    7  1.3621005672299129e-07   1  1  0  0  5  0  0
    7  3.6849101588362277e-10   0  2  0  0  5  0  0
    7  3.5310059492921573e-09   0  0  2  0  5  0  0
    7  1.2629015045749690e-08   0  0  1  1  5  0  0
    7  3.5310059492921573e-09   0  0  0  2  5  0  0
    7 -2.1595165726996330e-23   1  0  0  0  6  0  0
    7 -2.1595165726996330e-23   0  1  0  0  6  0  0
    7  9.1704645468426834e-09   0  0  0  0  7  0  0
    8 -5.5906171690831574e-09   8  0  0  0  0  0  0
    8  1.4640991189896516e-09   7  1  0  0  0  0  0
    8  1.1822079106466466e-07   6  2  0  0  0  0  0
    8  5.7806515759714667e-08   5  3  0  0  0  0  0
    8  1.4246107329791157e-07   4  4  0  0  0  0  0
    8  5.7806515759714667e-08   3  5  0  0  0  0  0
    8  1.1822079106466466e-07   2  6  0  0  0  0  0
    8  1.4640991189896516e-09   1  7  0  0  0  0  0
    8 -5.5906171690831574e-09   0  8  0  0  0  0  0
    8 -7.2820271831250530e-08   6  0  2  0  0  0  0
    8  2.7810860516437229e-06   5  1  2  0  0  0  0
    8  4.4891707254700768e-08   4  2  2  0  0  0  0
    8 -3.9547269578701279e-07   3  3  2  0  0  0  0
    8 -9.9087717621309413e-08   2  4  2  0  0  0  0
    8  1.4838618386966804e-07   1  5  2  0  0  0  0
    8 -3.9432761116996280e-08   0  6  2  0  0  0  0
    8  1.8270876017726925e-07   4  0  4  0  0  0  0
    8 -2.3580916186214327e-07   3  1  4  0  0  0  0
    8 -1.8661782860705199e-08   2  2  4  0  0  0  0
    8  2.2818990744743069e-08   1  3  4  0  0  0  0
    8 -3.7752124883731039e-08   0  4  4  0  0  0  0
    8  2.0631006221071466e-08   2  0  6  0  0  0  0
    8  3.3900525959881888e-10   1  1  6  0  0  0  0
    8 -3.1641825553691662e-09   0  2  6  0  0  0  0
    8  4.0500042087593923e-11   0  0  8  0  0  0  0
    8  2.8749657418261317e-07   6  0  1  1  0  0  0
    8 -8.1810696827101086e-07   5  1  1  1  0  0  0
    8  1.0741492300594389e-07   4  2  1  1  0  0  0
    8  2.9110984581336475e-07   3  3  1  1  0  0  0
    8  1.0741492300594389e-07   2  4  1  1  0  0  0
    8 -8.1810696827101086e-07   1  5  1  1  0  0  0
    8  2.8749657418261317e-07   0  6  1  1  0  0  0
    8  6.4530913368450615e-07   4  0  3  1  0  0  0
    8 -6.1016467955483918e-08   3  1  3  1  0  0  0
    8 -4.1992529295258198e-08   2  2  3  1  0  0  0
    8 -1.7705303316311790e-07   1  3  3  1  0  0  0
    8  2.9115629920870218e-07   0  4  3  1  0  0  0
    8 -1.8427765899887816e-08   2  0  5  1  0  0  0
    8  5.1181939646078803e-10   1  1  5  1  0  0  0
    8  2.6988006867962925e-09   0  2  5  1  0  0  0
    8  8.0747362985938190e-11   0  0  7  1  0  0  0
    8 -3.9432761116996280e-08   6  0  0  2  0  0  0
    8  1.4838618386966804e-07   5  1  0  2  0  0  0
    8 -9.9087717621309413e-08   4  2  0  2  0  0  0
    8 -3.9547269578701279e-07   3  3  0  2  0  0  0
    8  4.4891707254700768e-08   2  4  0  2  0  0  0
    8  2.7810860516437229e-06   1  5  0  2  0  0  0
    8 -7.2820271831250530e-08   0  6  0  2  0  0  0
    8 -4.4734295462012092e-07   4  0  2  2  0  0  0
    8  2.5659460554043442e-07   3  1  2  2  0  0  0
    8  1.5299389259258343e-07   2  2  2  2  0  0  0
    8  2.5659460554043442e-07   1  3  2  2  0  0  0
    8 -4.4734295462012092e-07   0  4  2  2  0  0  0
    8  2.6958707356650905e-08   2  0  4  2  0  0  0
    8 -3.8875848783998813e-09   1  1  4  2  0  0  0
    8 -4.7208944391578115e-08   0  2  4  2  0  0  0
    8 -2.6261279328845829e-10   0  0  6  2  0  0  0
    8  2.9115629920870218e-07   4  0  1  3  0  0  0
    8 -1.7705303316311790e-07   3  1  1  3  0  0  0
    8 -4.1992529295258198e-08   2  2  1  3  0  0  0
    8 -6.1016467955483918e-08   1  3  1  3  0  0  0
    8  6.4530913368450615e-07   0  4  1  3  0  0  0
    8  4.5204893289565581e-08   2  0  3  3  0  0  0
    8  3.6932967431885000e-09   1  1  3  3  0  0  0
    8  4.5204893289565581e-08   0  2  3  3  0  0  0
    8 -1.9224295054019199e-10   0  0  5  3  0  0  0
    8 -3.7752124883731039e-08   4  0  0  4  0  0  0
    8  2.2818990744743069e-08   3  1  0  4  0  0  0
    8 -1.8661782860705199e-08   2  2  0  4  0  0  0
    8 -2.3580916186214327e-07   1  3  0  4  0  0  0
    8  1.8270876017726925e-07   0  4  0  4  0  0  0
    8 -4.7208944391578115e-08   2  0  2  4  0  0  0
    8 -3.8875848783998813e-09   1  1  2  4  0  0  0
    8  2.6958707356650905e-08   0  2  2  4  0  0  0
    8  5.3666890872877898e-10   0  0  4  4  0  0  0
    8  2.6988006867962925e-09   2  0  1  5  0  0  0
    8  5.1181939646078803e-10   1  1  1  5  0  0  0
    8 -1.8427765899887816e-08   0  2  1  5  0  0  0
    8 -1.9224295054019199e-10   0  0  3  5  0  0  0
    8 -3.1641825553691662e-09   2  0  0  6  0  0  0
    8  3.3900525959881888e-10   1  1  0  6  0  0  0
    8  2.0631006221071466e-08   0  2  0  6  0  0  0
    8 -2.6261279328845829e-10   0  0  2  6  0  0  0
    8  8.0747362985938190e-11   0  0  1  7  0  0  0
    8  4.0500042087593923e-11   0  0  0  8  0  0  0
    8  1.3810906156628173e-07   7  0  0  0  1  0  0
    8  1.3956292738929564e-07   6  1  0  0  1  0  0
    8  2.8605548654468273e-07   5  2  0  0  1  0  0
    8  4.3439341778004145e-07   4  3  0  0  1  0  0
    8  4.3439341778004145e-07   3  4  0  0  1  0  0
    8  2.8605548654468273e-07   2  5  0  0  1  0  0
    8  1.3956292738929564e-07   1  6  0  0  1  0  0
    8  1.3810906156628173e-07   0  7  0  0  1  0  0
    8  1.1988094536840762e-06   5  0  2  0  1  0  0
    8 -1.8148307331169189e-06   4  1  2  0  1  0  0
    8 -9.5064551118749823e-07   3  2  2  0  1  0  0
    8 -1.8222484995579199e-07   2  3  2  0  1  0  0
    8 -2.3347117088952139e-07   1  4  2  0  1  0  0
    8  2.8741345646238363e-07   0  5  2  0  1  0  0
    8 -4.1001309988782973e-07   3  0  4  0  1  0  0
    8 -4.1301392413162528e-08   2  1  4  0  1  0  0
    8  4.4649001259419956e-09   1  2  4  0  1  0  0
    8  5.2792400242588644e-08   0  3  4  0  1  0  0
    8 -2.6915540420556032e-10   1  0  6  0  1  0  0
    8  5.3121961150266454e-10   0  1  6  0  1  0  0
    8 -5.7609666761629139e-07   5  0  1  1  1  0  0
    8  1.0045655077269643e-06   4  1  1  1  1  0  0
    8  1.5483575087071680e-07   3  2  1  1  1  0  0
    8  1.5483575087071680e-07   2  3  1  1  1  0  0
    8  1.0045655077269643e-06   1  4  1  1  1  0  0
    8 -5.7609666761629139e-07   0  5  1  1  1  0  0
    8 -4.8134823090654039e-07   3  0  3  1  1  0  0
    8 -4.0836935518101294e-08   2  1  3  1  1  0  0
    8  7.9824501123901708e-09   1  2  3  1  1  0  0
    8 -3.9377014676062040e-08   0  3  3  1  1  0  0
    8  1.2357930660937990e-10   1  0  5  1  1  0  0
    8 -7.2888113901643550e-10   0  1  5  1  1  0  0
    8  2.8741345646238363e-07   5  0  0  2  1  0  0
    8 -2.3347117088952139e-07   4  1  0  2  1  0  0
    8 -1.8222484995579199e-07   3  2  0  2  1  0  0
    8 -9.5064551118749823e-07   2  3  0  2  1  0  0
    8 -1.8148307331169189e-06   1  4  0  2  1  0  0
    8  1.1988094536840762e-06   0  5  0  2  1  0  0
    8  9.1293507465608360e-07   3  0  2  2  1  0  0
    8  8.3893962025974018e-08   2  1  2  2  1  0  0
    8  8.3893962025974018e-08   1  2  2  2  1  0  0
    8  9.1293507465608360e-07   0  3  2  2  1  0  0
    8  1.5635712248754470e-10   1  0  4  2  1  0  0
    8 -9.2753103183522575e-10   0  1  4  2  1  0  0
    8 -3.9377014676062040e-08   3  0  1  3  1  0  0
    8  7.9824501123901708e-09   2  1  1  3  1  0  0
    8 -4.0836935518101294e-08   1  2  1  3  1  0  0
    8 -4.8134823090654039e-07   0  3  1  3  1  0  0
    8  3.7425698411382054e-10   1  0  3  3  1  0  0
    8  3.7425698411382054e-10   0  1  3  3  1  0  0
    8  5.2792400242588644e-08   3  0  0  4  1  0  0
    8  4.4649001259419956e-09   2  1  0  4  1  0  0
    8 -4.1301392413162528e-08   1  2  0  4  1  0  0
    8 -4.1001309988782973e-07   0  3  0  4  1  0  0
    8 -9.2753103183522575e-10   1  0  2  4  1  0  0
    8  1.5635712248754470e-10   0  1  2  4  1  0  0
    8 -7.2888113901643550e-10   1  0  1  5  1  0  0
    8  1.2357930660937990e-10   0  1  1  5  1  0  0
    8  5.3121961150266454e-10   1  0  0  6  1  0  0
    8 -2.6915540420556032e-10   0  1  0  6  1  0  0
    8  2.8411733061682176e-07   6  0  0  0  2  0  0
    8 -6.7562008170477073e-07   5  1  0  0  2  0  0
    8  2.8969593306279047e-08   4  2  0  0  2  0  0
    8  3.8287419590960577e-07   3  3  0  0  2  0  0
    8  2.8969593306279047e-08   2  4  0  0  2  0  0
    8 -6.7562008170477073e-07   1  5  0  0  2  0  0
    8  2.8411733061682176e-07   0  6  0  0  2  0  0
    8 -4.7010148274198802e-06   4  0  2  0  2  0  0
    8 -1.0172638377339655e-06   3  1  2  0  2  0  0
    8 -4.9728075346224202e-08   2  2  2  0  2  0  0
    8 -1.5254546237190393e-07   1  3  2  0  2  0  0
    8  3.1592123448110239e-07   0  4  2  0  2  0  0
    8  3.1892062720363290e-10   2  0  4  0  2  0  0
    8 -3.9715478299240268e-09   1  1  4  0  2  0  0
    8  1.2776836779845131e-08   0  2  4  0  2  0  0
    8  1.4093372357093586e-10   0  0  6  0  2  0  0
    8  7.0859596918293198e-08   4  0  1  1  2  0  0
    8  6.1321840180490095e-08   3  1  1  1  2  0  0
    8 -6.8038207557614098e-08   2  2  1  1  2  0  0
    8  6.1321840180490095e-08   1  3  1  1  2  0  0
    8  7.0859596918293198e-08   0  4  1  1  2  0  0
    8 -9.0358923541101035e-09   2  0  3  1  2  0  0
    8  1.6723887636422237e-08   1  1  3  1  2  0  0
    8 -1.4177412537214827e-08   0  2  3  1  2  0  0
    8  1.6964916061419379e-10   0  0  5  1  2  0  0
    8  3.1592123448110239e-07   4  0  0  2  2  0  0
    8 -1.5254546237190393e-07   3  1  0  2  2  0  0
    8 -4.9728075346224202e-08   2  2  0  2  2  0  0
    8 -1.0172638377339655e-06   1  3  0  2  2  0  0
    8 -4.7010148274198802e-06   0  4  0  2  2  0  0
    8  1.7762558240100382e-08   2  0  2  2  2  0  0
    8 -2.7620487779872967e-08   1  1  2  2  2  0  0
    8  1.7762558240100382e-08   0  2  2  2  2  0  0
    8  1.9861584590615078e-10   0  0  4  2  2  0  0
    8 -1.4177412537214827e-08   2  0  1  3  2  0  0
    8  1.6723887636422237e-08   1  1  1  3  2  0  0
    8 -9.0358923541101035e-09   0  2  1  3  2  0  0
    8 -6.4336949583770550e-10   0  0  3  3  2  0  0
    8  1.2776836779845131e-08   2  0  0  4  2  0  0
    8 -3.9715478299240268e-09   1  1  0  4  2  0  0
    8  3.1892062720363290e-10   0  2  0  4  2  0  0
    8  1.9861584590615078e-10   0  0  2  4  2  0  0
    8  1.6964916061419379e-10   0  0  1  5  2  0  0
    8  1.4093372357093586e-10   0  0  0  6  2  0  0
    8  3.8343808642151551e-07   5  0  0  0  3  0  0
    8 -1.2861064992109852e-07   4  1  0  0  3  0  0
    8  1.0748980845147826e-07   3  2  0  0  3  0  0
    8  1.0748980845147826e-07   2  3  0  0  3  0  0
    8 -1.2861064992109852e-07   1  4  0  0  3  0  0
    8  3.8343808642151551e-07   0  5  0  0  3  0  0
    8  2.3593041820063185e-08   3  0  2  0  3  0  0
    8 -1.1600961156251964e-08   2  1  2  0  3  0  0
    8 -4.0477670275239076e-08   1  2  2  0  3  0  0
    8  2.3414049376133453e-08   0  3  2  0  3  0  0
    8 -1.1426195727942882e-09   1  0  4  0  3  0  0
    8 -1.1342039900140404e-09   0  1  4  0  3  0  0
    8 -1.2326566467813163e-08   3  0  1  1  3  0  0
    8  6.7017936649840505e-08   2  1  1  1  3  0  0
    8  6.7017936649840505e-08   1  2  1  1  3  0  0
    8 -1.2326566467813163e-08   0  3  1  1  3  0  0
    8 -2.0595043868828696e-09   1  0  3  1  3  0  0
    8 -3.0295358139392186e-09   0  1  3  1  3  0  0
    8  2.3414049376133453e-08   3  0  0  2  3  0  0
    8 -4.0477670275239076e-08   2  1  0  2  3  0  0
    8 -1.1600961156251964e-08   1  2  0  2  3  0  0
    8  2.3593041820063185e-08   0  3  0  2  3  0  0
    8  7.8422651822545061e-09   1  0  2  2  3  0  0
    8  7.8422651822545061e-09   0  1  2  2  3  0  0
    8 -3.0295358139392186e-09   1  0  1  3  3  0  0
    8 -2.0595043868828696e-09   0  1  1  3  3  0  0
    8 -1.1342039900140404e-09   1  0  0  4  3  0  0
    8 -1.1426195727942882e-09   0  1  0  4  3  0  0
    8 -1.2080760749319846e-08   4  0  0  0  4  0  0
    8 -2.3887645913773464e-08   3  1  0  0  4  0  0
    8 -6.4627927644179185e-08   2  2  0  0  4  0  0
    8 -2.3887645913773464e-08   1  3  0  0  4  0  0
    8 -1.2080760749319846e-08   0  4  0  0  4  0  0
    8 -7.1677965129824191e-09   2  0  2  0  4  0  0
    8  2.7767702867983161e-08   1  1  2  0  4  0  0
    8 -5.4899291817170408e-09   0  2  2  0  4  0  0
    8 -5.0213417989465282e-11   0  0  4  0  4  0  0
    8 -8.1979789184981010e-09   2  0  1  1  4  0  0
    8 -7.3214436184322075e-08   1  1  1  1  4  0  0
    8 -8.1979789184981010e-09   0  2  1  1  4  0  0
    8  2.4433007931600326e-09   0  0  3  1  4  0  0
    8 -5.4899291817170408e-09   2  0  0  2  4  0  0
    8  2.7767702867983161e-08   1  1  0  2  4  0  0
    8 -7.1677965129824191e-09   0  2  0  2  4  0  0
    8 -4.0166967317804394e-09   0  0  2  2  4  0  0
    8  2.4433007931600326e-09   0  0  1  3  4  0  0
    8 -5.0213417989465282e-11   0  0  0  4  4  0  0
    8 -9.3305093899303781e-09   3  0  0  0  5  0  0
    8  7.5491255011418768e-08   2  1  0  0  5  0  0
    8  7.5491255011418768e-08   1  2  0  0  5  0  0
    8 -9.3305093899303781e-09   0  3  0  0  5  0  0
    8 -7.4101751693945881e-09   1  0  2  0  5  0  0
    8 -4.7722214416157163e-09   0  1  2  0  5  0  0
    8  1.0275015191745405e-08   1  0  1  1  5  0  0
    8  1.0275015191745405e-08   0  1  1  1  5  0  0
    8 -4.7722214416157163e-09   1  0  0  2  5  0  0
    8 -7.4101751693945881e-09   0  1  0  2  5  0  0
    8 -3.0414650708167983e-09   2  0  0  0  6  0  0
    8 -7.3310418328347723e-08   1  1  0  0  6  0  0
    8 -3.0414650708167983e-09   0  2  0  0  6  0  0
    8 -2.5201864825044901e-09   0  0  2  0  6  0  0
    8 -7.6444595990765519e-09   0  0  1  1  6  0  0
    8 -2.5201864825044901e-09   0  0  0  2  6  0  0
    8 -9.1265108373031065e-24   1  0  0  0  7  0  0
    8 -9.1265108373031065e-24   0  1  0  0  7  0  0
    8 -6.1391963464144278e-09   0  0  0  0  8  0  0
 -661  0.0000000000000000e+00   0  0  0  0  0  0  0

tpsa, NO = 8, NV = 7, INA = 50240
------------------------------------------------------------------

   |I|         a                i  i  i  i  i  i  i
                I                1  2  3  4  5  6  7

    2 -2.8856186057808049e-10   1  1  0  0  0  0  0
    2 -7.1513244503643462e-11   0  0  1  1  0  0  0
    2  7.7570662181414564e-09   0  0  0  0  2  0  0
    3 -9.2105727591410602e-14   3  0  0  0  0  0  0
    3 -1.1407726697948446e-13   2  1  0  0  0  0  0
    3 -1.1407726697948446e-13   1  2  0  0  0  0  0
    3 -9.2105727591410602e-14   0  3  0  0  0  0  0
    3  1.6474654274808100e-13   1  0  2  0  0  0  0
    3  6.8566186943475016e-15   0  1  2  0  0  0  0
    3 -5.0625165973047375e-14   1  0  1  1  0  0  0
    3 -5.0625165973047375e-14   0  1  1  1  0  0  0
    3  6.8566186943475016e-15   1  0  0  2  0  0  0
    3  1.6474654274808100e-13   0  1  0  2  0  0  0
    3 -7.6496508594159760e-13   2  0  0  0  1  0  0
    3 -1.6422593803117849e-13   1  1  0  0  1  0  0
    3 -7.6496508594159760e-13   0  2  0  0  1  0  0
    3  1.6582363115198063e-13   0  0  2  0  1  0  0
    3 -1.1597517539399464e-13   0  0  1  1  1  0  0
    3  1.6582363115198063e-13   0  0  0  2  1  0  0
    3 -1.9437694118618128e-12   0  0  0  0  3  0  0
    4 -2.2188534127341957e-16   4  0  0  0  0  0  0
    4 -1.6522055998200050e-17   3  1  0  0  0  0  0
    4 -1.5014033297225461e-16   2  2  0  0  0  0  0
    4 -1.6522055998200050e-17   1  3  0  0  0  0  0
    4 -2.2188534127341957e-16   0  4  0  0  0  0  0
    4 -6.6765261024057986e-17   2  0  2  0  0  0  0
    4  1.1188072980087874e-16   1  1  2  0  0  0  0
    4 -3.6444937335364142e-17   0  2  2  0  0  0  0
    4  2.0020357164357998e-17   0  0  4  0  0  0  0
    4 -7.4330990670173859e-17   2  0  1  1  0  0  0
    4 -3.8645506359760822e-16   1  1  1  1  0  0  0
    4 -7.4330990670173859e-17   0  2  1  1  0  0  0
    4 -2.1541998905464709e-17   0  0  3  1  0  0  0
    4 -3.6444937335364142e-17   2  0  0  2  0  0  0
    4  1.1188072980087874e-16   1  1  0  2  0  0  0
    4 -6.6765261024057986e-17   0  2  0  2  0  0  0
    4 -3.5255156971413614e-17   0  0  2  2  0  0  0
    4 -2.1541998905464709e-17   0  0  1  3  0  0  0
    4  2.0020357164357998e-17   0  0  0  4  0  0  0
    4  3.4880121249522290e-16   3  0  0  0  1  0  0
    4 -2.2792278872254095e-15   2  1  0  0  1  0  0
    4 -2.2792278872254095e-15   1  2  0  0  1  0  0
    4  3.4880121249522290e-16   0  3  0  0  1  0  0
    4  5.4516727213345697e-17   1  0  2  0  1  0  0
    4  4.0953122891065640e-16   0  1  2  0  1  0  0
    4 -9.8429883445775955e-16   1  0  1  1  1  0  0
    4 -9.8429883445775955e-16   0  1  1  1  1  0  0
    4  4.0953122891065640e-16   1  0  0  2  1  0  0
    4  5.4516727213345697e-17   0  1  0  2  1  0  0
    4 -9.2506875211575754e-15   2  0  0  0  2  0  0
    4 -1.0889369751745219e-15   1  1  0  0  2  0  0
    4 -9.2506875211575754e-15   0  2  0  0  2  0  0
    4  4.2031317362954956e-15   0  0  2  0  2  0  0
    4 -1.1009914018506246e-15   0  0  1  1  2  0  0
    4  4.2031317362954956e-15   0  0  0  2  2  0  0
    4  1.6760326799076064e-13   0  0  0  0  4  0  0
    5  8.5876411047001258e-19   5  0  0  0  0  0  0
    5 -4.8503678365078417e-19   4  1  0  0  0  0  0
    5 -1.7048942455309128e-19   3  2  0  0  0  0  0
    5 -1.7048942455309128e-19   2  3  0  0  0  0  0
    5 -4.8503678365078417e-19   1  4  0  0  0  0  0
    5  8.5876411047001258e-19   0  5  0  0  0  0  0
    5  3.0062905269218903e-19   3  0  2  0  0  0  0
    5 -1.1600639507397115e-19   2  1  2  0  0  0  0
    5  1.8592603312106407e-20   1  2  2  0  0  0  0
    5  1.3780088833553484e-19   0  3  2  0  0  0  0
    5 -6.0565997007423874e-20   1  0  4  0  0  0  0
    5 -3.4112867801416497e-21   0  1  4  0  0  0  0
    5 -2.1031069246360633e-19   3  0  1  1  0  0  0
    5  3.7712705283301962e-19   2  1  1  1  0  0  0
    5  3.7712705283301962e-19   1  2  1  1  0  0  0
    5 -2.1031069246360633e-19   0  3  1  1  0  0  0
    5  3.5802040861485008e-21   1  0  3  1  0  0  0
    5 -3.4093221863233226e-20   0  1  3  1  0  0  0
    5  1.3780088833553484e-19   3  0  0  2  0  0  0
    5  1.8592603312106407e-20   2  1  0  2  0  0  0
    5 -1.1600639507397115e-19   1  2  0  2  0  0  0
    5  3.0062905269218903e-19   0  3  0  2  0  0  0
    5  1.4658109122710844e-19   1  0  2  2  0  0  0
    5  1.4658109122710844e-19   0  1  2  2  0  0  0
    5 -3.4093221863233226e-20   1  0  1  3  0  0  0
    5  3.5802040861485008e-21   0  1  1  3  0  0  0
    5 -3.4112867801416497e-21   1  0  0  4  0  0  0
    5 -6.0565997007423874e-20   0  1  0  4  0  0  0
    5 -4.0722541746274650e-18   4  0  0  0  1  0  0
    5 -1.7868589717966003e-18   3  1  0  0  1  0  0
    5  2.4609204909439413e-18   2  2  0  0  1  0  0
    5 -1.7868589717966003e-18   1  3  0  0  1  0  0
    5 -4.0722541746274650e-18   0  4  0  0  1  0  0
    5  2.1836749572951247e-19   2  0  2  0  1  0  0
    5 -1.2859017294161189e-19   1  1  2  0  1  0  0
    5 -1.8683749106198064e-19   0  2  2  0  1  0  0
    5 -1.4727798109362077e-19   0  0  4  0  1  0  0
    5 -1.4424059374044172e-19   2  0  1  1  1  0  0
    5 -1.0407459386663457e-18   1  1  1  1  1  0  0
    5 -1.4424059374044172e-19   0  2  1  1  1  0  0
    5  2.2300554916761334e-20   0  0  3  1  1  0  0
    5 -1.8683749106198064e-19   2  0  0  2  1  0  0
    5 -1.2859017294161189e-19   1  1  0  2  1  0  0
    5  2.1836749572951247e-19   0  2  0  2  1  0  0
    5  3.7111388259719323e-19   0  0  2  2  1  0  0
    5  2.2300554916761334e-20   0  0  1  3  1  0  0
    5 -1.4727798109362077e-19   0  0  0  4  1  0  0
    5  7.4463647208416415e-18   3  0  0  0  2  0  0
    5 -2.5271087645611487e-17   2  1  0  0  2  0  0
    5 -2.5271087645611487e-17   1  2  0  0  2  0  0
    5  7.4463647208416415e-18   0  3  0  0  2  0  0
    5  9.0849690389691096e-19   1  0  2  0  2  0  0
    5  1.7034081883680641e-19   0  1  2  0  2  0  0
    5 -8.6629492278019470e-18   1  0  1  1  2  0  0
    5 -8.6629492278019470e-18   0  1  1  1  2  0  0
    5  1.7034081883680641e-19   1  0  0  2  2  0  0
    5  9.0849690389691096e-19   0  1  0  2  2  0  0
    5  1.0381641271025951e-17   2  0  0  0  3  0  0
    5 -1.2097275009186052e-17   1  1  0  0  3  0  0
    5  1.0381641271025951e-17   0  2  0  0  3  0  0
    5 -2.3932494125155631e-17   0  0  2  0  3  0  0
    5 -2.5000671591725736e-17   0  0  1  1  3  0  0
    5 -2.3932494125155631e-17   0  0  0  2  3  0  0
    5 -1.1168223710407354e-15   0  0  0  0  5  0  0
    6 -1.7572563288404414e-21   6  0  0  0  0  0  0
    6  3.9731443067951273e-21   5  1  0  0  0  0  0
    6  9.9050862484188524e-22   4  2  0  0  0  0  0
    6 -2.2832814133443602e-21   3  3  0  0  0  0  0
    6  9.9050862484188524e-22   2  4  0  0  0  0  0
    6  3.9731443067951273e-21   1  5  0  0  0  0  0
    6 -1.7572563288404414e-21   0  6  0  0  0  0  0
    6 -7.0481605675064547e-21   4  0  2  0  0  0  0
    6 -5.5958358587508608e-23   3  1  2  0  0  0  0
    6  3.2387777663251391e-22   2  2  2  0  0  0  0
    6  3.6723340826075720e-22   1  3  2  0  0  0  0
    6 -1.4200689818382552e-21   0  4  2  0  0  0  0
    6  1.1343024631041839e-22   2  0  4  0  0  0  0
    6 -1.5632808711152450e-23   1  1  4  0  0  0  0
    6 -4.8245712930379969e-23   0  2  4  0  0  0  0
    6 -1.2633939974136993e-23   0  0  6  0  0  0  0
    6 -9.3145562434084818e-23   4  0  1  1  0  0  0
    6 -7.7564757907391352e-22   3  1  1  1  0  0  0
    6 -6.1103415018823415e-22   2  2  1  1  0  0  0
    6 -7.7564757907391352e-22   1  3  1  1  0  0  0
    6 -9.3145562434084818e-23   0  4  1  1  0  0  0
    6  1.1835076772953376e-23   2  0  3  1  0  0  0
    6 -6.1511880300848688e-23   1  1  3  1  0  0  0
    6  2.4712963633948062e-22   0  2  3  1  0  0  0
    6  5.7722022913910932e-24   0  0  5  1  0  0  0
    6 -1.4200689818382552e-21   4  0  0  2  0  0  0
    6  3.6723340826075720e-22   3  1  0  2  0  0  0
    6  3.2387777663251391e-22   2  2  0  2  0  0  0
    6 -5.5958358587508608e-23   1  3  0  2  0  0  0
    6 -7.0481605675064547e-21   0  4  0  2  0  0  0
    6 -4.1477660137388184e-22   2  0  2  2  0  0  0
    6  4.9465506030683109e-23   1  1  2  2  0  0  0
    6 -4.1477660137388184e-22   0  2  2  2  0  0  0
    6  3.5610984498252062e-23   0  0  4  2  0  0  0
    6  2.4712963633948062e-22   2  0  1  3  0  0  0
    6 -6.1511880300848688e-23   1  1  1  3  0  0  0
    6  1.1835076772953376e-23   0  2  1  3  0  0  0
    6 -7.9332030065847638e-23   0  0  3  3  0  0  0
    6 -4.8245712930379969e-23   2  0  0  4  0  0  0
    6 -1.5632808711152450e-23   1  1  0  4  0  0  0
    6  1.1343024631041839e-22   0  2  0  4  0  0  0
    6  3.5610984498252062e-23   0  0  2  4  0  0  0
    6  5.7722022913910932e-24   0  0  1  5  0  0  0
    6 -1.2633939974136993e-23   0  0  0  6  0  0  0
    6  3.8719540526293302e-20   5  0  0  0  1  0  0
    6 -6.9000001926605513e-21   4  1  0  0  1  0  0
    6 -2.3858700104462254e-21   3  2  0  0  1  0  0
    6 -2.3858700104462254e-21   2  3  0  0  1  0  0
    6 -6.9000001926605513e-21   1  4  0  0  1  0  0
    6  3.8719540526293302e-20   0  5  0  0  1  0  0
    6 -2.1832400215581397e-22   3  0  2  0  1  0  0
    6 -6.8145523302977124e-22   2  1  2  0  1  0  0
    6 -4.4776806392372635e-23   1  2  2  0  1  0  0
    6  4.8194185302739986e-21   0  3  2  0  1  0  0
    6  1.6002551798935876e-22   1  0  4  0  1  0  0
    6 -2.5131454417248217e-22   0  1  4  0  1  0  0
    6 -5.2616313945558324e-21   3  0  1  1  1  0  0
    6  7.9264392535928614e-22   2  1  1  1  1  0  0
    6  7.9264392535928614e-22   1  2  1  1  1  0  0
    6 -5.2616313945558324e-21   0  3  1  1  1  0  0
    6 -2.5885221947285478e-22   1  0  3  1  1  0  0
    6  4.5880163534960189e-22   0  1  3  1  1  0  0
    6  4.8194185302739986e-21   3  0  0  2  1  0  0
    6 -4.4776806392372635e-23   2  1  0  2  1  0  0
    6 -6.8145523302977124e-22   1  2  0  2  1  0  0
    6 -2.1832400215581397e-22   0  3  0  2  1  0  0
    6 -4.9917123427508533e-22   1  0  2  2  1  0  0
    6 -4.9917123427508533e-22   0  1  2  2  1  0  0
    6  4.5880163534960189e-22   1  0  1  3  1  0  0
    6 -2.5885221947285478e-22   0  1  1  3  1  0  0
    6 -2.5131454417248217e-22   1  0  0  4  1  0  0
    6  1.6002551798935876e-22   0  1  0  4  1  0  0
    6  1.5002798833873353e-19   4  0  0  0  2  0  0
    6 -5.5493406959173790e-20   3  1  0  0  2  0  0
    6 -9.2286692543094883e-20   2  2  0  0  2  0  0
    6 -5.5493406959173790e-20   1  3  0  0  2  0  0
    6  1.5002798833873353e-19   0  4  0  0  2  0  0
    6  4.1360269611579102e-21   2  0  2  0  2  0  0
    6  5.8101415436231583e-21   1  1  2  0  2  0  0
    6 -8.1679861122838765e-21   0  2  2  0  2  0  0
    6 -1.7308655266945553e-21   0  0  4  0  2  0  0
    6  1.5279464774957146e-20   2  0  1  1  2  0  0
    6  1.6732952798894098e-21   1  1  1  1  2  0  0
    6  1.5279464774957146e-20   0  2  1  1  2  0  0
    6  1.2178598361947039e-21   0  0  3  1  2  0  0
    6 -8.1679861122838765e-21   2  0  0  2  2  0  0
    6  5.8101415436231583e-21   1  1  0  2  2  0  0
    6  4.1360269611579102e-21   0  2  0  2  2  0  0
    6  3.2720670586988699e-21   0  0  2  2  2  0  0
    6  1.2178598361947039e-21   0  0  1  3  2  0  0
    6 -1.7308655266945553e-21   0  0  0  4  2  0  0
    6 -3.6479491386400525e-19   3  0  0  0  3  0  0
    6  5.8599598743124187e-19   2  1  0  0  3  0  0
    6  5.8599598743124187e-19   1  2  0  0  3  0  0
    6 -3.6479491386400525e-19   0  3  0  0  3  0  0
    6  2.9783047177882567e-21   1  0  2  0  3  0  0
    6 -2.0466193063581903e-20   0  1  2  0  3  0  0
    6  1.1330421624391418e-19   1  0  1  1  3  0  0
    6  1.1330421624391418e-19   0  1  1  1  3  0  0
    6 -2.0466193063581903e-20   1  0  0  2  3  0  0
    6  2.9783047177882567e-21   0  1  0  2  3  0  0
    6  1.2295406650723256e-19   2  0  0  0  4  0  0
    6 -2.8893324127101943e-18   1  1  0  0  4  0  0
    6  1.2295406650723256e-19   0  2  0  0  4  0  0
    6 -2.3419677888754851e-21   0  0  2  0  4  0  0
    6  4.8785185724916675e-20   0  0  1  1  4  0  0
    6 -2.3419677888754851e-21   0  0  0  2  4  0  0
    6 -2.5840543271042817e-18   0  0  0  0  6  0  0
    7  3.2583268103265863e-24   7  0  0  0  0  0  0
    7  6.7350993547983457e-25   6  1  0  0  0  0  0
    7  2.7682667742135054e-24   5  2  0  0  0  0  0
    7  8.3904863061138259e-24   4  3  0  0  0  0  0
    7  8.3904863061138259e-24   3  4  0  0  0  0  0
    7  2.7682667742135054e-24   2  5  0  0  0  0  0
    7  6.7350993547983457e-25   1  6  0  0  0  0  0
    7  3.2583268103265863e-24   0  7  0  0  0  0  0
    7  1.5095574723330123e-23   5  0  2  0  0  0  0
    7 -2.0861098761021756e-23   4  1  2  0  0  0  0
    7 -9.9827859778302380e-24   3  2  2  0  0  0  0
    7 -5.6004089166495854e-25   2  3  2  0  0  0  0
    7 -5.3386540216839187e-24   1  4  2  0  0  0  0
    7  5.2579414688027001e-24   0  5  2  0  0  0  0
    7 -4.7625814722864585e-24   3  0  4  0  0  0  0
    7  4.1177151909350030e-25   2  1  4  0  0  0  0
    7 -1.8569130468040057e-25   1  2  4  0  0  0  0
    7  1.0071904744270474e-24   0  3  4  0  0  0  0
    7 -1.8096582329187941e-23   5  0  1  1  0  0  0
    7  1.7326176245794015e-23   4  1  1  1  0  0  0
    7 -2.0748271788527563e-24   3  2  1  1  0  0  0
    7 -2.0748271788527563e-24   2  3  1  1  0  0  0
    7  1.7326176245794015e-23   1  4  1  1  0  0  0
    7 -1.8096582329187941e-23   0  5  1  1  0  0  0
    7 -4.6337116594497780e-24   3  0  3  1  0  0  0
    7  2.6458133681276555e-25   2  1  3  1  0  0  0
    7  6.6703101582625147e-25   1  2  3  1  0  0  0
    7 -3.0867560503368284e-25   0  3  3  1  0  0  0
    7  5.2579414688027001e-24   5  0  0  2  0  0  0
    7 -5.3386540216839187e-24   4  1  0  2  0  0  0
    7 -5.6004089166495854e-25   3  2  0  2  0  0  0
    7 -9.9827859778302380e-24   2  3  0  2  0  0  0
    7 -2.0861098761021756e-23   1  4  0  2  0  0  0
    7  1.5095574723330123e-23   0  5  0  2  0  0  0
    7  9.9934622590573580e-24   3  0  2  2  0  0  0
    7 -7.0172096392152971e-25   2  1  2  2  0  0  0
    7 -7.0172096392152971e-25   1  2  2  2  0  0  0
    7  9.9934622590573580e-24   0  3  2  2  0  0  0
    7 -3.0867560503368284e-25   3  0  1  3  0  0  0
    7  6.6703101582625147e-25   2  1  1  3  0  0  0
    7  2.6458133681276555e-25   1  2  1  3  0  0  0
    7 -4.6337116594497780e-24   0  3  1  3  0  0  0
    7  1.0071904744270474e-24   3  0  0  4  0  0  0
    7 -1.8569130468040057e-25   2  1  0  4  0  0  0
    7  4.1177151909350030e-25   1  2  0  4  0  0  0
    7 -4.7625814722864585e-24   0  3  0  4  0  0  0
    7 -6.8443498070711963e-23   6  0  0  0  1  0  0
    7  1.8535267115771117e-22   5  1  0  0  1  0  0
    7  8.2466963352683617e-23   4  2  0  0  1  0  0
    7 -2.1968563469361051e-23   3  3  0  0  1  0  0
    7  8.2466963352683617e-23   2  4  0  0  1  0  0
    7  1.8535267115771117e-22   1  5  0  0  1  0  0
    7 -6.8443498070711963e-23   0  6  0  0  1  0  0
    7 -5.5801166584804111e-22   4  0  2  0  1  0  0
    7 -6.6546832798550055e-23   3  1  2  0  1  0  0
    7 -3.4553041275817055e-25   2  2  2  0  1  0  0
    7 -8.5172838567427046e-25   1  3  2  0  1  0  0
    7 -6.9041396314805271e-23   0  4  2  0  1  0  0
    7 -1.6428993944995166e-24   2  0  4  0  1  0  0
    7 -1.5891002126456032e-25   1  1  4  0  1  0  0
    7 -2.3190019388583988e-24   0  2  4  0  1  0  0
    7  1.3069644237379668e-23   4  0  1  1  1  0  0
    7 -1.6993391380194874e-23   3  1  1  1  1  0  0
    7  5.3365209212940206e-24   2  2  1  1  1  0  0
    7 -1.6993391380194874e-23   1  3  1  1  1  0  0
    7  1.3069644237379668e-23   0  4  1  1  1  0  0
    7  2.0163473990284145e-24   2  0  3  1  1  0  0
    7  3.5509171562548632e-24   0  2  3  1  1  0  0
    7 -6.9041396314805271e-23   4  0  0  2  1  0  0
    7 -8.5172838567427046e-25   3  1  0  2  1  0  0
    7 -3.4553041275817055e-25   2  2  0  2  1  0  0
    7 -6.6546832798550055e-23   1  3  0  2  1  0  0
    7 -5.5801166584804111e-22   0  4  0  2  1  0  0
    7 -1.8341588975351871e-24   2  0  2  2  1  0  0
    7 -8.2584759925311647e-25   1  1  2  2  1  0  0
    7 -1.8341588975351871e-24   0  2  2  2  1  0  0
    7 -3.9495868117914383e-25   0  0  4  2  1  0  0
    7  3.5509171562548632e-24   2  0  1  3  1  0  0
    7  2.0163473990284145e-24   0  2  1  3  1  0  0
    7  6.8319203212769523e-25   0  0  3  3  1  0  0
    7 -2.3190019388583988e-24   2  0  0  4  1  0  0
    7 -1.5891002126456032e-25   1  1  0  4  1  0  0
    7 -1.6428993944995166e-24   0  2  0  4  1  0  0
    7 -3.9495868117914383e-25   0  0  2  4  1  0  0
    7 -1.2756799246526158e-21   5  0  0  0  2  0  0
    7  9.0314342947535640e-22   4  1  0  0  2  0  0
    7 -1.0447306665995236e-22   3  2  0  0  2  0  0
    7 -1.0447306665995236e-22   2  3  0  0  2  0  0
    7  9.0314342947535640e-22   1  4  0  0  2  0  0
    7 -1.2756799246526158e-21   0  5  0  0  2  0  0
    7 -1.1755755386103337e-22   3  0  2  0  2  0  0
    7  3.1202457881639310e-23   2  1  2  0  2  0  0
    7  6.9647202250285872e-23   1  2  2  0  2  0  0
    7 -1.5544610046464147e-22   0  3  2  0  2  0  0
    7  4.4006266320564894e-24   1  0  4  0  2  0  0
    7  2.4431773172844855e-24   0  1  4  0  2  0  0
    7  1.1386018942146397e-22   3  0  1  1  2  0  0
    7 -1.6103390505718723e-22   2  1  1  1  2  0  0
    7 -1.6103390505718723e-22   1  2  1  1  2  0  0
    7  1.1386018942146397e-22   0  3  1  1  2  0  0
    7  3.1815049444306952e-24   1  0  3  1  2  0  0
    7  6.7658111034216899e-24   0  1  3  1  2  0  0
    7 -1.5544610046464147e-22   3  0  0  2  2  0  0
    7  6.9647202250285872e-23   2  1  0  2  2  0  0
    7  3.1202457881639310e-23   1  2  0  2  2  0  0
    7 -1.1755755386103337e-22   0  3  0  2  2  0  0
    7 -1.7708133700559454e-23   1  0  2  2  2  0  0
    7 -1.7708133700559454e-23   0  1  2  2  2  0  0
    7  6.7658111034216899e-24   1  0  1  3  2  0  0
    7  3.1815049444306952e-24   0  1  1  3  2  0  0
    7  2.4431773172844855e-24   1  0  0  4  2  0  0
    7  4.4006266320564894e-24   0  1  0  4  2  0  0
    7 -9.2333255310966658e-22   4  0  0  0  3  0  0
    7  1.1924983033560053e-21   3  1  0  0  3  0  0
    7  1.2279746940426557e-21   2  2  0  0  3  0  0
    7  1.1924983033560053e-21   1  3  0  0  3  0  0
    7 -9.2333255310966658e-22   0  4  0  0  3  0  0
    7 -2.0848593927084432e-23   2  0  2  0  3  0  0
    7 -3.9695957326050920e-22   1  1  2  0  3  0  0
    7  2.3519410926550088e-22   0  2  2  0  3  0  0
    7  1.2510410328749699e-23   0  0  4  0  3  0  0
    7 -1.6592274017698819e-22   2  0  1  1  3  0  0
    7  6.7837229820637228e-22   1  1  1  1  3  0  0
    7 -1.6592274017698819e-22   0  2  1  1  3  0  0
    7 -7.7421134974564180e-24   0  0  3  1  3  0  0
    7  2.3519410926550088e-22   2  0  0  2  3  0  0
    7 -3.9695957326050920e-22   1  1  0  2  3  0  0
    7 -2.0848593927084432e-23   0  2  0  2  3  0  0
    7 -4.3397393299749836e-23   0  0  2  2  3  0  0
    7 -7.7421134974564180e-24   0  0  1  3  3  0  0
    7  1.2510410328749699e-23   0  0  0  4  3  0  0
    7  4.6095414345952688e-21   3  0  0  0  4  0  0
    7 -1.2179014859581289e-20   2  1  0  0  4  0  0
    7 -1.2179014859581289e-20   1  2  0  0  4  0  0
    7  4.6095414345952688e-21   0  3  0  0  4  0  0
    7  4.6824113778753309e-22   1  0  2  0  4  0  0
    7  4.5242669981240566e-22   0  1  2  0  4  0  0
    7 -1.0538868535675195e-21   1  0  1  1  4  0  0
    7 -1.0538868535675195e-21   0  1  1  1  4  0  0
    7  4.5242669981240566e-22   1  0  0  2  4  0  0
    7  4.6824113778753309e-22   0  1  0  2  4  0  0
    7  1.8689338298084529e-22   2  0  0  0  5  0  0
    7  6.9083796346916783e-20   1  1  0  0  5  0  0
    7  1.8689338298084529e-22   0  2  0  0  5  0  0
    7  1.5049674795464388e-21   0  0  2  0  5  0  0
    7  5.3826748568254471e-21   0  0  1  1  5  0  0
    7  1.5049674795464388e-21   0  0  0  2  5  0  0
    7  2.0055805963944948e-19   0  0  0  0  7  0  0
    8  4.4352597885352116e-25   5  1  2  0  0  0  0
    8 -1.3047122137584636e-25   5  1  1  1  0  0  0
    8 -1.3047122137584636e-25   1  5  1  1  0  0  0
    8  4.4352597885352116e-25   1  5  0  2  0  0  0
    8  1.7210997697897913e-25   7  0  0  0  1  0  0
    8  1.7392176840302961e-25   6  1  0  0  1  0  0
    8  3.5647916686688918e-25   5  2  0  0  1  0  0
    8  5.4133624749931632e-25   4  3  0  0  1  0  0
    8  5.4133624749931632e-25   3  4  0  0  1  0  0
    8  3.5647916686688918e-25   2  5  0  0  1  0  0
    8  1.7392176840302961e-25   1  6  0  0  1  0  0
    8  1.7210997697897913e-25   0  7  0  0  1  0  0
    8  1.2554391740722386e-24   5  0  2  0  1  0  0
    8 -1.9005602513922550e-24   4  1  2  0  1  0  0
    8 -9.9555238885798140e-25   3  2  2  0  1  0  0
    8 -1.9083284205083164e-25   2  3  2  0  1  0  0
    8 -2.4449995205698682e-25   1  4  2  0  1  0  0
    8  3.0099037948817526e-25   0  5  2  0  1  0  0
    8 -3.6083187434531664e-25   3  0  4  0  1  0  0
    8 -6.0331049472067799e-25   5  0  1  1  1  0  0
    8  1.0520194743597318e-24   4  1  1  1  1  0  0
    8  1.6214992849165052e-25   3  2  1  1  1  0  0
    8  1.6214992849165052e-25   2  3  1  1  1  0  0
    8  1.0520194743597318e-24   1  4  1  1  1  0  0
    8 -6.0331049472067799e-25   0  5  1  1  1  0  0
    8 -4.2361032956831316e-25   3  0  3  1  1  0  0
    8  3.0099037948817526e-25   5  0  0  2  1  0  0
    8 -2.4449995205698682e-25   4  1  0  2  1  0  0
    8 -1.9083284205083164e-25   3  2  0  2  1  0  0
    8 -9.9555238885798140e-25   2  3  0  2  1  0  0
    8 -1.9005602513922550e-24   1  4  0  2  1  0  0
    8  1.2554391740722386e-24   0  5  0  2  1  0  0
    8  8.0342816908498041e-25   3  0  2  2  1  0  0
    8  8.0342816908498041e-25   0  3  2  2  1  0  0
    8 -4.2361032956831316e-25   0  3  1  3  1  0  0
    8 -3.6083187434531664e-25   0  3  0  4  1  0  0
    8  2.3249974380600850e-24   6  0  0  0  2  0  0
    8 -5.5287544608957194e-24   5  1  0  0  2  0  0
    8  2.3706484244560027e-25   4  2  0  0  2  0  0
    8  3.1331475720138397e-24   3  3  0  0  2  0  0
    8  2.3706484244560027e-25   2  4  0  0  2  0  0
    8 -5.5287544608957194e-24   1  5  0  0  2  0  0
    8  2.3249974380600850e-24   0  6  0  0  2  0  0
    8 -3.2327939056941127e-23   4  0  2  0  2  0  0
    8 -6.9955200224592715e-24   3  1  2  0  2  0  0
    8 -3.4197003162698730e-25   2  2  2  0  2  0  0
    8 -1.0490246451059219e-24   1  3  2  0  2  0  0
    8  2.1725271648853887e-24   0  4  2  0  2  0  0
    8  4.8728728048519167e-25   4  0  1  1  2  0  0
    8  4.2169803435876397e-25   3  1  1  1  2  0  0
    8 -4.6788514995458114e-25   2  2  1  1  2  0  0
    8  4.2169803435876397e-25   1  3  1  1  2  0  0
    8  4.8728728048519167e-25   0  4  1  1  2  0  0
    8  2.1725271648853887e-24   4  0  0  2  2  0  0
    8 -1.0490246451059219e-24   3  1  0  2  2  0  0
    8 -3.4197003162698730e-25   2  2  0  2  2  0  0
    8 -6.9955200224592715e-24   1  3  0  2  2  0  0
    8 -3.2327939056941127e-23   0  4  0  2  2  0  0
    8  1.0264872452672959e-25   2  0  2  2  2  0  0
    8 -1.5961708910878471e-25   1  1  2  2  2  0  0
    8  1.0264872452672959e-25   0  2  2  2  2  0  0
    8  2.0604443174089176e-23   5  0  0  0  3  0  0
    8 -6.9110266343465055e-24   4  1  0  0  3  0  0
    8  5.7760763170445942e-24   3  2  0  0  3  0  0
    8  5.7760763170445942e-24   2  3  0  0  3  0  0
    8 -6.9110266343465055e-24   1  4  0  0  3  0  0
    8  2.0604443174089176e-23   0  5  0  0  3  0  0
    8  1.0653963781145544e-24   3  0  2  0  3  0  0
    8 -5.2386725259004247e-25   2  1  2  0  3  0  0
    8 -1.8278594017106428e-24   1  2  2  0  3  0  0
    8  1.0573135754421817e-24   0  3  2  0  3  0  0
    8 -5.5663357737231731e-25   3  0  1  1  3  0  0
    8  3.0263442721799707e-24   2  1  1  1  3  0  0
    8  3.0263442721799707e-24   1  2  1  1  3  0  0
    8 -5.5663357737231731e-25   0  3  1  1  3  0  0
    8 -1.1496483336375346e-25   0  1  3  1  3  0  0
    8  1.0573135754421817e-24   3  0  0  2  3  0  0
    8 -1.8278594017106428e-24   2  1  0  2  3  0  0
    8 -5.2386725259004247e-25   1  2  0  2  3  0  0
    8  1.0653963781145544e-24   0  3  0  2  3  0  0
    8  2.9759830061224800e-25   1  0  2  2  3  0  0
    8  2.9759830061224800e-25   0  1  2  2  3  0  0
    8 -1.1496483336375346e-25   1  0  1  3  3  0  0
    8 -4.2628573325730967e-24   4  0  0  0  4  0  0
    8 -8.4290740173107105e-24   3  1  0  0  4  0  0
    8 -2.2804825040716378e-23   2  2  0  0  4  0  0
    8 -8.4290740173107105e-24   1  3  0  0  4  0  0
    8 -4.2628573325730967e-24   0  4  0  0  4  0  0
    8 -2.1254643593175219e-24   2  0  2  0  4  0  0
    8  8.2339478637710460e-24   1  1  2  0  4  0  0
    8 -1.6279269074927486e-24   0  2  2  0  4  0  0
    8 -2.4309440116142502e-24   2  0  1  1  4  0  0
    8 -2.1710252853223734e-23   1  1  1  1  4  0  0
    8 -2.4309440116142502e-24   0  2  1  1  4  0  0
    8  6.0884499463307686e-25   0  0  3  1  4  0  0
    8 -1.6279269074927486e-24   2  0  0  2  4  0  0
    8  8.2339478637710460e-24   1  1  0  2  4  0  0
    8 -2.1254643593175219e-24   0  2  0  2  4  0  0
    8 -1.0009188008900954e-24   0  0  2  2  4  0  0
    8  6.0884499463307686e-25   0  0  1  3  4  0  0
    8 -2.1619853643470080e-23   3  0  0  0  5  0  0
    8  1.7492184150954800e-22   2  1  0  0  5  0  0
    8  1.7492184150954800e-22   1  2  0  0  5  0  0
    8 -2.1619853643470080e-23   0  3  0  0  5  0  0
    8 -1.4429042563252918e-23   1  0  2  0  5  0  0
    8 -9.2924370515207576e-24   0  1  2  0  5  0  0
    8  2.0007439520741793e-23   1  0  1  1  5  0  0
    8  2.0007439520741793e-23   0  1  1  1  5  0  0
    8 -9.2924370515207576e-24   1  0  0  2  5  0  0
    8 -1.4429042563252918e-23   0  1  0  2  5  0  0
    8 -4.6277629993770293e-23   2  0  0  0  6  0  0
    8 -1.1154599297031171e-21   1  1  0  0  6  0  0
    8 -4.6277629993770293e-23   0  2  0  0  6  0  0
    8 -3.2224233714379127e-23   0  0  2  0  6  0  0
    8 -9.7745486078462409e-23   0  0  1  1  6  0  0
    8 -3.2224233714379127e-23   0  0  0  2  6  0  0
    8 -4.0279267228825055e-21   0  0  0  0  8  0  0
 -493  0.0000000000000000e+00   0  0  0  0  0  0  0
