
tpsa, NO = 8, NV = 7, INA = 48089
------------------------------------------------------------------

   |I|         a                i  i  i  i  i  i  i
                I                1  2  3  4  5  6  7

    3  1.3007264269269420e-07   3  0  0  0  0  0  0
    3 -8.3880561041710681e-07   2  1  0  0  0  0  0
    3 -8.3880561041710681e-07   1  2  0  0  0  0  0
    3  1.3007264269269420e-07   0  3  0  0  0  0  0
    3  7.7132513353607629e-07   1  0  2  0  0  0  0
    3  4.7585841382826300e-08   0  1  2  0  0  0  0
    3 -4.9800839440040465e-07   1  0  1  1  0  0  0
    3 -4.9800839440040465e-07   0  1  1  1  0  0  0
    3  4.7585841382826300e-08   1  0  0  2  0  0  0
    3  7.7132513353607629e-07   0  1  0  2  0  0  0
    3 -2.2693951087907807e-07   2  0  0  0  1  0  0
    3 -2.6227672289531474e-07   1  1  0  0  1  0  0
    3 -2.2693951087907807e-07   0  2  0  0  1  0  0
    3  1.6954103596732535e-07   0  0  2  0  1  0  0
    3 -2.2040497371540946e-07   0  0  1  1  1  0  0
    3  1.6954103596732535e-07   0  0  0  2  1  0  0
    3  1.3177444944602916e-06   1  0  0  0  2  0  0
    3  1.3177444944602916e-06   0  1  0  0  2  0  0
    3 -7.1991459698585245e-08   0  0  0  0  3  0  0
    4  3.5047005426946521e-08   4  0  0  0  0  0  0
    4  5.8053954681801876e-08   3  1  0  0  0  0  0
    4 -1.7468106363155740e-08   2  2  0  0  0  0  0
    4  5.8053954681801876e-08   1  3  0  0  0  0  0
    4  3.5047005426946521e-08   0  4  0  0  0  0  0
    4  1.8978361761429785e-08   2  0  2  0  0  0  0
    4  8.1873963984748177e-08   1  1  2  0  0  0  0
    4 -2.0573809260361453e-07   0  2  2  0  0  0  0
    4  3.6237538820727990e-08   0  0  4  0  0  0  0
    4 -4.4172768565544430e-08   2  0  1  1  0  0  0
    4 -4.3642679253415471e-07   1  1  1  1  0  0  0
    4 -4.4172768565544430e-08   0  2  1  1  0  0  0
    4 -7.8874344760099718e-08   0  0  3  1  0  0  0
    4 -2.0573809260361453e-07   2  0  0  2  0  0  0
    4  8.1873963984748177e-08   1  1  0  2  0  0  0
    4  1.8978361761429785e-08   0  2  0  2  0  0  0
    4  1.1571645035100412e-08   0  0  2  2  0  0  0
    4 -7.8874344760099718e-08   0  0  1  3  0  0  0
    4  3.6237538820727990e-08   0  0  0  4  0  0  0
    4 -3.0398167407962390e-08   3  0  0  0  1  0  0
    4 -3.0032530195286637e-07   2  1  0  0  1  0  0
    4 -3.0032530195286637e-07   1  2  0  0  1  0  0
    4 -3.0398167407962390e-08   0  3  0  0  1  0  0
    4  2.5462284986974190e-08   1  0  2  0  1  0  0
    4  3.5006321285951152e-08   0  1  2  0  1  0  0
    4 -2.3640610804309624e-07   1  0  1  1  1  0  0
    4 -2.3640610804309624e-07   0  1  1  1  1  0  0
    4  3.5006321285951152e-08   1  0  0  2  1  0  0
    4  2.5462284986974190e-08   0  1  0  2  1  0  0
    4 -2.8889543401350812e-08   2  0  0  0  2  0  0
    4  5.5676097456542277e-07   1  1  0  0  2  0  0
    4 -2.8889543401350812e-08   0  2  0  0  2  0  0
    4  8.5514783710622462e-08   0  0  2  0  2  0  0
    4  5.7126048026605676e-08   0  0  1  1  2  0  0
    4  8.5514783710622462e-08   0  0  0  2  2  0  0
    4 -1.4247785536915132e-07   1  0  0  0  3  0  0
    4 -1.4247785536915132e-07   0  1  0  0  3  0  0
    4  4.7919547712379742e-08   0  0  0  0  4  0  0
    5 -7.0722145989093071e-09   5  0  0  0  0  0  0
    5 -1.4449994375243525e-08   4  1  0  0  0  0  0
    5  2.3733934171519558e-08   3  2  0  0  0  0  0
    5  2.3733934171519558e-08   2  3  0  0  0  0  0
    5 -1.4449994375243525e-08   1  4  0  0  0  0  0
    5 -7.0722145989093071e-09   0  5  0  0  0  0  0
    5 -6.2561994957431323e-08   3  0  2  0  0  0  0
    5 -1.1355218018120459e-07   2  1  2  0  0  0  0
    5  4.6008555212521525e-08   1  2  2  0  0  0  0
    5 -1.2194607282022010e-08   0  3  2  0  0  0  0
    5 -1.8392758295465269e-09   1  0  4  0  0  0  0
    5 -3.7876003379560353e-08   0  1  4  0  0  0  0
    5 -9.4625726080562735e-08   3  0  1  1  0  0  0
    5  2.8803582347418923e-07   2  1  1  1  0  0  0
    5  2.8803582347418923e-07   1  2  1  1  0  0  0
    5 -9.4625726080562735e-08   0  3  1  1  0  0  0
    5 -5.7833525490942769e-08   1  0  3  1  0  0  0
    5 -5.6037602249350036e-09   0  1  3  1  0  0  0
    5 -1.2194607282022010e-08   3  0  0  2  0  0  0
    5  4.6008555212521525e-08   2  1  0  2  0  0  0
    5 -1.1355218018120459e-07   1  2  0  2  0  0  0
    5 -6.2561994957431323e-08   0  3  0  2  0  0  0
    5  4.5275682021068753e-08   1  0  2  2  0  0  0
    5  4.5275682021068753e-08   0  1  2  2  0  0  0
    5 -5.6037602249350036e-09   1  0  1  3  0  0  0
    5 -5.7833525490942769e-08   0  1  1  3  0  0  0
    5 -3.7876003379560353e-08   1  0  0  4  0  0  0
    5 -1.8392758295465269e-09   0  1  0  4  0  0  0
    5  4.2673658417498608e-08   4  0  0  0  1  0  0
    5  8.2788831724275940e-08   3  1  0  0  1  0  0
    5  1.7399638671326497e-07   2  2  0  0  1  0  0
    5  8.2788831724275940e-08   1  3  0  0  1  0  0
    5  4.2673658417498608e-08   0  4  0  0  1  0  0
    5 -1.0520599958628986e-07   2  0  2  0  1  0  0
    5 -1.1124110905803463e-07   1  1  2  0  1  0  0
    5 -1.1235866398903763e-08   0  2  2  0  1  0  0
    5 -9.3716937533386683e-10   0  0  4  0  1  0  0
    5  4.9962683507794912e-08   2  0  1  1  1  0  0
    5  7.8002301423074355e-08   1  1  1  1  1  0  0
    5  4.9962683507794912e-08   0  2  1  1  1  0  0
    5 -2.7655902436266991e-08   0  0  3  1  1  0  0
    5 -1.1235866398903763e-08   2  0  0  2  1  0  0
    5 -1.1124110905803463e-07   1  1  0  2  1  0  0
    5 -1.0520599958628986e-07   0  2  0  2  1  0  0
    5  3.9855244320728046e-08   0  0  2  2  1  0  0
    5 -2.7655902436266991e-08   0  0  1  3  1  0  0
    5 -9.3716937533386683e-10   0  0  0  4  1  0  0
    5 -2.0955952884715567e-09   3  0  0  0  2  0  0
    5 -8.6066177125015715e-08   2  1  0  0  2  0  0
    5 -8.6066177125015715e-08   1  2  0  0  2  0  0
    5 -2.0955952884715567e-09   0  3  0  0  2  0  0
    5  7.1712790876872258e-08   1  0  2  0  2  0  0
    5 -2.8924358694711641e-08   0  1  2  0  2  0  0
    5  6.1447332659969487e-08   1  0  1  1  2  0  0
    5  6.1447332659969487e-08   0  1  1  1  2  0  0
    5 -2.8924358694711641e-08   1  0  0  2  2  0  0
    5  7.1712790876872258e-08   0  1  0  2  2  0  0
    5 -1.0980766880023839e-07   2  0  0  0  3  0  0
    5  1.8373499934901838e-07   1  1  0  0  3  0  0
    5 -1.0980766880023839e-07   0  2  0  0  3  0  0
    5 -8.4753585903201736e-09   0  0  2  0  3  0  0
    5  5.3680044279522562e-10   0  0  1  1  3  0  0
    5 -8.4753585903201736e-09   0  0  0  2  3  0  0
    5  2.5453623162699974e-08   1  0  0  0  4  0  0
    5  2.5453623162699974e-08   0  1  0  0  4  0  0
    5  7.7589671999692385e-09   0  0  0  0  5  0  0
    6 -4.3777261113282798e-09   6  0  0  0  0  0  0
    6 -8.9017415520964748e-09   5  1  0  0  0  0  0
    6 -8.6202968952451780e-10   4  2  0  0  0  0  0
    6 -6.6581206579023132e-08   3  3  0  0  0  0  0
    6 -8.6202968952451780e-10   2  4  0  0  0  0  0
    6 -8.9017415520964748e-09   1  5  0  0  0  0  0
    6 -4.3777261113282798e-09   0  6  0  0  0  0  0
    6  2.2877388586152241e-09   4  0  2  0  0  0  0
    6  6.9770422827678844e-08   3  1  2  0  0  0  0
    6  9.0594915334098588e-08   2  2  2  0  0  0  0
    6 -7.0871541852266175e-09   1  3  2  0  0  0  0
    6 -8.5542864871046666e-09   0  4  2  0  0  0  0
    6 -2.6673379120380880e-08   2  0  4  0  0  0  0
    6  3.4592102908956178e-09   1  1  4  0  0  0  0
    6  3.0146664540848970e-09   0  2  4  0  0  0  0
    6 -1.9317479733144279e-09   0  0  6  0  0  0  0
    6 -2.2647881340804551e-08   4  0  1  1  0  0  0
    6 -3.2148601267454823e-08   3  1  1  1  0  0  0
    6 -1.9810399926519634e-07   2  2  1  1  0  0  0
    6 -3.2148601267454823e-08   1  3  1  1  0  0  0
    6 -2.2647881340804551e-08   0  4  1  1  0  0  0
    6  5.0869780584452099e-08   2  0  3  1  0  0  0
    6  8.3220128792815164e-08   1  1  3  1  0  0  0
    6 -3.0428617102195300e-08   0  2  3  1  0  0  0
    6 -2.2373709785739397e-10   0  0  5  1  0  0  0
    6 -8.5542864871046666e-09   4  0  0  2  0  0  0
    6 -7.0871541852266175e-09   3  1  0  2  0  0  0
    6  9.0594915334098588e-08   2  2  0  2  0  0  0
    6  6.9770422827678844e-08   1  3  0  2  0  0  0
    6  2.2877388586152241e-09   0  4  0  2  0  0  0
    6 -2.8102997174217994e-08   2  0  2  2  0  0  0
    6 -1.0975114304706370e-07   1  1  2  2  0  0  0
    6 -2.8102997174217994e-08   0  2  2  2  0  0  0
    6  8.5913208049382984e-09   0  0  4  2  0  0  0
    6 -3.0428617102195300e-08   2  0  1  3  0  0  0
    6  8.3220128792815164e-08   1  1  1  3  0  0  0
    6  5.0869780584452099e-08   0  2  1  3  0  0  0
    6 -1.9961455343788887e-08   0  0  3  3  0  0  0
    6  3.0146664540848970e-09   2  0  0  4  0  0  0
    6  3.4592102908956178e-09   1  1  0  4  0  0  0
    6 -2.6673379120380880e-08   0  2  0  4  0  0  0
    6  8.5913208049382984e-09   0  0  2  4  0  0  0
    6 -2.2373709785739397e-10   0  0  1  5  0  0  0
    6 -1.9317479733144279e-09   0  0  0  6  0  0  0
    6  1.6498374049176473e-08   5  0  0  0  1  0  0
    6 -7.6184497002441591e-09   4  1  0  0  1  0  0
    6  1.8652514327718863e-08   3  2  0  0  1  0  0
    6  1.8652514327718863e-08   2  3  0  0  1  0  0
    6 -7.6184497002441591e-09   1  4  0  0  1  0  0
    6  1.6498374049176473e-08   0  5  0  0  1  0  0
    6  1.8621929147036641e-08   3  0  2  0  1  0  0
    6  6.1963129654488940e-08   2  1  2  0  1  0  0
    6  6.7724441244835075e-08   1  2  2  0  1  0  0
    6  1.5122417669930245e-08   0  3  2  0  1  0  0
    6 -1.4078033739664898e-08   1  0  4  0  1  0  0
    6 -6.7673286270972606e-09   0  1  4  0  1  0  0
    6 -3.2635583697490781e-08   3  0  1  1  1  0  0
    6 -1.1184795342797547e-07   2  1  1  1  1  0  0
    6 -1.1184795342797547e-07   1  2  1  1  1  0  0
    6 -3.2635583697490781e-08   0  3  1  1  1  0  0
    6  2.9608378959612534e-08   1  0  3  1  1  0  0
    6  2.2656903033321877e-08   0  1  3  1  1  0  0
    6  1.5122417669930245e-08   3  0  0  2  1  0  0
    6  6.7724441244835075e-08   2  1  0  2  1  0  0
    6  6.1963129654488940e-08   1  2  0  2  1  0  0
    6  1.8621929147036641e-08   0  3  0  2  1  0  0
    6 -5.3235313754696467e-08   1  0  2  2  1  0  0
    6 -5.3235313754696467e-08   0  1  2  2  1  0  0
    6  2.2656903033321877e-08   1  0  1  3  1  0  0
    6  2.9608378959612534e-08   0  1  1  3  1  0  0
    6 -6.7673286270972606e-09   1  0  0  4  1  0  0
    6 -1.4078033739664898e-08   0  1  0  4  1  0  0
    6 -5.1538451762477482e-08   4  0  0  0  2  0  0
    6 -1.4999155983711925e-08   3  1  0  0  2  0  0
    6 -2.8632893517684359e-07   2  2  0  0  2  0  0
    6 -1.4999155983711925e-08   1  3  0  0  2  0  0
    6 -5.1538451762477482e-08   0  4  0  0  2  0  0
    6 -1.5954388068200169e-09   2  0  2  0  2  0  0
    6  7.6898434840846772e-09   1  1  2  0  2  0  0
    6  9.5057974801115448e-09   0  2  2  0  2  0  0
    6 -2.0658388144970855e-09   0  0  4  0  2  0  0
    6 -3.0643562952448096e-10   2  0  1  1  2  0  0
    6 -1.7904694043162009e-08   1  1  1  1  2  0  0
    6 -3.0643562952448096e-10   0  2  1  1  2  0  0
    6  1.3146330216384785e-08   0  0  3  1  2  0  0
    6  9.5057974801115448e-09   2  0  0  2  2  0  0
    6  7.6898434840846772e-09   1  1  0  2  2  0  0
    6 -1.5954388068200169e-09   0  2  0  2  2  0  0
    6 -8.0780439189909423e-09   0  0  2  2  2  0  0
    6  1.3146330216384785e-08   0  0  1  3  2  0  0
    6 -2.0658388144970855e-09   0  0  0  4  2  0  0
    6  3.5406126490790775e-08   3  0  0  0  3  0  0
    6  1.6831022164676695e-07   2  1  0  0  3  0  0
    6  1.6831022164676695e-07   1  2  0  0  3  0  0
    6  3.5406126490790775e-08   0  3  0  0  3  0  0
    6  1.3474468390236459e-08   1  0  2  0  3  0  0
    6 -2.5211685756485830e-08   0  1  2  0  3  0  0
    6  1.2209782878247658e-08   1  0  1  1  3  0  0
    6  1.2209782878247658e-08   0  1  1  1  3  0  0
    6 -2.5211685756485830e-08   1  0  0  2  3  0  0
    6  1.3474468390236459e-08   0  1  0  2  3  0  0
    6 -3.9914427286193027e-08   2  0  0  0  4  0  0
    6 -1.1597554677283702e-07   1  1  0  0  4  0  0
    6 -3.9914427286193027e-08   0  2  0  0  4  0  0
    6  8.2966811791311074e-09   0  0  2  0  4  0  0
    6 -9.8695526646328570e-09   0  0  1  1  4  0  0
    6  8.2966811791311074e-09   0  0  0  2  4  0  0
    6  2.2451447043039915e-08   1  0  0  0  5  0  0
    6  2.2451447043039915e-08   0  1  0  0  5  0  0
    6 -3.8670784901867137e-10   0  0  0  0  6  0  0
    7  1.7404400700070434e-10   7  0  0  0  0  0  0
    7 -1.3743455333209482e-09   6  1  0  0  0  0  0
    7  1.1604508293865734e-08   5  2  0  0  0  0  0
    7  9.2296475583546730e-09   4  3  0  0  0  0  0
    7  9.2296475583546730e-09   3  4  0  0  0  0  0
    7  1.1604508293865734e-08   2  5  0  0  0  0  0
    7 -1.3743455333209482e-09   1  6  0  0  0  0  0
    7  1.7404400700070434e-10   0  7  0  0  0  0  0
    7  2.5640703082223812e-09   5  0  2  0  0  0  0
    7 -2.0338161823097475e-08   4  1  2  0  0  0  0
    7 -6.3676919010688648e-08   3  2  2  0  0  0  0
    7 -7.9659687337284863e-10   2  3  2  0  0  0  0
    7  3.4920161404984974e-10   1  4  2  0  0  0  0
    7 -2.5834749844128657e-09   0  5  2  0  0  0  0
    7  1.4993610744435820e-08   3  0  4  0  0  0  0
    7  2.3503511164518901e-08   2  1  4  0  0  0  0
    7  1.4315185547882280e-08   1  2  4  0  0  0  0
    7 -2.0279415583334642e-09   0  3  4  0  0  0  0
    7 -1.4163252233477654e-09   1  0  6  0  0  0  0
    7  8.0479498040204113e-10   0  1  6  0  0  0  0
    7 -1.5097548400867020e-08   5  0  1  1  0  0  0
    7  3.8821616778686800e-09   4  1  1  1  0  0  0
    7  7.3149590831443833e-08   3  2  1  1  0  0  0
    7  7.3149590831443833e-08   2  3  1  1  0  0  0
    7  3.8821616778686800e-09   1  4  1  1  0  0  0
    7 -1.5097548400867020e-08   0  5  1  1  0  0  0
    7 -1.7319771473647810e-08   3  0  3  1  0  0  0
    7 -7.6726385236163653e-08   2  1  3  1  0  0  0
    7 -3.4492951724656457e-08   1  2  3  1  0  0  0
    7 -9.1561936474881030e-09   0  3  3  1  0  0  0
    7  9.5114079313362330e-09   1  0  5  1  0  0  0
    7  3.8112876640894179e-10   0  1  5  1  0  0  0
    7 -2.5834749844128657e-09   5  0  0  2  0  0  0
    7  3.4920161404984974e-10   4  1  0  2  0  0  0
    7 -7.9659687337284863e-10   3  2  0  2  0  0  0
    7 -6.3676919010688648e-08   2  3  0  2  0  0  0
    7 -2.0338161823097475e-08   1  4  0  2  0  0  0
    7  2.5640703082223812e-09   0  5  0  2  0  0  0
    7 -6.8288192203607825e-09   3  0  2  2  0  0  0
    7  9.0852944408749098e-08   2  1  2  2  0  0  0
    7  9.0852944408749098e-08   1  2  2  2  0  0  0
    7 -6.8288192203607825e-09   0  3  2  2  0  0  0
    7 -2.6741001933420095e-08   1  0  4  2  0  0  0
    7 -6.3125895668816841e-09   0  1  4  2  0  0  0
    7 -9.1561936474881030e-09   3  0  1  3  0  0  0
    7 -3.4492951724656457e-08   2  1  1  3  0  0  0
    7 -7.6726385236163653e-08   1  2  1  3  0  0  0
    7 -1.7319771473647810e-08   0  3  1  3  0  0  0
    7  2.2416138196427316e-08   1  0  3  3  0  0  0
    7  2.2416138196427316e-08   0  1  3  3  0  0  0
    7 -2.0279415583334642e-09   3  0  0  4  0  0  0
    7  1.4315185547882280e-08   2  1  0  4  0  0  0
    7  2.3503511164518901e-08   1  2  0  4  0  0  0
    7  1.4993610744435820e-08   0  3  0  4  0  0  0
    7 -6.3125895668816841e-09   1  0  2  4  0  0  0
    7 -2.6741001933420095e-08   0  1  2  4  0  0  0
    7  3.8112876640894179e-10   1  0  1  5  0  0  0
    7  9.5114079313362330e-09   0  1  1  5  0  0  0
    7  8.0479498040204113e-10   1  0  0  6  0  0  0
    7 -1.4163252233477654e-09   0  1  0  6  0  0  0
    7 -4.3428794573203020e-09   6  0  0  0  1  0  0
    7  7.9661517955310728e-09   5  1  0  0  1  0  0
    7 -4.6039691693760692e-09   4  2  0  0  1  0  0
    7  7.9098623699368550e-08   3  3  0  0  1  0  0
    7 -4.6039691693760692e-09   2  4  0  0  1  0  0
    7  7.9661517955310728e-09   1  5  0  0  1  0  0
    7 -4.3428794573203020e-09   0  6  0  0  1  0  0
    7 -2.3859542359985111e-08   4  0  2  0  1  0  0
    7 -3.3005271203336400e-08   3  1  2  0  1  0  0
    7 -3.7790024819705762e-08   2  2  2  0  1  0  0
    7 -2.5917596011741850e-08   1  3  2  0  1  0  0
    7  3.7565227580797557e-09   0  4  2  0  1  0  0
    7  9.4766252241617016e-09   2  0  4  0  1  0  0
    7  1.5297028891218931e-08   1  1  4  0  1  0  0
    7  7.0250785351276593e-09   0  2  4  0  1  0  0
    7 -7.6144832562398264e-10   0  0  6  0  1  0  0
    7  1.1923611247780705e-08   4  0  1  1  1  0  0
    7  6.2528558279157577e-08   3  1  1  1  1  0  0
    7  1.1987438928947183e-07   2  2  1  1  1  0  0
    7  6.2528558279157577e-08   1  3  1  1  1  0  0
    7  1.1923611247780705e-08   0  4  1  1  1  0  0
    7 -3.2259032965406346e-08   2  0  3  1  1  0  0
    7 -4.7933830050645823e-08   1  1  3  1  1  0  0
    7 -2.1665710965603594e-08   0  2  3  1  1  0  0
    7  3.7069665739809898e-09   0  0  5  1  1  0  0
    7  3.7565227580797557e-09   4  0  0  2  1  0  0
    7 -2.5917596011741850e-08   3  1  0  2  1  0  0
    7 -3.7790024819705762e-08   2  2  0  2  1  0  0
    7 -3.3005271203336400e-08   1  3  0  2  1  0  0
    7 -2.3859542359985111e-08   0  4  0  2  1  0  0
    7  2.9103727261087476e-08   2  0  2  2  1  0  0
    7  6.3538332855392060e-08   1  1  2  2  1  0  0
    7  2.9103727261087476e-08   0  2  2  2  1  0  0
    7 -1.1518205705341240e-08   0  0  4  2  1  0  0
    7 -2.1665710965603594e-08   2  0  1  3  1  0  0
    7 -4.7933830050645823e-08   1  1  1  3  1  0  0
    7 -3.2259032965406346e-08   0  2  1  3  1  0  0
    7  1.5456270926574979e-08   0  0  3  3  1  0  0
    7  7.0250785351276593e-09   2  0  0  4  1  0  0
    7  1.5297028891218931e-08   1  1  0  4  1  0  0
    7  9.4766252241617016e-09   0  2  0  4  1  0  0
    7 -1.1518205705341240e-08   0  0  2  4  1  0  0
    7  3.7069665739809898e-09   0  0  1  5  1  0  0
    7 -7.6144832562398264e-10   0  0  0  6  1  0  0
    7 -2.5617354818188258e-09   5  0  0  0  2  0  0
    7  1.9902281193425031e-08   4  1  0  0  2  0  0
    7 -5.3663039398997263e-08   3  2  0  0  2  0  0
    7 -5.3663039398997263e-08   2  3  0  0  2  0  0
    7  1.9902281193425031e-08   1  4  0  0  2  0  0
    7 -2.5617354818188258e-09   0  5  0  0  2  0  0
    7 -1.1263099783367519e-08   3  0  2  0  2  0  0
    7 -4.9240566176933772e-08   2  1  2  0  2  0  0
    7  2.3676525929856985e-08   1  2  2  0  2  0  0
    7 -1.8004113185140441e-08   0  3  2  0  2  0  0
    7  6.5671527974141094e-09   1  0  4  0  2  0  0
    7  3.5501134970190348e-09   0  1  4  0  2  0  0
    7  4.6123914510714322e-09   3  0  1  1  2  0  0
    7 -5.1234923028380250e-08   2  1  1  1  2  0  0
    7 -5.1234923028380250e-08   1  2  1  1  2  0  0
    7  4.6123914510714322e-09   0  3  1  1  2  0  0
    7 -1.1820940012253962e-08   1  0  3  1  2  0  0
    7  4.8123155231236553e-09   0  1  3  1  2  0  0
    7 -1.8004113185140441e-08   3  0  0  2  2  0  0
    7  2.3676525929856985e-08   2  1  0  2  2  0  0
    7 -4.9240566176933772e-08   1  2  0  2  2  0  0
    7 -1.1263099783367519e-08   0  3  0  2  2  0  0
    7 -3.6077166925963681e-09   1  0  2  2  2  0  0
    7 -3.6077166925963681e-09   0  1  2  2  2  0  0
    7  4.8123155231236553e-09   1  0  1  3  2  0  0
    7 -1.1820940012253962e-08   0  1  1  3  2  0  0
    7  3.5501134970190348e-09   1  0  0  4  2  0  0
    7  6.5671527974141094e-09   0  1  0  4  2  0  0
    7  1.3145877459297157e-08   4  0  0  0  3  0  0
    7  5.6520934802512226e-08   3  1  0  0  3  0  0
    7  1.1371266053253845e-07   2  2  0  0  3  0  0
    7  5.6520934802512226e-08   1  3  0  0  3  0  0
    7  1.3145877459297157e-08   0  4  0  0  3  0  0
    7  2.1555917250099231e-08   2  0  2  0  3  0  0
    7  2.4833330927704290e-08   1  1  2  0  3  0  0
    7  1.0644956188638682e-08   0  2  2  0  3  0  0
    7 -1.2919986411688176e-09   0  0  4  0  3  0  0
    7 -2.8470923147717999e-09   2  0  1  1  3  0  0
    7  4.1720217381804017e-08   1  1  1  1  3  0  0
    7 -2.8470923147717999e-09   0  2  1  1  3  0  0
    7 -3.5858848657804144e-09   0  0  3  1  3  0  0
    7  1.0644956188638682e-08   2  0  0  2  3  0  0
    7  2.4833330927704290e-08   1  1  0  2  3  0  0
    7  2.1555917250099231e-08   0  2  0  2  3  0  0
    7  5.6004122930732595e-09   0  0  2  2  3  0  0
    7 -3.5858848657804144e-09   0  0  1  3  3  0  0
    7 -1.2919986411688176e-09   0  0  0  4  3  0  0
    7 -4.0798335646163250e-08   3  0  0  0  4  0  0
    7 -1.0559572749906748e-07   2  1  0  0  4  0  0
    7 -1.0559572749906748e-07   1  2  0  0  4  0  0
    7 -4.0798335646163250e-08   0  3  0  0  4  0  0
    7 -4.2871596333344665e-09   1  0  2  0  4  0  0
    7  1.2511452012235667e-09   0  1  2  0  4  0  0
    7 -1.7033595614083689e-08   1  0  1  1  4  0  0
    7 -1.7033595614083689e-08   0  1  1  1  4  0  0
    7  1.2511452012235667e-09   1  0  0  2  4  0  0
    7 -4.2871596333344665e-09   0  1  0  2  4  0  0
    7  3.9128600094971171e-08   2  0  0  0  5  0  0
    7  6.2301114439959461e-08   1  1  0  0  5  0  0
    7  3.9128600094971171e-08   0  2  0  0  5  0  0
    7 -4.8793079898277530e-11   0  0  2  0  5  0  0
    7  1.1307754956790702e-09   0  0  1  1  5  0  0
    7 -4.8793079898277530e-11   0  0  0  2  5  0  0
    7 -1.6513241922997570e-08   1  0  0  0  6  0  0
    7 -1.6513241922997570e-08   0  1  0  0  6  0  0
    7  2.7614692312651927e-09   0  0  0  0  7  0  0
    8  4.1681371094014186e-10   8  0  0  0  0  0  0
    8  1.1604810780613798e-09   7  1  0  0  0  0  0
    8  2.0883415798586268e-10   6  2  0  0  0  0  0
    8 -8.6519027146223834e-10   5  3  0  0  0  0  0
    8 -1.2489512402678187e-08   4  4  0  0  0  0  0
    8 -8.6519027146223834e-10   3  5  0  0  0  0  0
    8  2.0883415798586268e-10   2  6  0  0  0  0  0
    8  1.1604810780613798e-09   1  7  0  0  0  0  0
    8  4.1681371094014186e-10   0  8  0  0  0  0  0
    8 -1.6739076762888654e-09   6  0  2  0  0  0  0
    8  5.7077986247164487e-09   5  1  2  0  0  0  0
    8  1.5719803156708994e-08   4  2  2  0  0  0  0
    8  8.9080012643711091e-09   3  3  2  0  0  0  0
    8  4.0458070324732315e-09   2  4  2  0  0  0  0
    8 -2.1110682152965478e-09   1  5  2  0  0  0  0
    8 -3.5287510980589427e-10   0  6  2  0  0  0  0
    8 -5.7037883801683056e-09   4  0  4  0  0  0  0
    8 -1.5173697357415088e-08   3  1  4  0  0  0  0
    8 -9.2817308919432743e-09   2  2  4  0  0  0  0
    8 -2.0525632458259643e-09   1  3  4  0  0  0  0
    8 -1.1552886170082847e-09   0  4  4  0  0  0  0
    8  2.9046166905016608e-09   2  0  6  0  0  0  0
    8  3.4004080122738147e-09   1  1  6  0  0  0  0
    8  5.1510390431612836e-10   0  2  6  0  0  0  0
    8  2.0046820781783478e-11   0  0  8  0  0  0  0
    8  4.9148302194461772e-10   6  0  1  1  0  0  0
    8  3.8495006335249472e-09   5  1  1  1  0  0  0
    8 -6.2698020919392216e-10   4  2  1  1  0  0  0
    8 -4.8739094074831299e-08   3  3  1  1  0  0  0
    8 -6.2698020919392216e-10   2  4  1  1  0  0  0
    8  3.8495006335249472e-09   1  5  1  1  0  0  0
    8  4.9148302194461772e-10   0  6  1  1  0  0  0
    8  4.9065477687506338e-09   4  0  3  1  0  0  0
    8  3.8703925629196402e-08   3  1  3  1  0  0  0
    8  4.1701544048834214e-08   2  2  3  1  0  0  0
    8  9.4941301853260068e-09   1  3  3  1  0  0  0
    8 -5.7740782560773707e-09   0  4  3  1  0  0  0
    8 -1.0190705187561993e-08   2  0  5  1  0  0  0
    8 -1.0041238431124683e-08   1  1  5  1  0  0  0
    8 -3.5545967587279213e-09   0  2  5  1  0  0  0
    8  3.1304754709496145e-10   0  0  7  1  0  0  0
    8 -3.5287510980589427e-10   6  0  0  2  0  0  0
    8 -2.1110682152965478e-09   5  1  0  2  0  0  0
    8  4.0458070324732315e-09   4  2  0  2  0  0  0
    8  8.9080012643711091e-09   3  3  0  2  0  0  0
    8  1.5719803156708994e-08   2  4  0  2  0  0  0
    8  5.7077986247164487e-09   1  5  0  2  0  0  0
    8 -1.6739076762888654e-09   0  6  0  2  0  0  0
    8  2.4139673046403948e-09   4  0  2  2  0  0  0
    8 -2.3374252248455981e-08   3  1  2  2  0  0  0
    8 -7.5262697343186889e-08   2  2  2  2  0  0  0
    8 -2.3374252248455981e-08   1  3  2  2  0  0  0
    8  2.4139673046403948e-09   0  4  2  2  0  0  0
    8  1.5901118403709709e-08   2  0  4  2  0  0  0
    8  2.6476350803855778e-08   1  1  4  2  0  0  0
    8  5.5740004158287124e-09   0  2  4  2  0  0  0
    8 -1.4213100613754831e-09   0  0  6  2  0  0  0
    8 -5.7740782560773707e-09   4  0  1  3  0  0  0
    8  9.4941301853260068e-09   3  1  1  3  0  0  0
    8  4.1701544048834214e-08   2  2  1  3  0  0  0
    8  3.8703925629196402e-08   1  3  1  3  0  0  0
    8  4.9065477687506338e-09   0  4  1  3  0  0  0
    8 -1.1166418428232650e-08   2  0  3  3  0  0  0
    8 -3.6127131789412593e-08   1  1  3  3  0  0  0
    8 -1.1166418428232650e-08   0  2  3  3  0  0  0
    8  2.5271809605084643e-09   0  0  5  3  0  0  0
    8 -1.1552886170082847e-09   4  0  0  4  0  0  0
    8 -2.0525632458259643e-09   3  1  0  4  0  0  0
    8 -9.2817308919432743e-09   2  2  0  4  0  0  0
    8 -1.5173697357415088e-08   1  3  0  4  0  0  0
    8 -5.7037883801683056e-09   0  4  0  4  0  0  0
    8  5.5740004158287124e-09   2  0  2  4  0  0  0
    8  2.6476350803855778e-08   1  1  2  4  0  0  0
    8  1.5901118403709709e-08   0  2  2  4  0  0  0
    8 -3.3432158516154915e-09   0  0  4  4  0  0  0
    8 -3.5545967587279213e-09   2  0  1  5  0  0  0
    8 -1.0041238431124683e-08   1  1  1  5  0  0  0
    8 -1.0190705187561993e-08   0  2  1  5  0  0  0
    8  2.5271809605084643e-09   0  0  3  5  0  0  0
    8  5.1510390431612836e-10   2  0  0  6  0  0  0
    8  3.4004080122738147e-09   1  1  0  6  0  0  0
    8  2.9046166905016608e-09   0  2  0  6  0  0  0
    8 -1.4213100613754831e-09   0  0  2  6  0  0  0
    8  3.1304754709496145e-10   0  0  1  7  0  0  0
    8  2.0046820781783478e-11   0  0  0  8  0  0  0
    8 -3.2702735500216726e-09   7  0  0  0  1  0  0
    8 -1.8988565706716215e-09   6  1  0  0  1  0  0
    8 -1.9971332026814599e-08   5  2  0  0  1  0  0
    8 -1.0894493286124160e-09   4  3  0  0  1  0  0
    8 -1.0894493286124160e-09   3  4  0  0  1  0  0
    8 -1.9971332026814599e-08   2  5  0  0  1  0  0
    8 -1.8988565706716215e-09   1  6  0  0  1  0  0
    8 -3.2702735500216726e-09   0  7  0  0  1  0  0
    8  8.8242689914443781e-09   5  0  2  0  1  0  0
    8  2.7180319441039430e-08   4  1  2  0  1  0  0
    8  4.1686852580675622e-08   3  2  2  0  1  0  0
    8 -3.5448578065670736e-09   2  3  2  0  1  0  0
    8  1.0632376240174964e-08   1  4  2  0  1  0  0
    8 -3.9921153069839668e-09   0  5  2  0  1  0  0
    8 -9.8763702212017963e-09   3  0  4  0  1  0  0
    8 -1.3199794764856060e-08   2  1  4  0  1  0  0
    8 -9.5790805023907225e-09   1  2  4  0  1  0  0
    8 -1.0228704903648625e-09   0  3  4  0  1  0  0
    8  1.7989567401680044e-09   1  0  6  0  1  0  0
    8  1.1108288811267440e-09   0  1  6  0  1  0  0
    8 -2.4670575004981381e-10   5  0  1  1  1  0  0
    8 -3.8570737623052284e-08   4  1  1  1  1  0  0
    8 -1.6060445902201221e-08   3  2  1  1  1  0  0
    8 -1.6060445902201221e-08   2  3  1  1  1  0  0
    8 -3.8570737623052284e-08   1  4  1  1  1  0  0
    8 -2.4670575004981381e-10   0  5  1  1  1  0  0
    8  2.5140138113216141e-08   3  0  3  1  1  0  0
    8  4.4488976000721640e-08   2  1  3  1  1  0  0
    8  2.4612388217046403e-08   1  2  3  1  1  0  0
    8  9.3787956738343269e-09   0  3  3  1  1  0  0
    8 -7.5078159546773790e-09   1  0  5  1  1  0  0
    8 -5.0348252608526475e-09   0  1  5  1  1  0  0
    8 -3.9921153069839668e-09   5  0  0  2  1  0  0
    8  1.0632376240174964e-08   4  1  0  2  1  0  0
    8 -3.5448578065670736e-09   3  2  0  2  1  0  0
    8  4.1686852580675622e-08   2  3  0  2  1  0  0
    8  2.7180319441039430e-08   1  4  0  2  1  0  0
    8  8.8242689914443781e-09   0  5  0  2  1  0  0
    8 -2.2022956990596380e-08   3  0  2  2  1  0  0
    8 -3.5126805447459079e-08   2  1  2  2  1  0  0
    8 -3.5126805447459079e-08   1  2  2  2  1  0  0
    8 -2.2022956990596380e-08   0  3  2  2  1  0  0
    8  1.4621077084727118e-08   1  0  4  2  1  0  0
    8  7.7547649723457674e-09   0  1  4  2  1  0  0
    8  9.3787956738343269e-09   3  0  1  3  1  0  0
    8  2.4612388217046403e-08   2  1  1  3  1  0  0
    8  4.4488976000721640e-08   1  2  1  3  1  0  0
    8  2.5140138113216141e-08   0  3  1  3  1  0  0
    8 -1.4696645153597869e-08   1  0  3  3  1  0  0
    8 -1.4696645153597869e-08   0  1  3  3  1  0  0
    8 -1.0228704903648625e-09   3  0  0  4  1  0  0
    8 -9.5790805023907225e-09   2  1  0  4  1  0  0
    8 -1.3199794764856060e-08   1  2  0  4  1  0  0
    8 -9.8763702212017963e-09   0  3  0  4  1  0  0
    8  7.7547649723457674e-09   1  0  2  4  1  0  0
    8  1.4621077084727118e-08   0  1  2  4  1  0  0
    8 -5.0348252608526475e-09   1  0  1  5  1  0  0
    8 -7.5078159546773790e-09   0  1  1  5  1  0  0
    8  1.1108288811267440e-09   1  0  0  6  1  0  0
    8  1.7989567401680044e-09   0  1  0  6  1  0  0
    8  1.3434822050040093e-09   6  0  0  0  2  0  0
    8  8.2451381149518170e-09   5  1  0  0  2  0  0
    8 -1.4969766800983660e-08   4  2  0  0  2  0  0
    8 -2.7728773749143365e-08   3  3  0  0  2  0  0
    8 -1.4969766800983660e-08   2  4  0  0  2  0  0
    8  8.2451381149518170e-09   1  5  0  0  2  0  0
    8  1.3434822050040093e-09   0  6  0  0  2  0  0
    8  2.2824661719779083e-09   4  0  2  0  2  0  0
    8 -1.9397035487722056e-09   3  1  2  0  2  0  0
    8 -6.1470980534943651e-09   2  2  2  0  2  0  0
    8  1.3853864052726323e-08   1  3  2  0  2  0  0
    8 -1.7219571171133772e-09   0  4  2  0  2  0  0
    8 -5.2187121097808064e-09   2  0  4  0  2  0  0
    8  4.1748012141888802e-09   1  1  4  0  2  0  0
    8 -2.4573825329963376e-09   0  2  4  0  2  0  0
    8  5.6365920544263331e-10   0  0  6  0  2  0  0
    8 -1.1161187066085305e-08   4  0  1  1  2  0  0
    8  3.7817633830666097e-09   3  1  1  1  2  0  0
    8 -7.0422114569418041e-08   2  2  1  1  2  0  0
    8  3.7817633830666097e-09   1  3  1  1  2  0  0
    8 -1.1161187066085305e-08   0  4  1  1  2  0  0
    8 -5.2687680006648327e-09   2  0  3  1  2  0  0
    8 -5.2101439580440357e-09   1  1  3  1  2  0  0
    8 -1.1316054319405627e-09   0  2  3  1  2  0  0
    8 -4.0122421523321385e-10   0  0  5  1  2  0  0
    8 -1.7219571171133772e-09   4  0  0  2  2  0  0
    8  1.3853864052726323e-08   3  1  0  2  2  0  0
    8 -6.1470980534943651e-09   2  2  0  2  2  0  0
    8 -1.9397035487722056e-09   1  3  0  2  2  0  0
    8  2.2824661719779083e-09   0  4  0  2  2  0  0
    8 -1.8865813274401017e-10   2  0  2  2  2  0  0
    8 -2.0556701725615937e-08   1  1  2  2  2  0  0
    8 -1.8865813274401017e-10   0  2  2  2  2  0  0
    8  2.3019093840630724e-09   0  0  4  2  2  0  0
    8 -1.1316054319405627e-09   2  0  1  3  2  0  0
    8 -5.2101439580440357e-09   1  1  1  3  2  0  0
    8 -5.2687680006648327e-09   0  2  1  3  2  0  0
    8 -4.3467572418176216e-09   0  0  3  3  2  0  0
    8 -2.4573825329963376e-09   2  0  0  4  2  0  0
    8  4.1748012141888802e-09   1  1  0  4  2  0  0
    8 -5.2187121097808064e-09   0  2  0  4  2  0  0
    8  2.3019093840630724e-09   0  0  2  4  2  0  0
    8 -4.0122421523321385e-10   0  0  1  5  2  0  0
    8  5.6365920544263331e-10   0  0  0  6  2  0  0
    8 -1.4460750211665734e-09   5  0  0  0  3  0  0
    8  1.2099977880719378e-08   4  1  0  0  3  0  0
    8  3.2354870160879488e-08   3  2  0  0  3  0  0
    8  3.2354870160879488e-08   2  3  0  0  3  0  0
    8  1.2099977880719378e-08   1  4  0  0  3  0  0
    8 -1.4460750211665734e-09   0  5  0  0  3  0  0
    8 -1.4204223336852885e-09   3  0  2  0  3  0  0
    8  5.1246881703086847e-09   2  1  2  0  3  0  0
    8 -5.1080518707370698e-09   1  2  2  0  3  0  0
    8 -8.6700300611354056e-10   0  3  2  0  3  0  0
    8  7.6304232974109094e-10   1  0  4  0  3  0  0
    8  1.9907932859339522e-09   0  1  4  0  3  0  0
    8  1.5478308708746011e-08   3  0  1  1  3  0  0
    8  5.8717731570431520e-08   2  1  1  1  3  0  0
    8  5.8717731570431520e-08   1  2  1  1  3  0  0
    8  1.5478308708746011e-08   0  3  1  1  3  0  0
    8 -2.2804090851328274e-11   1  0  3  1  3  0  0
    8 -7.0841499672498398e-09   0  1  3  1  3  0  0
    8 -8.6700300611354056e-10   3  0  0  2  3  0  0
    8 -5.1080518707370698e-09   2  1  0  2  3  0  0
    8  5.1246881703086847e-09   1  2  0  2  3  0  0
    8 -1.4204223336852885e-09   0  3  0  2  3  0  0
    8  1.0494421805632212e-08   1  0  2  2  3  0  0
    8  1.0494421805632212e-08   0  1  2  2  3  0  0
    8 -7.0841499672498398e-09   1  0  1  3  3  0  0
    8 -2.2804090851328274e-11   0  1  1  3  3  0  0
    8  1.9907932859339522e-09   1  0  0  4  3  0  0
    8  7.6304232974109094e-10   0  1  0  4  3  0  0
    8 -4.9037577029932963e-09   4  0  0  0  4  0  0
    8 -3.4459074363929580e-08   3  1  0  0  4  0  0
    8 -4.6877865824713958e-08   2  2  0  0  4  0  0
    8 -3.4459074363929580e-08   1  3  0  0  4  0  0
    8 -4.9037577029932963e-09   0  4  0  0  4  0  0
    8 -9.4612770574441963e-09   2  0  2  0  4  0  0
    8 -1.4987988097899245e-08   1  1  2  0  4  0  0
    8 -5.0433982576034943e-09   0  2  2  0  4  0  0
    8  4.0084093301478169e-10   0  0  4  0  4  0  0
    8 -9.7526943656784002e-09   2  0  1  1  4  0  0
    8 -3.2648217992492978e-08   1  1  1  1  4  0  0
    8 -9.7526943656784002e-09   0  2  1  1  4  0  0
    8 -7.0326194926587050e-10   0  0  3  1  4  0  0
    8 -5.0433982576034943e-09   2  0  0  2  4  0  0
    8 -1.4987988097899245e-08   1  1  0  2  4  0  0
    8 -9.4612770574441963e-09   0  2  0  2  4  0  0
    8 -1.0828074805506966e-10   0  0  2  2  4  0  0
    8 -7.0326194926587050e-10   0  0  1  3  4  0  0
    8  4.0084093301478169e-10   0  0  0  4  4  0  0
    8  1.5019137465083353e-08   3  0  0  0  5  0  0
    8  5.1240305658401630e-08   2  1  0  0  5  0  0
    8  5.1240305658401630e-08   1  2  0  0  5  0  0
    8  1.5019137465083353e-08   0  3  0  0  5  0  0
    8  5.5808134195198517e-09   1  0  2  0  5  0  0
    8  4.4049605757715021e-09   0  1  2  0  5  0  0
    8  9.3041236772990404e-09   1  0  1  1  5  0  0
    8  9.3041236772990404e-09   0  1  1  1  5  0  0
    8  4.4049605757715021e-09   1  0  0  2  5  0  0
    8  5.5808134195198517e-09   0  1  0  2  5  0  0
    8 -1.6518024312111422e-08   2  0  0  0  6  0  0
    8 -3.5410210066605594e-08   1  1  0  0  6  0  0
    8 -1.6518024312111422e-08   0  2  0  0  6  0  0
    8 -1.0919965157852043e-09   0  0  2  0  6  0  0
    8 -2.9131783947570819e-09   0  0  1  1  6  0  0
    8 -1.0919965157852043e-09   0  0  0  2  6  0  0
    8  8.8763413507538246e-09   1  0  0  0  7  0  0
    8  8.8763413507538246e-09   0  1  0  0  7  0  0
    8 -1.9246066709839734e-09   0  0  0  0  8  0  0
 -658  0.0000000000000000e+00   0  0  0  0  0  0  0
