begin              0    0    0
   0   0   0
 -1.0000000000000000e+01  1.0000000000000000e+01 -1.0000000000000000e+01  1.0000000000000000e+01
  0.0000000000000000e+00
debut             46    1    1
  -1   0   0
 -1.0000000000000000e+01  1.0000000000000000e+01 -1.0000000000000000e+01  1.0000000000000000e+01
dd1d2              1    1    2
   0   0   0
 -1.0000000000000000e+01  1.0000000000000000e+01 -1.0000000000000000e+01  1.0000000000000000e+01
  8.7550000000000006e-01
dd1d2              1    2    3
   0   0   0
 -1.0000000000000000e+01  1.0000000000000000e+01 -1.0000000000000000e+01  1.0000000000000000e+01
  8.7550000000000006e-01
dd1d2              1    3    4
   0   0   0
 -1.0000000000000000e+01  1.0000000000000000e+01 -1.0000000000000000e+01  1.0000000000000000e+01
  8.7550000000000006e-01
dd1d2              1    4    5
   0   0   0
 -1.0000000000000000e+01  1.0000000000000000e+01 -1.0000000000000000e+01  1.0000000000000000e+01
  8.7550000000000006e-01
dd1d2              1    5    6
   0   0   0
 -1.0000000000000000e+01  1.0000000000000000e+01 -1.0000000000000000e+01  1.0000000000000000e+01
  8.7550000000000006e-01
mbpm              49    1    7
  -1   0   0
 -1.0000000000000000e+01  1.0000000000000000e+01 -1.0000000000000000e+01  1.0000000000000000e+01
k1                47    1    8
  -1   0   0
 -1.0000000000000000e+01  1.0000000000000000e+01 -1.0000000000000000e+01  1.0000000000000000e+01
kd1                4    1    9
   0   0   0
 -1.0000000000000000e+01  1.0000000000000000e+01 -1.0000000000000000e+01  1.0000000000000000e+01
  8.9300000000000002e-01
k1                47    2   10
  -1   0   0
 -1.0000000000000000e+01  1.0000000000000000e+01 -1.0000000000000000e+01  1.0000000000000000e+01
kd2                5    1   11
   0   0   0
 -1.0000000000000000e+01  1.0000000000000000e+01 -1.0000000000000000e+01  1.0000000000000000e+01
  3.9779999999999999e-01
q1d               26    1   12
   1   4  16
 -1.0000000000000000e+01  1.0000000000000000e+01 -1.0000000000000000e+01  1.0000000000000000e+01
  0.0000000000000000e+00  0.0000000000000000e+00  0.0000000000000000e+00  0.0000000000000000e+00
  4.0639999999999998e-01  0.0000000000000000e+00  0.0000000000000000e+00  0.0000000000000000e+00  0.0000000000000000e+00
   1  2
  2 -7.0354919999999999e-01  0.0000000000000000e+00
d2b                6    1   13
   0   0   0
 -1.0000000000000000e+01  1.0000000000000000e+01 -1.0000000000000000e+01  1.0000000000000000e+01
  1.4680000000000001e-01
begin_s           52    1   14
  -1   0   0
 -1.0000000000000000e+01  1.0000000000000000e+01 -1.0000000000000000e+01  1.0000000000000000e+01
ds                36    1   15
   0   0   0
 -1.0000000000000000e+01  1.0000000000000000e+01 -1.0000000000000000e+01  1.0000000000000000e+01
  5.0000000000000001e-03
ss1d              43    1   16
   1   4   1
 -1.0000000000000000e+01  1.0000000000000000e+01 -1.0000000000000000e+01  1.0000000000000000e+01
  0.0000000000000000e+00  0.0000000000000000e+00  0.0000000000000000e+00  0.0000000000000000e+00
  2.8999999999999998e-01  0.0000000000000000e+00  0.0000000000000000e+00  0.0000000000000000e+00  0.0000000000000000e+00
   1  3
  3  6.5989536236748849e+00  0.0000000000000000e+00
hstr              50    1   17
   3   4   0
 -1.0000000000000000e+01  1.0000000000000000e+01 -1.0000000000000000e+01  1.0000000000000000e+01
  0.0000000000000000e+00  0.0000000000000000e+00  0.0000000000000000e+00
   0  0
vstr              51    1   18
   3   4   0
 -1.0000000000000000e+01  1.0000000000000000e+01 -1.0000000000000000e+01  1.0000000000000000e+01
  0.0000000000000000e+00  0.0000000000000000e+00  0.0000000000000000e+00
   0  0
ds                36    2   19
   0   0   0
 -1.0000000000000000e+01  1.0000000000000000e+01 -1.0000000000000000e+01  1.0000000000000000e+01
  5.0000000000000001e-03
end_s             53    1   20
  -1   0   0
 -1.0000000000000000e+01  1.0000000000000000e+01 -1.0000000000000000e+01  1.0000000000000000e+01
d3b                7    1   21
   0   0   0
 -1.0000000000000000e+01  1.0000000000000000e+01 -1.0000000000000000e+01  1.0000000000000000e+01
  2.3185000000000000e-01
q2d               28    1   22
   1   4  16
 -1.0000000000000000e+01  1.0000000000000000e+01 -1.0000000000000000e+01  1.0000000000000000e+01
  0.0000000000000000e+00  0.0000000000000000e+00  0.0000000000000000e+00  0.0000000000000000e+00
  6.0629999999999995e-01  0.0000000000000000e+00  0.0000000000000000e+00  0.0000000000000000e+00  0.0000000000000000e+00
   1  2
  2  1.2621846000000001e+00  0.0000000000000000e+00
d4b                8    1   23
   0   0   0
 -1.0000000000000000e+01  1.0000000000000000e+01 -1.0000000000000000e+01  1.0000000000000000e+01
  4.5834999999999998e-01
q3d               30    1   24
   1   4  16
 -1.0000000000000000e+01  1.0000000000000000e+01 -1.0000000000000000e+01  1.0000000000000000e+01
  0.0000000000000000e+00  0.0000000000000000e+00  0.0000000000000000e+00  0.0000000000000000e+00
  3.0700000000000000e-01  0.0000000000000000e+00  0.0000000000000000e+00  0.0000000000000000e+00  0.0000000000000000e+00
   1  2
  2 -9.8685469999999997e-01  0.0000000000000000e+00
d5b               11    1   25
   0   0   0
 -1.0000000000000000e+01  1.0000000000000000e+01 -1.0000000000000000e+01  1.0000000000000000e+01
  1.9650000000000001e-01
begin_s           52    2   26
  -1   0   0
 -1.0000000000000000e+01  1.0000000000000000e+01 -1.0000000000000000e+01  1.0000000000000000e+01
ds                36    3   27
   0   0   0
 -1.0000000000000000e+01  1.0000000000000000e+01 -1.0000000000000000e+01  1.0000000000000000e+01
  5.0000000000000001e-03
ss2d              44    1   28
   1   4   1
 -1.0000000000000000e+01  1.0000000000000000e+01 -1.0000000000000000e+01  1.0000000000000000e+01
  0.0000000000000000e+00  0.0000000000000000e+00  0.0000000000000000e+00  0.0000000000000000e+00
  2.8999999999999998e-01  0.0000000000000000e+00  0.0000000000000000e+00  0.0000000000000000e+00  0.0000000000000000e+00
   1  3
  3 -1.8563631234389426e+01  0.0000000000000000e+00
hstr              50    2   29
   3   4   0
 -1.0000000000000000e+01  1.0000000000000000e+01 -1.0000000000000000e+01  1.0000000000000000e+01
  0.0000000000000000e+00  0.0000000000000000e+00  0.0000000000000000e+00
   0  0
vstr              51    2   30
   3   4   0
 -1.0000000000000000e+01  1.0000000000000000e+01 -1.0000000000000000e+01  1.0000000000000000e+01
  0.0000000000000000e+00  0.0000000000000000e+00  0.0000000000000000e+00
   0  0
ds                36    4   31
   0   0   0
 -1.0000000000000000e+01  1.0000000000000000e+01 -1.0000000000000000e+01  1.0000000000000000e+01
  5.0000000000000001e-03
end_s             53    2   32
  -1   0   0
 -1.0000000000000000e+01  1.0000000000000000e+01 -1.0000000000000000e+01  1.0000000000000000e+01
d6ba              13    1   33
   0   0   0
 -1.0000000000000000e+01  1.0000000000000000e+01 -1.0000000000000000e+01  1.0000000000000000e+01
  1.8500000000000000e-01
mbpm              49    2   34
  -1   0   0
 -1.0000000000000000e+01  1.0000000000000000e+01 -1.0000000000000000e+01  1.0000000000000000e+01
d6bb              14    1   35
   0   0   0
 -1.0000000000000000e+01  1.0000000000000000e+01 -1.0000000000000000e+01  1.0000000000000000e+01
  4.8399999999999999e-01
bb                35    1   36
   1   4   4
 -1.0000000000000000e+01  1.0000000000000000e+01 -1.0000000000000000e+01  1.0000000000000000e+01
  0.0000000000000000e+00  0.0000000000000000e+00  0.0000000000000000e+00  0.0000000000000000e+00
  9.3300000000000005e-01  1.4029977909922262e-01  3.7500000000000000e+00  3.7500000000000000e+00  8.2948000000000008e-02
   0  1
d4a               22    1   37
   0   0   0
 -1.0000000000000000e+01  1.0000000000000000e+01 -1.0000000000000000e+01  1.0000000000000000e+01
  5.8579999999999999e-01
q2ad              29    1   38
   1   4  16
 -1.0000000000000000e+01  1.0000000000000000e+01 -1.0000000000000000e+01  1.0000000000000000e+01
  0.0000000000000000e+00  0.0000000000000000e+00  0.0000000000000000e+00  0.0000000000000000e+00
  4.0639999999999998e-01  0.0000000000000000e+00  0.0000000000000000e+00  0.0000000000000000e+00  0.0000000000000000e+00
   1  2
  2 -9.7877080000000005e-01  0.0000000000000000e+00
d3aa              20    1   39
   0   0   0
 -1.0000000000000000e+01  1.0000000000000000e+01 -1.0000000000000000e+01  1.0000000000000000e+01
  1.5830000000000000e-01
mbpm              49    3   40
  -1   0   0
 -1.0000000000000000e+01  1.0000000000000000e+01 -1.0000000000000000e+01  1.0000000000000000e+01
d3ab              21    1   41
   0   0   0
 -1.0000000000000000e+01  1.0000000000000000e+01 -1.0000000000000000e+01  1.0000000000000000e+01
  2.6350000000000001e-01
begin_s           52    3   42
  -1   0   0
 -1.0000000000000000e+01  1.0000000000000000e+01 -1.0000000000000000e+01  1.0000000000000000e+01
ds                36    5   43
   0   0   0
 -1.0000000000000000e+01  1.0000000000000000e+01 -1.0000000000000000e+01  1.0000000000000000e+01
  5.0000000000000001e-03
ss2a              38    1   44
   1   4   1
 -1.0000000000000000e+01  1.0000000000000000e+01 -1.0000000000000000e+01  1.0000000000000000e+01
  0.0000000000000000e+00  0.0000000000000000e+00  0.0000000000000000e+00  0.0000000000000000e+00
  1.9000000000000000e-01  0.0000000000000000e+00  0.0000000000000000e+00  0.0000000000000000e+00  0.0000000000000000e+00
   1  3
  3 -1.7456445746575859e+01  0.0000000000000000e+00
hstr              50    3   45
   3   4   0
 -1.0000000000000000e+01  1.0000000000000000e+01 -1.0000000000000000e+01  1.0000000000000000e+01
  0.0000000000000000e+00  0.0000000000000000e+00  0.0000000000000000e+00
   0  0
vstr              51    3   46
   3   4   0
 -1.0000000000000000e+01  1.0000000000000000e+01 -1.0000000000000000e+01  1.0000000000000000e+01
  0.0000000000000000e+00  0.0000000000000000e+00  0.0000000000000000e+00
   0  0
ds                36    6   47
   0   0   0
 -1.0000000000000000e+01  1.0000000000000000e+01 -1.0000000000000000e+01  1.0000000000000000e+01
  5.0000000000000001e-03
end_s             53    3   48
  -1   0   0
 -1.0000000000000000e+01  1.0000000000000000e+01 -1.0000000000000000e+01  1.0000000000000000e+01
d2a               18    1   49
   0   0   0
 -1.0000000000000000e+01  1.0000000000000000e+01 -1.0000000000000000e+01  1.0000000000000000e+01
  1.9520000000000001e-01
q1ad              32    1   50
   1   4  16
 -1.0000000000000000e+01  1.0000000000000000e+01 -1.0000000000000000e+01  1.0000000000000000e+01
  0.0000000000000000e+00  0.0000000000000000e+00  0.0000000000000000e+00  0.0000000000000000e+00
  4.0760000000000002e-01  0.0000000000000000e+00  0.0000000000000000e+00  0.0000000000000000e+00  0.0000000000000000e+00
   1  2
  2  1.2417735999999999e+00  0.0000000000000000e+00
d1aa              16    1   51
   0   0   0
 -1.0000000000000000e+01  1.0000000000000000e+01 -1.0000000000000000e+01  1.0000000000000000e+01
  1.1870000000000000e-01
mbpm              49    4   52
  -1   0   0
 -1.0000000000000000e+01  1.0000000000000000e+01 -1.0000000000000000e+01  1.0000000000000000e+01
d1ab              17    1   53
   0   0   0
 -1.0000000000000000e+01  1.0000000000000000e+01 -1.0000000000000000e+01  1.0000000000000000e+01
  1.1600000000000001e-01
begin_s           52    4   54
  -1   0   0
 -1.0000000000000000e+01  1.0000000000000000e+01 -1.0000000000000000e+01  1.0000000000000000e+01
ds                36    7   55
   0   0   0
 -1.0000000000000000e+01  1.0000000000000000e+01 -1.0000000000000000e+01  1.0000000000000000e+01
  5.0000000000000001e-03
ss1a              37    1   56
   1   4   1
 -1.0000000000000000e+01  1.0000000000000000e+01 -1.0000000000000000e+01  1.0000000000000000e+01
  0.0000000000000000e+00  0.0000000000000000e+00  0.0000000000000000e+00  0.0000000000000000e+00
  2.8999999999999998e-01  0.0000000000000000e+00  0.0000000000000000e+00  0.0000000000000000e+00  0.0000000000000000e+00
   1  3
  3  1.8872389882894272e+01  0.0000000000000000e+00
hstr              50    4   57
   3   4   0
 -1.0000000000000000e+01  1.0000000000000000e+01 -1.0000000000000000e+01  1.0000000000000000e+01
  0.0000000000000000e+00  0.0000000000000000e+00  0.0000000000000000e+00
   0  0
vstr              51    4   58
   3   4   0
 -1.0000000000000000e+01  1.0000000000000000e+01 -1.0000000000000000e+01  1.0000000000000000e+01
  0.0000000000000000e+00  0.0000000000000000e+00  0.0000000000000000e+00
   0  0
ds                36    8   59
   0   0   0
 -1.0000000000000000e+01  1.0000000000000000e+01 -1.0000000000000000e+01  1.0000000000000000e+01
  5.0000000000000001e-03
end_s             53    4   60
  -1   0   0
 -1.0000000000000000e+01  1.0000000000000000e+01 -1.0000000000000000e+01  1.0000000000000000e+01
d1a               15    1   61
   0   0   0
 -1.0000000000000000e+01  1.0000000000000000e+01 -1.0000000000000000e+01  1.0000000000000000e+01
  2.3469999999999999e-01
q1ab              33    1   62
   1   4  16
 -1.0000000000000000e+01  1.0000000000000000e+01 -1.0000000000000000e+01  1.0000000000000000e+01
  0.0000000000000000e+00  0.0000000000000000e+00  0.0000000000000000e+00  0.0000000000000000e+00
  4.0760000000000002e-01  0.0000000000000000e+00  0.0000000000000000e+00  0.0000000000000000e+00  0.0000000000000000e+00
   1  2
  2  1.2639501000000000e+00  0.0000000000000000e+00
d2a               18    2   63
   0   0   0
 -1.0000000000000000e+01  1.0000000000000000e+01 -1.0000000000000000e+01  1.0000000000000000e+01
  1.9520000000000001e-01
begin_s           52    5   64
  -1   0   0
 -1.0000000000000000e+01  1.0000000000000000e+01 -1.0000000000000000e+01  1.0000000000000000e+01
ds                36    9   65
   0   0   0
 -1.0000000000000000e+01  1.0000000000000000e+01 -1.0000000000000000e+01  1.0000000000000000e+01
  5.0000000000000001e-03
ss2a              38    2   66
   1   4   1
 -1.0000000000000000e+01  1.0000000000000000e+01 -1.0000000000000000e+01  1.0000000000000000e+01
  0.0000000000000000e+00  0.0000000000000000e+00  0.0000000000000000e+00  0.0000000000000000e+00
  1.9000000000000000e-01  0.0000000000000000e+00  0.0000000000000000e+00  0.0000000000000000e+00  0.0000000000000000e+00
   1  3
  3 -1.7456445746575859e+01  0.0000000000000000e+00
hstr              50    5   67
   3   4   0
 -1.0000000000000000e+01  1.0000000000000000e+01 -1.0000000000000000e+01  1.0000000000000000e+01
  0.0000000000000000e+00  0.0000000000000000e+00  0.0000000000000000e+00
   0  0
vstr              51    5   68
   3   4   0
 -1.0000000000000000e+01  1.0000000000000000e+01 -1.0000000000000000e+01  1.0000000000000000e+01
  0.0000000000000000e+00  0.0000000000000000e+00  0.0000000000000000e+00
   0  0
ds                36   10   69
   0   0   0
 -1.0000000000000000e+01  1.0000000000000000e+01 -1.0000000000000000e+01  1.0000000000000000e+01
  5.0000000000000001e-03
end_s             53    5   70
  -1   0   0
 -1.0000000000000000e+01  1.0000000000000000e+01 -1.0000000000000000e+01  1.0000000000000000e+01
d3a               19    1   71
   0   0   0
 -1.0000000000000000e+01  1.0000000000000000e+01 -1.0000000000000000e+01  1.0000000000000000e+01
  4.2180000000000001e-01
q2ab              25    1   72
   1   4  16
 -1.0000000000000000e+01  1.0000000000000000e+01 -1.0000000000000000e+01  1.0000000000000000e+01
  0.0000000000000000e+00  0.0000000000000000e+00  0.0000000000000000e+00  0.0000000000000000e+00
  4.0639999999999998e-01  0.0000000000000000e+00  0.0000000000000000e+00  0.0000000000000000e+00  0.0000000000000000e+00
   1  2
  2 -1.0331410000000001e+00  0.0000000000000000e+00
d4aa              23    1   73
   0   0   0
 -1.0000000000000000e+01  1.0000000000000000e+01 -1.0000000000000000e+01  1.0000000000000000e+01
  1.0180000000000000e-01
mbpm              49    5   74
  -1   0   0
 -1.0000000000000000e+01  1.0000000000000000e+01 -1.0000000000000000e+01  1.0000000000000000e+01
d4ab              24    1   75
   0   0   0
 -1.0000000000000000e+01  1.0000000000000000e+01 -1.0000000000000000e+01  1.0000000000000000e+01
  4.8399999999999999e-01
bb                35    2   76
   1   4   4
 -1.0000000000000000e+01  1.0000000000000000e+01 -1.0000000000000000e+01  1.0000000000000000e+01
  0.0000000000000000e+00  0.0000000000000000e+00  0.0000000000000000e+00  0.0000000000000000e+00
  9.3300000000000005e-01  1.4029977909922262e-01  3.7500000000000000e+00  3.7500000000000000e+00  8.2948000000000008e-02
   0  1
d6b               12    1   77
   0   0   0
 -1.0000000000000000e+01  1.0000000000000000e+01 -1.0000000000000000e+01  1.0000000000000000e+01
  6.6900000000000004e-01
begin_s           52    6   78
  -1   0   0
 -1.0000000000000000e+01  1.0000000000000000e+01 -1.0000000000000000e+01  1.0000000000000000e+01
ds                36   11   79
   0   0   0
 -1.0000000000000000e+01  1.0000000000000000e+01 -1.0000000000000000e+01  1.0000000000000000e+01
  5.0000000000000001e-03
ss2c              42    1   80
   1   4   1
 -1.0000000000000000e+01  1.0000000000000000e+01 -1.0000000000000000e+01  1.0000000000000000e+01
  0.0000000000000000e+00  0.0000000000000000e+00  0.0000000000000000e+00  0.0000000000000000e+00
  2.8999999999999998e-01  0.0000000000000000e+00  0.0000000000000000e+00  0.0000000000000000e+00  0.0000000000000000e+00
   1  3
  3 -1.0567625728421390e+01  0.0000000000000000e+00
hstr              50    6   81
   3   4   0
 -1.0000000000000000e+01  1.0000000000000000e+01 -1.0000000000000000e+01  1.0000000000000000e+01
  0.0000000000000000e+00  0.0000000000000000e+00  0.0000000000000000e+00
   0  0
vstr              51    6   82
   3   4   0
 -1.0000000000000000e+01  1.0000000000000000e+01 -1.0000000000000000e+01  1.0000000000000000e+01
  0.0000000000000000e+00  0.0000000000000000e+00  0.0000000000000000e+00
   0  0
ds                36   12   83
   0   0   0
 -1.0000000000000000e+01  1.0000000000000000e+01 -1.0000000000000000e+01  1.0000000000000000e+01
  5.0000000000000001e-03
end_s             53    6   84
  -1   0   0
 -1.0000000000000000e+01  1.0000000000000000e+01 -1.0000000000000000e+01  1.0000000000000000e+01
d5b               11    2   85
   0   0   0
 -1.0000000000000000e+01  1.0000000000000000e+01 -1.0000000000000000e+01  1.0000000000000000e+01
  1.9650000000000001e-01
q3b               34    1   86
   1   4  16
 -1.0000000000000000e+01  1.0000000000000000e+01 -1.0000000000000000e+01  1.0000000000000000e+01
  0.0000000000000000e+00  0.0000000000000000e+00  0.0000000000000000e+00  0.0000000000000000e+00
  3.0700000000000000e-01  0.0000000000000000e+00  0.0000000000000000e+00  0.0000000000000000e+00  0.0000000000000000e+00
   1  2
  2 -8.6754460000000000e-01  0.0000000000000000e+00
d4ba               9    1   87
   0   0   0
 -1.0000000000000000e+01  1.0000000000000000e+01 -1.0000000000000000e+01  1.0000000000000000e+01
  1.7299999999999999e-01
mbpm              49    6   88
  -1   0   0
 -1.0000000000000000e+01  1.0000000000000000e+01 -1.0000000000000000e+01  1.0000000000000000e+01
d4bb              10    1   89
   0   0   0
 -1.0000000000000000e+01  1.0000000000000000e+01 -1.0000000000000000e+01  1.0000000000000000e+01
  2.8534999999999999e-01
q2b               27    1   90
   1   4  16
 -1.0000000000000000e+01  1.0000000000000000e+01 -1.0000000000000000e+01  1.0000000000000000e+01
  0.0000000000000000e+00  0.0000000000000000e+00  0.0000000000000000e+00  0.0000000000000000e+00
  6.0629999999999995e-01  0.0000000000000000e+00  0.0000000000000000e+00  0.0000000000000000e+00  0.0000000000000000e+00
   1  2
  2  1.4630243000000001e+00  0.0000000000000000e+00
d3b                7    2   91
   0   0   0
 -1.0000000000000000e+01  1.0000000000000000e+01 -1.0000000000000000e+01  1.0000000000000000e+01
  2.3185000000000000e-01
begin_s           52    7   92
  -1   0   0
 -1.0000000000000000e+01  1.0000000000000000e+01 -1.0000000000000000e+01  1.0000000000000000e+01
ds                36   13   93
   0   0   0
 -1.0000000000000000e+01  1.0000000000000000e+01 -1.0000000000000000e+01  1.0000000000000000e+01
  5.0000000000000001e-03
ss1c              41    1   94
   1   4   1
 -1.0000000000000000e+01  1.0000000000000000e+01 -1.0000000000000000e+01  1.0000000000000000e+01
  0.0000000000000000e+00  0.0000000000000000e+00  0.0000000000000000e+00  0.0000000000000000e+00
  2.8999999999999998e-01  0.0000000000000000e+00  0.0000000000000000e+00  0.0000000000000000e+00  0.0000000000000000e+00
   1  3
  3  7.8116254770485103e+00  0.0000000000000000e+00
hstr              50    7   95
   3   4   0
 -1.0000000000000000e+01  1.0000000000000000e+01 -1.0000000000000000e+01  1.0000000000000000e+01
  0.0000000000000000e+00  0.0000000000000000e+00  0.0000000000000000e+00
   0  0
vstr              51    7   96
   3   4   0
 -1.0000000000000000e+01  1.0000000000000000e+01 -1.0000000000000000e+01  1.0000000000000000e+01
  0.0000000000000000e+00  0.0000000000000000e+00  0.0000000000000000e+00
   0  0
ds                36   14   97
   0   0   0
 -1.0000000000000000e+01  1.0000000000000000e+01 -1.0000000000000000e+01  1.0000000000000000e+01
  5.0000000000000001e-03
end_s             53    7   98
  -1   0   0
 -1.0000000000000000e+01  1.0000000000000000e+01 -1.0000000000000000e+01  1.0000000000000000e+01
d2b                6    2   99
   0   0   0
 -1.0000000000000000e+01  1.0000000000000000e+01 -1.0000000000000000e+01  1.0000000000000000e+01
  1.4680000000000001e-01
q1b               31    1  100
   1   4  16
 -1.0000000000000000e+01  1.0000000000000000e+01 -1.0000000000000000e+01  1.0000000000000000e+01
  0.0000000000000000e+00  0.0000000000000000e+00  0.0000000000000000e+00  0.0000000000000000e+00
  4.0639999999999998e-01  0.0000000000000000e+00  0.0000000000000000e+00  0.0000000000000000e+00  0.0000000000000000e+00
   1  2
  2 -1.2289551999999999e+00  0.0000000000000000e+00
kd2                5    2  101
   0   0   0
 -1.0000000000000000e+01  1.0000000000000000e+01 -1.0000000000000000e+01  1.0000000000000000e+01
  3.9779999999999999e-01
k1                47    3  102
  -1   0   0
 -1.0000000000000000e+01  1.0000000000000000e+01 -1.0000000000000000e+01  1.0000000000000000e+01
kd1                4    2  103
   0   0   0
 -1.0000000000000000e+01  1.0000000000000000e+01 -1.0000000000000000e+01  1.0000000000000000e+01
  8.9300000000000002e-01
k1                47    4  104
  -1   0   0
 -1.0000000000000000e+01  1.0000000000000000e+01 -1.0000000000000000e+01  1.0000000000000000e+01
mbpm              49    7  105
  -1   0   0
 -1.0000000000000000e+01  1.0000000000000000e+01 -1.0000000000000000e+01  1.0000000000000000e+01
dd1bend2           3    1  106
   0   0   0
 -1.0000000000000000e+01  1.0000000000000000e+01 -1.0000000000000000e+01  1.0000000000000000e+01
  3.7550000000000000e-01
dd1bend2           3    2  107
   0   0   0
 -1.0000000000000000e+01  1.0000000000000000e+01 -1.0000000000000000e+01  1.0000000000000000e+01
  3.7550000000000000e-01
dd1bend2           3    3  108
   0   0   0
 -1.0000000000000000e+01  1.0000000000000000e+01 -1.0000000000000000e+01  1.0000000000000000e+01
  3.7550000000000000e-01
dd1bend2           3    4  109
   0   0   0
 -1.0000000000000000e+01  1.0000000000000000e+01 -1.0000000000000000e+01  1.0000000000000000e+01
  3.7550000000000000e-01
dd1bend2           3    5  110
   0   0   0
 -1.0000000000000000e+01  1.0000000000000000e+01 -1.0000000000000000e+01  1.0000000000000000e+01
  3.7550000000000000e-01
dd1bcentre         2    1  111
   0   0   0
 -1.0000000000000000e+01  1.0000000000000000e+01 -1.0000000000000000e+01  1.0000000000000000e+01
  2.0000000000000001e-01
dd1bcentre         2    2  112
   0   0   0
 -1.0000000000000000e+01  1.0000000000000000e+01 -1.0000000000000000e+01  1.0000000000000000e+01
  2.0000000000000001e-01
dd1bcentre         2    3  113
   0   0   0
 -1.0000000000000000e+01  1.0000000000000000e+01 -1.0000000000000000e+01  1.0000000000000000e+01
  2.0000000000000001e-01
dd1bcentre         2    4  114
   0   0   0
 -1.0000000000000000e+01  1.0000000000000000e+01 -1.0000000000000000e+01  1.0000000000000000e+01
  2.0000000000000001e-01
dd1bcentre         2    5  115
   0   0   0
 -1.0000000000000000e+01  1.0000000000000000e+01 -1.0000000000000000e+01  1.0000000000000000e+01
  2.0000000000000001e-01
dd1bcentre         2    6  116
   0   0   0
 -1.0000000000000000e+01  1.0000000000000000e+01 -1.0000000000000000e+01  1.0000000000000000e+01
  2.0000000000000001e-01
dd1bcentre         2    7  117
   0   0   0
 -1.0000000000000000e+01  1.0000000000000000e+01 -1.0000000000000000e+01  1.0000000000000000e+01
  2.0000000000000001e-01
dd1bcentre         2    8  118
   0   0   0
 -1.0000000000000000e+01  1.0000000000000000e+01 -1.0000000000000000e+01  1.0000000000000000e+01
  2.0000000000000001e-01
dd1bcentre         2    9  119
   0   0   0
 -1.0000000000000000e+01  1.0000000000000000e+01 -1.0000000000000000e+01  1.0000000000000000e+01
  2.0000000000000001e-01
dd1bcentre         2   10  120
   0   0   0
 -1.0000000000000000e+01  1.0000000000000000e+01 -1.0000000000000000e+01  1.0000000000000000e+01
  2.0000000000000001e-01
dd1bend2           3    6  121
   0   0   0
 -1.0000000000000000e+01  1.0000000000000000e+01 -1.0000000000000000e+01  1.0000000000000000e+01
  3.7550000000000000e-01
dd1bend2           3    7  122
   0   0   0
 -1.0000000000000000e+01  1.0000000000000000e+01 -1.0000000000000000e+01  1.0000000000000000e+01
  3.7550000000000000e-01
dd1bend2           3    8  123
   0   0   0
 -1.0000000000000000e+01  1.0000000000000000e+01 -1.0000000000000000e+01  1.0000000000000000e+01
  3.7550000000000000e-01
dd1bend2           3    9  124
   0   0   0
 -1.0000000000000000e+01  1.0000000000000000e+01 -1.0000000000000000e+01  1.0000000000000000e+01
  3.7550000000000000e-01
dd1bend2           3   10  125
   0   0   0
 -1.0000000000000000e+01  1.0000000000000000e+01 -1.0000000000000000e+01  1.0000000000000000e+01
  3.7550000000000000e-01
mbpm              49    8  126
  -1   0   0
 -1.0000000000000000e+01  1.0000000000000000e+01 -1.0000000000000000e+01  1.0000000000000000e+01
k1                47    5  127
  -1   0   0
 -1.0000000000000000e+01  1.0000000000000000e+01 -1.0000000000000000e+01  1.0000000000000000e+01
kd1                4    3  128
   0   0   0
 -1.0000000000000000e+01  1.0000000000000000e+01 -1.0000000000000000e+01  1.0000000000000000e+01
  8.9300000000000002e-01
k1                47    6  129
  -1   0   0
 -1.0000000000000000e+01  1.0000000000000000e+01 -1.0000000000000000e+01  1.0000000000000000e+01
kd2                5    3  130
   0   0   0
 -1.0000000000000000e+01  1.0000000000000000e+01 -1.0000000000000000e+01  1.0000000000000000e+01
  3.9779999999999999e-01
q1b               31    2  131
   1   4  16
 -1.0000000000000000e+01  1.0000000000000000e+01 -1.0000000000000000e+01  1.0000000000000000e+01
  0.0000000000000000e+00  0.0000000000000000e+00  0.0000000000000000e+00  0.0000000000000000e+00
  4.0639999999999998e-01  0.0000000000000000e+00  0.0000000000000000e+00  0.0000000000000000e+00  0.0000000000000000e+00
   1  2
  2 -1.2289551999999999e+00  0.0000000000000000e+00
d2b                6    3  132
   0   0   0
 -1.0000000000000000e+01  1.0000000000000000e+01 -1.0000000000000000e+01  1.0000000000000000e+01
  1.4680000000000001e-01
begin_s           52    8  133
  -1   0   0
 -1.0000000000000000e+01  1.0000000000000000e+01 -1.0000000000000000e+01  1.0000000000000000e+01
ds                36   15  134
   0   0   0
 -1.0000000000000000e+01  1.0000000000000000e+01 -1.0000000000000000e+01  1.0000000000000000e+01
  5.0000000000000001e-03
ss1b              39    1  135
   1   4   1
 -1.0000000000000000e+01  1.0000000000000000e+01 -1.0000000000000000e+01  1.0000000000000000e+01
  0.0000000000000000e+00  0.0000000000000000e+00  0.0000000000000000e+00  0.0000000000000000e+00
  2.8999999999999998e-01  0.0000000000000000e+00  0.0000000000000000e+00  0.0000000000000000e+00  0.0000000000000000e+00
   1  3
  3  1.0734110455631345e+01  0.0000000000000000e+00
hstr              50    8  136
   3   4   0
 -1.0000000000000000e+01  1.0000000000000000e+01 -1.0000000000000000e+01  1.0000000000000000e+01
  0.0000000000000000e+00  0.0000000000000000e+00  0.0000000000000000e+00
   0  0
vstr              51    8  137
   3   4   0
 -1.0000000000000000e+01  1.0000000000000000e+01 -1.0000000000000000e+01  1.0000000000000000e+01
  0.0000000000000000e+00  0.0000000000000000e+00  0.0000000000000000e+00
   0  0
ds                36   16  138
   0   0   0
 -1.0000000000000000e+01  1.0000000000000000e+01 -1.0000000000000000e+01  1.0000000000000000e+01
  5.0000000000000001e-03
end_s             53    8  139
  -1   0   0
 -1.0000000000000000e+01  1.0000000000000000e+01 -1.0000000000000000e+01  1.0000000000000000e+01
d3b                7    3  140
   0   0   0
 -1.0000000000000000e+01  1.0000000000000000e+01 -1.0000000000000000e+01  1.0000000000000000e+01
  2.3185000000000000e-01
q2b               27    2  141
   1   4  16
 -1.0000000000000000e+01  1.0000000000000000e+01 -1.0000000000000000e+01  1.0000000000000000e+01
  0.0000000000000000e+00  0.0000000000000000e+00  0.0000000000000000e+00  0.0000000000000000e+00
  6.0629999999999995e-01  0.0000000000000000e+00  0.0000000000000000e+00  0.0000000000000000e+00  0.0000000000000000e+00
   1  2
  2  1.4630243000000001e+00  0.0000000000000000e+00
d4b                8    2  142
   0   0   0
 -1.0000000000000000e+01  1.0000000000000000e+01 -1.0000000000000000e+01  1.0000000000000000e+01
  4.5834999999999998e-01
q3b               34    2  143
   1   4  16
 -1.0000000000000000e+01  1.0000000000000000e+01 -1.0000000000000000e+01  1.0000000000000000e+01
  0.0000000000000000e+00  0.0000000000000000e+00  0.0000000000000000e+00  0.0000000000000000e+00
  3.0700000000000000e-01  0.0000000000000000e+00  0.0000000000000000e+00  0.0000000000000000e+00  0.0000000000000000e+00
   1  2
  2 -8.6754460000000000e-01  0.0000000000000000e+00
d5b               11    3  144
   0   0   0
 -1.0000000000000000e+01  1.0000000000000000e+01 -1.0000000000000000e+01  1.0000000000000000e+01
  1.9650000000000001e-01
begin_s           52    9  145
  -1   0   0
 -1.0000000000000000e+01  1.0000000000000000e+01 -1.0000000000000000e+01  1.0000000000000000e+01
ds                36   17  146
   0   0   0
 -1.0000000000000000e+01  1.0000000000000000e+01 -1.0000000000000000e+01  1.0000000000000000e+01
  5.0000000000000001e-03
ss2b              40    1  147
   1   4   1
 -1.0000000000000000e+01  1.0000000000000000e+01 -1.0000000000000000e+01  1.0000000000000000e+01
  0.0000000000000000e+00  0.0000000000000000e+00  0.0000000000000000e+00  0.0000000000000000e+00
  2.8999999999999998e-01  0.0000000000000000e+00  0.0000000000000000e+00  0.0000000000000000e+00  0.0000000000000000e+00
   1  3
  3 -1.7582667668410174e+01  0.0000000000000000e+00
hstr              50    9  148
   3   4   0
 -1.0000000000000000e+01  1.0000000000000000e+01 -1.0000000000000000e+01  1.0000000000000000e+01
  0.0000000000000000e+00  0.0000000000000000e+00  0.0000000000000000e+00
   0  0
vstr              51    9  149
   3   4   0
 -1.0000000000000000e+01  1.0000000000000000e+01 -1.0000000000000000e+01  1.0000000000000000e+01
  0.0000000000000000e+00  0.0000000000000000e+00  0.0000000000000000e+00
   0  0
ds                36   18  150
   0   0   0
 -1.0000000000000000e+01  1.0000000000000000e+01 -1.0000000000000000e+01  1.0000000000000000e+01
  5.0000000000000001e-03
end_s             53    9  151
  -1   0   0
 -1.0000000000000000e+01  1.0000000000000000e+01 -1.0000000000000000e+01  1.0000000000000000e+01
d6ba              13    2  152
   0   0   0
 -1.0000000000000000e+01  1.0000000000000000e+01 -1.0000000000000000e+01  1.0000000000000000e+01
  1.8500000000000000e-01
mbpm              49    9  153
  -1   0   0
 -1.0000000000000000e+01  1.0000000000000000e+01 -1.0000000000000000e+01  1.0000000000000000e+01
d6bb              14    2  154
   0   0   0
 -1.0000000000000000e+01  1.0000000000000000e+01 -1.0000000000000000e+01  1.0000000000000000e+01
  4.8399999999999999e-01
bb                35    3  155
   1   4   4
 -1.0000000000000000e+01  1.0000000000000000e+01 -1.0000000000000000e+01  1.0000000000000000e+01
  0.0000000000000000e+00  0.0000000000000000e+00  0.0000000000000000e+00  0.0000000000000000e+00
  9.3300000000000005e-01  1.4029977909922262e-01  3.7500000000000000e+00  3.7500000000000000e+00  8.2948000000000008e-02
   0  1
d4a               22    2  156
   0   0   0
 -1.0000000000000000e+01  1.0000000000000000e+01 -1.0000000000000000e+01  1.0000000000000000e+01
  5.8579999999999999e-01
q2ab              25    2  157
   1   4  16
 -1.0000000000000000e+01  1.0000000000000000e+01 -1.0000000000000000e+01  1.0000000000000000e+01
  0.0000000000000000e+00  0.0000000000000000e+00  0.0000000000000000e+00  0.0000000000000000e+00
  4.0639999999999998e-01  0.0000000000000000e+00  0.0000000000000000e+00  0.0000000000000000e+00  0.0000000000000000e+00
   1  2
  2 -1.0331410000000001e+00  0.0000000000000000e+00
d3aa              20    2  158
   0   0   0
 -1.0000000000000000e+01  1.0000000000000000e+01 -1.0000000000000000e+01  1.0000000000000000e+01
  1.5830000000000000e-01
mbpm              49   10  159
  -1   0   0
 -1.0000000000000000e+01  1.0000000000000000e+01 -1.0000000000000000e+01  1.0000000000000000e+01
d3ab              21    2  160
   0   0   0
 -1.0000000000000000e+01  1.0000000000000000e+01 -1.0000000000000000e+01  1.0000000000000000e+01
  2.6350000000000001e-01
begin_s           52   10  161
  -1   0   0
 -1.0000000000000000e+01  1.0000000000000000e+01 -1.0000000000000000e+01  1.0000000000000000e+01
ds                36   19  162
   0   0   0
 -1.0000000000000000e+01  1.0000000000000000e+01 -1.0000000000000000e+01  1.0000000000000000e+01
  5.0000000000000001e-03
ss2a              38    3  163
   1   4   1
 -1.0000000000000000e+01  1.0000000000000000e+01 -1.0000000000000000e+01  1.0000000000000000e+01
  0.0000000000000000e+00  0.0000000000000000e+00  0.0000000000000000e+00  0.0000000000000000e+00
  1.9000000000000000e-01  0.0000000000000000e+00  0.0000000000000000e+00  0.0000000000000000e+00  0.0000000000000000e+00
   1  3
  3 -1.7456445746575859e+01  0.0000000000000000e+00
hstr              50   10  164
   3   4   0
 -1.0000000000000000e+01  1.0000000000000000e+01 -1.0000000000000000e+01  1.0000000000000000e+01
  0.0000000000000000e+00  0.0000000000000000e+00  0.0000000000000000e+00
   0  0
vstr              51   10  165
   3   4   0
 -1.0000000000000000e+01  1.0000000000000000e+01 -1.0000000000000000e+01  1.0000000000000000e+01
  0.0000000000000000e+00  0.0000000000000000e+00  0.0000000000000000e+00
   0  0
ds                36   20  166
   0   0   0
 -1.0000000000000000e+01  1.0000000000000000e+01 -1.0000000000000000e+01  1.0000000000000000e+01
  5.0000000000000001e-03
end_s             53   10  167
  -1   0   0
 -1.0000000000000000e+01  1.0000000000000000e+01 -1.0000000000000000e+01  1.0000000000000000e+01
d2a               18    3  168
   0   0   0
 -1.0000000000000000e+01  1.0000000000000000e+01 -1.0000000000000000e+01  1.0000000000000000e+01
  1.9520000000000001e-01
q1ab              33    2  169
   1   4  16
 -1.0000000000000000e+01  1.0000000000000000e+01 -1.0000000000000000e+01  1.0000000000000000e+01
  0.0000000000000000e+00  0.0000000000000000e+00  0.0000000000000000e+00  0.0000000000000000e+00
  4.0760000000000002e-01  0.0000000000000000e+00  0.0000000000000000e+00  0.0000000000000000e+00  0.0000000000000000e+00
   1  2
  2  1.2639501000000000e+00  0.0000000000000000e+00
d1aa              16    2  170
   0   0   0
 -1.0000000000000000e+01  1.0000000000000000e+01 -1.0000000000000000e+01  1.0000000000000000e+01
  1.1870000000000000e-01
mbpm              49   11  171
  -1   0   0
 -1.0000000000000000e+01  1.0000000000000000e+01 -1.0000000000000000e+01  1.0000000000000000e+01
d1ab              17    2  172
   0   0   0
 -1.0000000000000000e+01  1.0000000000000000e+01 -1.0000000000000000e+01  1.0000000000000000e+01
  1.1600000000000001e-01
begin_s           52   11  173
  -1   0   0
 -1.0000000000000000e+01  1.0000000000000000e+01 -1.0000000000000000e+01  1.0000000000000000e+01
ds                36   21  174
   0   0   0
 -1.0000000000000000e+01  1.0000000000000000e+01 -1.0000000000000000e+01  1.0000000000000000e+01
  5.0000000000000001e-03
ss1a              37    2  175
   1   4   1
 -1.0000000000000000e+01  1.0000000000000000e+01 -1.0000000000000000e+01  1.0000000000000000e+01
  0.0000000000000000e+00  0.0000000000000000e+00  0.0000000000000000e+00  0.0000000000000000e+00
  2.8999999999999998e-01  0.0000000000000000e+00  0.0000000000000000e+00  0.0000000000000000e+00  0.0000000000000000e+00
   1  3
  3  1.8872389882894272e+01  0.0000000000000000e+00
hstr              50   11  176
   3   4   0
 -1.0000000000000000e+01  1.0000000000000000e+01 -1.0000000000000000e+01  1.0000000000000000e+01
  0.0000000000000000e+00  0.0000000000000000e+00  0.0000000000000000e+00
   0  0
vstr              51   11  177
   3   4   0
 -1.0000000000000000e+01  1.0000000000000000e+01 -1.0000000000000000e+01  1.0000000000000000e+01
  0.0000000000000000e+00  0.0000000000000000e+00  0.0000000000000000e+00
   0  0
ds                36   22  178
   0   0   0
 -1.0000000000000000e+01  1.0000000000000000e+01 -1.0000000000000000e+01  1.0000000000000000e+01
  5.0000000000000001e-03
end_s             53   11  179
  -1   0   0
 -1.0000000000000000e+01  1.0000000000000000e+01 -1.0000000000000000e+01  1.0000000000000000e+01
d1a               15    2  180
   0   0   0
 -1.0000000000000000e+01  1.0000000000000000e+01 -1.0000000000000000e+01  1.0000000000000000e+01
  2.3469999999999999e-01
q1ab              33    3  181
   1   4  16
 -1.0000000000000000e+01  1.0000000000000000e+01 -1.0000000000000000e+01  1.0000000000000000e+01
  0.0000000000000000e+00  0.0000000000000000e+00  0.0000000000000000e+00  0.0000000000000000e+00
  4.0760000000000002e-01  0.0000000000000000e+00  0.0000000000000000e+00  0.0000000000000000e+00  0.0000000000000000e+00
   1  2
  2  1.2639501000000000e+00  0.0000000000000000e+00
d2a               18    4  182
   0   0   0
 -1.0000000000000000e+01  1.0000000000000000e+01 -1.0000000000000000e+01  1.0000000000000000e+01
  1.9520000000000001e-01
begin_s           52   12  183
  -1   0   0
 -1.0000000000000000e+01  1.0000000000000000e+01 -1.0000000000000000e+01  1.0000000000000000e+01
ds                36   23  184
   0   0   0
 -1.0000000000000000e+01  1.0000000000000000e+01 -1.0000000000000000e+01  1.0000000000000000e+01
  5.0000000000000001e-03
ss2a              38    4  185
   1   4   1
 -1.0000000000000000e+01  1.0000000000000000e+01 -1.0000000000000000e+01  1.0000000000000000e+01
  0.0000000000000000e+00  0.0000000000000000e+00  0.0000000000000000e+00  0.0000000000000000e+00
  1.9000000000000000e-01  0.0000000000000000e+00  0.0000000000000000e+00  0.0000000000000000e+00  0.0000000000000000e+00
   1  3
  3 -1.7456445746575859e+01  0.0000000000000000e+00
hstr              50   12  186
   3   4   0
 -1.0000000000000000e+01  1.0000000000000000e+01 -1.0000000000000000e+01  1.0000000000000000e+01
  0.0000000000000000e+00  0.0000000000000000e+00  0.0000000000000000e+00
   0  0
vstr              51   12  187
   3   4   0
 -1.0000000000000000e+01  1.0000000000000000e+01 -1.0000000000000000e+01  1.0000000000000000e+01
  0.0000000000000000e+00  0.0000000000000000e+00  0.0000000000000000e+00
   0  0
ds                36   24  188
   0   0   0
 -1.0000000000000000e+01  1.0000000000000000e+01 -1.0000000000000000e+01  1.0000000000000000e+01
  5.0000000000000001e-03
end_s             53   12  189
  -1   0   0
 -1.0000000000000000e+01  1.0000000000000000e+01 -1.0000000000000000e+01  1.0000000000000000e+01
d3a               19    2  190
   0   0   0
 -1.0000000000000000e+01  1.0000000000000000e+01 -1.0000000000000000e+01  1.0000000000000000e+01
  4.2180000000000001e-01
q2ab              25    3  191
   1   4  16
 -1.0000000000000000e+01  1.0000000000000000e+01 -1.0000000000000000e+01  1.0000000000000000e+01
  0.0000000000000000e+00  0.0000000000000000e+00  0.0000000000000000e+00  0.0000000000000000e+00
  4.0639999999999998e-01  0.0000000000000000e+00  0.0000000000000000e+00  0.0000000000000000e+00  0.0000000000000000e+00
   1  2
  2 -1.0331410000000001e+00  0.0000000000000000e+00
d4aa              23    2  192
   0   0   0
 -1.0000000000000000e+01  1.0000000000000000e+01 -1.0000000000000000e+01  1.0000000000000000e+01
  1.0180000000000000e-01
mbpm              49   12  193
  -1   0   0
 -1.0000000000000000e+01  1.0000000000000000e+01 -1.0000000000000000e+01  1.0000000000000000e+01
d4ab              24    2  194
   0   0   0
 -1.0000000000000000e+01  1.0000000000000000e+01 -1.0000000000000000e+01  1.0000000000000000e+01
  4.8399999999999999e-01
bb                35    4  195
   1   4   4
 -1.0000000000000000e+01  1.0000000000000000e+01 -1.0000000000000000e+01  1.0000000000000000e+01
  0.0000000000000000e+00  0.0000000000000000e+00  0.0000000000000000e+00  0.0000000000000000e+00
  9.3300000000000005e-01  1.4029977909922262e-01  3.7500000000000000e+00  3.7500000000000000e+00  8.2948000000000008e-02
   0  1
d6b               12    2  196
   0   0   0
 -1.0000000000000000e+01  1.0000000000000000e+01 -1.0000000000000000e+01  1.0000000000000000e+01
  6.6900000000000004e-01
begin_s           52   13  197
  -1   0   0
 -1.0000000000000000e+01  1.0000000000000000e+01 -1.0000000000000000e+01  1.0000000000000000e+01
ds                36   25  198
   0   0   0
 -1.0000000000000000e+01  1.0000000000000000e+01 -1.0000000000000000e+01  1.0000000000000000e+01
  5.0000000000000001e-03
ss2b              40    2  199
   1   4   1
 -1.0000000000000000e+01  1.0000000000000000e+01 -1.0000000000000000e+01  1.0000000000000000e+01
  0.0000000000000000e+00  0.0000000000000000e+00  0.0000000000000000e+00  0.0000000000000000e+00
  2.8999999999999998e-01  0.0000000000000000e+00  0.0000000000000000e+00  0.0000000000000000e+00  0.0000000000000000e+00
   1  3
  3 -1.7582667668410174e+01  0.0000000000000000e+00
hstr              50   13  200
   3   4   0
 -1.0000000000000000e+01  1.0000000000000000e+01 -1.0000000000000000e+01  1.0000000000000000e+01
  0.0000000000000000e+00  0.0000000000000000e+00  0.0000000000000000e+00
   0  0
vstr              51   13  201
   3   4   0
 -1.0000000000000000e+01  1.0000000000000000e+01 -1.0000000000000000e+01  1.0000000000000000e+01
  0.0000000000000000e+00  0.0000000000000000e+00  0.0000000000000000e+00
   0  0
ds                36   26  202
   0   0   0
 -1.0000000000000000e+01  1.0000000000000000e+01 -1.0000000000000000e+01  1.0000000000000000e+01
  5.0000000000000001e-03
end_s             53   13  203
  -1   0   0
 -1.0000000000000000e+01  1.0000000000000000e+01 -1.0000000000000000e+01  1.0000000000000000e+01
d5b               11    4  204
   0   0   0
 -1.0000000000000000e+01  1.0000000000000000e+01 -1.0000000000000000e+01  1.0000000000000000e+01
  1.9650000000000001e-01
q3b               34    3  205
   1   4  16
 -1.0000000000000000e+01  1.0000000000000000e+01 -1.0000000000000000e+01  1.0000000000000000e+01
  0.0000000000000000e+00  0.0000000000000000e+00  0.0000000000000000e+00  0.0000000000000000e+00
  3.0700000000000000e-01  0.0000000000000000e+00  0.0000000000000000e+00  0.0000000000000000e+00  0.0000000000000000e+00
   1  2
  2 -8.6754460000000000e-01  0.0000000000000000e+00
d4ba               9    2  206
   0   0   0
 -1.0000000000000000e+01  1.0000000000000000e+01 -1.0000000000000000e+01  1.0000000000000000e+01
  1.7299999999999999e-01
mbpm              49   13  207
  -1   0   0
 -1.0000000000000000e+01  1.0000000000000000e+01 -1.0000000000000000e+01  1.0000000000000000e+01
d4bb              10    2  208
   0   0   0
 -1.0000000000000000e+01  1.0000000000000000e+01 -1.0000000000000000e+01  1.0000000000000000e+01
  2.8534999999999999e-01
q2b               27    3  209
   1   4  16
 -1.0000000000000000e+01  1.0000000000000000e+01 -1.0000000000000000e+01  1.0000000000000000e+01
  0.0000000000000000e+00  0.0000000000000000e+00  0.0000000000000000e+00  0.0000000000000000e+00
  6.0629999999999995e-01  0.0000000000000000e+00  0.0000000000000000e+00  0.0000000000000000e+00  0.0000000000000000e+00
   1  2
  2  1.4630243000000001e+00  0.0000000000000000e+00
d3b                7    4  210
   0   0   0
 -1.0000000000000000e+01  1.0000000000000000e+01 -1.0000000000000000e+01  1.0000000000000000e+01
  2.3185000000000000e-01
begin_s           52   14  211
  -1   0   0
 -1.0000000000000000e+01  1.0000000000000000e+01 -1.0000000000000000e+01  1.0000000000000000e+01
ds                36   27  212
   0   0   0
 -1.0000000000000000e+01  1.0000000000000000e+01 -1.0000000000000000e+01  1.0000000000000000e+01
  5.0000000000000001e-03
ss1b              39    2  213
   1   4   1
 -1.0000000000000000e+01  1.0000000000000000e+01 -1.0000000000000000e+01  1.0000000000000000e+01
  0.0000000000000000e+00  0.0000000000000000e+00  0.0000000000000000e+00  0.0000000000000000e+00
  2.8999999999999998e-01  0.0000000000000000e+00  0.0000000000000000e+00  0.0000000000000000e+00  0.0000000000000000e+00
   1  3
  3  1.0734110455631345e+01  0.0000000000000000e+00
hstr              50   14  214
   3   4   0
 -1.0000000000000000e+01  1.0000000000000000e+01 -1.0000000000000000e+01  1.0000000000000000e+01
  0.0000000000000000e+00  0.0000000000000000e+00  0.0000000000000000e+00
   0  0
vstr              51   14  215
   3   4   0
 -1.0000000000000000e+01  1.0000000000000000e+01 -1.0000000000000000e+01  1.0000000000000000e+01
  0.0000000000000000e+00  0.0000000000000000e+00  0.0000000000000000e+00
   0  0
ds                36   28  216
   0   0   0
 -1.0000000000000000e+01  1.0000000000000000e+01 -1.0000000000000000e+01  1.0000000000000000e+01
  5.0000000000000001e-03
end_s             53   14  217
  -1   0   0
 -1.0000000000000000e+01  1.0000000000000000e+01 -1.0000000000000000e+01  1.0000000000000000e+01
d2b                6    4  218
   0   0   0
 -1.0000000000000000e+01  1.0000000000000000e+01 -1.0000000000000000e+01  1.0000000000000000e+01
  1.4680000000000001e-01
q1b               31    3  219
   1   4  16
 -1.0000000000000000e+01  1.0000000000000000e+01 -1.0000000000000000e+01  1.0000000000000000e+01
  0.0000000000000000e+00  0.0000000000000000e+00  0.0000000000000000e+00  0.0000000000000000e+00
  4.0639999999999998e-01  0.0000000000000000e+00  0.0000000000000000e+00  0.0000000000000000e+00  0.0000000000000000e+00
   1  2
  2 -1.2289551999999999e+00  0.0000000000000000e+00
kd2                5    4  220
   0   0   0
 -1.0000000000000000e+01  1.0000000000000000e+01 -1.0000000000000000e+01  1.0000000000000000e+01
  3.9779999999999999e-01
k1                47    7  221
  -1   0   0
 -1.0000000000000000e+01  1.0000000000000000e+01 -1.0000000000000000e+01  1.0000000000000000e+01
kd1                4    4  222
   0   0   0
 -1.0000000000000000e+01  1.0000000000000000e+01 -1.0000000000000000e+01  1.0000000000000000e+01
  8.9300000000000002e-01
k1                47    8  223
  -1   0   0
 -1.0000000000000000e+01  1.0000000000000000e+01 -1.0000000000000000e+01  1.0000000000000000e+01
mbpm              49   14  224
  -1   0   0
 -1.0000000000000000e+01  1.0000000000000000e+01 -1.0000000000000000e+01  1.0000000000000000e+01
dd1bend2           3   11  225
   0   0   0
 -1.0000000000000000e+01  1.0000000000000000e+01 -1.0000000000000000e+01  1.0000000000000000e+01
  3.7550000000000000e-01
dd1bend2           3   12  226
   0   0   0
 -1.0000000000000000e+01  1.0000000000000000e+01 -1.0000000000000000e+01  1.0000000000000000e+01
  3.7550000000000000e-01
dd1bend2           3   13  227
   0   0   0
 -1.0000000000000000e+01  1.0000000000000000e+01 -1.0000000000000000e+01  1.0000000000000000e+01
  3.7550000000000000e-01
dd1bend2           3   14  228
   0   0   0
 -1.0000000000000000e+01  1.0000000000000000e+01 -1.0000000000000000e+01  1.0000000000000000e+01
  3.7550000000000000e-01
dd1bend2           3   15  229
   0   0   0
 -1.0000000000000000e+01  1.0000000000000000e+01 -1.0000000000000000e+01  1.0000000000000000e+01
  3.7550000000000000e-01
dd1bcentre         2   11  230
   0   0   0
 -1.0000000000000000e+01  1.0000000000000000e+01 -1.0000000000000000e+01  1.0000000000000000e+01
  2.0000000000000001e-01
dd1bcentre         2   12  231
   0   0   0
 -1.0000000000000000e+01  1.0000000000000000e+01 -1.0000000000000000e+01  1.0000000000000000e+01
  2.0000000000000001e-01
dd1bcentre         2   13  232
   0   0   0
 -1.0000000000000000e+01  1.0000000000000000e+01 -1.0000000000000000e+01  1.0000000000000000e+01
  2.0000000000000001e-01
dd1bcentre         2   14  233
   0   0   0
 -1.0000000000000000e+01  1.0000000000000000e+01 -1.0000000000000000e+01  1.0000000000000000e+01
  2.0000000000000001e-01
dd1bcentre         2   15  234
   0   0   0
 -1.0000000000000000e+01  1.0000000000000000e+01 -1.0000000000000000e+01  1.0000000000000000e+01
  2.0000000000000001e-01
dd1bcentre         2   16  235
   0   0   0
 -1.0000000000000000e+01  1.0000000000000000e+01 -1.0000000000000000e+01  1.0000000000000000e+01
  2.0000000000000001e-01
dd1bcentre         2   17  236
   0   0   0
 -1.0000000000000000e+01  1.0000000000000000e+01 -1.0000000000000000e+01  1.0000000000000000e+01
  2.0000000000000001e-01
dd1bcentre         2   18  237
   0   0   0
 -1.0000000000000000e+01  1.0000000000000000e+01 -1.0000000000000000e+01  1.0000000000000000e+01
  2.0000000000000001e-01
dd1bcentre         2   19  238
   0   0   0
 -1.0000000000000000e+01  1.0000000000000000e+01 -1.0000000000000000e+01  1.0000000000000000e+01
  2.0000000000000001e-01
dd1bcentre         2   20  239
   0   0   0
 -1.0000000000000000e+01  1.0000000000000000e+01 -1.0000000000000000e+01  1.0000000000000000e+01
  2.0000000000000001e-01
dd1bend2           3   16  240
   0   0   0
 -1.0000000000000000e+01  1.0000000000000000e+01 -1.0000000000000000e+01  1.0000000000000000e+01
  3.7550000000000000e-01
dd1bend2           3   17  241
   0   0   0
 -1.0000000000000000e+01  1.0000000000000000e+01 -1.0000000000000000e+01  1.0000000000000000e+01
  3.7550000000000000e-01
dd1bend2           3   18  242
   0   0   0
 -1.0000000000000000e+01  1.0000000000000000e+01 -1.0000000000000000e+01  1.0000000000000000e+01
  3.7550000000000000e-01
dd1bend2           3   19  243
   0   0   0
 -1.0000000000000000e+01  1.0000000000000000e+01 -1.0000000000000000e+01  1.0000000000000000e+01
  3.7550000000000000e-01
dd1bend2           3   20  244
   0   0   0
 -1.0000000000000000e+01  1.0000000000000000e+01 -1.0000000000000000e+01  1.0000000000000000e+01
  3.7550000000000000e-01
mbpm              49   15  245
  -1   0   0
 -1.0000000000000000e+01  1.0000000000000000e+01 -1.0000000000000000e+01  1.0000000000000000e+01
k1                47    9  246
  -1   0   0
 -1.0000000000000000e+01  1.0000000000000000e+01 -1.0000000000000000e+01  1.0000000000000000e+01
kd1                4    5  247
   0   0   0
 -1.0000000000000000e+01  1.0000000000000000e+01 -1.0000000000000000e+01  1.0000000000000000e+01
  8.9300000000000002e-01
k1                47   10  248
  -1   0   0
 -1.0000000000000000e+01  1.0000000000000000e+01 -1.0000000000000000e+01  1.0000000000000000e+01
kd2                5    5  249
   0   0   0
 -1.0000000000000000e+01  1.0000000000000000e+01 -1.0000000000000000e+01  1.0000000000000000e+01
  3.9779999999999999e-01
q1b               31    4  250
   1   4  16
 -1.0000000000000000e+01  1.0000000000000000e+01 -1.0000000000000000e+01  1.0000000000000000e+01
  0.0000000000000000e+00  0.0000000000000000e+00  0.0000000000000000e+00  0.0000000000000000e+00
  4.0639999999999998e-01  0.0000000000000000e+00  0.0000000000000000e+00  0.0000000000000000e+00  0.0000000000000000e+00
   1  2
  2 -1.2289551999999999e+00  0.0000000000000000e+00
d2b                6    5  251
   0   0   0
 -1.0000000000000000e+01  1.0000000000000000e+01 -1.0000000000000000e+01  1.0000000000000000e+01
  1.4680000000000001e-01
begin_s           52   15  252
  -1   0   0
 -1.0000000000000000e+01  1.0000000000000000e+01 -1.0000000000000000e+01  1.0000000000000000e+01
ds                36   29  253
   0   0   0
 -1.0000000000000000e+01  1.0000000000000000e+01 -1.0000000000000000e+01  1.0000000000000000e+01
  5.0000000000000001e-03
ss1b              39    3  254
   1   4   1
 -1.0000000000000000e+01  1.0000000000000000e+01 -1.0000000000000000e+01  1.0000000000000000e+01
  0.0000000000000000e+00  0.0000000000000000e+00  0.0000000000000000e+00  0.0000000000000000e+00
  2.8999999999999998e-01  0.0000000000000000e+00  0.0000000000000000e+00  0.0000000000000000e+00  0.0000000000000000e+00
   1  3
  3  1.0734110455631345e+01  0.0000000000000000e+00
hstr              50   15  255
   3   4   0
 -1.0000000000000000e+01  1.0000000000000000e+01 -1.0000000000000000e+01  1.0000000000000000e+01
  0.0000000000000000e+00  0.0000000000000000e+00  0.0000000000000000e+00
   0  0
vstr              51   15  256
   3   4   0
 -1.0000000000000000e+01  1.0000000000000000e+01 -1.0000000000000000e+01  1.0000000000000000e+01
  0.0000000000000000e+00  0.0000000000000000e+00  0.0000000000000000e+00
   0  0
ds                36   30  257
   0   0   0
 -1.0000000000000000e+01  1.0000000000000000e+01 -1.0000000000000000e+01  1.0000000000000000e+01
  5.0000000000000001e-03
end_s             53   15  258
  -1   0   0
 -1.0000000000000000e+01  1.0000000000000000e+01 -1.0000000000000000e+01  1.0000000000000000e+01
d3b                7    5  259
   0   0   0
 -1.0000000000000000e+01  1.0000000000000000e+01 -1.0000000000000000e+01  1.0000000000000000e+01
  2.3185000000000000e-01
q2b               27    4  260
   1   4  16
 -1.0000000000000000e+01  1.0000000000000000e+01 -1.0000000000000000e+01  1.0000000000000000e+01
  0.0000000000000000e+00  0.0000000000000000e+00  0.0000000000000000e+00  0.0000000000000000e+00
  6.0629999999999995e-01  0.0000000000000000e+00  0.0000000000000000e+00  0.0000000000000000e+00  0.0000000000000000e+00
   1  2
  2  1.4630243000000001e+00  0.0000000000000000e+00
d4b                8    3  261
   0   0   0
 -1.0000000000000000e+01  1.0000000000000000e+01 -1.0000000000000000e+01  1.0000000000000000e+01
  4.5834999999999998e-01
q3b               34    4  262
   1   4  16
 -1.0000000000000000e+01  1.0000000000000000e+01 -1.0000000000000000e+01  1.0000000000000000e+01
  0.0000000000000000e+00  0.0000000000000000e+00  0.0000000000000000e+00  0.0000000000000000e+00
  3.0700000000000000e-01  0.0000000000000000e+00  0.0000000000000000e+00  0.0000000000000000e+00  0.0000000000000000e+00
   1  2
  2 -8.6754460000000000e-01  0.0000000000000000e+00
d5b               11    5  263
   0   0   0
 -1.0000000000000000e+01  1.0000000000000000e+01 -1.0000000000000000e+01  1.0000000000000000e+01
  1.9650000000000001e-01
begin_s           52   16  264
  -1   0   0
 -1.0000000000000000e+01  1.0000000000000000e+01 -1.0000000000000000e+01  1.0000000000000000e+01
ds                36   31  265
   0   0   0
 -1.0000000000000000e+01  1.0000000000000000e+01 -1.0000000000000000e+01  1.0000000000000000e+01
  5.0000000000000001e-03
ss2b              40    3  266
   1   4   1
 -1.0000000000000000e+01  1.0000000000000000e+01 -1.0000000000000000e+01  1.0000000000000000e+01
  0.0000000000000000e+00  0.0000000000000000e+00  0.0000000000000000e+00  0.0000000000000000e+00
  2.8999999999999998e-01  0.0000000000000000e+00  0.0000000000000000e+00  0.0000000000000000e+00  0.0000000000000000e+00
   1  3
  3 -1.7582667668410174e+01  0.0000000000000000e+00
hstr              50   16  267
   3   4   0
 -1.0000000000000000e+01  1.0000000000000000e+01 -1.0000000000000000e+01  1.0000000000000000e+01
  0.0000000000000000e+00  0.0000000000000000e+00  0.0000000000000000e+00
   0  0
vstr              51   16  268
   3   4   0
 -1.0000000000000000e+01  1.0000000000000000e+01 -1.0000000000000000e+01  1.0000000000000000e+01
  0.0000000000000000e+00  0.0000000000000000e+00  0.0000000000000000e+00
   0  0
ds                36   32  269
   0   0   0
 -1.0000000000000000e+01  1.0000000000000000e+01 -1.0000000000000000e+01  1.0000000000000000e+01
  5.0000000000000001e-03
end_s             53   16  270
  -1   0   0
 -1.0000000000000000e+01  1.0000000000000000e+01 -1.0000000000000000e+01  1.0000000000000000e+01
d6ba              13    3  271
   0   0   0
 -1.0000000000000000e+01  1.0000000000000000e+01 -1.0000000000000000e+01  1.0000000000000000e+01
  1.8500000000000000e-01
mbpm              49   16  272
  -1   0   0
 -1.0000000000000000e+01  1.0000000000000000e+01 -1.0000000000000000e+01  1.0000000000000000e+01
d6bb              14    3  273
   0   0   0
 -1.0000000000000000e+01  1.0000000000000000e+01 -1.0000000000000000e+01  1.0000000000000000e+01
  4.8399999999999999e-01
bb                35    5  274
   1   4   4
 -1.0000000000000000e+01  1.0000000000000000e+01 -1.0000000000000000e+01  1.0000000000000000e+01
  0.0000000000000000e+00  0.0000000000000000e+00  0.0000000000000000e+00  0.0000000000000000e+00
  9.3300000000000005e-01  1.4029977909922262e-01  3.7500000000000000e+00  3.7500000000000000e+00  8.2948000000000008e-02
   0  1
d4a               22    3  275
   0   0   0
 -1.0000000000000000e+01  1.0000000000000000e+01 -1.0000000000000000e+01  1.0000000000000000e+01
  5.8579999999999999e-01
q2ab              25    4  276
   1   4  16
 -1.0000000000000000e+01  1.0000000000000000e+01 -1.0000000000000000e+01  1.0000000000000000e+01
  0.0000000000000000e+00  0.0000000000000000e+00  0.0000000000000000e+00  0.0000000000000000e+00
  4.0639999999999998e-01  0.0000000000000000e+00  0.0000000000000000e+00  0.0000000000000000e+00  0.0000000000000000e+00
   1  2
  2 -1.0331410000000001e+00  0.0000000000000000e+00
d3aa              20    3  277
   0   0   0
 -1.0000000000000000e+01  1.0000000000000000e+01 -1.0000000000000000e+01  1.0000000000000000e+01
  1.5830000000000000e-01
mbpm              49   17  278
  -1   0   0
 -1.0000000000000000e+01  1.0000000000000000e+01 -1.0000000000000000e+01  1.0000000000000000e+01
d3ab              21    3  279
   0   0   0
 -1.0000000000000000e+01  1.0000000000000000e+01 -1.0000000000000000e+01  1.0000000000000000e+01
  2.6350000000000001e-01
begin_s           52   17  280
  -1   0   0
 -1.0000000000000000e+01  1.0000000000000000e+01 -1.0000000000000000e+01  1.0000000000000000e+01
ds                36   33  281
   0   0   0
 -1.0000000000000000e+01  1.0000000000000000e+01 -1.0000000000000000e+01  1.0000000000000000e+01
  5.0000000000000001e-03
ss2a              38    5  282
   1   4   1
 -1.0000000000000000e+01  1.0000000000000000e+01 -1.0000000000000000e+01  1.0000000000000000e+01
  0.0000000000000000e+00  0.0000000000000000e+00  0.0000000000000000e+00  0.0000000000000000e+00
  1.9000000000000000e-01  0.0000000000000000e+00  0.0000000000000000e+00  0.0000000000000000e+00  0.0000000000000000e+00
   1  3
  3 -1.7456445746575859e+01  0.0000000000000000e+00
hstr              50   17  283
   3   4   0
 -1.0000000000000000e+01  1.0000000000000000e+01 -1.0000000000000000e+01  1.0000000000000000e+01
  0.0000000000000000e+00  0.0000000000000000e+00  0.0000000000000000e+00
   0  0
vstr              51   17  284
   3   4   0
 -1.0000000000000000e+01  1.0000000000000000e+01 -1.0000000000000000e+01  1.0000000000000000e+01
  0.0000000000000000e+00  0.0000000000000000e+00  0.0000000000000000e+00
   0  0
ds                36   34  285
   0   0   0
 -1.0000000000000000e+01  1.0000000000000000e+01 -1.0000000000000000e+01  1.0000000000000000e+01
  5.0000000000000001e-03
end_s             53   17  286
  -1   0   0
 -1.0000000000000000e+01  1.0000000000000000e+01 -1.0000000000000000e+01  1.0000000000000000e+01
d2a               18    5  287
   0   0   0
 -1.0000000000000000e+01  1.0000000000000000e+01 -1.0000000000000000e+01  1.0000000000000000e+01
  1.9520000000000001e-01
q1ab              33    4  288
   1   4  16
 -1.0000000000000000e+01  1.0000000000000000e+01 -1.0000000000000000e+01  1.0000000000000000e+01
  0.0000000000000000e+00  0.0000000000000000e+00  0.0000000000000000e+00  0.0000000000000000e+00
  4.0760000000000002e-01  0.0000000000000000e+00  0.0000000000000000e+00  0.0000000000000000e+00  0.0000000000000000e+00
   1  2
  2  1.2639501000000000e+00  0.0000000000000000e+00
d1aa              16    3  289
   0   0   0
 -1.0000000000000000e+01  1.0000000000000000e+01 -1.0000000000000000e+01  1.0000000000000000e+01
  1.1870000000000000e-01
mbpm              49   18  290
  -1   0   0
 -1.0000000000000000e+01  1.0000000000000000e+01 -1.0000000000000000e+01  1.0000000000000000e+01
d1ab              17    3  291
   0   0   0
 -1.0000000000000000e+01  1.0000000000000000e+01 -1.0000000000000000e+01  1.0000000000000000e+01
  1.1600000000000001e-01
begin_s           52   18  292
  -1   0   0
 -1.0000000000000000e+01  1.0000000000000000e+01 -1.0000000000000000e+01  1.0000000000000000e+01
ds                36   35  293
   0   0   0
 -1.0000000000000000e+01  1.0000000000000000e+01 -1.0000000000000000e+01  1.0000000000000000e+01
  5.0000000000000001e-03
ss1a              37    3  294
   1   4   1
 -1.0000000000000000e+01  1.0000000000000000e+01 -1.0000000000000000e+01  1.0000000000000000e+01
  0.0000000000000000e+00  0.0000000000000000e+00  0.0000000000000000e+00  0.0000000000000000e+00
  2.8999999999999998e-01  0.0000000000000000e+00  0.0000000000000000e+00  0.0000000000000000e+00  0.0000000000000000e+00
   1  3
  3  1.8872389882894272e+01  0.0000000000000000e+00
hstr              50   18  295
   3   4   0
 -1.0000000000000000e+01  1.0000000000000000e+01 -1.0000000000000000e+01  1.0000000000000000e+01
  0.0000000000000000e+00  0.0000000000000000e+00  0.0000000000000000e+00
   0  0
vstr              51   18  296
   3   4   0
 -1.0000000000000000e+01  1.0000000000000000e+01 -1.0000000000000000e+01  1.0000000000000000e+01
  0.0000000000000000e+00  0.0000000000000000e+00  0.0000000000000000e+00
   0  0
ds                36   36  297
   0   0   0
 -1.0000000000000000e+01  1.0000000000000000e+01 -1.0000000000000000e+01  1.0000000000000000e+01
  5.0000000000000001e-03
end_s             53   18  298
  -1   0   0
 -1.0000000000000000e+01  1.0000000000000000e+01 -1.0000000000000000e+01  1.0000000000000000e+01
d1a               15    3  299
   0   0   0
 -1.0000000000000000e+01  1.0000000000000000e+01 -1.0000000000000000e+01  1.0000000000000000e+01
  2.3469999999999999e-01
q1ab              33    5  300
   1   4  16
 -1.0000000000000000e+01  1.0000000000000000e+01 -1.0000000000000000e+01  1.0000000000000000e+01
  0.0000000000000000e+00  0.0000000000000000e+00  0.0000000000000000e+00  0.0000000000000000e+00
  4.0760000000000002e-01  0.0000000000000000e+00  0.0000000000000000e+00  0.0000000000000000e+00  0.0000000000000000e+00
   1  2
  2  1.2639501000000000e+00  0.0000000000000000e+00
d2a               18    6  301
   0   0   0
 -1.0000000000000000e+01  1.0000000000000000e+01 -1.0000000000000000e+01  1.0000000000000000e+01
  1.9520000000000001e-01
begin_s           52   19  302
  -1   0   0
 -1.0000000000000000e+01  1.0000000000000000e+01 -1.0000000000000000e+01  1.0000000000000000e+01
ds                36   37  303
   0   0   0
 -1.0000000000000000e+01  1.0000000000000000e+01 -1.0000000000000000e+01  1.0000000000000000e+01
  5.0000000000000001e-03
ss2a              38    6  304
   1   4   1
 -1.0000000000000000e+01  1.0000000000000000e+01 -1.0000000000000000e+01  1.0000000000000000e+01
  0.0000000000000000e+00  0.0000000000000000e+00  0.0000000000000000e+00  0.0000000000000000e+00
  1.9000000000000000e-01  0.0000000000000000e+00  0.0000000000000000e+00  0.0000000000000000e+00  0.0000000000000000e+00
   1  3
  3 -1.7456445746575859e+01  0.0000000000000000e+00
hstr              50   19  305
   3   4   0
 -1.0000000000000000e+01  1.0000000000000000e+01 -1.0000000000000000e+01  1.0000000000000000e+01
  0.0000000000000000e+00  0.0000000000000000e+00  0.0000000000000000e+00
   0  0
vstr              51   19  306
   3   4   0
 -1.0000000000000000e+01  1.0000000000000000e+01 -1.0000000000000000e+01  1.0000000000000000e+01
  0.0000000000000000e+00  0.0000000000000000e+00  0.0000000000000000e+00
   0  0
ds                36   38  307
   0   0   0
 -1.0000000000000000e+01  1.0000000000000000e+01 -1.0000000000000000e+01  1.0000000000000000e+01
  5.0000000000000001e-03
end_s             53   19  308
  -1   0   0
 -1.0000000000000000e+01  1.0000000000000000e+01 -1.0000000000000000e+01  1.0000000000000000e+01
d3a               19    3  309
   0   0   0
 -1.0000000000000000e+01  1.0000000000000000e+01 -1.0000000000000000e+01  1.0000000000000000e+01
  4.2180000000000001e-01
q2ab              25    5  310
   1   4  16
 -1.0000000000000000e+01  1.0000000000000000e+01 -1.0000000000000000e+01  1.0000000000000000e+01
  0.0000000000000000e+00  0.0000000000000000e+00  0.0000000000000000e+00  0.0000000000000000e+00
  4.0639999999999998e-01  0.0000000000000000e+00  0.0000000000000000e+00  0.0000000000000000e+00  0.0000000000000000e+00
   1  2
  2 -1.0331410000000001e+00  0.0000000000000000e+00
d4aa              23    3  311
   0   0   0
 -1.0000000000000000e+01  1.0000000000000000e+01 -1.0000000000000000e+01  1.0000000000000000e+01
  1.0180000000000000e-01
mbpm              49   19  312
  -1   0   0
 -1.0000000000000000e+01  1.0000000000000000e+01 -1.0000000000000000e+01  1.0000000000000000e+01
d4ab              24    3  313
   0   0   0
 -1.0000000000000000e+01  1.0000000000000000e+01 -1.0000000000000000e+01  1.0000000000000000e+01
  4.8399999999999999e-01
bb                35    6  314
   1   4   4
 -1.0000000000000000e+01  1.0000000000000000e+01 -1.0000000000000000e+01  1.0000000000000000e+01
  0.0000000000000000e+00  0.0000000000000000e+00  0.0000000000000000e+00  0.0000000000000000e+00
  9.3300000000000005e-01  1.4029977909922262e-01  3.7500000000000000e+00  3.7500000000000000e+00  8.2948000000000008e-02
   0  1
d6b               12    3  315
   0   0   0
 -1.0000000000000000e+01  1.0000000000000000e+01 -1.0000000000000000e+01  1.0000000000000000e+01
  6.6900000000000004e-01
begin_s           52   20  316
  -1   0   0
 -1.0000000000000000e+01  1.0000000000000000e+01 -1.0000000000000000e+01  1.0000000000000000e+01
ds                36   39  317
   0   0   0
 -1.0000000000000000e+01  1.0000000000000000e+01 -1.0000000000000000e+01  1.0000000000000000e+01
  5.0000000000000001e-03
ss2b              40    4  318
   1   4   1
 -1.0000000000000000e+01  1.0000000000000000e+01 -1.0000000000000000e+01  1.0000000000000000e+01
  0.0000000000000000e+00  0.0000000000000000e+00  0.0000000000000000e+00  0.0000000000000000e+00
  2.8999999999999998e-01  0.0000000000000000e+00  0.0000000000000000e+00  0.0000000000000000e+00  0.0000000000000000e+00
   1  3
  3 -1.7582667668410174e+01  0.0000000000000000e+00
hstr              50   20  319
   3   4   0
 -1.0000000000000000e+01  1.0000000000000000e+01 -1.0000000000000000e+01  1.0000000000000000e+01
  0.0000000000000000e+00  0.0000000000000000e+00  0.0000000000000000e+00
   0  0
vstr              51   20  320
   3   4   0
 -1.0000000000000000e+01  1.0000000000000000e+01 -1.0000000000000000e+01  1.0000000000000000e+01
  0.0000000000000000e+00  0.0000000000000000e+00  0.0000000000000000e+00
   0  0
ds                36   40  321
   0   0   0
 -1.0000000000000000e+01  1.0000000000000000e+01 -1.0000000000000000e+01  1.0000000000000000e+01
  5.0000000000000001e-03
end_s             53   20  322
  -1   0   0
 -1.0000000000000000e+01  1.0000000000000000e+01 -1.0000000000000000e+01  1.0000000000000000e+01
d5b               11    6  323
   0   0   0
 -1.0000000000000000e+01  1.0000000000000000e+01 -1.0000000000000000e+01  1.0000000000000000e+01
  1.9650000000000001e-01
q3b               34    5  324
   1   4  16
 -1.0000000000000000e+01  1.0000000000000000e+01 -1.0000000000000000e+01  1.0000000000000000e+01
  0.0000000000000000e+00  0.0000000000000000e+00  0.0000000000000000e+00  0.0000000000000000e+00
  3.0700000000000000e-01  0.0000000000000000e+00  0.0000000000000000e+00  0.0000000000000000e+00  0.0000000000000000e+00
   1  2
  2 -8.6754460000000000e-01  0.0000000000000000e+00
d4ba               9    3  325
   0   0   0
 -1.0000000000000000e+01  1.0000000000000000e+01 -1.0000000000000000e+01  1.0000000000000000e+01
  1.7299999999999999e-01
mbpm              49   20  326
  -1   0   0
 -1.0000000000000000e+01  1.0000000000000000e+01 -1.0000000000000000e+01  1.0000000000000000e+01
d4bb              10    3  327
   0   0   0
 -1.0000000000000000e+01  1.0000000000000000e+01 -1.0000000000000000e+01  1.0000000000000000e+01
  2.8534999999999999e-01
q2b               27    5  328
   1   4  16
 -1.0000000000000000e+01  1.0000000000000000e+01 -1.0000000000000000e+01  1.0000000000000000e+01
  0.0000000000000000e+00  0.0000000000000000e+00  0.0000000000000000e+00  0.0000000000000000e+00
  6.0629999999999995e-01  0.0000000000000000e+00  0.0000000000000000e+00  0.0000000000000000e+00  0.0000000000000000e+00
   1  2
  2  1.4630243000000001e+00  0.0000000000000000e+00
d3b                7    6  329
   0   0   0
 -1.0000000000000000e+01  1.0000000000000000e+01 -1.0000000000000000e+01  1.0000000000000000e+01
  2.3185000000000000e-01
begin_s           52   21  330
  -1   0   0
 -1.0000000000000000e+01  1.0000000000000000e+01 -1.0000000000000000e+01  1.0000000000000000e+01
ds                36   41  331
   0   0   0
 -1.0000000000000000e+01  1.0000000000000000e+01 -1.0000000000000000e+01  1.0000000000000000e+01
  5.0000000000000001e-03
ss1b              39    4  332
   1   4   1
 -1.0000000000000000e+01  1.0000000000000000e+01 -1.0000000000000000e+01  1.0000000000000000e+01
  0.0000000000000000e+00  0.0000000000000000e+00  0.0000000000000000e+00  0.0000000000000000e+00
  2.8999999999999998e-01  0.0000000000000000e+00  0.0000000000000000e+00  0.0000000000000000e+00  0.0000000000000000e+00
   1  3
  3  1.0734110455631345e+01  0.0000000000000000e+00
hstr              50   21  333
   3   4   0
 -1.0000000000000000e+01  1.0000000000000000e+01 -1.0000000000000000e+01  1.0000000000000000e+01
  0.0000000000000000e+00  0.0000000000000000e+00  0.0000000000000000e+00
   0  0
vstr              51   21  334
   3   4   0
 -1.0000000000000000e+01  1.0000000000000000e+01 -1.0000000000000000e+01  1.0000000000000000e+01
  0.0000000000000000e+00  0.0000000000000000e+00  0.0000000000000000e+00
   0  0
ds                36   42  335
   0   0   0
 -1.0000000000000000e+01  1.0000000000000000e+01 -1.0000000000000000e+01  1.0000000000000000e+01
  5.0000000000000001e-03
end_s             53   21  336
  -1   0   0
 -1.0000000000000000e+01  1.0000000000000000e+01 -1.0000000000000000e+01  1.0000000000000000e+01
d2b                6    6  337
   0   0   0
 -1.0000000000000000e+01  1.0000000000000000e+01 -1.0000000000000000e+01  1.0000000000000000e+01
  1.4680000000000001e-01
q1b               31    5  338
   1   4  16
 -1.0000000000000000e+01  1.0000000000000000e+01 -1.0000000000000000e+01  1.0000000000000000e+01
  0.0000000000000000e+00  0.0000000000000000e+00  0.0000000000000000e+00  0.0000000000000000e+00
  4.0639999999999998e-01  0.0000000000000000e+00  0.0000000000000000e+00  0.0000000000000000e+00  0.0000000000000000e+00
   1  2
  2 -1.2289551999999999e+00  0.0000000000000000e+00
kd2                5    6  339
   0   0   0
 -1.0000000000000000e+01  1.0000000000000000e+01 -1.0000000000000000e+01  1.0000000000000000e+01
  3.9779999999999999e-01
k1                47   11  340
  -1   0   0
 -1.0000000000000000e+01  1.0000000000000000e+01 -1.0000000000000000e+01  1.0000000000000000e+01
kd1                4    6  341
   0   0   0
 -1.0000000000000000e+01  1.0000000000000000e+01 -1.0000000000000000e+01  1.0000000000000000e+01
  8.9300000000000002e-01
k1                47   12  342
  -1   0   0
 -1.0000000000000000e+01  1.0000000000000000e+01 -1.0000000000000000e+01  1.0000000000000000e+01
mbpm              49   21  343
  -1   0   0
 -1.0000000000000000e+01  1.0000000000000000e+01 -1.0000000000000000e+01  1.0000000000000000e+01
dd1bend2           3   21  344
   0   0   0
 -1.0000000000000000e+01  1.0000000000000000e+01 -1.0000000000000000e+01  1.0000000000000000e+01
  3.7550000000000000e-01
dd1bend2           3   22  345
   0   0   0
 -1.0000000000000000e+01  1.0000000000000000e+01 -1.0000000000000000e+01  1.0000000000000000e+01
  3.7550000000000000e-01
dd1bend2           3   23  346
   0   0   0
 -1.0000000000000000e+01  1.0000000000000000e+01 -1.0000000000000000e+01  1.0000000000000000e+01
  3.7550000000000000e-01
dd1bend2           3   24  347
   0   0   0
 -1.0000000000000000e+01  1.0000000000000000e+01 -1.0000000000000000e+01  1.0000000000000000e+01
  3.7550000000000000e-01
dd1bend2           3   25  348
   0   0   0
 -1.0000000000000000e+01  1.0000000000000000e+01 -1.0000000000000000e+01  1.0000000000000000e+01
  3.7550000000000000e-01
dd1bcentre         2   21  349
   0   0   0
 -1.0000000000000000e+01  1.0000000000000000e+01 -1.0000000000000000e+01  1.0000000000000000e+01
  2.0000000000000001e-01
dd1bcentre         2   22  350
   0   0   0
 -1.0000000000000000e+01  1.0000000000000000e+01 -1.0000000000000000e+01  1.0000000000000000e+01
  2.0000000000000001e-01
dd1bcentre         2   23  351
   0   0   0
 -1.0000000000000000e+01  1.0000000000000000e+01 -1.0000000000000000e+01  1.0000000000000000e+01
  2.0000000000000001e-01
dd1bcentre         2   24  352
   0   0   0
 -1.0000000000000000e+01  1.0000000000000000e+01 -1.0000000000000000e+01  1.0000000000000000e+01
  2.0000000000000001e-01
dd1bcentre         2   25  353
   0   0   0
 -1.0000000000000000e+01  1.0000000000000000e+01 -1.0000000000000000e+01  1.0000000000000000e+01
  2.0000000000000001e-01
dd1bcentre         2   26  354
   0   0   0
 -1.0000000000000000e+01  1.0000000000000000e+01 -1.0000000000000000e+01  1.0000000000000000e+01
  2.0000000000000001e-01
dd1bcentre         2   27  355
   0   0   0
 -1.0000000000000000e+01  1.0000000000000000e+01 -1.0000000000000000e+01  1.0000000000000000e+01
  2.0000000000000001e-01
dd1bcentre         2   28  356
   0   0   0
 -1.0000000000000000e+01  1.0000000000000000e+01 -1.0000000000000000e+01  1.0000000000000000e+01
  2.0000000000000001e-01
dd1bcentre         2   29  357
   0   0   0
 -1.0000000000000000e+01  1.0000000000000000e+01 -1.0000000000000000e+01  1.0000000000000000e+01
  2.0000000000000001e-01
dd1bcentre         2   30  358
   0   0   0
 -1.0000000000000000e+01  1.0000000000000000e+01 -1.0000000000000000e+01  1.0000000000000000e+01
  2.0000000000000001e-01
dd1bend2           3   26  359
   0   0   0
 -1.0000000000000000e+01  1.0000000000000000e+01 -1.0000000000000000e+01  1.0000000000000000e+01
  3.7550000000000000e-01
dd1bend2           3   27  360
   0   0   0
 -1.0000000000000000e+01  1.0000000000000000e+01 -1.0000000000000000e+01  1.0000000000000000e+01
  3.7550000000000000e-01
dd1bend2           3   28  361
   0   0   0
 -1.0000000000000000e+01  1.0000000000000000e+01 -1.0000000000000000e+01  1.0000000000000000e+01
  3.7550000000000000e-01
dd1bend2           3   29  362
   0   0   0
 -1.0000000000000000e+01  1.0000000000000000e+01 -1.0000000000000000e+01  1.0000000000000000e+01
  3.7550000000000000e-01
dd1bend2           3   30  363
   0   0   0
 -1.0000000000000000e+01  1.0000000000000000e+01 -1.0000000000000000e+01  1.0000000000000000e+01
  3.7550000000000000e-01
mbpm              49   22  364
  -1   0   0
 -1.0000000000000000e+01  1.0000000000000000e+01 -1.0000000000000000e+01  1.0000000000000000e+01
k1                47   13  365
  -1   0   0
 -1.0000000000000000e+01  1.0000000000000000e+01 -1.0000000000000000e+01  1.0000000000000000e+01
kd1                4    7  366
   0   0   0
 -1.0000000000000000e+01  1.0000000000000000e+01 -1.0000000000000000e+01  1.0000000000000000e+01
  8.9300000000000002e-01
k1                47   14  367
  -1   0   0
 -1.0000000000000000e+01  1.0000000000000000e+01 -1.0000000000000000e+01  1.0000000000000000e+01
kd2                5    7  368
   0   0   0
 -1.0000000000000000e+01  1.0000000000000000e+01 -1.0000000000000000e+01  1.0000000000000000e+01
  3.9779999999999999e-01
q1b               31    6  369
   1   4  16
 -1.0000000000000000e+01  1.0000000000000000e+01 -1.0000000000000000e+01  1.0000000000000000e+01
  0.0000000000000000e+00  0.0000000000000000e+00  0.0000000000000000e+00  0.0000000000000000e+00
  4.0639999999999998e-01  0.0000000000000000e+00  0.0000000000000000e+00  0.0000000000000000e+00  0.0000000000000000e+00
   1  2
  2 -1.2289551999999999e+00  0.0000000000000000e+00
d2b                6    7  370
   0   0   0
 -1.0000000000000000e+01  1.0000000000000000e+01 -1.0000000000000000e+01  1.0000000000000000e+01
  1.4680000000000001e-01
begin_s           52   22  371
  -1   0   0
 -1.0000000000000000e+01  1.0000000000000000e+01 -1.0000000000000000e+01  1.0000000000000000e+01
ds                36   43  372
   0   0   0
 -1.0000000000000000e+01  1.0000000000000000e+01 -1.0000000000000000e+01  1.0000000000000000e+01
  5.0000000000000001e-03
ss1c              41    2  373
   1   4   1
 -1.0000000000000000e+01  1.0000000000000000e+01 -1.0000000000000000e+01  1.0000000000000000e+01
  0.0000000000000000e+00  0.0000000000000000e+00  0.0000000000000000e+00  0.0000000000000000e+00
  2.8999999999999998e-01  0.0000000000000000e+00  0.0000000000000000e+00  0.0000000000000000e+00  0.0000000000000000e+00
   1  3
  3  7.8116254770485103e+00  0.0000000000000000e+00
hstr              50   22  374
   3   4   0
 -1.0000000000000000e+01  1.0000000000000000e+01 -1.0000000000000000e+01  1.0000000000000000e+01
  0.0000000000000000e+00  0.0000000000000000e+00  0.0000000000000000e+00
   0  0
vstr              51   22  375
   3   4   0
 -1.0000000000000000e+01  1.0000000000000000e+01 -1.0000000000000000e+01  1.0000000000000000e+01
  0.0000000000000000e+00  0.0000000000000000e+00  0.0000000000000000e+00
   0  0
ds                36   44  376
   0   0   0
 -1.0000000000000000e+01  1.0000000000000000e+01 -1.0000000000000000e+01  1.0000000000000000e+01
  5.0000000000000001e-03
end_s             53   22  377
  -1   0   0
 -1.0000000000000000e+01  1.0000000000000000e+01 -1.0000000000000000e+01  1.0000000000000000e+01
d3b                7    7  378
   0   0   0
 -1.0000000000000000e+01  1.0000000000000000e+01 -1.0000000000000000e+01  1.0000000000000000e+01
  2.3185000000000000e-01
q2b               27    6  379
   1   4  16
 -1.0000000000000000e+01  1.0000000000000000e+01 -1.0000000000000000e+01  1.0000000000000000e+01
  0.0000000000000000e+00  0.0000000000000000e+00  0.0000000000000000e+00  0.0000000000000000e+00
  6.0629999999999995e-01  0.0000000000000000e+00  0.0000000000000000e+00  0.0000000000000000e+00  0.0000000000000000e+00
   1  2
  2  1.4630243000000001e+00  0.0000000000000000e+00
d4b                8    4  380
   0   0   0
 -1.0000000000000000e+01  1.0000000000000000e+01 -1.0000000000000000e+01  1.0000000000000000e+01
  4.5834999999999998e-01
q3b               34    6  381
   1   4  16
 -1.0000000000000000e+01  1.0000000000000000e+01 -1.0000000000000000e+01  1.0000000000000000e+01
  0.0000000000000000e+00  0.0000000000000000e+00  0.0000000000000000e+00  0.0000000000000000e+00
  3.0700000000000000e-01  0.0000000000000000e+00  0.0000000000000000e+00  0.0000000000000000e+00  0.0000000000000000e+00
   1  2
  2 -8.6754460000000000e-01  0.0000000000000000e+00
d5b               11    7  382
   0   0   0
 -1.0000000000000000e+01  1.0000000000000000e+01 -1.0000000000000000e+01  1.0000000000000000e+01
  1.9650000000000001e-01
begin_s           52   23  383
  -1   0   0
 -1.0000000000000000e+01  1.0000000000000000e+01 -1.0000000000000000e+01  1.0000000000000000e+01
ds                36   45  384
   0   0   0
 -1.0000000000000000e+01  1.0000000000000000e+01 -1.0000000000000000e+01  1.0000000000000000e+01
  5.0000000000000001e-03
ss2c              42    2  385
   1   4   1
 -1.0000000000000000e+01  1.0000000000000000e+01 -1.0000000000000000e+01  1.0000000000000000e+01
  0.0000000000000000e+00  0.0000000000000000e+00  0.0000000000000000e+00  0.0000000000000000e+00
  2.8999999999999998e-01  0.0000000000000000e+00  0.0000000000000000e+00  0.0000000000000000e+00  0.0000000000000000e+00
   1  3
  3 -1.0567625728421390e+01  0.0000000000000000e+00
hstr              50   23  386
   3   4   0
 -1.0000000000000000e+01  1.0000000000000000e+01 -1.0000000000000000e+01  1.0000000000000000e+01
  0.0000000000000000e+00  0.0000000000000000e+00  0.0000000000000000e+00
   0  0
vstr              51   23  387
   3   4   0
 -1.0000000000000000e+01  1.0000000000000000e+01 -1.0000000000000000e+01  1.0000000000000000e+01
  0.0000000000000000e+00  0.0000000000000000e+00  0.0000000000000000e+00
   0  0
ds                36   46  388
   0   0   0
 -1.0000000000000000e+01  1.0000000000000000e+01 -1.0000000000000000e+01  1.0000000000000000e+01
  5.0000000000000001e-03
end_s             53   23  389
  -1   0   0
 -1.0000000000000000e+01  1.0000000000000000e+01 -1.0000000000000000e+01  1.0000000000000000e+01
d6ba              13    4  390
   0   0   0
 -1.0000000000000000e+01  1.0000000000000000e+01 -1.0000000000000000e+01  1.0000000000000000e+01
  1.8500000000000000e-01
mbpm              49   23  391
  -1   0   0
 -1.0000000000000000e+01  1.0000000000000000e+01 -1.0000000000000000e+01  1.0000000000000000e+01
d6bb              14    4  392
   0   0   0
 -1.0000000000000000e+01  1.0000000000000000e+01 -1.0000000000000000e+01  1.0000000000000000e+01
  4.8399999999999999e-01
bb                35    7  393
   1   4   4
 -1.0000000000000000e+01  1.0000000000000000e+01 -1.0000000000000000e+01  1.0000000000000000e+01
  0.0000000000000000e+00  0.0000000000000000e+00  0.0000000000000000e+00  0.0000000000000000e+00
  9.3300000000000005e-01  1.4029977909922262e-01  3.7500000000000000e+00  3.7500000000000000e+00  8.2948000000000008e-02
   0  1
d4a               22    4  394
   0   0   0
 -1.0000000000000000e+01  1.0000000000000000e+01 -1.0000000000000000e+01  1.0000000000000000e+01
  5.8579999999999999e-01
q2ab              25    6  395
   1   4  16
 -1.0000000000000000e+01  1.0000000000000000e+01 -1.0000000000000000e+01  1.0000000000000000e+01
  0.0000000000000000e+00  0.0000000000000000e+00  0.0000000000000000e+00  0.0000000000000000e+00
  4.0639999999999998e-01  0.0000000000000000e+00  0.0000000000000000e+00  0.0000000000000000e+00  0.0000000000000000e+00
   1  2
  2 -1.0331410000000001e+00  0.0000000000000000e+00
d3aa              20    4  396
   0   0   0
 -1.0000000000000000e+01  1.0000000000000000e+01 -1.0000000000000000e+01  1.0000000000000000e+01
  1.5830000000000000e-01
mbpm              49   24  397
  -1   0   0
 -1.0000000000000000e+01  1.0000000000000000e+01 -1.0000000000000000e+01  1.0000000000000000e+01
d3ab              21    4  398
   0   0   0
 -1.0000000000000000e+01  1.0000000000000000e+01 -1.0000000000000000e+01  1.0000000000000000e+01
  2.6350000000000001e-01
begin_s           52   24  399
  -1   0   0
 -1.0000000000000000e+01  1.0000000000000000e+01 -1.0000000000000000e+01  1.0000000000000000e+01
ds                36   47  400
   0   0   0
 -1.0000000000000000e+01  1.0000000000000000e+01 -1.0000000000000000e+01  1.0000000000000000e+01
  5.0000000000000001e-03
ss2a              38    7  401
   1   4   1
 -1.0000000000000000e+01  1.0000000000000000e+01 -1.0000000000000000e+01  1.0000000000000000e+01
  0.0000000000000000e+00  0.0000000000000000e+00  0.0000000000000000e+00  0.0000000000000000e+00
  1.9000000000000000e-01  0.0000000000000000e+00  0.0000000000000000e+00  0.0000000000000000e+00  0.0000000000000000e+00
   1  3
  3 -1.7456445746575859e+01  0.0000000000000000e+00
hstr              50   24  402
   3   4   0
 -1.0000000000000000e+01  1.0000000000000000e+01 -1.0000000000000000e+01  1.0000000000000000e+01
  0.0000000000000000e+00  0.0000000000000000e+00  0.0000000000000000e+00
   0  0
vstr              51   24  403
   3   4   0
 -1.0000000000000000e+01  1.0000000000000000e+01 -1.0000000000000000e+01  1.0000000000000000e+01
  0.0000000000000000e+00  0.0000000000000000e+00  0.0000000000000000e+00
   0  0
ds                36   48  404
   0   0   0
 -1.0000000000000000e+01  1.0000000000000000e+01 -1.0000000000000000e+01  1.0000000000000000e+01
  5.0000000000000001e-03
end_s             53   24  405
  -1   0   0
 -1.0000000000000000e+01  1.0000000000000000e+01 -1.0000000000000000e+01  1.0000000000000000e+01
d2a               18    7  406
   0   0   0
 -1.0000000000000000e+01  1.0000000000000000e+01 -1.0000000000000000e+01  1.0000000000000000e+01
  1.9520000000000001e-01
q1ab              33    6  407
   1   4  16
 -1.0000000000000000e+01  1.0000000000000000e+01 -1.0000000000000000e+01  1.0000000000000000e+01
  0.0000000000000000e+00  0.0000000000000000e+00  0.0000000000000000e+00  0.0000000000000000e+00
  4.0760000000000002e-01  0.0000000000000000e+00  0.0000000000000000e+00  0.0000000000000000e+00  0.0000000000000000e+00
   1  2
  2  1.2639501000000000e+00  0.0000000000000000e+00
d1aa              16    4  408
   0   0   0
 -1.0000000000000000e+01  1.0000000000000000e+01 -1.0000000000000000e+01  1.0000000000000000e+01
  1.1870000000000000e-01
mbpm              49   25  409
  -1   0   0
 -1.0000000000000000e+01  1.0000000000000000e+01 -1.0000000000000000e+01  1.0000000000000000e+01
d1ab              17    4  410
   0   0   0
 -1.0000000000000000e+01  1.0000000000000000e+01 -1.0000000000000000e+01  1.0000000000000000e+01
  1.1600000000000001e-01
begin_s           52   25  411
  -1   0   0
 -1.0000000000000000e+01  1.0000000000000000e+01 -1.0000000000000000e+01  1.0000000000000000e+01
ds                36   49  412
   0   0   0
 -1.0000000000000000e+01  1.0000000000000000e+01 -1.0000000000000000e+01  1.0000000000000000e+01
  5.0000000000000001e-03
ss1a              37    4  413
   1   4   1
 -1.0000000000000000e+01  1.0000000000000000e+01 -1.0000000000000000e+01  1.0000000000000000e+01
  0.0000000000000000e+00  0.0000000000000000e+00  0.0000000000000000e+00  0.0000000000000000e+00
  2.8999999999999998e-01  0.0000000000000000e+00  0.0000000000000000e+00  0.0000000000000000e+00  0.0000000000000000e+00
   1  3
  3  1.8872389882894272e+01  0.0000000000000000e+00
hstr              50   25  414
   3   4   0
 -1.0000000000000000e+01  1.0000000000000000e+01 -1.0000000000000000e+01  1.0000000000000000e+01
  0.0000000000000000e+00  0.0000000000000000e+00  0.0000000000000000e+00
   0  0
vstr              51   25  415
   3   4   0
 -1.0000000000000000e+01  1.0000000000000000e+01 -1.0000000000000000e+01  1.0000000000000000e+01
  0.0000000000000000e+00  0.0000000000000000e+00  0.0000000000000000e+00
   0  0
ds                36   50  416
   0   0   0
 -1.0000000000000000e+01  1.0000000000000000e+01 -1.0000000000000000e+01  1.0000000000000000e+01
  5.0000000000000001e-03
end_s             53   25  417
  -1   0   0
 -1.0000000000000000e+01  1.0000000000000000e+01 -1.0000000000000000e+01  1.0000000000000000e+01
d1a               15    4  418
   0   0   0
 -1.0000000000000000e+01  1.0000000000000000e+01 -1.0000000000000000e+01  1.0000000000000000e+01
  2.3469999999999999e-01
q1ad              32    2  419
   1   4  16
 -1.0000000000000000e+01  1.0000000000000000e+01 -1.0000000000000000e+01  1.0000000000000000e+01
  0.0000000000000000e+00  0.0000000000000000e+00  0.0000000000000000e+00  0.0000000000000000e+00
  4.0760000000000002e-01  0.0000000000000000e+00  0.0000000000000000e+00  0.0000000000000000e+00  0.0000000000000000e+00
   1  2
  2  1.2417735999999999e+00  0.0000000000000000e+00
d2a               18    8  420
   0   0   0
 -1.0000000000000000e+01  1.0000000000000000e+01 -1.0000000000000000e+01  1.0000000000000000e+01
  1.9520000000000001e-01
begin_s           52   26  421
  -1   0   0
 -1.0000000000000000e+01  1.0000000000000000e+01 -1.0000000000000000e+01  1.0000000000000000e+01
ds                36   51  422
   0   0   0
 -1.0000000000000000e+01  1.0000000000000000e+01 -1.0000000000000000e+01  1.0000000000000000e+01
  5.0000000000000001e-03
ss2a              38    8  423
   1   4   1
 -1.0000000000000000e+01  1.0000000000000000e+01 -1.0000000000000000e+01  1.0000000000000000e+01
  0.0000000000000000e+00  0.0000000000000000e+00  0.0000000000000000e+00  0.0000000000000000e+00
  1.9000000000000000e-01  0.0000000000000000e+00  0.0000000000000000e+00  0.0000000000000000e+00  0.0000000000000000e+00
   1  3
  3 -1.7456445746575859e+01  0.0000000000000000e+00
hstr              50   26  424
   3   4   0
 -1.0000000000000000e+01  1.0000000000000000e+01 -1.0000000000000000e+01  1.0000000000000000e+01
  0.0000000000000000e+00  0.0000000000000000e+00  0.0000000000000000e+00
   0  0
vstr              51   26  425
   3   4   0
 -1.0000000000000000e+01  1.0000000000000000e+01 -1.0000000000000000e+01  1.0000000000000000e+01
  0.0000000000000000e+00  0.0000000000000000e+00  0.0000000000000000e+00
   0  0
ds                36   52  426
   0   0   0
 -1.0000000000000000e+01  1.0000000000000000e+01 -1.0000000000000000e+01  1.0000000000000000e+01
  5.0000000000000001e-03
end_s             53   26  427
  -1   0   0
 -1.0000000000000000e+01  1.0000000000000000e+01 -1.0000000000000000e+01  1.0000000000000000e+01
d3a               19    4  428
   0   0   0
 -1.0000000000000000e+01  1.0000000000000000e+01 -1.0000000000000000e+01  1.0000000000000000e+01
  4.2180000000000001e-01
q2ad              29    2  429
   1   4  16
 -1.0000000000000000e+01  1.0000000000000000e+01 -1.0000000000000000e+01  1.0000000000000000e+01
  0.0000000000000000e+00  0.0000000000000000e+00  0.0000000000000000e+00  0.0000000000000000e+00
  4.0639999999999998e-01  0.0000000000000000e+00  0.0000000000000000e+00  0.0000000000000000e+00  0.0000000000000000e+00
   1  2
  2 -9.7877080000000005e-01  0.0000000000000000e+00
d4aa              23    4  430
   0   0   0
 -1.0000000000000000e+01  1.0000000000000000e+01 -1.0000000000000000e+01  1.0000000000000000e+01
  1.0180000000000000e-01
mbpm              49   26  431
  -1   0   0
 -1.0000000000000000e+01  1.0000000000000000e+01 -1.0000000000000000e+01  1.0000000000000000e+01
d4ab              24    4  432
   0   0   0
 -1.0000000000000000e+01  1.0000000000000000e+01 -1.0000000000000000e+01  1.0000000000000000e+01
  4.8399999999999999e-01
bb                35    8  433
   1   4   4
 -1.0000000000000000e+01  1.0000000000000000e+01 -1.0000000000000000e+01  1.0000000000000000e+01
  0.0000000000000000e+00  0.0000000000000000e+00  0.0000000000000000e+00  0.0000000000000000e+00
  9.3300000000000005e-01  1.4029977909922262e-01  3.7500000000000000e+00  3.7500000000000000e+00  8.2948000000000008e-02
   0  1
d6b               12    4  434
   0   0   0
 -1.0000000000000000e+01  1.0000000000000000e+01 -1.0000000000000000e+01  1.0000000000000000e+01
  6.6900000000000004e-01
begin_s           52   27  435
  -1   0   0
 -1.0000000000000000e+01  1.0000000000000000e+01 -1.0000000000000000e+01  1.0000000000000000e+01
ds                36   53  436
   0   0   0
 -1.0000000000000000e+01  1.0000000000000000e+01 -1.0000000000000000e+01  1.0000000000000000e+01
  5.0000000000000001e-03
ss2d              44    2  437
   1   4   1
 -1.0000000000000000e+01  1.0000000000000000e+01 -1.0000000000000000e+01  1.0000000000000000e+01
  0.0000000000000000e+00  0.0000000000000000e+00  0.0000000000000000e+00  0.0000000000000000e+00
  2.8999999999999998e-01  0.0000000000000000e+00  0.0000000000000000e+00  0.0000000000000000e+00  0.0000000000000000e+00
   1  3
  3 -1.8563631234389426e+01  0.0000000000000000e+00
hstr              50   27  438
   3   4   0
 -1.0000000000000000e+01  1.0000000000000000e+01 -1.0000000000000000e+01  1.0000000000000000e+01
  0.0000000000000000e+00  0.0000000000000000e+00  0.0000000000000000e+00
   0  0
vstr              51   27  439
   3   4   0
 -1.0000000000000000e+01  1.0000000000000000e+01 -1.0000000000000000e+01  1.0000000000000000e+01
  0.0000000000000000e+00  0.0000000000000000e+00  0.0000000000000000e+00
   0  0
ds                36   54  440
   0   0   0
 -1.0000000000000000e+01  1.0000000000000000e+01 -1.0000000000000000e+01  1.0000000000000000e+01
  5.0000000000000001e-03
end_s             53   27  441
  -1   0   0
 -1.0000000000000000e+01  1.0000000000000000e+01 -1.0000000000000000e+01  1.0000000000000000e+01
d5b               11    8  442
   0   0   0
 -1.0000000000000000e+01  1.0000000000000000e+01 -1.0000000000000000e+01  1.0000000000000000e+01
  1.9650000000000001e-01
q3d               30    2  443
   1   4  16
 -1.0000000000000000e+01  1.0000000000000000e+01 -1.0000000000000000e+01  1.0000000000000000e+01
  0.0000000000000000e+00  0.0000000000000000e+00  0.0000000000000000e+00  0.0000000000000000e+00
  3.0700000000000000e-01  0.0000000000000000e+00  0.0000000000000000e+00  0.0000000000000000e+00  0.0000000000000000e+00
   1  2
  2 -9.8685469999999997e-01  0.0000000000000000e+00
d4ba               9    4  444
   0   0   0
 -1.0000000000000000e+01  1.0000000000000000e+01 -1.0000000000000000e+01  1.0000000000000000e+01
  1.7299999999999999e-01
mbpm              49   27  445
  -1   0   0
 -1.0000000000000000e+01  1.0000000000000000e+01 -1.0000000000000000e+01  1.0000000000000000e+01
d4bb              10    4  446
   0   0   0
 -1.0000000000000000e+01  1.0000000000000000e+01 -1.0000000000000000e+01  1.0000000000000000e+01
  2.8534999999999999e-01
q2d               28    2  447
   1   4  16
 -1.0000000000000000e+01  1.0000000000000000e+01 -1.0000000000000000e+01  1.0000000000000000e+01
  0.0000000000000000e+00  0.0000000000000000e+00  0.0000000000000000e+00  0.0000000000000000e+00
  6.0629999999999995e-01  0.0000000000000000e+00  0.0000000000000000e+00  0.0000000000000000e+00  0.0000000000000000e+00
   1  2
  2  1.2621846000000001e+00  0.0000000000000000e+00
d3b                7    8  448
   0   0   0
 -1.0000000000000000e+01  1.0000000000000000e+01 -1.0000000000000000e+01  1.0000000000000000e+01
  2.3185000000000000e-01
begin_s           52   28  449
  -1   0   0
 -1.0000000000000000e+01  1.0000000000000000e+01 -1.0000000000000000e+01  1.0000000000000000e+01
ds                36   55  450
   0   0   0
 -1.0000000000000000e+01  1.0000000000000000e+01 -1.0000000000000000e+01  1.0000000000000000e+01
  5.0000000000000001e-03
ss1d              43    2  451
   1   4   1
 -1.0000000000000000e+01  1.0000000000000000e+01 -1.0000000000000000e+01  1.0000000000000000e+01
  0.0000000000000000e+00  0.0000000000000000e+00  0.0000000000000000e+00  0.0000000000000000e+00
  2.8999999999999998e-01  0.0000000000000000e+00  0.0000000000000000e+00  0.0000000000000000e+00  0.0000000000000000e+00
   1  3
  3  6.5989536236748849e+00  0.0000000000000000e+00
hstr              50   28  452
   3   4   0
 -1.0000000000000000e+01  1.0000000000000000e+01 -1.0000000000000000e+01  1.0000000000000000e+01
  0.0000000000000000e+00  0.0000000000000000e+00  0.0000000000000000e+00
   0  0
vstr              51   28  453
   3   4   0
 -1.0000000000000000e+01  1.0000000000000000e+01 -1.0000000000000000e+01  1.0000000000000000e+01
  0.0000000000000000e+00  0.0000000000000000e+00  0.0000000000000000e+00
   0  0
ds                36   56  454
   0   0   0
 -1.0000000000000000e+01  1.0000000000000000e+01 -1.0000000000000000e+01  1.0000000000000000e+01
  5.0000000000000001e-03
end_s             53   28  455
  -1   0   0
 -1.0000000000000000e+01  1.0000000000000000e+01 -1.0000000000000000e+01  1.0000000000000000e+01
d2b                6    8  456
   0   0   0
 -1.0000000000000000e+01  1.0000000000000000e+01 -1.0000000000000000e+01  1.0000000000000000e+01
  1.4680000000000001e-01
q1d               26    2  457
   1   4  16
 -1.0000000000000000e+01  1.0000000000000000e+01 -1.0000000000000000e+01  1.0000000000000000e+01
  0.0000000000000000e+00  0.0000000000000000e+00  0.0000000000000000e+00  0.0000000000000000e+00
  4.0639999999999998e-01  0.0000000000000000e+00  0.0000000000000000e+00  0.0000000000000000e+00  0.0000000000000000e+00
   1  2
  2 -7.0354919999999999e-01  0.0000000000000000e+00
kd2                5    8  458
   0   0   0
 -1.0000000000000000e+01  1.0000000000000000e+01 -1.0000000000000000e+01  1.0000000000000000e+01
  3.9779999999999999e-01
k1                47   15  459
  -1   0   0
 -1.0000000000000000e+01  1.0000000000000000e+01 -1.0000000000000000e+01  1.0000000000000000e+01
kd1                4    8  460
   0   0   0
 -1.0000000000000000e+01  1.0000000000000000e+01 -1.0000000000000000e+01  1.0000000000000000e+01
  8.9300000000000002e-01
k1                47   16  461
  -1   0   0
 -1.0000000000000000e+01  1.0000000000000000e+01 -1.0000000000000000e+01  1.0000000000000000e+01
mbpm              49   28  462
  -1   0   0
 -1.0000000000000000e+01  1.0000000000000000e+01 -1.0000000000000000e+01  1.0000000000000000e+01
dd1d2              1    6  463
   0   0   0
 -1.0000000000000000e+01  1.0000000000000000e+01 -1.0000000000000000e+01  1.0000000000000000e+01
  8.7550000000000006e-01
dd1d2              1    7  464
   0   0   0
 -1.0000000000000000e+01  1.0000000000000000e+01 -1.0000000000000000e+01  1.0000000000000000e+01
  8.7550000000000006e-01
dd1d2              1    8  465
   0   0   0
 -1.0000000000000000e+01  1.0000000000000000e+01 -1.0000000000000000e+01  1.0000000000000000e+01
  8.7550000000000006e-01
dd1d2              1    9  466
   0   0   0
 -1.0000000000000000e+01  1.0000000000000000e+01 -1.0000000000000000e+01  1.0000000000000000e+01
  8.7550000000000006e-01
dd1d2              1   10  467
   0   0   0
 -1.0000000000000000e+01  1.0000000000000000e+01 -1.0000000000000000e+01  1.0000000000000000e+01
  8.7550000000000006e-01
cav               54    1  468
   2   0   0
 -1.0000000000000000e+01  1.0000000000000000e+01 -1.0000000000000000e+01  1.0000000000000000e+01
  1.1000000000000001e-03  1.0472099236683773e+01 936  3.0000000000000000e+09
