
tpsa, NO = 5, NV = 7, INA = 48016
------------------------------------------------------------------

   |I|         a                i  i  i  i  i  i  i
                I                1  2  3  4  5  6  7

    1  2.4353132827981347e-01   1  0  0  0  0  0  0
    1  1.8587589915861045e+01   0  1  0  0  0  0  0
    1 -1.9437879664638334e-04   0  0  0  0  1  0  0
    2  3.4745332002695761e-01   2  0  0  0  0  0  0
    2 -1.0009632282681912e+02   1  1  0  0  0  0  0
    2 -6.1461041127679437e+02   0  2  0  0  0  0  0
    2  2.5597987304698555e-01   0  0  2  0  0  0  0
    2  5.2906665857423512e+01   0  0  1  1  0  0  0
    2 -1.5412610481156882e+01   0  0  0  2  0  0  0
    2 -1.4058611518889430e-02   1  0  0  0  1  0  0
    2 -1.0882756392418433e+02   0  1  0  0  1  0  0
    2  1.9899043589470322e+00   0  0  0  0  2  0  0
    3  2.0274557833817698e+02   3  0  0  0  0  0  0
    3 -2.9980671904105889e+03   2  1  0  0  0  0  0
    3  1.1377906545042377e+04   1  2  0  0  0  0  0
    3 -3.8038768364328664e+05   0  3  0  0  0  0  0
    3 -9.3569658555942488e+02   1  0  2  0  0  0  0
    3  6.5882420058821685e+02   0  1  2  0  0  0  0
    3  6.7716924678819250e+03   1  0  1  1  0  0  0
    3 -1.7092209437419282e+04   0  1  1  1  0  0  0
    3 -5.8298953132995382e+02   1  0  0  2  0  0  0
    3  7.1055798308790560e+04   0  1  0  2  0  0  0
    3 -2.9265712261043501e+02   2  0  0  0  1  0  0
    3  1.4179851768298015e+03   1  1  0  0  1  0  0
    3  1.3987044470223344e+04   0  2  0  0  1  0  0
    3 -1.1394017385672124e+02   0  0  2  0  1  0  0
    3  4.4962575257530762e+02   0  0  1  1  1  0  0
    3 -6.2561781339335466e+03   0  0  0  2  1  0  0
    3  7.4961700480100120e+01   1  0  0  0  2  0  0
    3 -2.3767569234687591e+02   0  1  0  0  2  0  0
    3 -1.5344254767091337e+01   0  0  0  0  3  0  0
    4  1.5404256612051000e+02   4  0  0  0  0  0  0
    4  7.4749292296875676e+04   3  1  0  0  0  0  0
    4  3.5831714902647526e+05   2  2  0  0  0  0  0
    4  1.2512279760300798e+07   1  3  0  0  0  0  0
    4  1.6276651387340507e+08   0  4  0  0  0  0  0
    4  2.2115164268209130e+04   2  0  2  0  0  0  0
    4 -1.8702765980913257e+05   1  1  2  0  0  0  0
    4  1.4380105809117155e+05   0  2  2  0  0  0  0
    4  1.4378344695545168e+03   0  0  4  0  0  0  0
    4  4.3667223754045597e+04   2  0  1  1  0  0  0
    4  1.4406578623987369e+06   1  1  1  1  0  0  0
    4 -1.3341159322993997e+07   0  2  1  1  0  0  0
    4 -1.0118556294269382e+05   0  0  3  1  0  0  0
    4  8.9134763946477999e+05   2  0  0  2  0  0  0
    4 -3.7714456226950041e+06   1  1  0  2  0  0  0
    4 -5.7320030869401142e+07   0  2  0  2  0  0  0
    4  5.2884702570047893e+05   0  0  2  2  0  0  0
    4  1.5751159353619786e+06   0  0  1  3  0  0  0
    4  6.3338608722233223e+06   0  0  0  4  0  0  0
    4  3.9733997474806088e+03   3  0  0  0  1  0  0
    4 -9.6203738983299205e+04   2  1  0  0  1  0  0
    4  6.4808412151064829e+05   1  2  0  0  1  0  0
    4 -1.3384616744178172e+07   0  3  0  0  1  0  0
    4  1.2106139928494797e+03   1  0  2  0  1  0  0
    4  1.0470544717859055e+05   0  1  2  0  1  0  0
    4 -1.1836276703660221e+05   1  0  1  1  1  0  0
    4 -5.0430541999349213e+05   0  1  1  1  1  0  0
    4 -2.7681467271349765e+05   1  0  0  2  1  0  0
    4  5.1281567428705441e+06   0  1  0  2  1  0  0
    4 -1.9759504645926916e+03   2  0  0  0  2  0  0
    4  3.5878359322092918e+04   1  1  0  0  2  0  0
    4  1.3757327638472815e+05   0  2  0  0  2  0  0
    4  1.6100629010107691e+03   0  0  2  0  2  0  0
    4  1.3673475066285337e+03   0  0  1  1  2  0  0
    4  9.2114326358717910e+04   0  0  0  2  2  0  0
    4  7.0503407298603395e+02   1  0  0  0  3  0  0
    4 -3.8602649038714490e+03   0  1  0  0  3  0  0
    4 -6.3315416678654515e+01   0  0  0  0  4  0  0
  -69  0.0000000000000000e+00   0  0  0  0  0  0  0

tpsa, NO = 5, NV = 7, INA = 48017
------------------------------------------------------------------

   |I|         a                i  i  i  i  i  i  i
                I                1  2  3  4  5  6  7

    1 -5.0608631694825559e-02   1  0  0  0  0  0  0
    1  2.4353132827980994e-01   0  1  0  0  0  0  0
    1 -1.3004166988647630e-05   0  0  0  0  1  0  0
    2 -1.5923521189617107e-01   2  0  0  0  0  0  0
    2 -4.2010662289040255e+00   1  1  0  0  0  0  0
    2  1.7447607504856819e+01   0  2  0  0  0  0  0
    2  3.3393078190049952e-01   0  0  2  0  0  0  0
    2 -7.1208473803140748e-01   0  0  1  1  0  0  0
    2 -5.6554941629595987e+00   0  0  0  2  0  0  0
    2 -2.9631778572454703e-01   1  0  0  0  1  0  0
    2  1.3157762575712295e-02   0  1  0  0  1  0  0
    2  1.2951342577855235e-01   0  0  0  0  2  0  0
    3 -7.8357874008448070e-01   3  0  0  0  0  0  0
    3 -2.1738786061635054e+01   2  1  0  0  0  0  0
    3 -2.7166056151660632e+02   1  2  0  0  0  0  0
    3  8.0193966482774893e+04   0  3  0  0  0  0  0
    3 -1.1249259038934767e+01   1  0  2  0  0  0  0
    3  8.6771236464446304e+01   0  1  2  0  0  0  0
    3 -3.7376730389754542e+01   1  0  1  1  0  0  0
    3 -6.1332785647430646e+03   0  1  1  1  0  0  0
    3  8.8247866997520639e+00   1  0  0  2  0  0  0
    3 -1.0962253459422336e+04   0  1  0  2  0  0  0
    3 -4.2892634799232301e+00   2  0  0  0  1  0  0
    3 -1.0028934995631658e+02   1  1  0  0  1  0  0
    3 -5.7527548707678889e+03   0  2  0  0  1  0  0
    3 -8.5862612828456903e+00   0  0  2  0  1  0  0
    3  5.3658168311596512e+01   0  0  1  1  1  0  0
    3 -4.4178886695736685e+02   0  0  0  2  1  0  0
    3 -2.1607196122462913e-01   1  0  0  0  2  0  0
    3  9.0355479043768753e+01   0  1  0  0  2  0  0
    3 -2.6214832800947357e-01   0  0  0  0  3  0  0
    4  1.1098501124824224e+01   4  0  0  0  0  0  0
    4  2.6797636361972545e+03   3  1  0  0  0  0  0
    4  4.7074432305188937e+04   2  2  0  0  0  0  0
    4  8.1745272010940069e+04   1  3  0  0  0  0  0
    4 -5.8153558882875741e+06   0  4  0  0  0  0  0
    4  1.6011950350118332e+02   2  0  2  0  0  0  0
    4  1.4741278962727869e+04   1  1  2  0  0  0  0
    4  7.3756067262070137e+05   0  2  2  0  0  0  0
    4  3.5710808430044517e+02   0  0  4  0  0  0  0
    4  1.2740072501169670e+03   2  0  1  1  0  0  0
    4 -1.0751577924615052e+05   1  1  1  1  0  0  0
    4 -3.3172891742665349e+06   0  2  1  1  0  0  0
    4 -9.2042464160543295e+03   0  0  3  1  0  0  0
    4  4.7973715872336015e+03   2  0  0  2  0  0  0
    4 -2.3126604939058190e+04   1  1  0  2  0  0  0
    4  1.2233673431656674e+07   0  2  0  2  0  0  0
    4  5.5853041961770286e+04   0  0  2  2  0  0  0
    4 -1.0638040560338611e+05   0  0  1  3  0  0  0
    4  3.8889259061035787e+05   0  0  0  4  0  0  0
    4 -2.2557502606022922e+01   3  0  0  0  1  0  0
    4 -5.6803295045660343e+02   2  1  0  0  1  0  0
    4 -2.4105749905000383e+04   1  2  0  0  1  0  0
    4  8.2370659538300894e+05   0  3  0  0  1  0  0
    4 -1.8682361425623959e+01   1  0  2  0  1  0  0
    4 -2.3391390212561622e+04   0  1  2  0  1  0  0
    4 -1.4821764476736371e+03   1  0  1  1  1  0  0
    4  1.0594862292538138e+05   0  1  1  1  1  0  0
    4  6.5942322619330225e+03   1  0  0  2  1  0  0
    4 -1.3393878130915089e+05   0  1  0  2  1  0  0
    4  8.0559937602465368e+00   2  0  0  0  2  0  0
    4  1.2946532266402432e+03   1  1  0  0  2  0  0
    4  2.3691700893446563e+04   0  2  0  0  2  0  0
    4  1.8652261084561454e+02   0  0  2  0  2  0  0
    4 -1.5270654863884251e+03   0  0  1  1  2  0  0
    4  7.5172033965727110e+02   0  0  0  2  2  0  0
    4 -1.4905578225037512e+01   1  0  0  0  3  0  0
    4 -6.5358273110866458e+02   0  1  0  0  3  0  0
    4  4.6175564576906725e+00   0  0  0  0  4  0  0
  -69  0.0000000000000000e+00   0  0  0  0  0  0  0

tpsa, NO = 5, NV = 7, INA = 48018
------------------------------------------------------------------

   |I|         a                i  i  i  i  i  i  i
                I                1  2  3  4  5  6  7

    1  8.9386057384569950e-01   0  0  1  0  0  0  0
    1  1.4378464296994942e+00   0  0  0  1  0  0  0
    2 -1.9672204280075629e+00   1  0  1  0  0  0  0
    2  4.1018035302314310e+01   0  1  1  0  0  0  0
    2  7.4571914560798165e+00   1  0  0  1  0  0  0
    2  1.4366162517200578e+02   0  1  0  1  0  0  0
    2  2.6887179988418719e-02   0  0  1  0  1  0  0
    2  5.1927381300113673e+00   0  0  0  1  1  0  0
    3 -2.2481715896609774e+02   2  0  1  0  0  0  0
    3  1.8339224135177838e+03   1  1  1  0  0  0  0
    3  5.2428677430987169e+04   0  2  1  0  0  0  0
    3 -1.4369564636123286e+02   0  0  3  0  0  0  0
    3  2.8903804885897603e+02   2  0  0  1  0  0  0
    3 -4.9849812296819910e+03   1  1  0  1  0  0  0
    3  1.1352452468287281e+05   0  2  0  1  0  0  0
    3  8.8284993503283431e+02   0  0  2  1  0  0  0
    3  6.3065303308892762e+03   0  0  1  2  0  0  0
    3 -2.4956386920625762e+04   0  0  0  3  0  0  0
    3 -6.7521387459660474e+01   1  0  1  0  1  0  0
    3 -1.2814436796480295e+03   0  1  1  0  1  0  0
    3  8.5356667156804497e+02   1  0  0  1  1  0  0
    3  1.2112876727992138e+04   0  1  0  1  1  0  0
    3  1.4811813020456126e+01   0  0  1  0  2  0  0
    3 -7.0369266211009162e+01   0  0  0  1  2  0  0
    4 -9.3556133682419841e+01   3  0  1  0  0  0  0
    4 -6.7785184584740608e+04   2  1  1  0  0  0  0
    4  1.3482015122200870e+06   1  2  1  0  0  0  0
    4  3.3625016668342710e+07   0  3  1  0  0  0  0
    4  6.7980050493275221e+03   1  0  3  0  0  0  0
    4  1.7027883552972588e+05   0  1  3  0  0  0  0
    4 -2.2577642024448687e+04   3  0  0  1  0  0  0
    4  2.0941743176496014e+05   2  1  0  1  0  0  0
    4 -3.7601223469030936e+06   1  2  0  1  0  0  0
    4 -1.8315100710067624e+08   0  3  0  1  0  0  0
    4 -1.0417292797157993e+05   1  0  2  1  0  0  0
    4 -2.4870962032880727e+06   0  1  2  1  0  0  0
    4  4.7300573658410867e+04   1  0  1  2  0  0  0
    4  8.2793742600557329e+06   0  1  1  2  0  0  0
    4 -1.5784646122216100e+06   1  0  0  3  0  0  0
    4 -1.8798264327363227e+07   0  1  0  3  0  0  0
    4  7.1059810540782746e+02   2  0  1  0  1  0  0
    4  6.8457401342899575e+03   1  1  1  0  1  0  0
    4 -2.0763727235508636e+06   0  2  1  0  1  0  0
    4 -1.1520087327482076e+03   0  0  3  0  1  0  0
    4  9.2700227908564684e+03   2  0  0  1  1  0  0
    4 -4.0755363249471306e+05   1  1  0  1  1  0  0
    4  3.9925317536417493e+06   0  2  0  1  1  0  0
    4  1.9954076381419389e+04   0  0  2  1  1  0  0
    4 -8.0318508050730350e+04   0  0  1  2  1  0  0
    4  4.1049420096942992e+05   0  0  0  3  1  0  0
    4  3.9737850088696115e+02   1  0  1  0  2  0  0
    4  4.4004662298205287e+04   0  1  1  0  2  0  0
    4 -4.7212109247607868e+03   1  0  0  1  2  0  0
    4 -1.2201644997153565e+05   0  1  0  1  2  0  0
    4 -1.3340860573655652e+02   0  0  1  0  3  0  0
    4  8.4035997215333987e+02   0  0  0  1  3  0  0
  -56  0.0000000000000000e+00   0  0  0  0  0  0  0

tpsa, NO = 5, NV = 7, INA = 48019
------------------------------------------------------------------

   |I|         a                i  i  i  i  i  i  i
                I                1  2  3  4  5  6  7

    1 -1.3980162997396361e-01   0  0  1  0  0  0  0
    1  8.9386057384569717e-01   0  0  0  1  0  0  0
    2  5.1862161939999840e-01   1  0  1  0  0  0  0
    2  7.3332135119381405e+00   0  1  1  0  0  0  0
    2  1.6351448387558101e+00   1  0  0  1  0  0  0
    2 -5.1690946466016925e+01   0  1  0  1  0  0  0
    2  5.0483624396926896e-01   0  0  1  0  1  0  0
    2 -2.6972499367808919e-02   0  0  0  1  1  0  0
    3 -2.0529480104217594e+01   2  0  1  0  0  0  0
    3 -2.7726530908085147e+02   1  1  1  0  0  0  0
    3 -7.0442729686932244e+03   0  2  1  0  0  0  0
    3 -7.0943033827647398e+01   0  0  3  0  0  0  0
    3  1.5451304126979181e+02   2  0  0  1  0  0  0
    3 -1.5445295692484510e+03   1  1  0  1  0  0  0
    3 -7.7964800804830593e+04   0  2  0  1  0  0  0
    3 -9.4074152345402808e+00   0  0  2  1  0  0  0
    3 -1.8926133918161354e+03   0  0  1  2  0  0  0
    3  1.0175939475866535e+03   0  0  0  3  0  0  0
    3 -7.9877274766318038e+00   1  0  1  0  1  0  0
    3 -1.5296585865505540e+02   0  1  1  0  1  0  0
    3 -7.1711105340517477e+01   1  0  0  1  1  0  0
    3 -7.3256179421335082e+02   0  1  0  1  1  0  0
    3  4.6920203992978902e+00   0  0  1  0  2  0  0
    3  6.6751515973728424e+00   0  0  0  1  2  0  0
    4  7.4377191008505315e+02   3  0  1  0  0  0  0
    4 -1.9368670476158950e+03   2  1  1  0  0  0  0
    4  2.1558571027298411e+05   1  2  1  0  0  0  0
    4  4.7640607364926534e+06   0  3  1  0  0  0  0
    4 -3.2257902915552404e+02   1  0  3  0  0  0  0
    4 -4.2822945393541122e+03   0  1  3  0  0  0  0
    4  5.5689065745456846e+03   3  0  0  1  0  0  0
    4 -1.0627652606406500e+03   2  1  0  1  0  0  0
    4 -5.8224741999878618e+05   1  2  0  1  0  0  0
    4  9.0923342784942910e+06   0  3  0  1  0  0  0
    4 -3.8947920216569328e+03   1  0  2  1  0  0  0
    4 -1.9191184099099555e+05   0  1  2  1  0  0  0
    4  7.6417143137031948e+04   1  0  1  2  0  0  0
    4  1.1363233338565254e+06   0  1  1  2  0  0  0
    4  2.7968791856366995e+05   1  0  0  3  0  0  0
    4  9.5155298878743593e+05   0  1  0  3  0  0  0
    4 -7.4752821185979019e+02   2  0  1  0  1  0  0
    4  2.3796672644854025e+03   1  1  1  0  1  0  0
    4 -1.4094574180269759e+05   0  2  1  0  1  0  0
    4  2.1723227460292208e+02   0  0  3  0  1  0  0
    4 -2.9360602673367084e+03   2  0  0  1  1  0  0
    4  6.7988623123078520e+04   1  1  0  1  1  0  0
    4  1.2866321455012513e+06   0  2  0  1  1  0  0
    4 -2.5977953494657686e+02   0  0  2  1  1  0  0
    4 -9.7863111751074648e+03   0  0  1  2  1  0  0
    4 -3.8368673260153781e+04   0  0  0  3  1  0  0
    4  1.4584694770092136e+02   1  0  1  0  2  0  0
    4  1.2370707985760318e+03   0  1  1  0  2  0  0
    4  9.9734114899663746e+02   1  0  0  1  2  0  0
    4 -1.6268208846283293e+04   0  1  0  1  2  0  0
    4 -2.8067094713192148e+01   0  0  1  0  3  0  0
    4 -5.5413183624723558e+01   0  0  0  1  3  0  0
  -56  0.0000000000000000e+00   0  0  0  0  0  0  0

tpsa, NO = 5, NV = 7, INA = 48020
------------------------------------------------------------------

   |I|         a                i  i  i  i  i  i  i
                I                1  2  3  4  5  6  7

    1  1.0000000000000000e+00   0  0  0  0  1  0  0
   -1  0.0000000000000000e+00   0  0  0  0  0  0  0

tpsa, NO = 5, NV = 7, INA = 48021
------------------------------------------------------------------

   |I|         a                i  i  i  i  i  i  i
                I                1  2  3  4  5  6  7

    1 -1.3004166988694194e-05   1  0  0  0  0  0  0
    1 -1.9437879664563340e-04   0  1  0  0  0  0  0
    1  1.9153246579844515e-02   0  0  0  0  1  0  0
    1  1.0000000000000000e+00   0  0  0  0  0  1  0
    2 -3.6472545811334092e-02   2  0  0  0  0  0  0
    2 -5.5039247023881419e+00   1  1  0  0  0  0  0
    2  1.3385130086813065e+01   0  2  0  0  0  0  0
    2  2.2756762341866774e-01   0  0  2  0  0  0  0
    2  7.0101717954845699e-01   0  0  1  1  0  0  0
    2 -2.3410819783087371e+00   0  0  0  2  0  0  0
    2  2.6443641176551397e-01   1  0  0  0  1  0  0
    2  3.8468945599760791e+00   0  1  0  0  1  0  0
    2 -1.1657547482276870e-03   0  0  0  0  2  0  0
    3 -5.3581011859499101e+00   3  0  0  0  0  0  0
    3  2.1180128582419638e+01   2  1  0  0  0  0  0
    3 -1.1518204653295757e+03   1  2  0  0  0  0  0
    3 -3.5497713533827104e+04   0  3  0  0  0  0  0
    3 -8.8544670166756809e+00   1  0  2  0  0  0  0
    3 -1.1133138127817072e+02   0  1  2  0  0  0  0
    3  3.6807754336357107e+01   1  0  1  1  0  0  0
    3  9.2163776478308625e+02   0  1  1  1  0  0  0
    3 -4.3288876598632294e+02   1  0  0  2  0  0  0
    3 -6.4267271329908735e+03   0  1  0  2  0  0  0
    3  4.4677862433630029e+00   2  0  0  0  1  0  0
    3 -2.1541960434719591e+01   1  1  0  0  1  0  0
    3  1.5074332245211644e+03   0  2  0  0  1  0  0
    3  5.0018653832497249e+00   0  0  2  0  1  0  0
    3  6.1784169475578885e+00   0  0  1  1  1  0  0
    3  9.1009142571828164e+01   0  0  0  2  1  0  0
    3 -1.3465494712613273e+00   1  0  0  0  2  0  0
    3 -3.1628669280264223e+01   0  1  0  0  2  0  0
    3  2.4677165611871299e-01   0  0  0  0  3  0  0
    4 -2.0213050960868170e+01   4  0  0  0  0  0  0
    4 -1.2994455276092513e+03   3  1  0  0  0  0  0
    4  1.7601927312361484e+04   2  2  0  0  0  0  0
    4  1.2825005939892679e+05   1  3  0  0  0  0  0
    4  1.2826889459939077e+07   0  4  0  0  0  0  0
    4  5.7950471919458110e+01   2  0  2  0  0  0  0
    4  6.5078979245933726e+02   1  1  2  0  0  0  0
    4 -1.8979307432585818e+05   0  2  2  0  0  0  0
    4 -2.6719990398717897e+01   0  0  4  0  0  0  0
    4 -3.9601486013687263e+03   2  0  1  1  0  0  0
    4 -1.2191637079271091e+04   1  1  1  1  0  0  0
    4  6.6195747120834677e+05   0  2  1  1  0  0  0
    4  1.2521506295469019e+03   0  0  3  1  0  0  0
    4 -9.0509574380377944e+03   2  0  0  2  0  0  0
    4  2.2873242088164773e+05   1  1  0  2  0  0  0
    4 -1.4192251640828517e+06   0  2  0  2  0  0  0
    4 -4.7862203586367204e+03   0  0  2  2  0  0  0
    4  4.8795908349571200e+03   0  0  1  3  0  0  0
    4 -1.2327453625558072e+05   0  0  0  4  0  0  0
    4  3.4921838177966663e+01   3  0  0  0  1  0  0
    4  1.2951224463471933e+03   2  1  0  0  1  0  0
    4  2.7237728796679639e+03   1  2  0  0  1  0  0
    4 -4.2324777351900120e+05   0  3  0  0  1  0  0
    4 -4.5143851729205295e+01   1  0  2  0  1  0  0
    4  6.4300151696023067e+03   0  1  2  0  1  0  0
    4  1.9755594964223822e+03   1  0  1  1  1  0  0
    4 -3.1848575416509892e+04   0  1  1  1  1  0  0
    4  8.3398774586324216e+03   1  0  0  2  1  0  0
    4  9.1301628423247676e+04   0  1  0  2  1  0  0
    4 -7.1276201707397000e+00   2  0  0  0  2  0  0
    4 -5.7796834844713567e+02   1  1  0  0  2  0  0
    4  6.0795508865443526e+03   0  2  0  0  2  0  0
    4 -4.9440032898456195e+01   0  0  2  0  2  0  0
    4  7.8714896293855404e+01   0  0  1  1  2  0  0
    4 -1.3414298549729019e+03   0  0  0  2  2  0  0
    4 -1.6834656184813404e+00   1  0  0  0  3  0  0
    4  6.9947960865012405e+01   0  1  0  0  3  0  0
    4 -5.4372377540287620e-01   0  0  0  0  4  0  0
  -70  0.0000000000000000e+00   0  0  0  0  0  0  0
