
tpsa, NO = 8, NV = 7, INA = 48097
------------------------------------------------------------------

   |I|         a                i  i  i  i  i  i  i
                I                1  2  3  4  5  6  7

    3 -2.5385411327708947e-07   3  0  0  0  0  0  0
    3 -9.8712895897541779e-07   2  1  0  0  0  0  0
    3  9.8712895897541779e-07   1  2  0  0  0  0  0
    3  2.5385411327708947e-07   0  3  0  0  0  0  0
    3  9.6996950323054039e-07   1  0  2  0  0  0  0
    3 -3.5622340860857483e-07   0  1  2  0  0  0  0
    3 -3.5559480494055643e-07   1  0  1  1  0  0  0
    3  3.5559480494055643e-07   0  1  1  1  0  0  0
    3  3.5622340860857483e-07   1  0  0  2  0  0  0
    3 -9.6996950323054039e-07   0  1  0  2  0  0  0
    3 -4.5771940184735741e-07   2  0  0  0  1  0  0
    3  4.5771940184735741e-07   0  2  0  0  1  0  0
    3  2.3768857086628249e-07   0  0  2  0  1  0  0
    3 -2.3768857086628249e-07   0  0  0  2  1  0  0
    3 -5.5221983838514602e-21   1  0  0  0  2  0  0
    3  5.5221983838514602e-21   0  1  0  0  2  0  0
    4 -1.2332652001597262e-07   4  0  0  0  0  0  0
    4  8.0772463961135686e-08   3  1  0  0  0  0  0
    4 -8.0772463961135686e-08   1  3  0  0  0  0  0
    4  1.2332652001597262e-07   0  4  0  0  0  0  0
    4 -5.6045386534695749e-08   2  0  2  0  0  0  0
    4 -2.4618659642248817e-07   1  1  2  0  0  0  0
    4  1.4234926326487173e-07   0  2  2  0  0  0  0
    4  6.3379655057071831e-08   0  0  4  0  0  0  0
    4 -1.8004219781441407e-07   2  0  1  1  0  0  0
    4  1.8004219781441407e-07   0  2  1  1  0  0  0
    4 -1.4676656202752985e-07   0  0  3  1  0  0  0
    4 -1.4234926326487173e-07   2  0  0  2  0  0  0
    4  2.4618659642248817e-07   1  1  0  2  0  0  0
    4  5.6045386534695749e-08   0  2  0  2  0  0  0
    4  1.4676656202752985e-07   0  0  1  3  0  0  0
    4 -6.3379655057071831e-08   0  0  0  4  0  0  0
    4  1.5166691414955092e-08   3  0  0  0  1  0  0
    4 -1.8650068507092102e-07   2  1  0  0  1  0  0
    4  1.8650068507092102e-07   1  2  0  0  1  0  0
    4 -1.5166691414955092e-08   0  3  0  0  1  0  0
    4 -1.8870530981666075e-08   1  0  2  0  1  0  0
    4  1.5600240702807776e-07   0  1  2  0  1  0  0
    4 -1.0618910911442142e-07   1  0  1  1  1  0  0
    4  1.0618910911442142e-07   0  1  1  1  1  0  0
    4 -1.5600240702807776e-07   1  0  0  2  1  0  0
    4  1.8870530981666075e-08   0  1  0  2  1  0  0
    4 -1.9150154082549747e-07   2  0  0  0  2  0  0
    4  1.9150154082549747e-07   0  2  0  0  2  0  0
    4  2.9593367363830128e-07   0  0  2  0  2  0  0
    4 -2.9593367363830128e-07   0  0  0  2  2  0  0
    4  1.1483468248351203e-21   1  0  0  0  3  0  0
    4 -1.1483468248351203e-21   0  1  0  0  3  0  0
    5  6.4166480490895603e-08   5  0  0  0  0  0  0
    5  5.4380415328465981e-08   4  1  0  0  0  0  0
    5  3.3126711279810293e-08   3  2  0  0  0  0  0
    5 -3.3126711279810293e-08   2  3  0  0  0  0  0
    5 -5.4380415328465981e-08   1  4  0  0  0  0  0
    5 -6.4166480490895603e-08   0  5  0  0  0  0  0
    5 -8.3951847030148957e-09   3  0  2  0  0  0  0
    5  1.5504558544813633e-08   2  1  2  0  0  0  0
    5 -1.8110424707459629e-07   1  2  2  0  0  0  0
    5  4.0435138091203282e-08   0  3  2  0  0  0  0
    5 -2.7587247684163900e-08   1  0  4  0  0  0  0
    5 -8.6433537538511248e-08   0  1  4  0  0  0  0
    5 -1.8726475653062062e-08   3  0  1  1  0  0  0
    5  3.2971001518649062e-07   2  1  1  1  0  0  0
    5 -3.2971001518649062e-07   1  2  1  1  0  0  0
    5  1.8726475653062062e-08   0  3  1  1  0  0  0
    5 -4.7595361629329237e-08   1  0  3  1  0  0  0
    5  1.3814004162006680e-08   0  1  3  1  0  0  0
    5 -4.0435138091203282e-08   3  0  0  2  0  0  0
    5  1.8110424707459629e-07   2  1  0  2  0  0  0
    5 -1.5504558544813633e-08   1  2  0  2  0  0  0
    5  8.3951847030148957e-09   0  3  0  2  0  0  0
    5  5.2029402770646277e-08   1  0  2  2  0  0  0
    5 -5.2029402770646277e-08   0  1  2  2  0  0  0
    5 -1.3814004162006680e-08   1  0  1  3  0  0  0
    5  4.7595361629329237e-08   0  1  1  3  0  0  0
    5  8.6433537538511248e-08   1  0  0  4  0  0  0
    5  2.7587247684163900e-08   0  1  0  4  0  0  0
    5 -2.8038069084240416e-08   4  0  0  0  1  0  0
    5  3.7603651710804435e-08   3  1  0  0  1  0  0
    5 -3.7603651710804435e-08   1  3  0  0  1  0  0
    5  2.8038069084240416e-08   0  4  0  0  1  0  0
    5 -1.3135449657099905e-08   2  0  2  0  1  0  0
    5 -9.3466289456207962e-08   1  1  2  0  1  0  0
    5  1.8721772027429469e-08   0  2  2  0  1  0  0
    5 -1.1364867991268457e-08   0  0  4  0  1  0  0
    5 -4.1524746775969038e-10   2  0  1  1  1  0  0
    5  4.1524746775969038e-10   0  2  1  1  1  0  0
    5 -7.6284641290579347e-09   0  0  3  1  1  0  0
    5 -1.8721772027429469e-08   2  0  0  2  1  0  0
    5  9.3466289456207962e-08   1  1  0  2  1  0  0
    5  1.3135449657099905e-08   0  2  0  2  1  0  0
    5  7.6284641290579347e-09   0  0  1  3  1  0  0
    5  1.1364867991268457e-08   0  0  0  4  1  0  0
    5 -1.5939584795950027e-08   3  0  0  0  2  0  0
    5 -1.1808393480794339e-09   2  1  0  0  2  0  0
    5  1.1808393480794339e-09   1  2  0  0  2  0  0
    5  1.5939584795950027e-08   0  3  0  0  2  0  0
    5 -9.5430260012465379e-09   1  0  2  0  2  0  0
    5  2.5317031718273706e-07   0  1  2  0  2  0  0
    5 -3.7893455194578711e-08   1  0  1  1  2  0  0
    5  3.7893455194578711e-08   0  1  1  1  2  0  0
    5 -2.5317031718273706e-07   1  0  0  2  2  0  0
    5  9.5430260012465379e-09   0  1  0  2  2  0  0
    5  4.0489081643696659e-09   2  0  0  0  3  0  0
    5 -4.0489081643696659e-09   0  2  0  0  3  0  0
    5 -5.5155375766183424e-08   0  0  2  0  3  0  0
    5  5.5155375766183424e-08   0  0  0  2  3  0  0
    5  3.0731289816742832e-22   1  0  0  0  4  0  0
    5 -3.0731289816742832e-22   0  1  0  0  4  0  0
    6 -2.4937189991735622e-09   6  0  0  0  0  0  0
    6  3.3728066940079130e-08   5  1  0  0  0  0  0
    6 -2.4739055526429724e-08   4  2  0  0  0  0  0
    6  2.4739055526429724e-08   2  4  0  0  0  0  0
    6 -3.3728066940079130e-08   1  5  0  0  0  0  0
    6  2.4937189991735622e-09   0  6  0  0  0  0  0
    6 -2.5215957800288892e-07   4  0  2  0  0  0  0
    6  1.8494799683450613e-08   3  1  2  0  0  0  0
    6  5.8936261376583079e-08   2  2  2  0  0  0  0
    6 -1.4805316838321161e-08   1  3  2  0  0  0  0
    6  9.1378678476620292e-09   0  4  2  0  0  0  0
    6 -4.5043661285815484e-10   2  0  4  0  0  0  0
    6  1.6902196749583492e-08   1  1  4  0  0  0  0
    6  1.8073193443756880e-08   0  2  4  0  0  0  0
    6 -1.8044631067507568e-09   0  0  6  0  0  0  0
    6 -3.3353414109374837e-08   4  0  1  1  0  0  0
    6 -1.1066404126041233e-08   3  1  1  1  0  0  0
    6  1.1066404126041233e-08   1  3  1  1  0  0  0
    6  3.3353414109374837e-08   0  4  1  1  0  0  0
    6  2.2007094584232250e-08   2  0  3  1  0  0  0
    6  7.9270709193604811e-08   1  1  3  1  0  0  0
    6 -1.7380195665728271e-08   0  2  3  1  0  0  0
    6  2.7032090256662013e-09   0  0  5  1  0  0  0
    6 -9.1378678476620292e-09   4  0  0  2  0  0  0
    6  1.4805316838321161e-08   3  1  0  2  0  0  0
    6 -5.8936261376583079e-08   2  2  0  2  0  0  0
    6 -1.8494799683450613e-08   1  3  0  2  0  0  0
    6  2.5215957800288892e-07   0  4  0  2  0  0  0
    6 -8.2303383209507365e-09   2  0  2  2  0  0  0
    6  8.2303383209507365e-09   0  2  2  2  0  0  0
    6 -4.4349559232697575e-09   0  0  4  2  0  0  0
    6  1.7380195665728271e-08   2  0  1  3  0  0  0
    6 -7.9270709193604811e-08   1  1  1  3  0  0  0
    6 -2.2007094584232250e-08   0  2  1  3  0  0  0
    6 -1.8073193443756880e-08   2  0  0  4  0  0  0
    6 -1.6902196749583492e-08   1  1  0  4  0  0  0
    6  4.5043661285815484e-10   0  2  0  4  0  0  0
    6  4.4349559232697575e-09   0  0  2  4  0  0  0
    6 -2.7032090256662013e-09   0  0  1  5  0  0  0
    6  1.8044631067507568e-09   0  0  0  6  0  0  0
    6  7.2946260634943984e-08   5  0  0  0  1  0  0
    6 -8.3720743659732582e-09   4  1  0  0  1  0  0
    6 -4.4397330711409529e-08   3  2  0  0  1  0  0
    6  4.4397330711409529e-08   2  3  0  0  1  0  0
    6  8.3720743659732582e-09   1  4  0  0  1  0  0
    6 -7.2946260634943984e-08   0  5  0  0  1  0  0
    6 -1.2899676580192400e-08   3  0  2  0  1  0  0
    6  1.6765997428791988e-08   2  1  2  0  1  0  0
    6 -2.2682113096832056e-07   1  2  2  0  1  0  0
    6  3.7303332980380315e-10   0  3  2  0  1  0  0
    6 -1.0783282825083116e-09   1  0  4  0  1  0  0
    6 -1.7596430790035973e-08   0  1  4  0  1  0  0
    6 -1.9665335462777591e-08   3  0  1  1  1  0  0
    6 -6.7912420695857413e-08   2  1  1  1  1  0  0
    6  6.7912420695857413e-08   1  2  1  1  1  0  0
    6  1.9665335462777591e-08   0  3  1  1  1  0  0
    6  1.4303588364984692e-08   1  0  3  1  1  0  0
    6 -8.9950716593545763e-08   0  1  3  1  1  0  0
    6 -3.7303332980380315e-10   3  0  0  2  1  0  0
    6  2.2682113096832056e-07   2  1  0  2  1  0  0
    6 -1.6765997428791988e-08   1  2  0  2  1  0  0
    6  1.2899676580192400e-08   0  3  0  2  1  0  0
    6 -3.0266376239233830e-08   1  0  2  2  1  0  0
    6  3.0266376239233830e-08   0  1  2  2  1  0  0
    6  8.9950716593545763e-08   1  0  1  3  1  0  0
    6 -1.4303588364984692e-08   0  1  1  3  1  0  0
    6  1.7596430790035973e-08   1  0  0  4  1  0  0
    6  1.0783282825083116e-09   0  1  0  4  1  0  0
    6  6.2699962954719455e-08   4  0  0  0  2  0  0
    6 -1.6949042588358371e-10   3  1  0  0  2  0  0
    6  1.6949042588358371e-10   1  3  0  0  2  0  0
    6 -6.2699962954719455e-08   0  4  0  0  2  0  0
    6 -7.5318024389018368e-09   2  0  2  0  2  0  0
    6  2.0230377720384122e-08   1  1  2  0  2  0  0
    6  1.5637274809051538e-08   0  2  2  0  2  0  0
    6 -6.4583346489677528e-09   0  0  4  0  2  0  0
    6  1.7592486920147852e-09   2  0  1  1  2  0  0
    6 -1.7592486920147852e-09   0  2  1  1  2  0  0
    6  2.8761806082372294e-08   0  0  3  1  2  0  0
    6 -1.5637274809051538e-08   2  0  0  2  2  0  0
    6 -2.0230377720384122e-08   1  1  0  2  2  0  0
    6  7.5318024389018368e-09   0  2  0  2  2  0  0
    6 -2.8761806082372294e-08   0  0  1  3  2  0  0
    6  6.4583346489677528e-09   0  0  0  4  2  0  0
    6 -2.8208260661933842e-08   3  0  0  0  3  0  0
    6  1.6959625435436028e-07   2  1  0  0  3  0  0
    6 -1.6959625435436028e-07   1  2  0  0  3  0  0
    6  2.8208260661933842e-08   0  3  0  0  3  0  0
    6  4.9894828777994543e-09   1  0  2  0  3  0  0
    6  3.7563954932322630e-08   0  1  2  0  3  0  0
    6  4.0650046232552761e-08   1  0  1  1  3  0  0
    6 -4.0650046232552761e-08   0  1  1  1  3  0  0
    6 -3.7563954932322630e-08   1  0  0  2  3  0  0
    6 -4.9894828777994543e-09   0  1  0  2  3  0  0
    6 -2.0945758543434985e-09   2  0  0  0  4  0  0
    6  2.0945758543434985e-09   0  2  0  0  4  0  0
    6 -2.2153769503390160e-09   0  0  2  0  4  0  0
    6  2.2153769503390160e-09   0  0  0  2  4  0  0
    6 -4.4651324972557342e-23   1  0  0  0  5  0  0
    6  4.4651324972557342e-23   0  1  0  0  5  0  0
    7 -2.3920309176263668e-09   7  0  0  0  0  0  0
    7  1.5565257458743694e-08   6  1  0  0  0  0  0
    7 -5.4889401115774973e-10   5  2  0  0  0  0  0
    7  4.7771754027490858e-08   4  3  0  0  0  0  0
    7 -4.7771754027490858e-08   3  4  0  0  0  0  0
    7  5.4889401115774973e-10   2  5  0  0  0  0  0
    7 -1.5565257458743694e-08   1  6  0  0  0  0  0
    7  2.3920309176263668e-09   0  7  0  0  0  0  0
    7  2.9668402646161492e-09   5  0  2  0  0  0  0
    7  2.0034648834873307e-08   4  1  2  0  0  0  0
    7 -4.3923862963002696e-08   3  2  2  0  0  0  0
    7  5.7255455988142556e-08   2  3  2  0  0  0  0
    7 -5.3589533629788735e-09   1  4  2  0  0  0  0
    7 -1.0497603305994140e-08   0  5  2  0  0  0  0
    7 -1.1567120242133878e-08   3  0  4  0  0  0  0
    7  7.0733305493469924e-09   2  1  4  0  0  0  0
    7  4.2101540856815921e-08   1  2  4  0  0  0  0
    7  2.3148703352064633e-10   0  3  4  0  0  0  0
    7 -1.6387382840773935e-09   1  0  6  0  0  0  0
    7  7.3731083124133101e-10   0  1  6  0  0  0  0
    7 -5.5775121460639767e-08   5  0  1  1  0  0  0
    7  3.2585704321492900e-08   4  1  1  1  0  0  0
    7  4.7557243631866079e-08   3  2  1  1  0  0  0
    7 -4.7557243631866079e-08   2  3  1  1  0  0  0
    7 -3.2585704321492900e-08   1  4  1  1  0  0  0
    7  5.5775121460639767e-08   0  5  1  1  0  0  0
    7 -1.0537088989838495e-08   3  0  3  1  0  0  0
    7 -3.1098445767397389e-08   2  1  3  1  0  0  0
    7  1.5786010319380682e-07   1  2  3  1  0  0  0
    7  3.1104334912116232e-09   0  3  3  1  0  0  0
    7  5.0331254020243258e-09   1  0  5  1  0  0  0
    7 -5.3092260805712966e-09   0  1  5  1  0  0  0
    7  1.0497603305994140e-08   5  0  0  2  0  0  0
    7  5.3589533629788735e-09   4  1  0  2  0  0  0
    7 -5.7255455988142556e-08   3  2  0  2  0  0  0
    7  4.3923862963002696e-08   2  3  0  2  0  0  0
    7 -2.0034648834873307e-08   1  4  0  2  0  0  0
    7 -2.9668402646161492e-09   0  5  0  2  0  0  0
    7  1.1290717432406864e-09   3  0  2  2  0  0  0
    7  5.4826514559709077e-08   2  1  2  2  0  0  0
    7 -5.4826514559709077e-08   1  2  2  2  0  0  0
    7 -1.1290717432406864e-09   0  3  2  2  0  0  0
    7 -5.1052455374428149e-09   1  0  4  2  0  0  0
    7  2.2761135161783086e-08   0  1  4  2  0  0  0
    7 -3.1104334912116232e-09   3  0  1  3  0  0  0
    7 -1.5786010319380682e-07   2  1  1  3  0  0  0
    7  3.1098445767397389e-08   1  2  1  3  0  0  0
    7  1.0537088989838495e-08   0  3  1  3  0  0  0
    7  1.7566013692360186e-08   1  0  3  3  0  0  0
    7 -1.7566013692360186e-08   0  1  3  3  0  0  0
    7 -2.3148703352064633e-10   3  0  0  4  0  0  0
    7 -4.2101540856815921e-08   2  1  0  4  0  0  0
    7 -7.0733305493469924e-09   1  2  0  4  0  0  0
    7  1.1567120242133878e-08   0  3  0  4  0  0  0
    7 -2.2761135161783086e-08   1  0  2  4  0  0  0
    7  5.1052455374428149e-09   0  1  2  4  0  0  0
    7  5.3092260805712966e-09   1  0  1  5  0  0  0
    7 -5.0331254020243258e-09   0  1  1  5  0  0  0
    7 -7.3731083124133101e-10   1  0  0  6  0  0  0
    7  1.6387382840773935e-09   0  1  0  6  0  0  0
    7  2.5398119570936387e-09   6  0  0  0  1  0  0
    7  1.6820941989376361e-08   5  1  0  0  1  0  0
    7  1.4931632330969842e-08   4  2  0  0  1  0  0
    7 -1.4931632330969842e-08   2  4  0  0  1  0  0
    7 -1.6820941989376361e-08   1  5  0  0  1  0  0
    7 -2.5398119570936387e-09   0  6  0  0  1  0  0
    7  1.4459764866801695e-08   4  0  2  0  1  0  0
    7  1.1640257104618563e-08   3  1  2  0  1  0  0
    7 -4.2543880628201888e-08   2  2  2  0  1  0  0
    7  1.7901616709724195e-08   1  3  2  0  1  0  0
    7  6.3432437621613600e-09   0  4  2  0  1  0  0
    7 -6.3386155795577222e-09   2  0  4  0  1  0  0
    7  6.9365223987717372e-09   1  1  4  0  1  0  0
    7 -8.9817633466572031e-09   0  2  4  0  1  0  0
    7 -1.1464027993909830e-10   0  0  6  0  1  0  0
    7 -1.4948472316781251e-08   4  0  1  1  1  0  0
    7  2.1101411966857259e-08   3  1  1  1  1  0  0
    7 -2.1101411966857259e-08   1  3  1  1  1  0  0
    7  1.4948472316781251e-08   0  4  1  1  1  0  0
    7 -1.0527038432292987e-08   2  0  3  1  1  0  0
    7 -4.4620318412563577e-08   1  1  3  1  1  0  0
    7  1.6915003668264322e-08   0  2  3  1  1  0  0
    7  2.5583805959228510e-09   0  0  5  1  1  0  0
    7 -6.3432437621613600e-09   4  0  0  2  1  0  0
    7 -1.7901616709724195e-08   3  1  0  2  1  0  0
    7  4.2543880628201888e-08   2  2  0  2  1  0  0
    7 -1.1640257104618563e-08   1  3  0  2  1  0  0
    7 -1.4459764866801695e-08   0  4  0  2  1  0  0
    7  9.7971009092903557e-09   2  0  2  2  1  0  0
    7 -9.7971009092903557e-09   0  2  2  2  1  0  0
    7 -6.9902725314530937e-09   0  0  4  2  1  0  0
    7 -1.6915003668264322e-08   2  0  1  3  1  0  0
    7  4.4620318412563577e-08   1  1  1  3  1  0  0
    7  1.0527038432292987e-08   0  2  1  3  1  0  0
    7  8.9817633466572031e-09   2  0  0  4  1  0  0
    7 -6.9365223987717372e-09   1  1  0  4  1  0  0
    7  6.3386155795577222e-09   0  2  0  4  1  0  0
    7  6.9902725314530937e-09   0  0  2  4  1  0  0
    7 -2.5583805959228510e-09   0  0  1  5  1  0  0
    7  1.1464027993909830e-10   0  0  0  6  1  0  0
    7 -4.7349532352498393e-08   5  0  0  0  2  0  0
    7 -5.7040429544384549e-10   4  1  0  0  2  0  0
    7 -7.0529422141537384e-08   3  2  0  0  2  0  0
    7  7.0529422141537384e-08   2  3  0  0  2  0  0
    7  5.7040429544384549e-10   1  4  0  0  2  0  0
    7  4.7349532352498393e-08   0  5  0  0  2  0  0
    7 -5.0278096191511073e-09   3  0  2  0  2  0  0
    7  4.8299999853447047e-09   2  1  2  0  2  0  0
    7 -9.2927619060298308e-08   1  2  2  0  2  0  0
    7 -3.6851718633682700e-09   0  3  2  0  2  0  0
    7 -9.9208461730240981e-10   1  0  4  0  2  0  0
    7  1.0189075406670468e-08   0  1  4  0  2  0  0
    7 -7.0069360717292867e-09   3  0  1  1  2  0  0
    7 -5.8521505005097812e-08   2  1  1  1  2  0  0
    7  5.8521505005097812e-08   1  2  1  1  2  0  0
    7  7.0069360717292867e-09   0  3  1  1  2  0  0
    7  1.2409282882305405e-09   1  0  3  1  2  0  0
    7 -3.5091403193991932e-08   0  1  3  1  2  0  0
    7  3.6851718633682700e-09   3  0  0  2  2  0  0
    7  9.2927619060298308e-08   2  1  0  2  2  0  0
    7 -4.8299999853447047e-09   1  2  0  2  2  0  0
    7  5.0278096191511073e-09   0  3  0  2  2  0  0
    7 -1.6929593780857472e-08   1  0  2  2  2  0  0
    7  1.6929593780857472e-08   0  1  2  2  2  0  0
    7  3.5091403193991932e-08   1  0  1  3  2  0  0
    7 -1.2409282882305405e-09   0  1  1  3  2  0  0
    7 -1.0189075406670468e-08   1  0  0  4  2  0  0
    7  9.9208461730240981e-10   0  1  0  4  2  0  0
    7 -3.1523783334308517e-08   4  0  0  0  3  0  0
    7  8.1871465843291323e-09   3  1  0  0  3  0  0
    7 -8.1871465843291323e-09   1  3  0  0  3  0  0
    7  3.1523783334308517e-08   0  4  0  0  3  0  0
    7  3.0565090273793271e-09   2  0  2  0  3  0  0
    7  5.2300246465904997e-08   1  1  2  0  3  0  0
    7 -1.7386436203083681e-09   0  2  2  0  3  0  0
    7 -5.7206700624346150e-10   0  0  4  0  3  0  0
    7 -1.7367292792705233e-08   2  0  1  1  3  0  0
    7  1.7367292792705233e-08   0  2  1  1  3  0  0
    7 -9.9875176742053106e-10   0  0  3  1  3  0  0
    7  1.7386436203083681e-09   2  0  0  2  3  0  0
    7 -5.2300246465904997e-08   1  1  0  2  3  0  0
    7 -3.0565090273793271e-09   0  2  0  2  3  0  0
    7  9.9875176742053106e-10   0  0  1  3  3  0  0
    7  5.7206700624346150e-10   0  0  0  4  3  0  0
    7  1.3871508896579976e-08   3  0  0  0  4  0  0
    7 -8.7632830733754354e-08   2  1  0  0  4  0  0
    7  8.7632830733754354e-08   1  2  0  0  4  0  0
    7 -1.3871508896579976e-08   0  3  0  0  4  0  0
    7 -3.4231484825380597e-09   1  0  2  0  4  0  0
    7  7.3263863759202956e-09   0  1  2  0  4  0  0
    7 -2.3628761203667156e-08   1  0  1  1  4  0  0
    7  2.3628761203667156e-08   0  1  1  1  4  0  0
    7 -7.3263863759202956e-09   1  0  0  2  4  0  0
    7  3.4231484825380597e-09   0  1  0  2  4  0  0
    7  3.3709201119470459e-09   2  0  0  0  5  0  0
    7 -3.3709201119470459e-09   0  2  0  0  5  0  0
    7  3.3185606475221519e-09   0  0  2  0  5  0  0
    7 -3.3185606475221519e-09   0  0  0  2  5  0  0
    7  5.0426151962571710e-23   1  0  0  0  6  0  0
    7 -5.0426151962571710e-23   0  1  0  0  6  0  0
    8  4.6812005062851669e-10   8  0  0  0  0  0  0
    8  4.1280093963730499e-09   7  1  0  0  0  0  0
    8 -1.8935934216093243e-08   6  2  0  0  0  0  0
    8 -9.1858574228600606e-09   5  3  0  0  0  0  0
    8  9.1858574228600606e-09   3  5  0  0  0  0  0
    8  1.8935934216093243e-08   2  6  0  0  0  0  0
    8 -4.1280093963730499e-09   1  7  0  0  0  0  0
    8 -4.6812005062851669e-10   0  8  0  0  0  0  0
    8 -5.4055513689871739e-10   6  0  2  0  0  0  0
    8  4.0076756092316580e-07   5  1  2  0  0  0  0
    8  1.1034710733934143e-09   4  2  2  0  0  0  0
    8  2.1182467572206752e-08   3  3  2  0  0  0  0
    8 -1.7129707055539677e-09   2  4  2  0  0  0  0
    8  1.2102801734496321e-09   1  5  2  0  0  0  0
    8 -1.0690233559570333e-09   0  6  2  0  0  0  0
    8 -1.3728341112831530e-09   4  0  4  0  0  0  0
    8  5.2244821248503320e-09   3  1  4  0  0  0  0
    8 -1.1820400387624569e-08   2  2  4  0  0  0  0
    8  1.9499101272488521e-08   1  3  4  0  0  0  0
    8 -3.8469496624490014e-09   0  4  4  0  0  0  0
    8  6.4555987024013387e-11   2  0  6  0  0  0  0
    8  1.1080838510686515e-09   1  1  6  0  0  0  0
    8  7.9282708269427882e-09   0  2  6  0  0  0  0
    8 -1.6405144795777732e-10   0  0  8  0  0  0  0
    8  3.9897993384707411e-09   6  0  1  1  0  0  0
    8 -3.5723077123962792e-08   5  1  1  1  0  0  0
    8 -6.9205976674574429e-10   4  2  1  1  0  0  0
    8  6.9205976674574429e-10   2  4  1  1  0  0  0
    8  3.5723077123962792e-08   1  5  1  1  0  0  0
    8 -3.9897993384707411e-09   0  6  1  1  0  0  0
    8 -7.0278626382942203e-08   4  0  3  1  0  0  0
    8  8.7262060392745613e-09   3  1  3  1  0  0  0
    8  4.7434960831182673e-08   2  2  3  1  0  0  0
    8 -8.2513724814025696e-09   1  3  3  1  0  0  0
    8 -4.9285159365231634e-09   0  4  3  1  0  0  0
    8 -6.2138115206080504e-10   2  0  5  1  0  0  0
    8 -7.6558954882639158e-09   1  1  5  1  0  0  0
    8  3.9294690635650993e-09   0  2  5  1  0  0  0
    8 -8.2545180120371928e-11   0  0  7  1  0  0  0
    8  1.0690233559570333e-09   6  0  0  2  0  0  0
    8 -1.2102801734496321e-09   5  1  0  2  0  0  0
    8  1.7129707055539677e-09   4  2  0  2  0  0  0
    8 -2.1182467572206752e-08   3  3  0  2  0  0  0
    8 -1.1034710733934143e-09   2  4  0  2  0  0  0
    8 -4.0076756092316580e-07   1  5  0  2  0  0  0
    8  5.4055513689871739e-10   0  6  0  2  0  0  0
    8  1.4768197404647005e-09   4  0  2  2  0  0  0
    8 -6.8650129909703424e-09   3  1  2  2  0  0  0
    8  6.8650129909703424e-09   1  3  2  2  0  0  0
    8 -1.4768197404647005e-09   0  4  2  2  0  0  0
    8  1.9350363971153388e-09   2  0  4  2  0  0  0
    8  2.5605996901490717e-08   1  1  4  2  0  0  0
    8 -9.8119143580331881e-09   0  2  4  2  0  0  0
    8 -6.0917256767805485e-11   0  0  6  2  0  0  0
    8  4.9285159365231634e-09   4  0  1  3  0  0  0
    8  8.2513724814025696e-09   3  1  1  3  0  0  0
    8 -4.7434960831182673e-08   2  2  1  3  0  0  0
    8 -8.7262060392745613e-09   1  3  1  3  0  0  0
    8  7.0278626382942203e-08   0  4  1  3  0  0  0
    8 -4.5432776002844100e-09   2  0  3  3  0  0  0
    8  4.5432776002844100e-09   0  2  3  3  0  0  0
    8  1.3403688006848175e-09   0  0  5  3  0  0  0
    8  3.8469496624490014e-09   4  0  0  4  0  0  0
    8 -1.9499101272488521e-08   3  1  0  4  0  0  0
    8  1.1820400387624569e-08   2  2  0  4  0  0  0
    8 -5.2244821248503320e-09   1  3  0  4  0  0  0
    8  1.3728341112831530e-09   0  4  0  4  0  0  0
    8  9.8119143580331881e-09   2  0  2  4  0  0  0
    8 -2.5605996901490717e-08   1  1  2  4  0  0  0
    8 -1.9350363971153388e-09   0  2  2  4  0  0  0
    8 -3.9294690635650993e-09   2  0  1  5  0  0  0
    8  7.6558954882639158e-09   1  1  1  5  0  0  0
    8  6.2138115206080504e-10   0  2  1  5  0  0  0
    8 -1.3403688006848175e-09   0  0  3  5  0  0  0
    8 -7.9282708269427882e-09   2  0  0  6  0  0  0
    8 -1.1080838510686515e-09   1  1  0  6  0  0  0
    8 -6.4555987024013387e-11   0  2  0  6  0  0  0
    8  6.0917256767805485e-11   0  0  2  6  0  0  0
    8  8.2545180120371928e-11   0  0  1  7  0  0  0
    8  1.6405144795777732e-10   0  0  0  8  0  0  0
    8  8.0383528540359566e-10   7  0  0  0  1  0  0
    8  8.8213193202755080e-08   6  1  0  0  1  0  0
    8 -2.5574321298044174e-09   5  2  0  0  1  0  0
    8 -1.4612093179688728e-08   4  3  0  0  1  0  0
    8  1.4612093179688728e-08   3  4  0  0  1  0  0
    8  2.5574321298044174e-09   2  5  0  0  1  0  0
    8 -8.8213193202755080e-08   1  6  0  0  1  0  0
    8 -8.0383528540359566e-10   0  7  0  0  1  0  0
    8  4.9927139496732068e-09   5  0  2  0  1  0  0
    8  2.5304544694113637e-09   4  1  2  0  1  0  0
    8  6.5961892609812924e-09   3  2  2  0  1  0  0
    8 -6.3467271789324949e-08   2  3  2  0  1  0  0
    8  6.8022120135329015e-10   1  4  2  0  1  0  0
    8 -1.3487436366176823e-08   0  5  2  0  1  0  0
    8  3.6443023411379946e-09   3  0  4  0  1  0  0
    8  3.7493273314411569e-09   2  1  4  0  1  0  0
    8 -3.3659603325316550e-08   1  2  4  0  1  0  0
    8  4.4147801213037744e-10   0  3  4  0  1  0  0
    8 -5.2323804538432509e-10   1  0  6  0  1  0  0
    8  3.3918922146320060e-10   0  1  6  0  1  0  0
    8  2.9974199899399417e-08   5  0  1  1  1  0  0
    8  7.6203502325241632e-09   4  1  1  1  1  0  0
    8  1.1331509972998116e-08   3  2  1  1  1  0  0
    8 -1.1331509972998116e-08   2  3  1  1  1  0  0
    8 -7.6203502325241632e-09   1  4  1  1  1  0  0
    8 -2.9974199899399417e-08   0  5  1  1  1  0  0
    8  1.1787623129673540e-09   3  0  3  1  1  0  0
    8  1.5065195360550528e-08   2  1  3  1  1  0  0
    8 -6.5761914899415909e-08   1  2  3  1  1  0  0
    8  2.3363310417168564e-09   0  3  3  1  1  0  0
    8 -3.2564329577617602e-09   1  0  5  1  1  0  0
    8 -1.0984952717707265e-08   0  1  5  1  1  0  0
    8  1.3487436366176823e-08   5  0  0  2  1  0  0
    8 -6.8022120135329015e-10   4  1  0  2  1  0  0
    8  6.3467271789324949e-08   3  2  0  2  1  0  0
    8 -6.5961892609812924e-09   2  3  0  2  1  0  0
    8 -2.5304544694113637e-09   1  4  0  2  1  0  0
    8 -4.9927139496732068e-09   0  5  0  2  1  0  0
    8  2.1536173553563537e-09   3  0  2  2  1  0  0
    8 -1.2666113871445033e-09   2  1  2  2  1  0  0
    8  1.2666113871445033e-09   1  2  2  2  1  0  0
    8 -2.1536173553563537e-09   0  3  2  2  1  0  0
    8  3.9849044780952465e-09   1  0  4  2  1  0  0
    8 -1.5218532821225400e-08   0  1  4  2  1  0  0
    8 -2.3363310417168564e-09   3  0  1  3  1  0  0
    8  6.5761914899415909e-08   2  1  1  3  1  0  0
    8 -1.5065195360550528e-08   1  2  1  3  1  0  0
    8 -1.1787623129673540e-09   0  3  1  3  1  0  0
    8 -8.4299938332287929e-09   1  0  3  3  1  0  0
    8  8.4299938332287929e-09   0  1  3  3  1  0  0
    8 -4.4147801213037744e-10   3  0  0  4  1  0  0
    8  3.3659603325316550e-08   2  1  0  4  1  0  0
    8 -3.7493273314411569e-09   1  2  0  4  1  0  0
    8 -3.6443023411379946e-09   0  3  0  4  1  0  0
    8  1.5218532821225400e-08   1  0  2  4  1  0  0
    8 -3.9849044780952465e-09   0  1  2  4  1  0  0
    8  1.0984952717707265e-08   1  0  1  5  1  0  0
    8  3.2564329577617602e-09   0  1  1  5  1  0  0
    8 -3.3918922146320060e-10   1  0  0  6  1  0  0
    8  5.2323804538432509e-10   0  1  0  6  1  0  0
    8 -3.0638367137268656e-09   6  0  0  0  2  0  0
    8 -1.5518170547356676e-08   5  1  0  0  2  0  0
    8  8.3841146932917234e-09   4  2  0  0  2  0  0
    8 -8.3841146932917234e-09   2  4  0  0  2  0  0
    8  1.5518170547356676e-08   1  5  0  0  2  0  0
    8  3.0638367137268656e-09   0  6  0  0  2  0  0
    8  4.3148329598889380e-07   4  0  2  0  2  0  0
    8 -1.5587736522307659e-08   3  1  2  0  2  0  0
    8 -3.8799951618780806e-08   2  2  2  0  2  0  0
    8 -1.0596231720768656e-08   1  3  2  0  2  0  0
    8  1.9185360880932023e-09   0  4  2  0  2  0  0
    8  4.0923248913947364e-10   2  0  4  0  2  0  0
    8  2.8321477847571898e-09   1  1  4  0  2  0  0
    8 -6.1901090271501029e-09   0  2  4  0  2  0  0
    8  5.4484623583546205e-10   0  0  6  0  2  0  0
    8  1.7496030616080986e-08   4  0  1  1  2  0  0
    8  1.7743351554261731e-08   3  1  1  1  2  0  0
    8 -1.7743351554261731e-08   1  3  1  1  2  0  0
    8 -1.7496030616080986e-08   0  4  1  1  2  0  0
    8 -6.0287948642776284e-09   2  0  3  1  2  0  0
    8 -4.1488927261192001e-08   1  1  3  1  2  0  0
    8  6.1776591303011723e-09   0  2  3  1  2  0  0
    8 -1.0884965645232433e-09   0  0  5  1  2  0  0
    8 -1.9185360880932023e-09   4  0  0  2  2  0  0
    8  1.0596231720768656e-08   3  1  0  2  2  0  0
    8  3.8799951618780806e-08   2  2  0  2  2  0  0
    8  1.5587736522307659e-08   1  3  0  2  2  0  0
    8 -4.3148329598889380e-07   0  4  0  2  2  0  0
    8  8.2342489510351457e-09   2  0  2  2  2  0  0
    8 -8.2342489510351457e-09   0  2  2  2  2  0  0
    8  3.6076559554920457e-09   0  0  4  2  2  0  0
    8 -6.1776591303011723e-09   2  0  1  3  2  0  0
    8  4.1488927261192001e-08   1  1  1  3  2  0  0
    8  6.0287948642776284e-09   0  2  1  3  2  0  0
    8  6.1901090271501029e-09   2  0  0  4  2  0  0
    8 -2.8321477847571898e-09   1  1  0  4  2  0  0
    8 -4.0923248913947364e-10   0  2  0  4  2  0  0
    8 -3.6076559554920457e-09   0  0  2  4  2  0  0
    8  1.0884965645232433e-09   0  0  1  5  2  0  0
    8 -5.4484623583546205e-10   0  0  0  6  2  0  0
    8  3.0188126376873082e-08   5  0  0  0  3  0  0
    8  1.0273746791142506e-08   4  1  0  0  3  0  0
    8  3.9509553223038288e-08   3  2  0  0  3  0  0
    8 -3.9509553223038288e-08   2  3  0  0  3  0  0
    8 -1.0273746791142506e-08   1  4  0  0  3  0  0
    8 -3.0188126376873082e-08   0  5  0  0  3  0  0
    8 -1.3473754871109571e-09   3  0  2  0  3  0  0
    8  7.1384234221408822e-09   2  1  2  0  3  0  0
    8  1.0978562990910371e-07   1  2  2  0  3  0  0
    8  5.8189556766154666e-09   0  3  2  0  3  0  0
    8  1.3028070173939393e-09   1  0  4  0  3  0  0
    8  1.1671698700757087e-08   0  1  4  0  3  0  0
    8 -8.1465466986783105e-09   3  0  1  1  3  0  0
    8  6.0749450524633177e-08   2  1  1  1  3  0  0
    8 -6.0749450524633177e-08   1  2  1  1  3  0  0
    8  8.1465466986783105e-09   0  3  1  1  3  0  0
    8 -7.8571978325695209e-09   1  0  3  1  3  0  0
    8  4.7144103783479977e-08   0  1  3  1  3  0  0
    8 -5.8189556766154666e-09   3  0  0  2  3  0  0
    8 -1.0978562990910371e-07   2  1  0  2  3  0  0
    8 -7.1384234221408822e-09   1  2  0  2  3  0  0
    8  1.3473754871109571e-09   0  3  0  2  3  0  0
    8  2.1490825668826212e-08   1  0  2  2  3  0  0
    8 -2.1490825668826212e-08   0  1  2  2  3  0  0
    8 -4.7144103783479977e-08   1  0  1  3  3  0  0
    8  7.8571978325695209e-09   0  1  1  3  3  0  0
    8 -1.1671698700757087e-08   1  0  0  4  3  0  0
    8 -1.3028070173939393e-09   0  1  0  4  3  0  0
    8  4.8437924812496687e-09   4  0  0  0  4  0  0
    8 -1.1428682485827493e-08   3  1  0  0  4  0  0
    8  1.1428682485827493e-08   1  3  0  0  4  0  0
    8 -4.8437924812496687e-09   0  4  0  0  4  0  0
    8 -1.8579399201585800e-09   2  0  2  0  4  0  0
    8 -1.7963345734953568e-08   1  1  2  0  4  0  0
    8 -3.1908713436078871e-09   0  2  2  0  4  0  0
    8  1.2208473330242956e-09   0  0  4  0  4  0  0
    8 -2.1354362838095942e-09   2  0  1  1  4  0  0
    8  2.1354362838095942e-09   0  2  1  1  4  0  0
    8 -5.9352612508987107e-09   0  0  3  1  4  0  0
    8  3.1908713436078871e-09   2  0  0  2  4  0  0
    8  1.7963345734953568e-08   1  1  0  2  4  0  0
    8  1.8579399201585800e-09   0  2  0  2  4  0  0
    8  5.9352612508987107e-09   0  0  1  3  4  0  0
    8 -1.2208473330242956e-09   0  0  0  4  4  0  0
    8 -4.4443045140032556e-09   3  0  0  0  5  0  0
    8  3.3826617866347247e-08   2  1  0  0  5  0  0
    8 -3.3826617866347247e-08   1  2  0  0  5  0  0
    8  4.4443045140032556e-09   0  3  0  0  5  0  0
    8  4.1517067397162017e-09   1  0  2  0  5  0  0
    8 -7.6455646275938217e-09   0  1  2  0  5  0  0
    8  8.3820649133890724e-10   1  0  1  1  5  0  0
    8 -8.3820649133890724e-10   0  1  1  1  5  0  0
    8  7.6455646275938217e-09   1  0  0  2  5  0  0
    8 -4.1517067397162017e-09   0  1  0  2  5  0  0
    8 -2.0151706247391060e-09   2  0  0  0  6  0  0
    8  2.0151706247391060e-09   0  2  0  0  6  0  0
    8 -8.3660756239801702e-10   0  0  2  0  6  0  0
    8  8.3660756239801702e-10   0  0  0  2  6  0  0
    8 -3.0642986567640449e-23   1  0  0  0  7  0  0
    8  3.0642986567640449e-23   0  1  0  0  7  0  0
 -608  0.0000000000000000e+00   0  0  0  0  0  0  0

tpsa, NO = 8, NV = 7, INA = 50238
------------------------------------------------------------------

   |I|         a                i  i  i  i  i  i  i
                I                1  2  3  4  5  6  7

    3 -2.4206128062257081e-14   3  0  0  0  0  0  0
    3 -9.4127172833476331e-14   2  1  0  0  0  0  0
    3  9.4127172833476331e-14   1  2  0  0  0  0  0
    3  2.4206128062257081e-14   0  3  0  0  0  0  0
    3  7.7725020695987756e-14   1  0  2  0  0  0  0
    3 -2.8544682811451320e-14   0  1  2  0  0  0  0
    3 -2.8494311915311207e-14   1  0  1  1  0  0  0
    3  2.8494311915311207e-14   0  1  1  1  0  0  0
    3  2.8544682811451320e-14   1  0  0  2  0  0  0
    3 -7.7725020695987756e-14   0  1  0  2  0  0  0
    3 -2.8660339085239727e-13   2  0  0  0  1  0  0
    3  2.8660339085239727e-13   0  2  0  0  1  0  0
    3  1.2506965351407402e-13   0  0  2  0  1  0  0
    3 -1.2506965351407402e-13   0  0  0  2  1  0  0
    4 -5.3725191553678763e-17   4  0  0  0  0  0  0
    4  3.5187209515135897e-17   3  1  0  0  0  0  0
    4 -3.5187209515135897e-17   1  3  0  0  0  0  0
    4  5.3725191553678763e-17   0  4  0  0  0  0  0
    4 -2.0517432305250299e-17   2  0  2  0  0  0  0
    4 -9.0125470424428342e-17   1  1  2  0  0  0  0
    4  5.2112074754470495e-17   0  2  2  0  0  0  0
    4  1.9498206087526312e-17   0  0  4  0  0  0  0
    4 -6.5910931017647541e-17   2  0  1  1  0  0  0
    4  6.5910931017647541e-17   0  2  1  1  0  0  0
    4 -4.5151471250413299e-17   0  0  3  1  0  0  0
    4 -5.2112074754470495e-17   2  0  0  2  0  0  0
    4  9.0125470424428342e-17   1  1  0  2  0  0  0
    4  2.0517432305250299e-17   0  2  0  2  0  0  0
    4  4.5151471250413299e-17   0  0  1  3  0  0  0
    4 -1.9498206087526312e-17   0  0  0  4  0  0  0
    4  4.3386361158198910e-17   3  0  0  0  1  0  0
    4 -5.3351029946846543e-16   2  1  0  0  1  0  0
    4  5.3351029946846543e-16   1  2  0  0  1  0  0
    4 -4.3386361158198910e-17   0  3  0  0  1  0  0
    4 -4.5363665750602524e-17   1  0  2  0  1  0  0
    4  3.7502076945194430e-16   0  1  2  0  1  0  0
    4 -2.5527248050947901e-16   1  0  1  1  1  0  0
    4  2.5527248050947901e-16   0  1  1  1  1  0  0
    4 -3.7502076945194430e-16   1  0  0  2  1  0  0
    4  4.5363665750602524e-17   0  1  0  2  1  0  0
    4 -3.5972906588095446e-15   2  0  0  0  2  0  0
    4  3.5972906588095446e-15   0  2  0  0  2  0  0
    4  4.6715315621016857e-15   0  0  2  0  2  0  0
    4 -4.6715315621016857e-15   0  0  0  2  2  0  0
    5  1.2770564317125093e-19   5  0  0  0  0  0  0
    5  1.0822918543002935e-19   4  1  0  0  0  0  0
    5  6.5929562253874215e-20   3  2  0  0  0  0  0
    5 -6.5929562253874215e-20   2  3  0  0  0  0  0
    5 -1.0822918543002935e-19   1  4  0  0  0  0  0
    5 -1.2770564317125093e-19   0  5  0  0  0  0  0
    5 -1.4040861966389822e-20   3  0  2  0  0  0  0
    5  2.5931218201710104e-20   2  1  2  0  0  0  0
    5 -3.0289503145632609e-19   1  2  2  0  0  0  0
    5  6.7627361709696175e-20   0  3  2  0  0  0  0
    5 -3.8773368543198803e-20   1  0  4  0  0  0  0
    5 -1.2148074515591802e-19   0  1  4  0  0  0  0
    5 -3.1319842155131870e-20   3  0  1  1  0  0  0
    5  5.5143668375840298e-19   2  1  1  1  0  0  0
    5 -5.5143668375840298e-19   1  2  1  1  0  0  0
    5  3.1319842155131870e-20   0  3  1  1  0  0  0
    5 -6.6894404201842577e-20   1  0  3  1  0  0  0
    5  1.9415328435907371e-20   0  1  3  1  0  0  0
    5 -6.7627361709696175e-20   3  0  0  2  0  0  0
    5  3.0289503145632609e-19   2  1  0  2  0  0  0
    5 -2.5931218201710104e-20   1  2  0  2  0  0  0
    5  1.4040861966389822e-20   0  3  0  2  0  0  0
    5  7.3126367363817637e-20   1  0  2  2  0  0  0
    5 -7.3126367363817637e-20   0  1  2  2  0  0  0
    5 -1.9415328435907371e-20   1  0  1  3  0  0  0
    5  6.6894404201842577e-20   0  1  1  3  0  0  0
    5  1.2148074515591802e-19   1  0  0  4  0  0  0
    5  3.8773368543198803e-20   0  1  0  4  0  0  0
    5 -3.6642985599958549e-19   4  0  0  0  1  0  0
    5  4.9144256831842836e-19   3  1  0  0  1  0  0
    5 -4.9144256831842836e-19   1  3  0  0  1  0  0
    5  3.6642985599958549e-19   0  4  0  0  1  0  0
    5 -1.4426113323621861e-19   2  0  2  0  1  0  0
    5 -1.0265010477999838e-18   1  1  2  0  1  0  0
    5  2.0561336835601040e-19   0  2  2  0  1  0  0
    5 -1.0488911846478643e-19   0  0  4  0  1  0  0
    5 -4.5604887412517354e-21   2  0  1  1  1  0  0
    5  4.5604887412517354e-21   0  2  1  1  1  0  0
    5 -7.0404942525674322e-20   0  0  3  1  1  0  0
    5 -2.0561336835601040e-19   2  0  0  2  1  0  0
    5  1.0265010477999838e-18   1  1  0  2  1  0  0
    5  1.4426113323621861e-19   0  2  0  2  1  0  0
    5  7.0404942525674322e-20   0  0  1  3  1  0  0
    5  1.0488911846478643e-19   0  0  0  4  1  0  0
    5 -1.3679197995422626e-18   3  0  0  0  2  0  0
    5 -1.0133849438329493e-19   2  1  0  0  2  0  0
    5  1.0133849438329493e-19   1  2  0  0  2  0  0
    5  1.3679197995422626e-18   0  3  0  0  2  0  0
    5 -6.8822648741117047e-19   1  0  2  0  2  0  0
    5  1.8258204272804817e-17   0  1  2  0  2  0  0
    5 -2.7328102806207302e-18   1  0  1  1  2  0  0
    5  2.7328102806207302e-18   0  1  1  1  2  0  0
    5 -1.8258204272804817e-17   1  0  0  2  2  0  0
    5  6.8822648741117047e-19   0  1  0  2  2  0  0
    5  2.2817204689757923e-18   2  0  0  0  3  0  0
    5 -2.2817204689757923e-18   0  2  0  0  3  0  0
    5 -2.6120050031165827e-17   0  0  2  0  3  0  0
    5  2.6120050031165827e-17   0  0  0  2  3  0  0
    6 -2.2674084336656154e-23   6  0  0  0  0  0  0
    6  3.0667169579458772e-22   5  1  0  0  0  0  0
    6 -2.2493931016340871e-22   4  2  0  0  0  0  0
    6  2.2493931016340871e-22   2  4  0  0  0  0  0
    6 -3.0667169579458772e-22   1  5  0  0  0  0  0
    6  2.2674084336656154e-23   0  6  0  0  0  0  0
    6 -1.9267233351766980e-21   4  0  2  0  0  0  0
    6  1.4131671067880137e-22   3  1  2  0  0  0  0
    6  4.5032542876889965e-22   2  2  2  0  0  0  0
    6 -1.1312578194729951e-22   1  3  2  0  0  0  0
    6  6.9821433535432043e-23   0  4  2  0  0  0  0
    6 -2.8922725585056003e-24   2  0  4  0  0  0  0
    6  1.0852972081263142e-22   1  1  4  0  0  0  0
    6  1.1604874015514876e-22   0  2  4  0  0  0  0
    6 -9.7367761324162133e-24   0  0  6  0  0  0  0
    6 -2.5484973357469684e-22   4  0  1  1  0  0  0
    6 -8.4557165089699894e-23   3  1  1  1  0  0  0
    6  8.4557165089699894e-23   1  3  1  1  0  0  0
    6  2.5484973357469684e-22   0  4  1  1  0  0  0
    6  1.4130848590333414e-22   2  0  3  1  0  0  0
    6  5.0900057932488737e-22   1  1  3  1  0  0  0
    6 -1.1159897208727485e-22   0  2  3  1  0  0  0
    6  1.4586355921365093e-23   0  0  5  1  0  0  0
    6 -6.9821433535432043e-23   4  0  0  2  0  0  0
    6  1.1312578194729951e-22   3  1  0  2  0  0  0
    6 -4.5032542876889965e-22   2  2  0  2  0  0  0
    6 -1.4131671067880137e-22   1  3  0  2  0  0  0
    6  1.9267233351766980e-21   0  4  0  2  0  0  0
    6 -5.2847350755652304e-23   2  0  2  2  0  0  0
    6  5.2847350755652304e-23   0  2  2  2  0  0  0
    6 -2.3930759692708675e-23   0  0  4  2  0  0  0
    6  1.1159897208727485e-22   2  0  1  3  0  0  0
    6 -5.0900057932488737e-22   1  1  1  3  0  0  0
    6 -1.4130848590333414e-22   0  2  1  3  0  0  0
    6 -1.1604874015514876e-22   2  0  0  4  0  0  0
    6 -1.0852972081263142e-22   1  1  0  4  0  0  0
    6  2.8922725585056003e-24   0  2  0  4  0  0  0
    6  2.3930759692708675e-23   0  0  2  4  0  0  0
    6 -1.4586355921365093e-23   0  0  1  5  0  0  0
    6  9.7367761324162133e-24   0  0  0  6  0  0  0
    6  4.3553810619136247e-21   5  0  0  0  1  0  0
    6 -4.9986899705486794e-22   4  1  0  0  1  0  0
    6 -2.6508184476746030e-21   3  2  0  0  1  0  0
    6  2.6508184476746030e-21   2  3  0  0  1  0  0
    6  4.9986899705486794e-22   1  4  0  0  1  0  0
    6 -4.3553810619136247e-21   0  5  0  0  1  0  0
    6 -6.4723737957251108e-22   3  0  2  0  1  0  0
    6  8.4122886138040928e-22   2  1  2  0  1  0  0
    6 -1.1380681796707455e-20   1  2  2  0  1  0  0
    6  1.8716834749652361e-23   0  3  2  0  1  0  0
    6 -4.5467116241809891e-23   1  0  4  0  1  0  0
    6 -7.4194378200903905e-22   0  1  4  0  1  0  0
    6 -9.8670227227919389e-22   3  0  1  1  1  0  0
    6 -3.4074852139399237e-21   2  1  1  1  1  0  0
    6  3.4074852139399237e-21   1  2  1  1  1  0  0
    6  9.8670227227919389e-22   0  3  1  1  1  0  0
    6  6.0310290049426177e-22   1  0  3  1  1  0  0
    6 -3.7927222662467067e-21   0  1  3  1  1  0  0
    6 -1.8716834749652361e-23   3  0  0  2  1  0  0
    6  1.1380681796707455e-20   2  1  0  2  1  0  0
    6 -8.4122886138040928e-22   1  2  0  2  1  0  0
    6  6.4723737957251108e-22   0  3  0  2  1  0  0
    6 -1.2761650315677318e-21   1  0  2  2  1  0  0
    6  1.2761650315677318e-21   0  1  2  2  1  0  0
    6  3.7927222662467067e-21   1  0  1  3  1  0  0
    6 -6.0310290049426177e-22   0  1  1  3  1  0  0
    6  7.4194378200903905e-22   1  0  0  4  1  0  0
    6  4.5467116241809891e-23   0  1  0  4  1  0  0
    6  2.4582796690793892e-20   4  0  0  0  2  0  0
    6 -6.6452171328094714e-23   3  1  0  0  2  0  0
    6  6.6452171328094714e-23   1  3  0  0  2  0  0
    6 -2.4582796690793892e-20   0  4  0  0  2  0  0
    6 -2.4815587974028730e-21   2  0  2  0  2  0  0
    6  6.6654525545577179e-21   1  1  2  0  2  0  0
    6  5.1521288807816971e-21   0  2  2  0  2  0  0
    6 -1.7881660269206692e-21   0  0  4  0  2  0  0
    6  5.7963271128037168e-22   2  0  1  1  2  0  0
    6 -5.7963271128037168e-22   0  2  1  1  2  0  0
    6  7.9634901727488986e-21   0  0  3  1  2  0  0
    6 -5.1521288807816971e-21   2  0  0  2  2  0  0
    6 -6.6654525545577179e-21   1  1  0  2  2  0  0
    6  2.4815587974028730e-21   0  2  0  2  2  0  0
    6 -7.9634901727488986e-21   0  0  1  3  2  0  0
    6  1.7881660269206692e-21   0  0  0  4  2  0  0
    6 -7.2624172017164383e-20   3  0  0  0  3  0  0
    6  4.3663761113491629e-19   2  1  0  0  3  0  0
    6 -4.3663761113491629e-19   1  2  0  0  3  0  0
    6  7.2624172017164383e-20   0  3  0  0  3  0  0
    6  1.0794985598501621e-20   1  0  2  0  3  0  0
    6  8.1271418792006797e-20   0  1  2  0  3  0  0
    6  8.7948325388856020e-20   1  0  1  1  3  0  0
    6 -8.7948325388856020e-20   0  1  1  1  3  0  0
    6 -8.1271418792006797e-20   1  0  0  2  3  0  0
    6 -1.0794985598501621e-20   0  1  0  2  3  0  0
    6 -3.5411299095903671e-20   2  0  0  0  4  0  0
    6  3.5411299095903671e-20   0  2  0  0  4  0  0
    6 -3.1474224938319622e-20   0  0  2  0  4  0  0
    6  3.1474224938319622e-20   0  0  0  2  4  0  0
    7  6.4657502617006708e-25   6  1  0  0  0  0  0
    7  1.9844209575321699e-24   4  3  0  0  0  0  0
    7 -1.9844209575321699e-24   3  4  0  0  0  0  0
    7 -6.4657502617006708e-25   1  6  0  0  0  0  0
    7  1.0356629181747987e-25   5  0  2  0  0  0  0
    7  6.9936838610408812e-25   4  1  2  0  0  0  0
    7 -1.5332917190153776e-24   3  2  2  0  0  0  0
    7  1.9986702127955779e-24   2  3  2  0  0  0  0
    7 -1.8707004028689833e-25   1  4  2  0  0  0  0
    7 -3.6644974127496294e-25   0  5  2  0  0  0  0
    7 -3.3932132728512605e-25   3  0  4  0  0  0  0
    7  2.0749606298620789e-25   2  1  4  0  0  0  0
    7  1.2350481732044569e-24   1  2  4  0  0  0  0
    7 -1.9469947790045102e-24   5  0  1  1  0  0  0
    7  1.1374999197250274e-24   4  1  1  1  0  0  0
    7  1.6601255654894750e-24   3  2  1  1  0  0  0
    7 -1.6601255654894750e-24   2  3  1  1  0  0  0
    7 -1.1374999197250274e-24   1  4  1  1  0  0  0
    7  1.9469947790045102e-24   0  5  1  1  0  0  0
    7 -3.0910537341262162e-25   3  0  3  1  0  0  0
    7 -9.1227251670300912e-25   2  1  3  1  0  0  0
    7  4.6308241480861344e-24   1  2  3  1  0  0  0
    7  1.2407529110132653e-25   1  0  5  1  0  0  0
    7 -1.3088165282047044e-25   0  1  5  1  0  0  0
    7  3.6644974127496294e-25   5  0  0  2  0  0  0
    7  1.8707004028689833e-25   4  1  0  2  0  0  0
    7 -1.9986702127955779e-24   3  2  0  2  0  0  0
    7  1.5332917190153776e-24   2  3  0  2  0  0  0
    7 -6.9936838610408812e-25   1  4  0  2  0  0  0
    7 -1.0356629181747987e-25   0  5  0  2  0  0  0
    7  1.6083351172448590e-24   2  1  2  2  0  0  0
    7 -1.6083351172448590e-24   1  2  2  2  0  0  0
    7 -1.2585317781814014e-25   1  0  4  2  0  0  0
    7  5.6110155130627649e-25   0  1  4  2  0  0  0
    7 -4.6308241480861344e-24   2  1  1  3  0  0  0
    7  9.1227251670300912e-25   1  2  1  3  0  0  0
    7  3.0910537341262162e-25   0  3  1  3  0  0  0
    7  4.3303277551814597e-25   1  0  3  3  0  0  0
    7 -4.3303277551814597e-25   0  1  3  3  0  0  0
    7 -1.2350481732044569e-24   2  1  0  4  0  0  0
    7 -2.0749606298620789e-25   1  2  0  4  0  0  0
    7  3.3932132728512605e-25   0  3  0  4  0  0  0
    7 -5.6110155130627640e-25   1  0  2  4  0  0  0
    7  1.2585317781814012e-25   0  1  2  4  0  0  0
    7  1.3088165282047044e-25   1  0  1  5  0  0  0
    7 -1.2407529110132653e-25   0  1  1  5  0  0  0
    7  6.9279550583053612e-25   6  0  0  0  1  0  0
    7  4.5883211871367911e-24   5  1  0  0  1  0  0
    7  4.0729660102267375e-24   4  2  0  0  1  0  0
    7 -4.0729660102267375e-24   2  4  0  0  1  0  0
    7 -4.5883211871367911e-24   1  5  0  0  1  0  0
    7 -6.9279550583053612e-25   0  6  0  0  1  0  0
    7  3.3145637311126630e-24   4  0  2  0  1  0  0
    7  2.6682573593141069e-24   3  1  2  0  1  0  0
    7 -9.7521920314749274e-24   2  2  2  0  1  0  0
    7  4.1035279633462361e-24   1  3  2  0  1  0  0
    7  1.4540406365762122e-24   0  4  2  0  1  0  0
    7 -1.2210155686507688e-24   2  0  4  0  1  0  0
    7  1.3361911185322325e-24   1  1  4  0  1  0  0
    7 -1.7301684796241408e-24   0  2  4  0  1  0  0
    7 -3.4265885118575990e-24   4  0  1  1  1  0  0
    7  4.8370063707738569e-24   3  1  1  1  1  0  0
    7 -4.8370063707738569e-24   1  3  1  1  1  0  0
    7  3.4265885118575990e-24   0  4  1  1  1  0  0
    7 -2.0278367817522051e-24   2  0  3  1  1  0  0
    7 -8.5952686002289773e-24   1  1  3  1  1  0  0
    7  3.2583586373882450e-24   0  2  3  1  1  0  0
    7  4.1414610857088283e-25   0  0  5  1  1  0  0
    7 -1.4540406365762122e-24   4  0  0  2  1  0  0
    7 -4.1035279633462361e-24   3  1  0  2  1  0  0
    7  9.7521920314749274e-24   2  2  0  2  1  0  0
    7 -2.6682573593141069e-24   1  3  0  2  1  0  0
    7 -3.3145637311126630e-24   0  4  0  2  1  0  0
    7  1.8872279897309699e-24   2  0  2  2  1  0  0
    7 -1.8872279897309699e-24   0  2  2  2  1  0  0
    7 -1.1315729064568517e-24   0  0  4  2  1  0  0
    7 -3.2583586373882450e-24   2  0  1  3  1  0  0
    7  8.5952686002289773e-24   1  1  1  3  1  0  0
    7  2.0278367817522051e-24   0  2  1  3  1  0  0
    7  1.7301684796241408e-24   2  0  0  4  1  0  0
    7 -1.3361911185322325e-24   1  1  0  4  1  0  0
    7  1.2210155686507688e-24   0  2  0  4  1  0  0
    7  1.1315729064568517e-24   0  0  2  4  1  0  0
    7 -4.1414610857088283e-25   0  0  1  5  1  0  0
    7 -8.4812540644371989e-23   5  0  0  0  2  0  0
    7 -1.0217088762546751e-24   4  1  0  0  2  0  0
    7 -1.2633238777251792e-22   3  2  0  0  2  0  0
    7  1.2633238777251792e-22   2  3  0  0  2  0  0
    7  1.0217088762546751e-24   1  4  0  0  2  0  0
    7  8.4812540644371989e-23   0  5  0  0  2  0  0
    7 -7.5680649107567564e-24   3  0  2  0  2  0  0
    7  7.2703137503075591e-24   2  1  2  0  2  0  0
    7 -1.3987845728517384e-22   1  2  2  0  2  0  0
    7 -5.5470715842208766e-24   0  3  2  0  2  0  0
    7 -1.2549209924738979e-24   1  0  4  0  2  0  0
    7  1.2888502047837599e-23   0  1  4  0  2  0  0
    7 -1.0547127085795182e-23   3  0  1  1  2  0  0
    7 -8.8088965593835419e-23   2  1  1  1  2  0  0
    7  8.8088965593835419e-23   1  2  1  1  2  0  0
    7  1.0547127085795182e-23   0  3  1  1  2  0  0
    7  1.5696916693352127e-24   1  0  3  1  2  0  0
    7 -4.4388288816782059e-23   0  1  3  1  2  0  0
    7  5.5470715842208766e-24   3  0  0  2  2  0  0
    7  1.3987845728517384e-22   2  1  0  2  2  0  0
    7 -7.2703137503075591e-24   1  2  0  2  2  0  0
    7  7.5680649107567564e-24   0  3  0  2  2  0  0
    7 -2.1414809038589842e-23   1  0  2  2  2  0  0
    7  2.1414809038589842e-23   0  1  2  2  2  0  0
    7  4.4388288816782059e-23   1  0  1  3  2  0  0
    7 -1.5696916693352127e-24   0  1  1  3  2  0  0
    7 -1.2888502047837599e-23   1  0  0  4  2  0  0
    7  1.2549209924738979e-24   0  1  0  4  2  0  0
    7 -3.7078622703091058e-22   4  0  0  0  3  0  0
    7  9.6298123862834696e-23   3  1  0  0  3  0  0
    7 -9.6298123862834696e-23   1  3  0  0  3  0  0
    7  3.7078622703091058e-22   0  4  0  0  3  0  0
    7  3.0211520792387010e-23   2  0  2  0  3  0  0
    7  5.1695250018823513e-22   1  1  2  0  3  0  0
    7 -1.7185314165597074e-23   0  2  2  0  3  0  0
    7 -4.7517704235887141e-24   0  0  4  0  3  0  0
    7 -1.7166392201503236e-22   2  0  1  1  3  0  0
    7  1.7166392201503236e-22   0  2  1  1  3  0  0
    7 -8.2959497001931444e-24   0  0  3  1  3  0  0
    7  1.7185314165597074e-23   2  0  0  2  3  0  0
    7 -5.1695250018823513e-22   1  1  0  2  3  0  0
    7 -3.0211520792387010e-23   0  2  0  2  3  0  0
    7  8.2959497001931444e-24   0  0  1  3  3  0  0
    7  4.7517704235887141e-24   0  0  0  4  3  0  0
    7  1.0713955677554208e-21   3  0  0  0  4  0  0
    7 -6.7685085406356832e-21   2  1  0  0  4  0  0
    7  6.7685085406356832e-21   1  2  0  0  4  0  0
    7 -1.0713955677554208e-21   0  3  0  0  4  0  0
    7 -2.2218437947718900e-22   1  0  2  0  4  0  0
    7  4.7552965319724014e-22   0  1  2  0  4  0  0
    7 -1.5336587567358301e-21   1  0  1  1  4  0  0
    7  1.5336587567358301e-21   0  1  1  1  4  0  0
    7 -4.7552965319724014e-22   1  0  0  2  4  0  0
    7  2.2218437947718900e-22   0  1  0  2  4  0  0
    7  1.7096825602904828e-21   2  0  0  0  5  0  0
    7 -1.7096825602904828e-21   0  2  0  0  5  0  0
    7  1.4144201185570356e-21   0  0  2  0  5  0  0
    7 -1.4144201185570356e-21   0  0  0  2  5  0  0
    8  1.0993030058409341e-25   6  1  0  0  1  0  0
    8 -1.0993030058409341e-25   1  6  0  0  1  0  0
    8 -1.2698875738292453e-25   5  1  0  0  2  0  0
    8  1.2698875738292453e-25   1  5  0  0  2  0  0
    8  2.9672243566338300e-24   4  0  2  0  2  0  0
    8 -1.0719374748396405e-25   3  1  2  0  2  0  0
    8 -2.6681950969991656e-25   2  2  2  0  2  0  0
    8  1.2031670442645122e-25   4  0  1  1  2  0  0
    8  1.2201748106948105e-25   3  1  1  1  2  0  0
    8 -1.2201748106948105e-25   1  3  1  1  2  0  0
    8 -1.2031670442645122e-25   0  4  1  1  2  0  0
    8 -2.3976194238333720e-25   1  1  3  1  2  0  0
    8  2.6681950969991656e-25   2  2  0  2  2  0  0
    8  1.0719374748396405e-25   1  3  0  2  2  0  0
    8 -2.9672243566338300e-24   0  4  0  2  2  0  0
    8  2.3976194238333720e-25   1  1  1  3  2  0  0
    8  1.6221902739748332e-24   5  0  0  0  3  0  0
    8  5.5207043702583710e-25   4  1  0  0  3  0  0
    8  2.1230868112637883e-24   3  2  0  0  3  0  0
    8 -2.1230868112637883e-24   2  3  0  0  3  0  0
    8 -5.5207043702583710e-25   1  4  0  0  3  0  0
    8 -1.6221902739748332e-24   0  5  0  0  3  0  0
    8  3.2235141688807598e-25   2  1  2  0  3  0  0
    8  4.9576147648209755e-24   1  2  2  0  3  0  0
    8  2.6276791053721962e-25   0  3  2  0  3  0  0
    8  4.4291765425929288e-25   0  1  4  0  3  0  0
    8 -3.6787546994182831e-25   3  0  1  1  3  0  0
    8  2.7432768125030250e-24   2  1  1  1  3  0  0
    8 -2.7432768125030250e-24   1  2  1  1  3  0  0
    8  3.6787546994182831e-25   0  3  1  1  3  0  0
    8 -2.9816496486729529e-25   1  0  3  1  3  0  0
    8  1.7890245794796914e-24   0  1  3  1  3  0  0
    8 -2.6276791053721962e-25   3  0  0  2  3  0  0
    8 -4.9576147648209755e-24   2  1  0  2  3  0  0
    8 -3.2235141688807598e-25   1  2  0  2  3  0  0
    8  8.1553391133327284e-25   1  0  2  2  3  0  0
    8 -8.1553391133327284e-25   0  1  2  2  3  0  0
    8 -1.7890245794796914e-24   1  0  1  3  3  0  0
    8  2.9816496486729529e-25   0  1  1  3  3  0  0
    8 -4.4291765425929288e-25   1  0  0  4  3  0  0
    8  1.7091966908888665e-24   4  0  0  0  4  0  0
    8 -4.0327628323491434e-24   3  1  0  0  4  0  0
    8  4.0327628323491434e-24   1  3  0  0  4  0  0
    8 -1.7091966908888665e-24   0  4  0  0  4  0  0
    8 -5.5093431780573617e-25   2  0  2  0  4  0  0
    8 -5.3266650447720197e-24   1  1  2  0  4  0  0
    8 -9.4618803752622842e-25   0  2  2  0  4  0  0
    8  3.0422238228050129e-25   0  0  4  0  4  0  0
    8 -6.3322022390144848e-25   2  0  1  1  4  0  0
    8  6.3322022390144848e-25   0  2  1  1  4  0  0
    8 -1.4790050060826243e-24   0  0  3  1  4  0  0
    8  9.4618803752622842e-25   2  0  0  2  4  0  0
    8  5.3266650447720197e-24   1  1  0  2  4  0  0
    8  5.5093431780573617e-25   0  2  0  2  4  0  0
    8  1.4790050060826243e-24   0  0  1  3  4  0  0
    8 -3.0422238228050129e-25   0  0  0  4  4  0  0
    8 -1.0297960071018242e-23   3  0  0  0  5  0  0
    8  7.8380128775528147e-23   2  1  0  0  5  0  0
    8 -7.8380128775528147e-23   1  2  0  0  5  0  0
    8  1.0297960071018242e-23   0  3  0  0  5  0  0
    8  8.0841750549877135e-24   1  0  2  0  5  0  0
    8 -1.4887391311245508e-23   0  1  2  0  5  0  0
    8  1.6321499645887730e-24   1  0  1  1  5  0  0
    8 -1.6321499645887730e-24   0  1  1  1  5  0  0
    8  1.4887391311245508e-23   1  0  0  2  5  0  0
    8 -8.0841750549877135e-24   0  1  0  2  5  0  0
    8 -3.0661973218369598e-23   2  0  0  0  6  0  0
    8  3.0661973218369598e-23   0  2  0  0  6  0  0
    8 -1.0697239194434372e-23   0  0  2  0  6  0  0
    8  1.0697239194434372e-23   0  0  0  2  6  0  0
 -412  0.0000000000000000e+00   0  0  0  0  0  0  0
