
tpsa, NO = 8, NV = 7, INA = 48092
------------------------------------------------------------------

   |I|         a                i  i  i  i  i  i  i
                I                1  2  3  4  5  6  7

    2 -1.3825415166261782e-05   1  1  0  0  0  0  0
    2 -4.0772194708693144e-06   0  0  1  1  0  0  0
    2  8.6189624646016180e-06   0  0  0  0  2  0  0
    3 -1.0089110741560117e-06   3  0  0  0  0  0  0
    3 -1.3077397426861356e-06   2  1  0  0  0  0  0
    3 -1.3077397426861356e-06   1  2  0  0  0  0  0
    3 -1.0089110741560117e-06   0  3  0  0  0  0  0
    3  2.1869099153255591e-06   1  0  2  0  0  0  0
    3  1.4069584241116270e-07   0  1  2  0  0  0  0
    3 -4.7108886279271904e-07   1  0  1  1  0  0  0
    3 -4.7108886279271904e-07   0  1  1  1  0  0  0
    3  1.4069584241116270e-07   1  0  0  2  0  0  0
    3  2.1869099153255591e-06   0  1  0  2  0  0  0
    3 -1.2127652569642047e-06   2  0  0  0  1  0  0
    3 -2.9603303451164811e-14   1  1  0  0  1  0  0
    3 -1.2127652569642047e-06   0  2  0  0  1  0  0
    3  2.2100901432640300e-07   0  0  2  0  1  0  0
    3 -1.1812096266214280e-15   0  0  1  1  1  0  0
    3  2.2100901432640300e-07   0  0  0  2  1  0  0
    3 -7.3157597372640170e-21   1  0  0  0  2  0  0
    3 -7.3157597372640170e-21   0  1  0  0  2  0  0
    3 -1.1774695213732857e-08   0  0  0  0  3  0  0
    4 -5.5765248846799374e-07   4  0  0  0  0  0  0
    4 -1.6594599622134028e-07   3  1  0  0  0  0  0
    4 -4.6166400988876536e-07   2  2  0  0  0  0  0
    4 -1.6594599622134028e-07   1  3  0  0  0  0  0
    4 -5.5765248846799374e-07   0  4  0  0  0  0  0
    4 -2.2979136577505208e-07   2  0  2  0  0  0  0
    4  2.7950129942696568e-07   1  1  2  0  0  0  0
    4 -2.3794933444786908e-08   0  2  2  0  0  0  0
    4  7.5780755238038116e-08   0  0  4  0  0  0  0
    4 -3.9410082452359541e-07   2  0  1  1  0  0  0
    4 -1.2419701255855033e-06   1  1  1  1  0  0  0
    4 -3.9410082452359541e-07   0  2  1  1  0  0  0
    4 -6.7967629178789022e-08   0  0  3  1  0  0  0
    4 -2.3794933444786908e-08   2  0  0  2  0  0  0
    4  2.7950129942696568e-07   1  1  0  2  0  0  0
    4 -2.2979136577505208e-07   0  2  0  2  0  0  0
    4 -1.5718965938230628e-07   0  0  2  2  0  0  0
    4 -6.7967629178789022e-08   0  0  1  3  0  0  0
    4  7.5780755238038116e-08   0  0  0  4  0  0  0
    4  1.1765961626756335e-07   3  0  0  0  1  0  0
    4 -8.1254814507882955e-07   2  1  0  0  1  0  0
    4 -8.1254814507882955e-07   1  2  0  0  1  0  0
    4  1.1765961626756335e-07   0  3  0  0  1  0  0
    4  8.7022243819261494e-09   1  0  2  0  1  0  0
    4  1.6659225285726982e-07   0  1  2  0  1  0  0
    4 -3.6537556551384630e-07   1  0  1  1  1  0  0
    4 -3.6537556551384630e-07   0  1  1  1  1  0  0
    4  1.6659225285726982e-07   1  0  0  2  1  0  0
    4  8.7022243819261494e-09   0  1  0  2  1  0  0
    4 -5.0739910875426066e-07   2  0  0  0  2  0  0
    4 -6.4708857178496191e-08   1  1  0  0  2  0  0
    4 -5.0739910875426066e-07   0  2  0  0  2  0  0
    4  2.7516682562244922e-07   0  0  2  0  2  0  0
    4 -4.8580315808255680e-08   0  0  1  1  2  0  0
    4  2.7516682562244922e-07   0  0  0  2  2  0  0
    4  5.6695820258988358e-22   1  0  0  0  3  0  0
    4  5.6695820258988358e-22   0  1  0  0  3  0  0
    4  1.7902147024816473e-07   0  0  0  0  4  0  0
    5  6.6748899986047872e-07   5  0  0  0  0  0  0
    5 -2.6985608166322260e-07   4  1  0  0  0  0  0
    5 -9.1357669158235026e-08   3  2  0  0  0  0  0
    5 -9.1357669158235026e-08   2  3  0  0  0  0  0
    5 -2.6985608166322260e-07   1  4  0  0  0  0  0
    5  6.6748899986047872e-07   0  5  0  0  0  0  0
    5  1.7831336313604708e-07   3  0  2  0  0  0  0
    5 -1.4665957471006365e-08   2  1  2  0  0  0  0
    5  1.6252230412483697e-08   1  2  2  0  0  0  0
    5  9.2570480363142475e-08   0  3  2  0  0  0  0
    5 -6.2417483222228147e-08   1  0  4  0  0  0  0
    5 -6.8208633707588665e-09   0  1  4  0  0  0  0
    5 -7.7231170846807908e-08   3  0  1  1  0  0  0
    5  2.3928013916961357e-07   2  1  1  1  0  0  0
    5  2.3928013916961357e-07   1  2  1  1  0  0  0
    5 -7.7231170846807908e-08   0  3  1  1  0  0  0
    5  1.7816185605697671e-08   1  0  3  1  0  0  0
    5 -2.1561483742435812e-08   0  1  3  1  0  0  0
    5  9.2570480363142475e-08   3  0  0  2  0  0  0
    5  1.6252230412483697e-08   2  1  0  2  0  0  0
    5 -1.4665957471006365e-08   1  2  0  2  0  0  0
    5  1.7831336313604708e-07   0  3  0  2  0  0  0
    5  1.3032425442218451e-07   1  0  2  2  0  0  0
    5  1.3032425442218451e-07   0  1  2  2  0  0  0
    5 -2.1561483742435812e-08   1  0  1  3  0  0  0
    5  1.7816185605697671e-08   0  1  1  3  0  0  0
    5 -6.8208633707588665e-09   1  0  0  4  0  0  0
    5 -6.2417483222228147e-08   0  1  0  4  0  0  0
    5 -1.9541943353244617e-07   4  0  0  0  1  0  0
    5 -1.4933131236079357e-07   3  1  0  0  1  0  0
    5  1.3530325454596755e-07   2  2  0  0  1  0  0
    5 -1.4933131236079357e-07   1  3  0  0  1  0  0
    5 -1.9541943353244617e-07   0  4  0  0  1  0  0
    5  5.5859536326632160e-08   2  0  2  0  1  0  0
    5  2.6740186890790427e-09   1  1  2  0  1  0  0
    5 -3.0877828881474860e-08   0  2  2  0  1  0  0
    5 -1.5612353456697859e-08   0  0  4  0  1  0  0
    5 -1.3113462026801001e-08   2  0  1  1  1  0  0
    5 -1.0837237617392574e-07   1  1  1  1  1  0  0
    5 -1.3113462026801001e-08   0  2  1  1  1  0  0
    5  5.3866924837093107e-09   0  0  3  1  1  0  0
    5 -3.0877828881474860e-08   2  0  0  2  1  0  0
    5  2.6740186890790427e-09   1  1  0  2  1  0  0
    5  5.5859536326632160e-08   0  2  0  2  1  0  0
    5  3.6267503396533552e-08   0  0  2  2  1  0  0
    5  5.3866924837093107e-09   0  0  1  3  1  0  0
    5 -1.5612353456697859e-08   0  0  0  4  1  0  0
    5  1.9178006872334520e-10   3  0  0  0  2  0  0
    5 -3.1576834469718631e-07   2  1  0  0  2  0  0
    5 -3.1576834469718631e-07   1  2  0  0  2  0  0
    5  1.9178006872334520e-10   0  3  0  0  2  0  0
    5 -2.3069632233773453e-09   1  0  2  0  2  0  0
    5  2.4578575954279598e-08   0  1  2  0  2  0  0
    5 -1.7710740608601539e-07   1  0  1  1  2  0  0
    5 -1.7710740608601539e-07   0  1  1  1  2  0  0
    5  2.4578575954279598e-08   1  0  0  2  2  0  0
    5 -2.3069632233773453e-09   0  1  0  2  2  0  0
    5  1.7495411435246696e-08   2  0  0  0  3  0  0
    5 -5.9567437454099039e-08   1  1  0  0  3  0  0
    5  1.7495411435246696e-08   0  2  0  0  3  0  0
    5 -5.0270559206406023e-08   0  0  2  0  3  0  0
    5 -5.0789818365727593e-08   0  0  1  1  3  0  0
    5 -5.0270559206406023e-08   0  0  0  2  3  0  0
    5  2.9193517473894063e-23   1  0  0  0  4  0  0
    5  2.9193517473894063e-23   0  1  0  0  4  0  0
    5 -3.7912395732996868e-08   0  0  0  0  5  0  0
    6 -2.8842953356275032e-07   6  0  0  0  0  0  0
    6  7.1777390443012579e-07   5  1  0  0  0  0  0
    6  1.6267564269901991e-07   4  2  0  0  0  0  0
    6 -2.8097493414006199e-07   3  3  0  0  0  0  0
    6  1.6267564269901991e-07   2  4  0  0  0  0  0
    6  7.1777390443012579e-07   1  5  0  0  0  0  0
    6 -2.8842953356275032e-07   0  6  0  0  0  0  0
    6 -1.6412350792434319e-06   4  0  2  0  0  0  0
    6 -2.4990477435394970e-08   3  1  2  0  0  0  0
    6  2.7806833779889475e-08   2  2  2  0  0  0  0
    6  5.2187138667086635e-08   1  3  2  0  0  0  0
    6 -3.3141928778347042e-07   0  4  2  0  0  0  0
    6  2.9881394462559307e-08   2  0  4  0  0  0  0
    6 -2.3252446685607141e-09   1  1  4  0  0  0  0
    6 -1.0838973412358416e-08   0  2  4  0  0  0  0
    6 -2.8951151307971368e-09   0  0  6  0  0  0  0
    6 -2.9424579660187215e-08   4  0  1  1  0  0  0
    6 -1.2976339873897474e-07   3  1  1  1  0  0  0
    6 -7.9848766436583585e-08   2  2  1  1  0  0  0
    6 -1.2976339873897474e-07   1  3  1  1  0  0  0
    6 -2.9424579660187215e-08   0  4  1  1  0  0  0
    6 -1.0746854660217298e-08   2  0  3  1  0  0  0
    6 -6.1710076352324283e-09   1  1  3  1  0  0  0
    6  3.4774339985722532e-08   0  2  3  1  0  0  0
    6  1.4707879327418691e-09   0  0  5  1  0  0  0
    6 -3.3141928778347042e-07   4  0  0  2  0  0  0
    6  5.2187138667086635e-08   3  1  0  2  0  0  0
    6  2.7806833779889475e-08   2  2  0  2  0  0  0
    6 -2.4990477435394970e-08   1  3  0  2  0  0  0
    6 -1.6412350792434319e-06   0  4  0  2  0  0  0
    6 -6.8331727164698564e-08   2  0  2  2  0  0  0
    6 -2.2926834023766055e-08   1  1  2  2  0  0  0
    6 -6.8331727164698564e-08   0  2  2  2  0  0  0
    6  7.2787701722131286e-09   0  0  4  2  0  0  0
    6  3.4774339985722532e-08   2  0  1  3  0  0  0
    6 -6.1710076352324283e-09   1  1  1  3  0  0  0
    6 -1.0746854660217298e-08   0  2  1  3  0  0  0
    6 -1.7079560947356784e-08   0  0  3  3  0  0  0
    6 -1.0838973412358416e-08   2  0  0  4  0  0  0
    6 -2.3252446685607141e-09   1  1  0  4  0  0  0
    6  2.9881394462559307e-08   0  2  0  4  0  0  0
    6  7.2787701722131286e-09   0  0  2  4  0  0  0
    6  1.4707879327418691e-09   0  0  1  5  0  0  0
    6 -2.8951151307971368e-09   0  0  0  6  0  0  0
    6  5.6017553087201821e-07   5  0  0  0  1  0  0
    6  6.4873042228612705e-08   4  1  0  0  1  0  0
    6 -5.1852133828247543e-08   3  2  0  0  1  0  0
    6 -5.1852133828247543e-08   2  3  0  0  1  0  0
    6  6.4873042228612705e-08   1  4  0  0  1  0  0
    6  5.6017553087201821e-07   0  5  0  0  1  0  0
    6 -6.1618055852187676e-08   3  0  2  0  1  0  0
    6 -2.3951324905287057e-08   2  1  2  0  1  0  0
    6  1.8726877272189627e-08   1  2  2  0  1  0  0
    6  7.1750147041189830e-08   0  3  2  0  1  0  0
    6  7.1011174894619701e-09   1  0  4  0  1  0  0
    6 -4.1458549254908134e-09   0  1  4  0  1  0  0
    6 -5.7231301852035866e-08   3  0  1  1  1  0  0
    6 -2.0475210138828715e-09   2  1  1  1  1  0  0
    6 -2.0475210138828715e-09   1  2  1  1  1  0  0
    6 -5.7231301852035866e-08   0  3  1  1  1  0  0
    6 -6.5155965913866401e-09   1  0  3  1  1  0  0
    6  1.1018140165219457e-08   0  1  3  1  1  0  0
    6  7.1750147041189830e-08   3  0  0  2  1  0  0
    6  1.8726877272189627e-08   2  1  0  2  1  0  0
    6 -2.3951324905287057e-08   1  2  0  2  1  0  0
    6 -6.1618055852187676e-08   0  3  0  2  1  0  0
    6 -1.6892196245324584e-08   1  0  2  2  1  0  0
    6 -1.6892196245324584e-08   0  1  2  2  1  0  0
    6  1.1018140165219457e-08   1  0  1  3  1  0  0
    6 -6.5155965913866401e-09   0  1  1  3  1  0  0
    6 -4.1458549254908134e-09   1  0  0  4  1  0  0
    6  7.1011174894619701e-09   0  1  0  4  1  0  0
    6  3.3299438416619304e-07   4  0  0  0  2  0  0
    6 -1.0998862092813086e-07   3  1  0  0  2  0  0
    6 -2.1858041732873922e-07   2  2  0  0  2  0  0
    6 -1.0998862092813086e-07   1  3  0  0  2  0  0
    6  3.3299438416619304e-07   0  4  0  0  2  0  0
    6  3.0729565931302946e-08   2  0  2  0  2  0  0
    6  2.5782685306559205e-08   1  1  2  0  2  0  0
    6 -2.1027149493256480e-08   0  2  2  0  2  0  0
    6 -8.1720072962234020e-09   0  0  4  0  2  0  0
    6  4.9129198985169601e-08   2  0  1  1  2  0  0
    6  1.9314356445303314e-08   1  1  1  1  2  0  0
    6  4.9129198985169601e-08   0  2  1  1  2  0  0
    6  3.9275758180416671e-09   0  0  3  1  2  0  0
    6 -2.1027149493256480e-08   2  0  0  2  2  0  0
    6  2.5782685306559205e-08   1  1  0  2  2  0  0
    6  3.0729565931302946e-08   0  2  0  2  2  0  0
    6  1.9308293145620284e-08   0  0  2  2  2  0  0
    6  3.9275758180416671e-09   0  0  1  3  2  0  0
    6 -8.1720072962234020e-09   0  0  0  4  2  0  0
    6 -1.2213114135933870e-07   3  0  0  0  3  0  0
    6  1.8361054788321368e-07   2  1  0  0  3  0  0
    6  1.8361054788321368e-07   1  2  0  0  3  0  0
    6 -1.2213114135933870e-07   0  3  0  0  3  0  0
    6  1.0820472075824772e-08   1  0  2  0  3  0  0
    6 -1.1355712816606867e-08   0  1  2  0  3  0  0
    6  5.7476103843921393e-08   1  0  1  1  3  0  0
    6  5.7476103843921393e-08   0  1  1  1  3  0  0
    6 -1.1355712816606867e-08   1  0  0  2  3  0  0
    6  1.0820472075824772e-08   0  1  0  2  3  0  0
    6  2.4702400297658416e-09   2  0  0  0  4  0  0
    6 -1.4229232208492349e-07   1  1  0  0  4  0  0
    6  2.4702400297658416e-09   0  2  0  0  4  0  0
    6 -5.0250885341159229e-10   0  0  2  0  4  0  0
    6 -5.4225574722150673e-09   0  0  1  1  4  0  0
    6 -5.0250885341159229e-10   0  0  0  2  4  0  0
    6  6.8557140123563478e-23   1  0  0  0  5  0  0
    6  6.8557140123563478e-23   0  1  0  0  5  0  0
    6 -3.1973173410851071e-09   0  0  0  0  6  0  0
    7  1.1718746028482328e-07   7  0  0  0  0  0  0
    7 -1.7071286588077214e-07   6  1  0  0  0  0  0
    7  1.9561685318050454e-07   5  2  0  0  0  0  0
    7  3.5244562351316301e-07   4  3  0  0  0  0  0
    7  3.5244562351316301e-07   3  4  0  0  0  0  0
    7  1.9561685318050454e-07   2  5  0  0  0  0  0
    7 -1.7071286588077214e-07   1  6  0  0  0  0  0
    7  1.1718746028482328e-07   0  7  0  0  0  0  0
    7  7.2394920167294601e-07   5  0  2  0  0  0  0
    7 -1.2060799940571186e-06   4  1  2  0  0  0  0
    7 -4.9095777045754566e-07   3  2  2  0  0  0  0
    7 -5.4428522147116286e-08   2  3  2  0  0  0  0
    7 -2.6623203338405362e-07   1  4  2  0  0  0  0
    7  2.2809108699303903e-07   0  5  2  0  0  0  0
    7 -5.2965411682426288e-08   3  0  4  0  0  0  0
    7  8.9083533893541222e-09   2  1  4  0  0  0  0
    7 -6.4048180228203663e-09   1  2  4  0  0  0  0
    7  6.3239931899057291e-08   0  3  4  0  0  0  0
    7  2.1132548057974175e-09   1  0  6  0  0  0  0
    7  2.9196931130400567e-10   0  1  6  0  0  0  0
    7 -7.3331518271739217e-07   5  0  1  1  0  0  0
    7  9.0279739367134119e-07   4  1  1  1  0  0  0
    7 -6.8209814658261345e-08   3  2  1  1  0  0  0
    7 -6.8209814658261345e-08   2  3  1  1  0  0  0
    7  9.0279739367134119e-07   1  4  1  1  0  0  0
    7 -7.3331518271739217e-07   0  5  1  1  0  0  0
    7 -2.0954904343820579e-07   3  0  3  1  0  0  0
    7  1.4126954974205134e-08   2  1  3  1  0  0  0
    7  2.7446763033715532e-08   1  2  3  1  0  0  0
    7 -8.0293082391201977e-09   0  3  3  1  0  0  0
    7 -7.6588340471477997e-10   1  0  5  1  0  0  0
    7 -2.6255896128847038e-10   0  1  5  1  0  0  0
    7  2.2809108699303903e-07   5  0  0  2  0  0  0
    7 -2.6623203338405362e-07   4  1  0  2  0  0  0
    7 -5.4428522147116286e-08   3  2  0  2  0  0  0
    7 -4.9095777045754566e-07   2  3  0  2  0  0  0
    7 -1.2060799940571186e-06   1  4  0  2  0  0  0
    7  7.2394920167294601e-07   0  5  0  2  0  0  0
    7  6.3006333605191210e-07   3  0  2  2  0  0  0
    7 -1.4988092809251696e-08   2  1  2  2  0  0  0
    7 -1.4988092809251696e-08   1  2  2  2  0  0  0
    7  6.3006333605191210e-07   0  3  2  2  0  0  0
    7 -2.2502600564442040e-09   1  0  4  2  0  0  0
    7  2.8030940835696757e-09   0  1  4  2  0  0  0
    7 -8.0293082391201977e-09   3  0  1  3  0  0  0
    7  2.7446763033715532e-08   2  1  1  3  0  0  0
    7  1.4126954974205134e-08   1  2  1  3  0  0  0
    7 -2.0954904343820579e-07   0  3  1  3  0  0  0
    7  9.6908623597407826e-10   1  0  3  3  0  0  0
    7  9.6908623597407826e-10   0  1  3  3  0  0  0
    7  6.3239931899057291e-08   3  0  0  4  0  0  0
    7 -6.4048180228203663e-09   2  1  0  4  0  0  0
    7  8.9083533893541222e-09   1  2  0  4  0  0  0
    7 -5.2965411682426288e-08   0  3  0  4  0  0  0
    7  2.8030940835696757e-09   1  0  2  4  0  0  0
    7 -2.2502600564442040e-09   0  1  2  4  0  0  0
    7 -2.6255896128847038e-10   1  0  1  5  0  0  0
    7 -7.6588340471477997e-10   0  1  1  5  0  0  0
    7  2.9196931130400567e-10   1  0  0  6  0  0  0
    7  2.1132548057974175e-09   0  1  0  6  0  0  0
    7 -2.3532198513396103e-07   6  0  0  0  1  0  0
    7  6.3524659978786116e-07   5  1  0  0  1  0  0
    7  3.7940764621691531e-07   4  2  0  0  1  0  0
    7  3.5360650645703641e-08   3  3  0  0  1  0  0
    7  3.7940764621691531e-07   2  4  0  0  1  0  0
    7  6.3524659978786116e-07   1  5  0  0  1  0  0
    7 -2.3532198513396103e-07   0  6  0  0  1  0  0
    7  9.1014848437923395e-08   4  0  2  0  1  0  0
    7 -5.4095010411520658e-07   3  1  2  0  1  0  0
    7 -1.2881508540666409e-08   2  2  2  0  1  0  0
    7 -7.0760408563885798e-08   1  3  2  0  1  0  0
    7 -2.8284827013740658e-07   0  4  2  0  1  0  0
    7 -1.2138223866962151e-08   2  0  4  0  1  0  0
    7 -2.0302539575744876e-09   1  1  4  0  1  0  0
    7 -8.9247338575166523e-09   0  2  4  0  1  0  0
    7  4.9515140930179273e-10   0  0  6  0  1  0  0
    7  9.7039956206475888e-08   4  0  1  1  1  0  0
    7 -4.3557407474932172e-08   3  1  1  1  1  0  0
    7  2.2213956453722187e-08   2  2  1  1  1  0  0
    7 -4.3557407474932172e-08   1  3  1  1  1  0  0
    7  9.7039956206475888e-08   0  4  1  1  1  0  0
    7  7.4169556168134653e-09   2  0  3  1  1  0  0
    7  2.4275413197472642e-10   1  1  3  1  1  0  0
    7  1.0736058086103039e-08   0  2  3  1  1  0  0
    7 -2.3306698862319647e-11   0  0  5  1  1  0  0
    7 -2.8284827013740658e-07   4  0  0  2  1  0  0
    7 -7.0760408563885798e-08   3  1  0  2  1  0  0
    7 -1.2881508540666409e-08   2  2  0  2  1  0  0
    7 -5.4095010411520658e-07   1  3  0  2  1  0  0
    7  9.1014848437923395e-08   0  4  0  2  1  0  0
    7  5.6185203258152744e-09   2  0  2  2  1  0  0
    7 -7.2496387287366228e-10   1  1  2  2  1  0  0
    7  5.6185203258152744e-09   0  2  2  2  1  0  0
    7 -1.9393488358118197e-09   0  0  4  2  1  0  0
    7  1.0736058086103039e-08   2  0  1  3  1  0  0
    7  2.4275413197472642e-10   1  1  1  3  1  0  0
    7  7.4169556168134653e-09   0  2  1  3  1  0  0
    7  4.2096916976181792e-09   0  0  3  3  1  0  0
    7 -8.9247338575166523e-09   2  0  0  4  1  0  0
    7 -2.0302539575744876e-09   1  1  0  4  1  0  0
    7 -1.2138223866962151e-08   0  2  0  4  1  0  0
    7 -1.9393488358118197e-09   0  0  2  4  1  0  0
    7 -2.3306698862319647e-11   0  0  1  5  1  0  0
    7  4.9515140930179273e-10   0  0  0  6  1  0  0
    7 -4.3848330746433967e-07   5  0  0  0  2  0  0
    7  5.3004385710030349e-07   4  1  0  0  2  0  0
    7 -3.3302646198307119e-08   3  2  0  0  2  0  0
    7 -3.3302646198307119e-08   2  3  0  0  2  0  0
    7  5.3004385710030349e-07   1  4  0  0  2  0  0
    7 -4.3848330746433967e-07   0  5  0  0  2  0  0
    7 -7.1124987460241191e-08   3  0  2  0  2  0  0
    7  1.3475146704741676e-09   2  1  2  0  2  0  0
    7  3.2920235567972614e-08   1  2  2  0  2  0  0
    7 -9.8187409842735664e-08   0  3  2  0  2  0  0
    7  5.0385192176195205e-09   1  0  4  0  2  0  0
    7  1.2506752528109270e-09   0  1  4  0  2  0  0
    7  4.6178213464681954e-08   3  0  1  1  2  0  0
    7 -9.0016585085118044e-08   2  1  1  1  2  0  0
    7 -9.0016585085118044e-08   1  2  1  1  2  0  0
    7  4.6178213464681954e-08   0  3  1  1  2  0  0
    7  2.2978697914971574e-09   1  0  3  1  2  0  0
    7  4.9165355595551159e-09   0  1  3  1  2  0  0
    7 -9.8187409842735664e-08   3  0  0  2  2  0  0
    7  3.2920235567972614e-08   2  1  0  2  2  0  0
    7  1.3475146704741676e-09   1  2  0  2  2  0  0
    7 -7.1124987460241191e-08   0  3  0  2  2  0  0
    7 -1.7467505286057246e-08   1  0  2  2  2  0  0
    7 -1.7467505286057246e-08   0  1  2  2  2  0  0
    7  4.9165355595551159e-09   1  0  1  3  2  0  0
    7  2.2978697914971574e-09   0  1  1  3  2  0  0
    7  1.2506752528109270e-09   1  0  0  4  2  0  0
    7  5.0385192176195205e-09   0  1  0  4  2  0  0
    7 -1.1337562709256873e-07   4  0  0  0  3  0  0
    7  7.2956184101097975e-08   3  1  0  0  3  0  0
    7  6.8467789583054789e-08   2  2  0  0  3  0  0
    7  7.2956184101097975e-08   1  3  0  0  3  0  0
    7 -1.1337562709256873e-07   0  4  0  0  3  0  0
    7 -1.5516552889156311e-08   2  0  2  0  3  0  0
    7 -3.2553212002433256e-08   1  1  2  0  3  0  0
    7  2.7304825378285261e-08   0  2  2  0  3  0  0
    7  2.3017124490197313e-09   0  0  4  0  3  0  0
    7 -1.6989980484950058e-08   2  0  1  1  3  0  0
    7  3.9659884285323096e-08   1  1  1  1  3  0  0
    7 -1.6989980484950058e-08   0  2  1  1  3  0  0
    7 -8.9438709989968962e-10   0  0  3  1  3  0  0
    7  2.7304825378285261e-08   2  0  0  2  3  0  0
    7 -3.2553212002433256e-08   1  1  0  2  3  0  0
    7 -1.5516552889156311e-08   0  2  0  2  3  0  0
    7 -7.6476947151271651e-09   0  0  2  2  3  0  0
    7 -8.9438709989968962e-10   0  0  1  3  3  0  0
    7  2.3017124490197313e-09   0  0  0  4  3  0  0
    7  6.1164436664914707e-08   3  0  0  0  4  0  0
    7 -1.2720035953581317e-07   2  1  0  0  4  0  0
    7 -1.2720035953581317e-07   1  2  0  0  4  0  0
    7  6.1164436664914707e-08   0  3  0  0  4  0  0
    7  7.2639402990936869e-09   1  0  2  0  4  0  0
    7  4.3636807027817060e-09   0  1  2  0  4  0  0
    7 -8.6392704506133625e-09   1  0  1  1  4  0  0
    7 -8.6392704506133625e-09   0  1  1  1  4  0  0
    7  4.3636807027817060e-09   1  0  0  2  4  0  0
    7  7.2639402990936869e-09   0  1  0  2  4  0  0
    7  4.2561557984994632e-10   2  0  0  0  5  0  0
    7  1.0915198729572739e-07   1  1  0  0  5  0  0
    7  4.2561557984994632e-10   0  2  0  0  5  0  0
    7  3.3913767713597056e-09   0  0  2  0  5  0  0
    7  1.4381107497941403e-08   0  0  1  1  5  0  0
    7  3.3913767713597056e-09   0  0  0  2  5  0  0
    7 -1.2746822285467761e-23   1  0  0  0  6  0  0
    7 -1.2746822285467761e-23   0  1  0  0  6  0  0
    7  6.8170631092394232e-09   0  0  0  0  7  0  0
    8 -1.5208586875411771e-08   8  0  0  0  0  0  0
    8  1.0137420197705524e-07   7  1  0  0  0  0  0
    8 -6.4931503154816499e-08   6  2  0  0  0  0  0
    8  5.7222319441648021e-08   5  3  0  0  0  0  0
    8  2.6208225386834726e-07   4  4  0  0  0  0  0
    8  5.7222319441648021e-08   3  5  0  0  0  0  0
    8 -6.4931503154816499e-08   2  6  0  0  0  0  0
    8  1.0137420197705524e-07   1  7  0  0  0  0  0
    8 -1.5208586875411771e-08   0  8  0  0  0  0  0
    8 -7.9750194204363585e-08   6  0  2  0  0  0  0
    8  2.7334547179953934e-06   5  1  2  0  0  0  0
    8 -1.3968247625955750e-07   4  2  2  0  0  0  0
    8 -7.5230717270593860e-07   3  3  2  0  0  0  0
    8 -1.9838283244976699e-07   2  4  2  0  0  0  0
    8  3.2930545199260270e-07   1  5  2  0  0  0  0
    8 -1.0919305916522929e-07   0  6  2  0  0  0  0
    8  2.5720406302946004e-07   4  0  4  0  0  0  0
    8 -1.8168056068746966e-07   3  1  4  0  0  0  0
    8  1.4584233670616768e-08   2  2  4  0  0  0  0
    8  3.9943692348800906e-08   1  3  4  0  0  0  0
    8 -5.7869470041694811e-08   0  4  4  0  0  0  0
    8  2.2283043264322119e-08   2  0  6  0  0  0  0
    8  3.3599653766470077e-10   1  1  6  0  0  0  0
    8 -6.1915727557152990e-09   0  2  6  0  0  0  0
    8  7.0598444584463733e-11   0  0  8  0  0  0  0
    8  4.8734999570321444e-07   6  0  1  1  0  0  0
    8 -1.4053841714899939e-06   5  1  1  1  0  0  0
    8  3.1495218233837126e-07   4  2  1  1  0  0  0
    8  5.3134715396317932e-07   3  3  1  1  0  0  0
    8  3.1495218233837126e-07   2  4  1  1  0  0  0
    8 -1.4053841714899939e-06   1  5  1  1  0  0  0
    8  4.8734999570321444e-07   0  6  1  1  0  0  0
    8 -3.9400734800742221e-07   4  0  3  1  0  0  0
    8 -3.1875924674426053e-07   3  1  3  1  0  0  0
    8 -5.5173126697547932e-08   2  2  3  1  0  0  0
    8 -3.4185146164231786e-07   1  3  3  1  0  0  0
    8  4.4493808434297137e-07   0  4  3  1  0  0  0
    8  2.3423255773719085e-09   2  0  5  1  0  0  0
    8  4.6152482575770629e-10   1  1  5  1  0  0  0
    8  3.3134468662938209e-09   0  2  5  1  0  0  0
    8  3.1727040988429890e-11   0  0  7  1  0  0  0
    8 -1.0919305916522929e-07   6  0  0  2  0  0  0
    8  3.2930545199260270e-07   5  1  0  2  0  0  0
    8 -1.9838283244976699e-07   4  2  0  2  0  0  0
    8 -7.5230717270593860e-07   3  3  0  2  0  0  0
    8 -1.3968247625955750e-07   2  4  0  2  0  0  0
    8  2.7334547179953934e-06   1  5  0  2  0  0  0
    8 -7.9750194204363585e-08   0  6  0  2  0  0  0
    8 -7.0865877768364194e-07   4  0  2  2  0  0  0
    8  4.5317790718403534e-07   3  1  2  2  0  0  0
    8  2.7824451510504903e-07   2  2  2  2  0  0  0
    8  4.5317790718403534e-07   1  3  2  2  0  0  0
    8 -7.0865877768364194e-07   0  4  2  2  0  0  0
    8 -3.2602984997994665e-09   2  0  4  2  0  0  0
    8 -4.2570154186437556e-09   1  1  4  2  0  0  0
    8 -9.0615851998039332e-08   0  2  4  2  0  0  0
    8 -2.6686262010728660e-10   0  0  6  2  0  0  0
    8  4.4493808434297137e-07   4  0  1  3  0  0  0
    8 -3.4185146164231786e-07   3  1  1  3  0  0  0
    8 -5.5173126697547932e-08   2  2  1  3  0  0  0
    8 -3.1875924674426053e-07   1  3  1  3  0  0  0
    8 -3.9400734800742221e-07   0  4  1  3  0  0  0
    8  6.1804001755458487e-08   2  0  3  3  0  0  0
    8  2.7003764309352565e-09   1  1  3  3  0  0  0
    8  6.1804001755458487e-08   0  2  3  3  0  0  0
    8 -2.9318289000251160e-10   0  0  5  3  0  0  0
    8 -5.7869470041694811e-08   4  0  0  4  0  0  0
    8  3.9943692348800906e-08   3  1  0  4  0  0  0
    8  1.4584233670616768e-08   2  2  0  4  0  0  0
    8 -1.8168056068746966e-07   1  3  0  4  0  0  0
    8  2.5720406302946004e-07   0  4  0  4  0  0  0
    8 -9.0615851998039332e-08   2  0  2  4  0  0  0
    8 -4.2570154186437556e-09   1  1  2  4  0  0  0
    8 -3.2602984997994665e-09   0  2  2  4  0  0  0
    8  7.2073613024072213e-10   0  0  4  4  0  0  0
    8  3.3134468662938209e-09   2  0  1  5  0  0  0
    8  4.6152482575770629e-10   1  1  1  5  0  0  0
    8  2.3423255773719085e-09   0  2  1  5  0  0  0
    8 -2.9318289000251160e-10   0  0  3  5  0  0  0
    8 -6.1915727557152990e-09   2  0  0  6  0  0  0
    8  3.3599653766470077e-10   1  1  0  6  0  0  0
    8  2.2283043264322119e-08   0  2  0  6  0  0  0
    8 -2.6686262010728660e-10   0  0  2  6  0  0  0
    8  3.1727040988429890e-11   0  0  1  7  0  0  0
    8  7.0598444584463733e-11   0  0  0  8  0  0  0
    8  1.3069148208139938e-07   7  0  0  0  1  0  0
    8  3.3389674428023883e-07   6  1  0  0  1  0  0
    8  2.9733786302953701e-07   5  2  0  0  1  0  0
    8  5.2425076921011566e-07   4  3  0  0  1  0  0
    8  5.2425076921011566e-07   3  4  0  0  1  0  0
    8  2.9733786302953701e-07   2  5  0  0  1  0  0
    8  3.3389674428023883e-07   1  6  0  0  1  0  0
    8  1.3069148208139938e-07   0  7  0  0  1  0  0
    8  4.1980212580411577e-08   5  0  2  0  1  0  0
    8 -2.4259373747195618e-08   4  1  2  0  1  0  0
    8 -3.0769207474998714e-07   3  2  2  0  1  0  0
    8 -2.7895310656708738e-07   2  3  2  0  1  0  0
    8 -2.4348783187214444e-07   1  4  2  0  1  0  0
    8  2.9298975503425247e-07   0  5  2  0  1  0  0
    8  5.8265837402258638e-09   3  0  4  0  1  0  0
    8 -1.0188196070380637e-08   2  1  4  0  1  0  0
    8  1.2641292288754203e-08   1  2  4  0  1  0  0
    8  5.3853195215753088e-08   0  3  4  0  1  0  0
    8 -6.8836627316395302e-10   1  0  6  0  1  0  0
    8  4.3389569201100366e-10   0  1  6  0  1  0  0
    8  4.4875115250280171e-07   5  0  1  1  1  0  0
    8 -1.6229469414109188e-07   4  1  1  1  1  0  0
    8  3.1565858968904868e-07   3  2  1  1  1  0  0
    8  3.1565858968904868e-07   2  3  1  1  1  0  0
    8 -1.6229469414109188e-07   1  4  1  1  1  0  0
    8  4.4875115250280171e-07   0  5  1  1  1  0  0
    8 -3.2041817054034430e-08   3  0  3  1  1  0  0
    8 -5.7181615628017592e-08   2  1  3  1  1  0  0
    8  4.0857561877447487e-09   1  2  3  1  1  0  0
    8 -5.2624266890472993e-08   0  3  3  1  1  0  0
    8  7.8316347168883042e-10   1  0  5  1  1  0  0
    8 -3.5018869845150937e-10   0  1  5  1  1  0  0
    8  2.9298975503425247e-07   5  0  0  2  1  0  0
    8 -2.4348783187214444e-07   4  1  0  2  1  0  0
    8 -2.7895310656708738e-07   3  2  0  2  1  0  0
    8 -3.0769207474998714e-07   2  3  0  2  1  0  0
    8 -2.4259373747195618e-08   1  4  0  2  1  0  0
    8  4.1980212580411577e-08   0  5  0  2  1  0  0
    8 -7.3372642934448630e-09   3  0  2  2  1  0  0
    8  1.5725964662687623e-07   2  1  2  2  1  0  0
    8  1.5725964662687623e-07   1  2  2  2  1  0  0
    8 -7.3372642934448630e-09   0  3  2  2  1  0  0
    8  3.2484989109296336e-10   1  0  4  2  1  0  0
    8 -1.8242760424513629e-09   0  1  4  2  1  0  0
    8 -5.2624266890472993e-08   3  0  1  3  1  0  0
    8  4.0857561877447487e-09   2  1  1  3  1  0  0
    8 -5.7181615628017592e-08   1  2  1  3  1  0  0
    8 -3.2041817054034430e-08   0  3  1  3  1  0  0
    8  2.4560391878960444e-10   1  0  3  3  1  0  0
    8  2.4560391878960444e-10   0  1  3  3  1  0  0
    8  5.3853195215753088e-08   3  0  0  4  1  0  0
    8  1.2641292288754203e-08   2  1  0  4  1  0  0
    8 -1.0188196070380637e-08   1  2  0  4  1  0  0
    8  5.8265837402258638e-09   0  3  0  4  1  0  0
    8 -1.8242760424513629e-09   1  0  2  4  1  0  0
    8  3.2484989109296336e-10   0  1  2  4  1  0  0
    8 -3.5018869845150937e-10   1  0  1  5  1  0  0
    8  7.8316347168883042e-10   0  1  1  5  1  0  0
    8  4.3389569201100366e-10   1  0  0  6  1  0  0
    8 -6.8836627316395302e-10   0  1  0  6  1  0  0
    8  1.8062932540559086e-07   6  0  0  0  2  0  0
    8 -4.6270037197154436e-07   5  1  0  0  2  0  0
    8  2.2781368535783288e-07   4  2  0  0  2  0  0
    8  4.3111747264899082e-07   3  3  0  0  2  0  0
    8  2.2781368535783288e-07   2  4  0  0  2  0  0
    8 -4.6270037197154436e-07   1  5  0  0  2  0  0
    8  1.8062932540559086e-07   0  6  0  0  2  0  0
    8  2.7794937475379355e-06   4  0  2  0  2  0  0
    8 -2.4464410196496942e-07   3  1  2  0  2  0  0
    8 -8.6384917814095177e-08   2  2  2  0  2  0  0
    8 -1.7109920732111016e-07   1  3  2  0  2  0  0
    8  2.1733755358552013e-07   0  4  2  0  2  0  0
    8 -1.2054075126685005e-09   2  0  4  0  2  0  0
    8 -3.4157130916005712e-09   1  1  4  0  2  0  0
    8  1.2541749208045478e-08   0  2  4  0  2  0  0
    8  2.3239229967934982e-10   0  0  6  0  2  0  0
    8  3.0087219622481725e-07   4  0  1  1  2  0  0
    8  9.5583037622836685e-08   3  1  1  1  2  0  0
    8 -5.5889851310714868e-08   2  2  1  1  2  0  0
    8  9.5583037622836685e-08   1  3  1  1  2  0  0
    8  3.0087219622481725e-07   0  4  1  1  2  0  0
    8 -6.0367929412815154e-09   2  0  3  1  2  0  0
    8  1.2833360939111731e-08   1  1  3  1  2  0  0
    8 -9.4683049494862443e-09   0  2  3  1  2  0  0
    8  1.0823349802173492e-10   0  0  5  1  2  0  0
    8  2.1733755358552013e-07   4  0  0  2  2  0  0
    8 -1.7109920732111016e-07   3  1  0  2  2  0  0
    8 -8.6384917814095177e-08   2  2  0  2  2  0  0
    8 -2.4464410196496942e-07   1  3  0  2  2  0  0
    8  2.7794937475379355e-06   0  4  0  2  2  0  0
    8  1.7047963152591844e-08   2  0  2  2  2  0  0
    8 -1.4709531439922044e-08   1  1  2  2  2  0  0
    8  1.7047963152591844e-08   0  2  2  2  2  0  0
    8  1.0646400416693115e-10   0  0  4  2  2  0  0
    8 -9.4683049494862443e-09   2  0  1  3  2  0  0
    8  1.2833360939111731e-08   1  1  1  3  2  0  0
    8 -6.0367929412815154e-09   0  2  1  3  2  0  0
    8 -3.7160582584366098e-10   0  0  3  3  2  0  0
    8  1.2541749208045478e-08   2  0  0  4  2  0  0
    8 -3.4157130916005712e-09   1  1  0  4  2  0  0
    8 -1.2054075126685005e-09   0  2  0  4  2  0  0
    8  1.0646400416693115e-10   0  0  2  4  2  0  0
    8  1.0823349802173492e-10   0  0  1  5  2  0  0
    8  2.3239229967934982e-10   0  0  0  6  2  0  0
    8  2.5157145576465662e-07   5  0  0  0  3  0  0
    8 -6.7800301759716812e-08   4  1  0  0  3  0  0
    8  1.0258743732200007e-07   3  2  0  0  3  0  0
    8  1.0258743732200007e-07   2  3  0  0  3  0  0
    8 -6.7800301759716812e-08   1  4  0  0  3  0  0
    8  2.5157145576465662e-07   0  5  0  0  3  0  0
    8  4.4070873568432549e-08   3  0  2  0  3  0  0
    8 -6.1648982488284880e-09   2  1  2  0  3  0  0
    8 -3.8903086925748317e-08   1  2  2  0  3  0  0
    8  3.3018797479968583e-08   0  3  2  0  3  0  0
    8 -2.2539702517065732e-09   1  0  4  0  3  0  0
    8 -1.5823214640533143e-09   0  1  4  0  3  0  0
    8 -1.7445154792430786e-08   3  0  1  1  3  0  0
    8  5.2738542321284844e-08   2  1  1  1  3  0  0
    8  5.2738542321284844e-08   1  2  1  1  3  0  0
    8 -1.7445154792430786e-08   0  3  1  1  3  0  0
    8 -1.3745320799624050e-09   1  0  3  1  3  0  0
    8 -1.6336522273181434e-09   0  1  3  1  3  0  0
    8  3.3018797479968583e-08   3  0  0  2  3  0  0
    8 -3.8903086925748317e-08   2  1  0  2  3  0  0
    8 -6.1648982488284880e-09   1  2  0  2  3  0  0
    8  4.4070873568432549e-08   0  3  0  2  3  0  0
    8  8.1295239826507795e-09   1  0  2  2  3  0  0
    8  8.1295239826507795e-09   0  1  2  2  3  0  0
    8 -1.6336522273181434e-09   1  0  1  3  3  0  0
    8 -1.3745320799624050e-09   0  1  1  3  3  0  0
    8 -1.5823214640533143e-09   1  0  0  4  3  0  0
    8 -2.2539702517065732e-09   0  1  0  4  3  0  0
    8  3.6595295179723069e-10   4  0  0  0  4  0  0
    8 -2.4869296892460295e-08   3  1  0  0  4  0  0
    8 -4.2858305062764248e-08   2  2  0  0  4  0  0
    8 -2.4869296892460295e-08   1  3  0  0  4  0  0
    8  3.6595295179723069e-10   0  4  0  0  4  0  0
    8 -6.8026534467310543e-09   2  0  2  0  4  0  0
    8  2.0681964079988625e-08   1  1  2  0  4  0  0
    8 -7.4825410076532645e-09   0  2  2  0  4  0  0
    8 -2.4385580996406218e-11   0  0  4  0  4  0  0
    8 -7.4570221023433057e-09   2  0  1  1  4  0  0
    8 -5.5643411241928187e-08   1  1  1  1  4  0  0
    8 -7.4570221023433057e-09   0  2  1  1  4  0  0
    8  1.9030036351397914e-09   0  0  3  1  4  0  0
    8 -7.4825410076532645e-09   2  0  0  2  4  0  0
    8  2.0681964079988625e-08   1  1  0  2  4  0  0
    8 -6.8026534467310543e-09   0  2  0  2  4  0  0
    8 -3.2456214787473874e-09   0  0  2  2  4  0  0
    8  1.9030036351397914e-09   0  0  1  3  4  0  0
    8 -2.4385580996406218e-11   0  0  0  4  4  0  0
    8 -1.1405324160361028e-08   3  0  0  0  5  0  0
    8  5.1550167773110217e-08   2  1  0  0  5  0  0
    8  5.1550167773110217e-08   1  2  0  0  5  0  0
    8 -1.1405324160361028e-08   0  3  0  0  5  0  0
    8 -7.8845922862034892e-09   1  0  2  0  5  0  0
    8 -2.3116424035566149e-09   0  1  2  0  5  0  0
    8  4.1977901255014827e-09   1  0  1  1  5  0  0
    8  4.1977901255014827e-09   0  1  1  1  5  0  0
    8 -2.3116424035566149e-09   1  0  0  2  5  0  0
    8 -7.8845922862034892e-09   0  1  0  2  5  0  0
    8 -3.5327758725836865e-10   2  0  0  0  6  0  0
    8 -5.3752455711417202e-08   1  1  0  0  6  0  0
    8 -3.5327758725836865e-10   0  2  0  0  6  0  0
    8 -2.2268524761981885e-09   0  0  2  0  6  0  0
    8 -6.1310621475569919e-09   0  0  1  1  6  0  0
    8 -2.2268524761981885e-09   0  0  0  2  6  0  0
    8  3.5293817260296709e-23   1  0  0  0  7  0  0
    8  3.5293817260296709e-23   0  1  0  0  7  0  0
    8 -4.2347981690081693e-09   0  0  0  0  8  0  0
 -661  0.0000000000000000e+00   0  0  0  0  0  0  0

tpsa, NO = 8, NV = 7, INA = 50240
------------------------------------------------------------------

   |I|         a                i  i  i  i  i  i  i
                I                1  2  3  4  5  6  7

    2 -2.8856186057808049e-10   1  1  0  0  0  0  0
    2 -7.1513244503643462e-11   0  0  1  1  0  0  0
    2  7.7570662181414564e-09   0  0  0  0  2  0  0
    3 -9.6204195193767063e-14   3  0  0  0  0  0  0
    3 -1.2469884877938134e-13   2  1  0  0  0  0  0
    3 -1.2469884877938134e-13   1  2  0  0  0  0  0
    3 -9.6204195193767063e-14   0  3  0  0  0  0  0
    3  1.7524016771952053e-13   1  0  2  0  0  0  0
    3  1.1274155761418721e-14   0  1  2  0  0  0  0
    3 -3.7749013230069306e-14   1  0  1  1  0  0  0
    3 -3.7749013230069306e-14   0  1  1  1  0  0  0
    3  1.1274155761418721e-14   1  0  0  2  0  0  0
    3  1.7524016771952053e-13   0  1  0  2  0  0  0
    3 -7.5937929122312715e-13   2  0  0  0  1  0  0
    3 -1.8536262861686019e-20   1  1  0  0  1  0  0
    3 -7.5937929122312715e-13   0  2  0  0  1  0  0
    3  1.1629301629669292e-13   0  0  2  0  1  0  0
    3 -6.2154220621799190e-22   0  0  1  1  1  0  0
    3  1.1629301629669292e-13   0  0  0  2  1  0  0
    3 -3.1791677077078712e-13   0  0  0  0  3  0  0
    4 -2.4293223192747461e-16   4  0  0  0  0  0  0
    4 -7.2291672816218857e-17   3  1  0  0  0  0  0
    4 -2.0111641325402689e-16   2  2  0  0  0  0  0
    4 -7.2291672816218857e-17   1  3  0  0  0  0  0
    4 -2.4293223192747461e-16   0  4  0  0  0  0  0
    4 -8.4123405745483024e-17   2  0  2  0  0  0  0
    4  1.0232151734152357e-16   1  1  2  0  0  0  0
    4 -8.7109924000455816e-18   0  2  2  0  0  0  0
    4  2.3313297962400136e-17   0  0  4  0  0  0  0
    4 -1.4427480098831102e-16   2  0  1  1  0  0  0
    4 -4.5466789601082924e-16   1  1  1  1  0  0  0
    4 -1.4427480098831102e-16   0  2  1  1  0  0  0
    4 -2.0909656889347895e-17   0  0  3  1  0  0  0
    4 -8.7109924000455816e-18   2  0  0  2  0  0  0
    4  1.0232151734152357e-16   1  1  0  2  0  0  0
    4 -8.4123405745483024e-17   0  2  0  2  0  0  0
    4 -4.8358047558075057e-17   0  0  2  2  0  0  0
    4 -2.0909656889347895e-17   0  0  1  3  0  0  0
    4  2.3313297962400136e-17   0  0  0  4  0  0  0
    4  3.3658116100957899e-16   3  0  0  0  1  0  0
    4 -2.3244032806029823e-15   2  1  0  0  1  0  0
    4 -2.3244032806029823e-15   1  2  0  0  1  0  0
    4  3.3658116100957899e-16   0  3  0  0  1  0  0
    4  2.0919644419755899e-17   1  0  2  0  1  0  0
    4  4.0047814672514423e-16   0  1  2  0  1  0  0
    4 -8.7834174054301652e-16   1  0  1  1  1  0  0
    4 -8.7834174054301652e-16   0  1  1  1  1  0  0
    4  4.0047814672514423e-16   1  0  0  2  1  0  0
    4  2.0919644419755899e-17   0  1  0  2  1  0  0
    4 -9.5313179535888399e-15   2  0  0  0  2  0  0
    4 -1.2155336529775444e-15   1  1  0  0  2  0  0
    4 -9.5313179535888399e-15   0  2  0  0  2  0  0
    4  4.3437115314890367e-15   0  0  2  0  2  0  0
    4 -7.6687615777213655e-16   0  0  1  1  2  0  0
    4  4.3437115314890367e-15   0  0  0  2  2  0  0
    4  1.4500739090101343e-13   0  0  0  0  4  0  0
    5  1.3284523537022139e-18   5  0  0  0  0  0  0
    5 -5.3707393967735522e-19   4  1  0  0  0  0  0
    5 -1.8182218830179008e-19   3  2  0  0  0  0  0
    5 -1.8182218830179008e-19   2  3  0  0  0  0  0
    5 -5.3707393967735522e-19   1  4  0  0  0  0  0
    5  1.3284523537022139e-18   0  5  0  0  0  0  0
    5  2.9822730614334865e-19   3  0  2  0  0  0  0
    5 -2.4528666341479370e-20   2  1  2  0  0  0  0
    5  2.7181691879357502e-20   1  2  2  0  0  0  0
    5  1.5482319721619791e-19   0  3  2  0  0  0  0
    5 -8.7726623120276955e-20   1  0  4  0  0  0  0
    5 -9.5865978471296756e-21   0  1  4  0  0  0  0
    5 -1.2916835635233499e-19   3  0  1  1  0  0  0
    5  4.0019362577842379e-19   2  1  1  1  0  0  0
    5  4.0019362577842379e-19   1  2  1  1  0  0  0
    5 -1.2916835635233499e-19   0  3  1  1  0  0  0
    5  2.5040320746469041e-20   1  0  3  1  0  0  0
    5 -3.0304268300152119e-20   0  1  3  1  0  0  0
    5  1.5482319721619791e-19   3  0  0  2  0  0  0
    5  2.7181691879357502e-20   2  1  0  2  0  0  0
    5 -2.4528666341479370e-20   1  2  0  2  0  0  0
    5  2.9822730614334865e-19   0  3  0  2  0  0  0
    5  1.8316833939652623e-19   1  0  2  2  0  0  0
    5  1.8316833939652623e-19   0  1  2  2  0  0  0
    5 -3.0304268300152119e-20   1  0  1  3  0  0  0
    5  2.5040320746469041e-20   0  1  1  3  0  0  0
    5 -9.5865978471296756e-21   1  0  0  4  0  0  0
    5 -8.7726623120276955e-20   0  1  0  4  0  0  0
    5 -2.5539388847951669e-18   4  0  0  0  1  0  0
    5 -1.9516126848888931e-18   3  1  0  0  1  0  0
    5  1.7682798316315406e-18   2  2  0  0  1  0  0
    5 -1.9516126848888931e-18   1  3  0  0  1  0  0
    5 -2.5539388847951669e-18   0  4  0  0  1  0  0
    5  6.1348185428688483e-19   2  0  2  0  1  0  0
    5  2.9367625505904405e-20   1  1  2  0  1  0  0
    5 -3.3911824129354387e-19   0  2  2  0  1  0  0
    5 -1.4409019026809895e-19   0  0  4  0  1  0  0
    5 -1.4401965231650114e-19   2  0  1  1  1  0  0
    5 -1.1902083450871388e-18   1  1  1  1  1  0  0
    5 -1.4401965231650114e-19   0  2  1  1  1  0  0
    5  4.9715089211000950e-20   0  0  3  1  1  0  0
    5 -3.3911824129354387e-19   2  0  0  2  1  0  0
    5  2.9367625505904405e-20   1  1  0  2  1  0  0
    5  6.1348185428688483e-19   0  2  0  2  1  0  0
    5  3.3472157029045014e-19   0  0  2  2  1  0  0
    5  4.9715089211000950e-20   0  0  1  3  1  0  0
    5 -1.4409019026809895e-19   0  0  0  4  1  0  0
    5  1.6458380599154356e-20   3  0  0  0  2  0  0
    5 -2.7098934903857540e-17   2  1  0  0  2  0  0
    5 -2.7098934903857540e-17   1  2  0  0  2  0  0
    5  1.6458380599154356e-20   0  3  0  0  2  0  0
    5 -1.6637418734941621e-19   1  0  2  0  2  0  0
    5  1.7725642780783513e-18   0  1  2  0  2  0  0
    5 -1.2772679019124593e-17   1  0  1  1  2  0  0
    5 -1.2772679019124593e-17   0  1  1  1  2  0  0
    5  1.7725642780783513e-18   1  0  0  2  2  0  0
    5 -1.6637418734941621e-19   0  1  0  2  2  0  0
    5  9.8593588109129716e-18   2  0  0  0  3  0  0
    5 -3.3568615489853298e-17   1  1  0  0  3  0  0
    5  9.8593588109129716e-18   0  2  0  0  3  0  0
    5 -2.3806736937708828e-17   0  0  2  0  3  0  0
    5 -2.4052643615565898e-17   0  0  1  1  3  0  0
    5 -2.3806736937708828e-17   0  0  0  2  3  0  0
    5 -9.2127121631182387e-16   0  0  0  0  5  0  0
    6 -2.6225390957648247e-21   6  0  0  0  0  0  0
    6  6.5263432043037979e-21   5  1  0  0  0  0  0
    6  1.4791246500907781e-21   4  2  0  0  0  0  0
    6 -2.5547583169112171e-21   3  3  0  0  0  0  0
    6  1.4791246500907781e-21   2  4  0  0  0  0  0
    6  6.5263432043037979e-21   1  5  0  0  0  0  0
    6 -2.6225390957648247e-21   0  6  0  0  0  0  0
    6 -1.2540494994216197e-20   4  0  2  0  0  0  0
    6 -1.9094946308734136e-22   3  1  2  0  0  0  0
    6  2.1246892918134128e-22   2  2  2  0  0  0  0
    6  3.9875613158277889e-22   1  3  2  0  0  0  0
    6 -2.5323379764410072e-21   0  4  2  0  0  0  0
    6  1.9186969874750674e-22   2  0  4  0  0  0  0
    6 -1.4930494446301641e-23   1  1  4  0  0  0  0
    6 -6.9597507103198391e-23   0  2  4  0  0  0  0
    6 -1.5621869907277773e-23   0  0  6  0  0  0  0
    6 -2.2482994581470477e-22   4  0  1  1  0  0  0
    6 -9.9150772055684819e-22   3  1  1  1  0  0  0
    6 -6.1011555776269950e-22   2  2  1  1  0  0  0
    6 -9.9150772055684819e-22   1  3  1  1  0  0  0
    6 -2.2482994581470477e-22   0  4  1  1  0  0  0
    6 -6.9006008696239547e-23   2  0  3  1  0  0  0
    6 -3.9624301249534097e-23   1  1  3  1  0  0  0
    6  2.2328750907404938e-22   0  2  3  1  0  0  0
    6  7.9362846410053415e-24   0  0  5  1  0  0  0
    6 -2.5323379764410072e-21   4  0  0  2  0  0  0
    6  3.9875613158277889e-22   3  1  0  2  0  0  0
    6  2.1246892918134128e-22   2  2  0  2  0  0  0
    6 -1.9094946308734136e-22   1  3  0  2  0  0  0
    6 -1.2540494994216197e-20   0  4  0  2  0  0  0
    6 -4.3876091266139032e-22   2  0  2  2  0  0  0
    6 -1.4721417177788945e-22   1  1  2  2  0  0  0
    6 -4.3876091266139032e-22   0  2  2  2  0  0  0
    6  3.9275813077588772e-23   0  0  4  2  0  0  0
    6  2.2328750907404938e-22   2  0  1  3  0  0  0
    6 -3.9624301249534097e-23   1  1  1  3  0  0  0
    6 -6.9006008696239547e-23   0  2  1  3  0  0  0
    6 -9.2160300070541648e-23   0  0  3  3  0  0  0
    6 -6.9597507103198391e-23   2  0  0  4  0  0  0
    6 -1.4930494446301641e-23   1  1  0  4  0  0  0
    6  1.9186969874750674e-22   0  2  0  4  0  0  0
    6  3.9275813077588772e-23   0  0  2  4  0  0  0
    6  7.9362846410053415e-24   0  0  1  5  0  0  0
    6 -1.5621869907277773e-23   0  0  0  6  0  0  0
    6  3.3446236685347710e-20   5  0  0  0  1  0  0
    6  3.8733557702870399e-21   4  1  0  0  1  0  0
    6 -3.0959201983710233e-21   3  2  0  0  1  0  0
    6 -3.0959201983710233e-21   2  3  0  0  1  0  0
    6  3.8733557702870399e-21   1  4  0  0  1  0  0
    6  3.3446236685347710e-20   0  5  0  0  1  0  0
    6 -3.0916673574096494e-21   3  0  2  0  1  0  0
    6 -1.2017504991397698e-21   2  1  2  0  1  0  0
    6  9.3961541577248168e-22   1  2  2  0  1  0  0
    6  3.6000419751755830e-21   0  3  2  0  1  0  0
    6  2.9941469548502543e-22   1  0  4  0  1  0  0
    6 -1.7480768229550538e-22   0  1  4  0  1  0  0
    6 -2.8715632992778958e-21   3  0  1  1  1  0  0
    6 -1.0273374897476963e-22   2  1  1  1  1  0  0
    6 -1.0273374897476963e-22   1  2  1  1  1  0  0
    6 -2.8715632992778958e-21   0  3  1  1  1  0  0
    6 -2.7472653032545611e-22   1  0  3  1  1  0  0
    6  4.6457379240326668e-22   0  1  3  1  1  0  0
    6  3.6000419751755830e-21   3  0  0  2  1  0  0
    6  9.3961541577248168e-22   2  1  0  2  1  0  0
    6 -1.2017504991397698e-21   1  2  0  2  1  0  0
    6 -3.0916673574096494e-21   0  3  0  2  1  0  0
    6 -7.1225012152986672e-22   1  0  2  2  1  0  0
    6 -7.1225012152986672e-22   0  1  2  2  1  0  0
    6  4.6457379240326668e-22   1  0  1  3  1  0  0
    6 -2.7472653032545611e-22   0  1  1  3  1  0  0
    6 -1.7480768229550538e-22   1  0  0  4  1  0  0
    6  2.9941469548502543e-22   0  1  0  4  1  0  0
    6  1.3055722618281837e-19   4  0  0  0  2  0  0
    6 -4.3123277577208216e-20   3  1  0  0  2  0  0
    6 -8.5698901667003717e-20   2  2  0  0  2  0  0
    6 -4.3123277577208216e-20   1  3  0  0  2  0  0
    6  1.3055722618281837e-19   0  4  0  0  2  0  0
    6  1.0124697945252400e-20   2  0  2  0  2  0  0
    6  8.4948125049985355e-21   1  1  2  0  2  0  0
    6 -6.9279708585803038e-21   0  2  2  0  2  0  0
    6 -2.2626430207035074e-21   0  0  4  0  2  0  0
    6  1.6186961479672035e-20   2  0  1  1  2  0  0
    6  6.3636442328146945e-21   1  1  1  1  2  0  0
    6  1.6186961479672035e-20   0  2  1  1  2  0  0
    6  1.0874564462372337e-21   0  0  3  1  2  0  0
    6 -6.9279708585803038e-21   2  0  0  2  2  0  0
    6  8.4948125049985355e-21   1  1  0  2  2  0  0
    6  1.0124697945252400e-20   0  2  0  2  2  0  0
    6  5.3460273766305736e-21   0  0  2  2  2  0  0
    6  1.0874564462372337e-21   0  0  1  3  2  0  0
    6 -2.2626430207035074e-21   0  0  0  4  2  0  0
    6 -3.1443530407752426e-19   3  0  0  0  3  0  0
    6  4.7271840591117636e-19   2  1  0  0  3  0  0
    6  4.7271840591117636e-19   1  2  0  0  3  0  0
    6 -3.1443530407752426e-19   0  3  0  0  3  0  0
    6  2.3410610495778167e-20   1  0  2  0  3  0  0
    6 -2.4568629518988511e-20   0  1  2  0  3  0  0
    6  1.2435230833515918e-19   1  0  1  1  3  0  0
    6  1.2435230833515918e-19   0  1  1  1  3  0  0
    6 -2.4568629518988511e-20   1  0  0  2  3  0  0
    6  2.3410610495778167e-20   0  1  0  2  3  0  0
    6  4.1762349332595190e-20   2  0  0  0  4  0  0
    6 -2.4056211504353366e-18   1  1  0  0  4  0  0
    6  4.1762349332595190e-20   0  2  0  0  4  0  0
    6 -7.1392259828979559e-21   0  0  2  0  4  0  0
    6 -7.7039166447653699e-20   0  0  1  1  4  0  0
    6 -7.1392259828979559e-21   0  0  0  2  4  0  0
    6 -2.3308443416510428e-18   0  0  0  0  6  0  0
    7  4.8679236691905579e-24   7  0  0  0  0  0  0
    7 -7.0913491805060251e-24   6  1  0  0  0  0  0
    7  8.1258515832284495e-24   5  2  0  0  0  0  0
    7  1.4640460580273748e-23   4  3  0  0  0  0  0
    7  1.4640460580273748e-23   3  4  0  0  0  0  0
    7  8.1258515832284495e-24   2  5  0  0  0  0  0
    7 -7.0913491805060251e-24   1  6  0  0  0  0  0
    7  4.8679236691905579e-24   0  7  0  0  0  0  0
    7  2.5271577703625521e-23   5  0  2  0  0  0  0
    7 -4.2101772080373441e-23   4  1  2  0  0  0  0
    7 -1.7138326027081889e-23   3  2  2  0  0  0  0
    7 -1.8999877664838565e-24   2  3  2  0  0  0  0
    7 -9.2936127332023049e-24   1  4  2  0  0  0  0
    7  7.9621907381466523e-24   0  5  2  0  0  0  0
    7 -1.5537396876725576e-24   3  0  4  0  0  0  0
    7  2.6132643499199531e-25   2  1  4  0  0  0  0
    7 -1.8788525640174197e-25   1  2  4  0  0  0  0
    7  1.8551426094149820e-24   0  3  4  0  0  0  0
    7 -2.5598524839126797e-23   5  0  1  1  0  0  0
    7  3.1514800254041775e-23   4  1  1  1  0  0  0
    7 -2.3810643444357068e-24   3  2  1  1  0  0  0
    7 -2.3810643444357068e-24   2  3  1  1  0  0  0
    7  3.1514800254041775e-23   1  4  1  1  0  0  0
    7 -2.5598524839126797e-23   0  5  1  1  0  0  0
    7 -6.1471185621273806e-24   3  0  3  1  0  0  0
    7  4.1441404705759250e-25   2  1  3  1  0  0  0
    7  8.0515044949187760e-25   1  2  3  1  0  0  0
    7 -2.3553965653053945e-25   0  3  3  1  0  0  0
    7  7.9621907381466523e-24   5  0  0  2  0  0  0
    7 -9.2936127332023049e-24   4  1  0  2  0  0  0
    7 -1.8999877664838565e-24   3  2  0  2  0  0  0
    7 -1.7138326027081889e-23   2  3  0  2  0  0  0
    7 -4.2101772080373441e-23   1  4  0  2  0  0  0
    7  2.5271577703625521e-23   0  5  0  2  0  0  0
    7  1.8482900063930605e-23   3  0  2  2  0  0  0
    7 -4.3967551465253244e-25   2  1  2  2  0  0  0
    7 -4.3967551465253244e-25   1  2  2  2  0  0  0
    7  1.8482900063930605e-23   0  3  2  2  0  0  0
    7 -2.3553965653053945e-25   3  0  1  3  0  0  0
    7  8.0515044949187760e-25   2  1  1  3  0  0  0
    7  4.1441404705759250e-25   1  2  1  3  0  0  0
    7 -6.1471185621273806e-24   0  3  1  3  0  0  0
    7  1.8551426094149820e-24   3  0  0  4  0  0  0
    7 -1.8788525640174197e-25   2  1  0  4  0  0  0
    7  2.6132643499199531e-25   1  2  0  4  0  0  0
    7 -1.5537396876725576e-24   0  3  0  4  0  0  0
    7 -6.4189796913345968e-23   6  0  0  0  1  0  0
    7  1.7327896586909950e-22   5  1  0  0  1  0  0
    7  1.0349266662938623e-22   4  2  0  0  1  0  0
    7  9.6454778008921464e-24   3  3  0  0  1  0  0
    7  1.0349266662938623e-22   2  4  0  0  1  0  0
    7  1.7327896586909950e-22   1  5  0  0  1  0  0
    7 -6.4189796913345968e-23   0  6  0  0  1  0  0
    7  2.0863030512873288e-23   4  0  2  0  1  0  0
    7 -1.2400019031834182e-22   3  1  2  0  1  0  0
    7 -2.9527852910622603e-24   2  2  2  0  1  0  0
    7 -1.6220172733448245e-23   1  3  2  0  1  0  0
    7 -6.4836366721139585e-23   0  4  2  0  1  0  0
    7 -2.3382014781157087e-24   2  0  4  0  1  0  0
    7 -3.9109039811596486e-25   1  1  4  0  1  0  0
    7 -1.7191828167078750e-24   0  2  4  0  1  0  0
    7  2.2244145895429743e-23   4  0  1  1  1  0  0
    7 -9.9845194142247016e-24   3  1  1  1  1  0  0
    7  5.0920312373177268e-24   2  2  1  1  1  0  0
    7 -9.9845194142247016e-24   1  3  1  1  1  0  0
    7  2.2244145895429743e-23   0  4  1  1  1  0  0
    7  1.4287375794373234e-24   2  0  3  1  1  0  0
    7  2.0681005031047273e-24   0  2  3  1  1  0  0
    7 -6.4836366721139585e-23   4  0  0  2  1  0  0
    7 -1.6220172733448245e-23   3  1  0  2  1  0  0
    7 -2.9527852910622603e-24   2  2  0  2  1  0  0
    7 -1.2400019031834182e-22   1  3  0  2  1  0  0
    7  2.0863030512873288e-23   0  4  0  2  1  0  0
    7  1.0823027054560577e-24   2  0  2  2  1  0  0
    7 -1.3965071148073359e-25   1  1  2  2  1  0  0
    7  1.0823027054560577e-24   0  2  2  2  1  0  0
    7 -3.1393834630895439e-25   0  0  4  2  1  0  0
    7  2.0681005031047273e-24   2  0  1  3  1  0  0
    7  1.4287375794373234e-24   0  2  1  3  1  0  0
    7  6.8145741787993779e-25   0  0  3  3  1  0  0
    7 -1.7191828167078750e-24   2  0  0  4  1  0  0
    7 -3.9109039811596486e-25   1  1  0  4  1  0  0
    7 -2.3382014781157087e-24   0  2  0  4  1  0  0
    7 -3.1393834630895439e-25   0  0  2  4  1  0  0
    7 -7.8541184017070236e-22   5  0  0  0  2  0  0
    7  9.4941520940379847e-22   4  1  0  0  2  0  0
    7 -5.9651740871101329e-23   3  2  0  0  2  0  0
    7 -5.9651740871101329e-23   2  3  0  0  2  0  0
    7  9.4941520940379847e-22   1  4  0  0  2  0  0
    7 -7.8541184017070236e-22   0  5  0  0  2  0  0
    7 -1.0706024345582685e-22   3  0  2  0  2  0  0
    7  2.0283342582226373e-24   2  1  2  0  2  0  0
    7  4.9552886550601957e-23   1  2  2  0  2  0  0
    7 -1.4779570974176287e-22   0  3  2  0  2  0  0
    7  6.3733913689405793e-24   1  0  4  0  2  0  0
    7  1.5820209306214988e-24   0  1  4  0  2  0  0
    7  6.9509337750640729e-23   3  0  1  1  2  0  0
    7 -1.3549664974861437e-22   2  1  1  1  2  0  0
    7 -1.3549664974861437e-22   1  2  1  1  2  0  0
    7  6.9509337750640729e-23   0  3  1  1  2  0  0
    7  2.9066523046817906e-24   1  0  3  1  2  0  0
    7  6.2190901625978979e-24   0  1  3  1  2  0  0
    7 -1.4779570974176287e-22   3  0  0  2  2  0  0
    7  4.9552886550601957e-23   2  1  0  2  2  0  0
    7  2.0283342582226373e-24   1  2  0  2  2  0  0
    7 -1.0706024345582685e-22   0  3  0  2  2  0  0
    7 -2.2095231281002923e-23   1  0  2  2  2  0  0
    7 -2.2095231281002923e-23   0  1  2  2  2  0  0
    7  6.2190901625978979e-24   1  0  1  3  2  0  0
    7  2.9066523046817906e-24   0  1  1  3  2  0  0
    7  1.5820209306214988e-24   1  0  0  4  2  0  0
    7  6.3733913689405793e-24   0  1  0  4  2  0  0
    7 -1.3335366685243448e-21   4  0  0  0  3  0  0
    7  8.5811870848566070e-22   3  1  0  0  3  0  0
    7  8.0532571561667967e-22   2  2  0  0  3  0  0
    7  8.5811870848566070e-22   1  3  0  0  3  0  0
    7 -1.3335366685243448e-21   0  4  0  0  3  0  0
    7 -1.5337061204064326e-22   2  0  2  0  3  0  0
    7 -3.2176644415597861e-22   1  1  2  0  3  0  0
    7  2.6988969843019057e-22   0  2  2  0  3  0  0
    7  1.9118755354688685e-23   0  0  4  0  3  0  0
    7 -1.6793444550151369e-22   2  0  1  1  3  0  0
    7  3.9201108453359761e-22   1  1  1  1  3  0  0
    7 -1.6793444550151369e-22   0  2  1  1  3  0  0
    7 -7.4290635924805257e-24   0  0  3  1  3  0  0
    7  2.6988969843019057e-22   2  0  0  2  3  0  0
    7 -3.2176644415597861e-22   1  1  0  2  3  0  0
    7 -1.5337061204064326e-22   0  2  0  2  3  0  0
    7 -6.3524183634724933e-23   0  0  2  2  3  0  0
    7 -7.4290635924805257e-24   0  0  1  3  3  0  0
    7  1.9118755354688685e-23   0  0  0  4  3  0  0
    7  4.7241656863445856e-21   3  0  0  0  4  0  0
    7 -9.8245909972466316e-21   2  1  0  0  4  0  0
    7 -9.8245909972466316e-21   1  2  0  0  4  0  0
    7  4.7241656863445856e-21   0  3  0  0  4  0  0
    7  4.7147650069705469e-22   1  0  2  0  4  0  0
    7  2.8323097701718161e-22   0  1  2  0  4  0  0
    7 -5.6074428380680183e-22   1  0  1  1  4  0  0
    7 -5.6074428380680183e-22   0  1  1  1  4  0  0
    7  2.8323097701718161e-22   1  0  0  2  4  0  0
    7  4.7147650069705469e-22   0  1  0  2  4  0  0
    7  2.1586614636117061e-22   2  0  0  0  5  0  0
    7  5.5360329792201560e-20   1  1  0  0  5  0  0
    7  2.1586614636117061e-22   0  2  0  0  5  0  0
    7  1.4454554382183102e-21   0  0  2  0  5  0  0
    7  6.1294428316106200e-21   0  0  1  1  5  0  0
    7  1.4454554382183102e-21   0  0  0  2  5  0  0
    7  1.4908917019906617e-19   0  0  0  0  7  0  0
    8  4.3592976158869112e-25   5  1  2  0  0  0  0
    8 -1.1997750841823705e-25   3  3  2  0  0  0  0
    8 -2.2412984666797239e-25   5  1  1  1  0  0  0
    8 -2.2412984666797239e-25   1  5  1  1  0  0  0
    8 -1.1997750841823705e-25   3  3  0  2  0  0  0
    8  4.3592976158869112e-25   1  5  0  2  0  0  0
    8  1.6286627189616558e-25   7  0  0  0  1  0  0
    8  4.1609841034107860e-25   6  1  0  0  1  0  0
    8  3.7053913900090101e-25   5  2  0  0  1  0  0
    8  6.5331547978596772e-25   4  3  0  0  1  0  0
    8  6.5331547978596772e-25   3  4  0  0  1  0  0
    8  3.7053913900090101e-25   2  5  0  0  1  0  0
    8  4.1609841034107860e-25   1  6  0  0  1  0  0
    8  1.6286627189616558e-25   0  7  0  0  1  0  0
    8 -3.2222692522618068e-25   3  2  2  0  1  0  0
    8 -2.9213037704802770e-25   2  3  2  0  1  0  0
    8 -2.5498978307420191e-25   1  4  2  0  1  0  0
    8  3.0683009292381199e-25   0  5  2  0  1  0  0
    8  4.6994939398480144e-25   5  0  1  1  1  0  0
    8 -1.6996121956049719e-25   4  1  1  1  1  0  0
    8  3.3056976478637426e-25   3  2  1  1  1  0  0
    8  3.3056976478637426e-25   2  3  1  1  1  0  0
    8 -1.6996121956049719e-25   1  4  1  1  1  0  0
    8  4.6994939398480144e-25   0  5  1  1  1  0  0
    8  3.0683009292381199e-25   5  0  0  2  1  0  0
    8 -2.5498978307420191e-25   4  1  0  2  1  0  0
    8 -2.9213037704802770e-25   3  2  0  2  1  0  0
    8 -3.2222692522618068e-25   2  3  0  2  1  0  0
    8  1.3839629286669585e-25   2  1  2  2  1  0  0
    8  1.3839629286669585e-25   1  2  2  2  1  0  0
    8  1.4781312984138511e-24   6  0  0  0  2  0  0
    8 -3.7863835236230233e-24   5  1  0  0  2  0  0
    8  1.8642517640936464e-24   4  2  0  0  2  0  0
    8  3.5279333972191574e-24   3  3  0  0  2  0  0
    8  1.8642517640936464e-24   2  4  0  0  2  0  0
    8 -3.7863835236230233e-24   1  5  0  0  2  0  0
    8  1.4781312984138511e-24   0  6  0  0  2  0  0
    8  1.9114022775561371e-23   4  0  2  0  2  0  0
    8 -1.6823685755750606e-24   3  1  2  0  2  0  0
    8 -5.9405180818492800e-25   2  2  2  0  2  0  0
    8 -1.1766150395240495e-24   1  3  2  0  2  0  0
    8  1.4945869019846476e-24   0  4  2  0  2  0  0
    8  2.0690379376706392e-24   4  0  1  1  2  0  0
    8  6.5730543905650738e-25   3  1  1  1  2  0  0
    8 -3.8434333296199012e-25   2  2  1  1  2  0  0
    8  6.5730543905650738e-25   1  3  1  1  2  0  0
    8  2.0690379376706392e-24   0  4  1  1  2  0  0
    8  1.4945869019846476e-24   4  0  0  2  2  0  0
    8 -1.1766150395240495e-24   3  1  0  2  2  0  0
    8 -5.9405180818492800e-25   2  2  0  2  2  0  0
    8 -1.6823685755750606e-24   1  3  0  2  2  0  0
    8  1.9114022775561371e-23   0  4  0  2  2  0  0
    8  1.3518453038667418e-23   5  0  0  0  3  0  0
    8 -3.6433195195389846e-24   4  1  0  0  3  0  0
    8  5.5126423209637064e-24   3  2  0  0  3  0  0
    8  5.5126423209637064e-24   2  3  0  0  3  0  0
    8 -3.6433195195389846e-24   1  4  0  0  3  0  0
    8  1.3518453038667418e-23   0  5  0  0  3  0  0
    8  1.9901185035082830e-24   3  0  2  0  3  0  0
    8 -2.7838971828385628e-25   2  1  2  0  3  0  0
    8 -1.7567555817631712e-24   1  2  2  0  3  0  0
    8  1.4910373792895813e-24   0  3  2  0  3  0  0
    8 -7.8777483943160937e-25   3  0  1  1  3  0  0
    8  2.3815264010746174e-24   2  1  1  1  3  0  0
    8  2.3815264010746174e-24   1  2  1  1  3  0  0
    8 -7.8777483943160937e-25   0  3  1  1  3  0  0
    8  1.4910373792895813e-24   3  0  0  2  3  0  0
    8 -1.7567555817631712e-24   2  1  0  2  3  0  0
    8 -2.7838971828385628e-25   1  2  0  2  3  0  0
    8  1.9901185035082830e-24   0  3  0  2  3  0  0
    8  3.0849919835634442e-25   1  0  2  2  3  0  0
    8  3.0849919835634442e-25   0  1  2  2  3  0  0
    8  1.2913137312428136e-25   4  0  0  0  4  0  0
    8 -8.7754626396297404e-24   3  1  0  0  4  0  0
    8 -1.5123123765922218e-23   2  2  0  0  4  0  0
    8 -8.7754626396297404e-24   1  3  0  0  4  0  0
    8  1.2913137312428136e-25   0  4  0  0  4  0  0
    8 -2.0171886051211644e-24   2  0  2  0  4  0  0
    8  6.1328160548478511e-24   1  1  2  0  4  0  0
    8 -2.2187954415409949e-24   0  2  2  0  4  0  0
    8 -2.2112283288827496e-24   2  0  1  1  4  0  0
    8 -1.6499922564955266e-23   1  1  1  1  4  0  0
    8 -2.2112283288827496e-24   0  2  1  1  4  0  0
    8  4.7420859571076279e-25   0  0  3  1  4  0  0
    8 -2.2187954415409949e-24   2  0  0  2  4  0  0
    8  6.1328160548478511e-24   1  1  0  2  4  0  0
    8 -2.0171886051211644e-24   0  2  0  2  4  0  0
    8 -8.0877491520526086e-25   0  0  2  2  4  0  0
    8  4.7420859571076279e-25   0  0  1  3  4  0  0
    8 -2.6427435930717029e-23   3  0  0  0  5  0  0
    8  1.1944761384129394e-22   2  1  0  0  5  0  0
    8  1.1944761384129394e-22   1  2  0  0  5  0  0
    8 -2.6427435930717029e-23   0  3  0  0  5  0  0
    8 -1.5352824338270072e-23   1  0  2  0  5  0  0
    8 -4.5012143261741224e-24   0  1  2  0  5  0  0
    8  8.1739083095673005e-24   1  0  1  1  5  0  0
    8  8.1739083095673005e-24   0  1  1  1  5  0  0
    8 -4.5012143261741224e-24   1  0  0  2  5  0  0
    8 -1.5352824338270072e-23   0  1  0  2  5  0  0
    8 -5.3753204746961406e-24   2  0  0  0  6  0  0
    8 -8.1787434632660484e-22   1  1  0  0  6  0  0
    8 -5.3753204746961406e-24   0  2  0  0  6  0  0
    8 -2.8473533660549844e-23   0  0  2  0  6  0  0
    8 -7.8394508077799654e-23   0  0  1  1  6  0  0
    8 -2.8473533660549844e-23   0  0  0  2  6  0  0
    8 -2.7784510786862593e-21   0  0  0  0  8  0  0
 -482  0.0000000000000000e+00   0  0  0  0  0  0  0
