
tpsa, NO = 8, NV = 7, INA = 48089
------------------------------------------------------------------

   |I|         a                i  i  i  i  i  i  i
                I                1  2  3  4  5  6  7

    3  1.4336654409863082e-07   3  0  0  0  0  0  0
    3 -9.2431199932284501e-07   2  1  0  0  0  0  0
    3 -9.2431199932284501e-07   1  2  0  0  0  0  0
    3  1.4336654409863082e-07   0  3  0  0  0  0  0
    3  8.0780844828389438e-07   1  0  2  0  0  0  0
    3  1.0557462250317407e-07   0  1  2  0  0  0  0
    3 -3.7448711099223564e-07   1  0  1  1  0  0  0
    3 -3.7448711099223564e-07   0  1  1  1  0  0  0
    3  1.0557462250317407e-07   1  0  0  2  0  0  0
    3  8.0780844828389438e-07   0  1  0  2  0  0  0
    3 -2.2437719503162132e-07   2  0  0  0  1  0  0
    3 -2.9603303424695032e-14   1  1  0  0  1  0  0
    3 -2.2437719503162132e-07   0  2  0  0  1  0  0
    3  1.0138966323517864e-07   0  0  2  0  1  0  0
    3 -1.1812096001516484e-15   0  0  1  1  1  0  0
    3  1.0138966323517864e-07   0  0  0  2  1  0  0
    3  1.2243007734706213e-06   1  0  0  0  2  0  0
    3  1.2243007734706213e-06   0  1  0  0  2  0  0
    3 -1.1774695213732480e-08   0  0  0  0  3  0  0
    4  3.7087886081936876e-08   4  0  0  0  0  0  0
    4  4.4590915869503257e-08   3  1  0  0  0  0  0
    4 -9.7196332613511806e-08   2  2  0  0  0  0  0
    4  4.4590915869503257e-08   1  3  0  0  0  0  0
    4  3.7087886081936876e-08   0  4  0  0  0  0  0
    4  2.4001988179056679e-08   2  0  2  0  0  0  0
    4  5.4992099518973767e-08   1  1  2  0  0  0  0
    4 -1.6766707143617925e-07   0  2  2  0  0  0  0
    4  4.3224573999500259e-08   0  0  4  0  0  0  0
    4 -7.8924726408314508e-08   2  0  1  1  0  0  0
    4 -5.6015889197622697e-07   1  1  1  1  0  0  0
    4 -7.8924726408314508e-08   0  2  1  1  0  0  0
    4 -7.3030357667784004e-08   0  0  3  1  0  0  0
    4 -1.6766707143617925e-07   2  0  0  2  0  0  0
    4  5.4992099518973767e-08   1  1  0  2  0  0  0
    4  2.4001988179056679e-08   0  2  0  2  0  0  0
    4 -1.9004990284251850e-08   0  0  2  2  0  0  0
    4 -7.3030357667784004e-08   0  0  1  3  0  0  0
    4  4.3224573999500259e-08   0  0  0  4  0  0  0
    4 -2.5135071630229265e-08   3  0  0  0  1  0  0
    4 -3.0181967210448020e-07   2  1  0  0  1  0  0
    4 -3.0181967210448020e-07   1  2  0  0  1  0  0
    4 -2.5135071630229265e-08   0  3  0  0  1  0  0
    4  3.1152583653796909e-08   1  0  2  0  1  0  0
    4  2.4446781213930155e-08   0  1  2  0  1  0  0
    4 -2.2085896996960629e-07   1  0  1  1  1  0  0
    4 -2.2085896996960629e-07   0  1  1  1  1  0  0
    4  2.4446781213930155e-08   1  0  0  2  1  0  0
    4  3.1152583653796909e-08   0  1  0  2  1  0  0
    4 -3.4571978684362361e-08   2  0  0  0  2  0  0
    4  5.5520636174063935e-07   1  1  0  0  2  0  0
    4 -3.4571978684362361e-08   0  2  0  0  2  0  0
    4  8.9511129790772679e-08   0  0  2  0  2  0  0
    4  3.8377900574956484e-08   0  0  1  1  2  0  0
    4  8.9511129790772679e-08   0  0  0  2  2  0  0
    4 -1.3052335464391241e-07   1  0  0  0  3  0  0
    4 -1.3052335464391241e-07   0  1  0  0  3  0  0
    4  4.1379534345898968e-08   0  0  0  0  4  0  0
    5 -2.8090886139690761e-09   5  0  0  0  0  0  0
    5 -1.7326518062347612e-08   4  1  0  0  0  0  0
    5  7.6236891249705231e-08   3  2  0  0  0  0  0
    5  7.6236891249705231e-08   2  3  0  0  0  0  0
    5 -1.7326518062347612e-08   1  4  0  0  0  0  0
    5 -2.8090886139690761e-09   0  5  0  0  0  0  0
    5 -8.9492791331691447e-08   3  0  2  0  0  0  0
    5 -1.5552591092340552e-07   2  1  2  0  0  0  0
    5  2.2565697669747540e-08   1  2  2  0  0  0  0
    5 -9.1179034741399021e-09   0  3  2  0  0  0  0
    5 -3.1827471201405574e-09   1  0  4  0  0  0  0
    5 -3.4553603211785145e-08   0  1  4  0  0  0  0
    5 -9.3256133322603275e-08   3  0  1  1  0  0  0
    5  3.2816524840214808e-07   2  1  1  1  0  0  0
    5  3.2816524840214808e-07   1  2  1  1  0  0  0
    5 -9.3256133322603275e-08   0  3  1  1  0  0  0
    5 -7.6937402403514848e-08   1  0  3  1  0  0  0
    5 -1.2629219668871326e-08   0  1  3  1  0  0  0
    5 -9.1179034741399021e-09   3  0  0  2  0  0  0
    5  2.2565697669747540e-08   2  1  0  2  0  0  0
    5 -1.5552591092340552e-07   1  2  0  2  0  0  0
    5 -8.9492791331691447e-08   0  3  0  2  0  0  0
    5  5.7950124301017403e-08   1  0  2  2  0  0  0
    5  5.7950124301017403e-08   0  1  2  2  0  0  0
    5 -1.2629219668871326e-08   1  0  1  3  0  0  0
    5 -7.6937402403514848e-08   0  1  1  3  0  0  0
    5 -3.4553603211785145e-08   1  0  0  4  0  0  0
    5 -3.1827471201405574e-09   0  1  0  4  0  0  0
    5  3.7476587380271150e-08   4  0  0  0  1  0  0
    5  9.1638316287853610e-08   3  1  0  0  1  0  0
    5  1.8184710495334406e-07   2  2  0  0  1  0  0
    5  9.1638316287853610e-08   1  3  0  0  1  0  0
    5  3.7476587380271150e-08   0  4  0  0  1  0  0
    5 -1.0053221123067476e-07   2  0  2  0  1  0  0
    5 -1.1457408704273250e-07   1  1  2  0  1  0  0
    5 -1.9000664435641914e-08   0  2  2  0  1  0  0
    5 -1.8195703921230468e-09   0  0  4  0  1  0  0
    5  6.0496487051752675e-08   2  0  1  1  1  0  0
    5  1.0256485340556122e-07   1  1  1  1  1  0  0
    5  6.0496487051752675e-08   0  2  1  1  1  0  0
    5 -2.2831454646263358e-08   0  0  3  1  1  0  0
    5 -1.9000664435641914e-08   2  0  0  2  1  0  0
    5 -1.1457408704273250e-07   1  1  0  2  1  0  0
    5 -1.0053221123067476e-07   0  2  0  2  1  0  0
    5  3.6099147763250048e-08   0  0  2  2  1  0  0
    5 -2.2831454646263358e-08   0  0  1  3  1  0  0
    5 -1.8195703921230468e-09   0  0  0  4  1  0  0
    5 -3.6174987070681661e-09   3  0  0  0  2  0  0
    5 -5.8083435207235942e-08   2  1  0  0  2  0  0
    5 -5.8083435207235942e-08   1  2  0  0  2  0  0
    5 -3.6174987070681661e-09   0  3  0  0  2  0  0
    5  7.3931874051519637e-08   1  0  2  0  2  0  0
    5 -1.6803943968715098e-08   0  1  2  0  2  0  0
    5  5.7902479452042957e-08   1  0  1  1  2  0  0
    5  5.7902479452042957e-08   0  1  1  1  2  0  0
    5 -1.6803943968715098e-08   1  0  0  2  2  0  0
    5  7.3931874051519637e-08   0  1  0  2  2  0  0
    5 -9.9231963851700254e-08   2  0  0  0  3  0  0
    5  1.4354555940809743e-07   1  1  0  0  3  0  0
    5 -9.9231963851700254e-08   0  2  0  0  3  0  0
    5 -1.1928811662701228e-08   0  0  2  0  3  0  0
    5  7.7386143232454545e-10   0  0  1  1  3  0  0
    5 -1.1928811662701228e-08   0  0  0  2  3  0  0
    5  3.0720390050376542e-08   1  0  0  0  4  0  0
    5  3.0720390050376542e-08   0  1  0  0  4  0  0
    5  5.6211106829523089e-09   0  0  0  0  5  0  0
    6 -2.1801250009141868e-09   6  0  0  0  0  0  0
    6 -1.0598606852176225e-08   5  1  0  0  0  0  0
    6 -1.4599243137327181e-08   4  2  0  0  0  0  0
    6 -8.7831054051074444e-08   3  3  0  0  0  0  0
    6 -1.4599243137327181e-08   2  4  0  0  0  0  0
    6 -1.0598606852176225e-08   1  5  0  0  0  0  0
    6 -2.1801250009141868e-09   0  6  0  0  0  0  0
    6  4.0363857213131417e-09   4  0  2  0  0  0  0
    6  1.0183123841528757e-07   3  1  2  0  0  0  0
    6  1.2128230751681092e-07   2  2  2  0  0  0  0
    6 -1.0623523516288875e-08   1  3  2  0  0  0  0
    6 -7.2886531975059167e-09   0  4  2  0  0  0  0
    6 -3.4150839035750664e-08   2  0  4  0  0  0  0
    6  9.9268105859144635e-10   1  1  4  0  0  0  0
    6  1.6324486396116530e-09   0  2  4  0  0  0  0
    6 -1.8697782520331979e-09   0  0  6  0  0  0  0
    6 -1.9147451848170176e-08   4  0  1  1  0  0  0
    6 -5.7804806680410666e-08   3  1  1  1  0  0  0
    6 -2.3567752659058345e-07   2  2  1  1  0  0  0
    6 -5.7804806680410666e-08   1  3  1  1  0  0  0
    6 -1.9147451848170176e-08   0  4  1  1  0  0  0
    6  6.4076903265320211e-08   2  0  3  1  0  0  0
    6  1.0444504362437685e-07   1  1  3  1  0  0  0
    6 -3.1317381939163795e-08   0  2  3  1  0  0  0
    6 -1.3023467740490243e-10   0  0  5  1  0  0  0
    6 -7.2886531975059167e-09   4  0  0  2  0  0  0
    6 -1.0623523516288875e-08   3  1  0  2  0  0  0
    6  1.2128230751681092e-07   2  2  0  2  0  0  0
    6  1.0183123841528757e-07   1  3  0  2  0  0  0
    6  4.0363857213131417e-09   0  4  0  2  0  0  0
    6 -4.5597123038144783e-08   2  0  2  2  0  0  0
    6 -1.4591960749599505e-07   1  1  2  2  0  0  0
    6 -4.5597123038144783e-08   0  2  2  2  0  0  0
    6  9.9782424516504971e-09   0  0  4  2  0  0  0
    6 -3.1317381939163795e-08   2  0  1  3  0  0  0
    6  1.0444504362437685e-07   1  1  1  3  0  0  0
    6  6.4076903265320211e-08   0  2  1  3  0  0  0
    6 -2.3358961561200192e-08   0  0  3  3  0  0  0
    6  1.6324486396116530e-09   2  0  0  4  0  0  0
    6  9.9268105859144635e-10   1  1  0  4  0  0  0
    6 -3.4150839035750664e-08   0  2  0  4  0  0  0
    6  9.9782424516504971e-09   0  0  2  4  0  0  0
    6 -1.3023467740490243e-10   0  0  1  5  0  0  0
    6 -1.8697782520331979e-09   0  0  0  6  0  0  0
    6  1.2475903243080237e-08   5  0  0  0  1  0  0
    6 -2.1122973945561399e-08   4  1  0  0  1  0  0
    6 -2.2392878570768025e-08   3  2  0  0  1  0  0
    6 -2.2392878570768025e-08   2  3  0  0  1  0  0
    6 -2.1122973945561399e-08   1  4  0  0  1  0  0
    6  1.2475903243080237e-08   0  5  0  0  1  0  0
    6  3.4613859285637231e-08   3  0  2  0  1  0  0
    6  7.6847090424148885e-08   2  1  2  0  1  0  0
    6  7.8503485102353804e-08   1  2  2  0  1  0  0
    6  1.4506656306875239e-08   0  3  2  0  1  0  0
    6 -1.1668690945457463e-08   1  0  4  0  1  0  0
    6 -6.6206281891244601e-09   0  1  4  0  1  0  0
    6 -4.1344337585230781e-08   3  0  1  1  1  0  0
    6 -1.3538760620935213e-07   2  1  1  1  1  0  0
    6 -1.3538760620935213e-07   1  2  1  1  1  0  0
    6 -4.1344337585230781e-08   0  3  1  1  1  0  0
    6  3.0992857138154742e-08   1  0  3  1  1  0  0
    6  2.4218849428659160e-08   0  1  3  1  1  0  0
    6  1.4506656306875239e-08   3  0  0  2  1  0  0
    6  7.8503485102353804e-08   2  1  0  2  1  0  0
    6  7.6847090424148885e-08   1  2  0  2  1  0  0
    6  3.4613859285637231e-08   0  3  0  2  1  0  0
    6 -5.4481426177379161e-08   1  0  2  2  1  0  0
    6 -5.4481426177379161e-08   0  1  2  2  1  0  0
    6  2.4218849428659160e-08   1  0  1  3  1  0  0
    6  3.0992857138154742e-08   0  1  1  3  1  0  0
    6 -6.6206281891244601e-09   1  0  0  4  1  0  0
    6 -1.1668690945457463e-08   0  1  0  4  1  0  0
    6 -4.5322529954625501e-08   4  0  0  0  2  0  0
    6 -2.0114867176832751e-08   3  1  0  0  2  0  0
    6 -2.3818034176442256e-07   2  2  0  0  2  0  0
    6 -2.0114867176832751e-08   1  3  0  0  2  0  0
    6 -4.5322529954625501e-08   0  4  0  0  2  0  0
    6  1.0182380747364460e-09   2  0  2  0  2  0  0
    6  6.8779509781427082e-09   1  1  2  0  2  0  0
    6  5.2559267797419744e-09   0  2  2  0  2  0  0
    6 -5.3005070125084356e-11   0  0  4  0  2  0  0
    6 -5.1759647719024794e-09   2  0  1  1  2  0  0
    6 -3.8266821546744751e-09   1  1  1  1  2  0  0
    6 -5.1759647719024794e-09   0  2  1  1  2  0  0
    6  1.0594697756091843e-08   0  0  3  1  2  0  0
    6  5.2559267797419744e-09   2  0  0  2  2  0  0
    6  6.8779509781427082e-09   1  1  0  2  2  0  0
    6  1.0182380747364460e-09   0  2  0  2  2  0  0
    6 -2.5705663312396796e-10   0  0  2  2  2  0  0
    6  1.0594697756091843e-08   0  0  1  3  2  0  0
    6 -5.3005070125084356e-11   0  0  0  4  2  0  0
    6  2.6093840734788585e-08   3  0  0  0  3  0  0
    6  1.3896041881473026e-07   2  1  0  0  3  0  0
    6  1.3896041881473026e-07   1  2  0  0  3  0  0
    6  2.6093840734788585e-08   0  3  0  0  3  0  0
    6  8.7366030257965852e-09   1  0  2  0  3  0  0
    6 -2.4024366992191949e-08   0  1  2  0  3  0  0
    6  1.2844651878907538e-08   1  0  1  1  3  0  0
    6  1.2844651878907538e-08   0  1  1  1  3  0  0
    6 -2.4024366992191949e-08   1  0  0  2  3  0  0
    6  8.7366030257965852e-09   0  1  0  2  3  0  0
    6 -2.4982283893820624e-08   2  0  0  0  4  0  0
    6 -9.3792300621501346e-08   1  1  0  0  4  0  0
    6 -2.4982283893820624e-08   0  2  0  0  4  0  0
    6  8.6839976698596704e-09   0  0  2  0  4  0  0
    6 -6.5265781586190374e-09   0  0  1  1  4  0  0
    6  8.6839976698596704e-09   0  0  0  2  4  0  0
    6  1.6281891145654814e-08   1  0  0  0  5  0  0
    6  1.6281891145654814e-08   0  1  0  0  5  0  0
    6  7.4089742315153640e-10   0  0  0  0  6  0  0
    7 -2.5037398896013473e-11   7  0  0  0  0  0  0
    7 -3.3528790493416980e-09   6  1  0  0  0  0  0
    7  1.3760143085312855e-08   5  2  0  0  0  0  0
    7  1.8479761824451410e-08   4  3  0  0  0  0  0
    7  1.8479761824451410e-08   3  4  0  0  0  0  0
    7  1.3760143085312855e-08   2  5  0  0  0  0  0
    7 -3.3528790493416980e-09   1  6  0  0  0  0  0
    7 -2.5037398896013473e-11   0  7  0  0  0  0  0
    7 -8.1290532429607219e-11   5  0  2  0  0  0  0
    7 -3.8890877753570039e-08   4  1  2  0  0  0  0
    7 -7.3771978087751164e-08   3  2  2  0  0  0  0
    7  6.8588123283477444e-10   2  3  2  0  0  0  0
    7 -2.5823842950439218e-09   1  4  2  0  0  0  0
    7 -1.5482842813809813e-09   0  5  2  0  0  0  0
    7  2.2730593026978697e-08   3  0  4  0  0  0  0
    7  2.8238857155349432e-08   2  1  4  0  0  0  0
    7  1.6632933894046723e-08   1  2  4  0  0  0  0
    7 -3.9952537720618638e-10   0  3  4  0  0  0  0
    7 -2.2685890580265918e-09   1  0  6  0  0  0  0
    7  1.0815641073033358e-09   0  1  6  0  0  0  0
    7 -1.8124704425981621e-08   5  0  1  1  0  0  0
    7  4.4510038091569216e-09   4  1  1  1  0  0  0
    7  9.4460446640225423e-08   3  2  1  1  0  0  0
    7  9.4460446640225423e-08   2  3  1  1  0  0  0
    7  4.4510038091569216e-09   1  4  1  1  0  0  0
    7 -1.8124704425981621e-08   0  5  1  1  0  0  0
    7 -3.1110228264515749e-08   3  0  3  1  0  0  0
    7 -9.7430652824759556e-08   2  1  3  1  0  0  0
    7 -2.8209529488651078e-08   1  2  3  1  0  0  0
    7 -1.0405326746431707e-08   0  3  3  1  0  0  0
    7  1.1019869654243130e-08   1  0  5  1  0  0  0
    7  1.5699715739404964e-09   0  1  5  1  0  0  0
    7 -1.5482842813809813e-09   5  0  0  2  0  0  0
    7 -2.5823842950439218e-09   4  1  0  2  0  0  0
    7  6.8588123283477444e-10   3  2  0  2  0  0  0
    7 -7.3771978087751164e-08   2  3  0  2  0  0  0
    7 -3.8890877753570039e-08   1  4  0  2  0  0  0
    7 -8.1290532429607219e-11   0  5  0  2  0  0  0
    7 -1.0415065279245906e-08   3  0  2  2  0  0  0
    7  1.2469720841029477e-07   2  1  2  2  0  0  0
    7  1.2469720841029477e-07   1  2  2  2  0  0  0
    7 -1.0415065279245906e-08   0  3  2  2  0  0  0
    7 -3.4886539677561132e-08   1  0  4  2  0  0  0
    7 -9.7073989583536022e-09   0  1  4  2  0  0  0
    7 -1.0405326746431707e-08   3  0  1  3  0  0  0
    7 -2.8209529488651078e-08   2  1  1  3  0  0  0
    7 -9.7430652824759556e-08   1  2  1  3  0  0  0
    7 -3.1110228264515749e-08   0  3  1  3  0  0  0
    7  2.9382765908648212e-08   1  0  3  3  0  0  0
    7  2.9382765908648212e-08   0  1  3  3  0  0  0
    7 -3.9952537720618638e-10   3  0  0  4  0  0  0
    7  1.6632933894046723e-08   2  1  0  4  0  0  0
    7  2.8238857155349432e-08   1  2  0  4  0  0  0
    7  2.2730593026978697e-08   0  3  0  4  0  0  0
    7 -9.7073989583536022e-09   1  0  2  4  0  0  0
    7 -3.4886539677561132e-08   0  1  2  4  0  0  0
    7  1.5699715739404964e-09   1  0  1  5  0  0  0
    7  1.1019869654243130e-08   0  1  1  5  0  0  0
    7  1.0815641073033358e-09   1  0  0  6  0  0  0
    7 -2.2685890580265918e-09   0  1  0  6  0  0  0
    7 -2.3923538573663278e-09   6  0  0  0  1  0  0
    7  1.4780798879609160e-08   5  1  0  0  1  0  0
    7  1.2772769677387708e-08   4  2  0  0  1  0  0
    7  8.7603643558405911e-08   3  3  0  0  1  0  0
    7  1.2772769677387708e-08   2  4  0  0  1  0  0
    7  1.4780798879609160e-08   1  5  0  0  1  0  0
    7 -2.3923538573663278e-09   0  6  0  0  1  0  0
    7 -3.9775325220855660e-08   4  0  2  0  1  0  0
    7 -5.6809173861245824e-08   3  1  2  0  1  0  0
    7 -4.7722922270960187e-08   2  2  2  0  1  0  0
    7 -2.7220035692270750e-08   1  3  2  0  1  0  0
    7  4.5557466644611684e-09   0  4  2  0  1  0  0
    7  1.1094391737517075e-08   2  0  4  0  1  0  0
    7  1.7543456456958440e-08   1  1  4  0  1  0  0
    7  7.2634272378005955e-09   0  2  4  0  1  0  0
    7 -5.0014526240261346e-10   0  0  6  0  1  0  0
    7  1.6171262470744338e-08   4  0  1  1  1  0  0
    7  7.9416313860211852e-08   3  1  1  1  1  0  0
    7  1.2015231590479655e-07   2  2  1  1  1  0  0
    7  7.9416313860211852e-08   1  3  1  1  1  0  0
    7  1.6171262470744338e-08   0  4  1  1  1  0  0
    7 -3.8903876676992832e-08   2  0  3  1  1  0  0
    7 -4.9287632018067543e-08   1  1  3  1  1  0  0
    7 -2.1126076970715899e-08   0  2  3  1  1  0  0
    7  3.4348787601215975e-09   0  0  5  1  1  0  0
    7  4.5557466644611684e-09   4  0  0  2  1  0  0
    7 -2.7220035692270750e-08   3  1  0  2  1  0  0
    7 -4.7722922270960187e-08   2  2  0  2  1  0  0
    7 -5.6809173861245824e-08   1  3  0  2  1  0  0
    7 -3.9775325220855660e-08   0  4  0  2  1  0  0
    7  3.6270327725249695e-08   2  0  2  2  1  0  0
    7  6.8346664524163544e-08   1  1  2  2  1  0  0
    7  3.6270327725249695e-08   0  2  2  2  1  0  0
    7 -1.0634516407431341e-08   0  0  4  2  1  0  0
    7 -2.1126076970715899e-08   2  0  1  3  1  0  0
    7 -4.9287632018067543e-08   1  1  1  3  1  0  0
    7 -3.8903876676992832e-08   0  2  1  3  1  0  0
    7  1.4020459613080237e-08   0  0  3  3  1  0  0
    7  7.2634272378005955e-09   2  0  0  4  1  0  0
    7  1.7543456456958440e-08   1  1  0  4  1  0  0
    7  1.1094391737517075e-08   0  2  0  4  1  0  0
    7 -1.0634516407431341e-08   0  0  2  4  1  0  0
    7  3.4348787601215975e-09   0  0  1  5  1  0  0
    7 -5.0014526240261346e-10   0  0  0  6  1  0  0
    7 -4.7397280825301861e-10   5  0  0  0  2  0  0
    7  2.4055677768165399e-08   4  1  0  0  2  0  0
    7 -3.1757379066348034e-08   3  2  0  0  2  0  0
    7 -3.1757379066348034e-08   2  3  0  0  2  0  0
    7  2.4055677768165399e-08   1  4  0  0  2  0  0
    7 -4.7397280825301861e-10   0  5  0  0  2  0  0
    7 -5.9562366259678661e-09   3  0  2  0  2  0  0
    7 -4.6930918155475788e-08   2  1  2  0  2  0  0
    7  2.0485109770265719e-08   1  2  2  0  2  0  0
    7 -1.6910260221790754e-08   0  3  2  0  2  0  0
    7  4.7780594898044511e-09   1  0  4  0  2  0  0
    7  3.6379420583840866e-09   0  1  4  0  2  0  0
    7  3.6327202354017010e-10   3  0  1  1  2  0  0
    7 -4.4049153355891029e-08   2  1  1  1  2  0  0
    7 -4.4049153355891029e-08   1  2  1  1  2  0  0
    7  3.6327202354017010e-10   0  3  1  1  2  0  0
    7 -6.8399883701025816e-09   1  0  3  1  2  0  0
    7  6.8978253718698809e-09   0  1  3  1  2  0  0
    7 -1.6910260221790754e-08   3  0  0  2  2  0  0
    7  2.0485109770265719e-08   2  1  0  2  2  0  0
    7 -4.6930918155475788e-08   1  2  0  2  2  0  0
    7 -5.9562366259678661e-09   0  3  0  2  2  0  0
    7 -9.9489810763216498e-09   1  0  2  2  2  0  0
    7 -9.9489810763216498e-09   0  1  2  2  2  0  0
    7  6.8978253718698809e-09   1  0  1  3  2  0  0
    7 -6.8399883701025816e-09   0  1  1  3  2  0  0
    7  3.6379420583840866e-09   1  0  0  4  2  0  0
    7  4.7780594898044511e-09   0  1  0  4  2  0  0
    7  7.0282068798323018e-09   4  0  0  0  3  0  0
    7  2.9643211113500725e-08   3  1  0  0  3  0  0
    7  9.1337488083835909e-08   2  2  0  0  3  0  0
    7  2.9643211113500725e-08   1  3  0  0  3  0  0
    7  7.0282068798323018e-09   0  4  0  0  3  0  0
    7  2.3651541511414057e-08   2  0  2  0  3  0  0
    7  2.7012908467214876e-08   1  1  2  0  3  0  0
    7  1.2835750588592271e-08   0  2  2  0  3  0  0
    7 -1.3472685285481497e-09   0  0  4  0  3  0  0
    7 -1.0053076217253471e-08   2  0  1  1  3  0  0
    7  2.5789663818025023e-08   1  1  1  1  3  0  0
    7 -1.0053076217253471e-08   0  2  1  1  3  0  0
    7 -1.8111301269607301e-09   0  0  3  1  3  0  0
    7  1.2835750588592271e-08   2  0  0  2  3  0  0
    7  2.7012908467214876e-08   1  1  0  2  3  0  0
    7  2.3651541511414057e-08   0  2  0  2  3  0  0
    7  1.1663066553445521e-09   0  0  2  2  3  0  0
    7 -1.8111301269607301e-09   0  0  1  3  3  0  0
    7 -1.3472685285481497e-09   0  0  0  4  3  0  0
    7 -3.0443235059411628e-08   3  0  0  0  4  0  0
    7 -8.7324431882288705e-08   2  1  0  0  4  0  0
    7 -8.7324431882288705e-08   1  2  0  0  4  0  0
    7 -3.0443235059411628e-08   0  3  0  0  4  0  0
    7 -3.7201683621115767e-09   1  0  2  0  4  0  0
    7  2.2758468119279295e-09   0  1  2  0  4  0  0
    7 -1.5531761678171393e-08   1  0  1  1  4  0  0
    7 -1.5531761678171393e-08   0  1  1  1  4  0  0
    7  2.2758468119279295e-09   1  0  0  2  4  0  0
    7 -3.7201683621115767e-09   0  1  0  2  4  0  0
    7  3.0108095106078642e-08   2  0  0  0  5  0  0
    7  4.6651655636943172e-08   1  1  0  0  5  0  0
    7  3.0108095106078642e-08   0  2  0  0  5  0  0
    7 -2.9077633794413454e-10   0  0  2  0  5  0  0
    7  2.6358933643773240e-10   0  0  1  1  5  0  0
    7 -2.9077633794413454e-10   0  0  0  2  5  0  0
    7 -1.2022330760733503e-08   1  0  0  0  6  0  0
    7 -1.2022330760733503e-08   0  1  0  0  6  0  0
    7  1.8049350649271426e-09   0  0  0  0  7  0  0
    8  1.2057164423120742e-10   8  0  0  0  0  0  0
    8  6.5152899898717608e-10   7  1  0  0  0  0  0
    8 -4.6252003998688706e-10   6  2  0  0  0  0  0
    8 -1.1123219593215942e-09   5  3  0  0  0  0  0
    8 -1.3612248038813181e-08   4  4  0  0  0  0  0
    8 -1.1123219593215942e-09   3  5  0  0  0  0  0
    8 -4.6252003998688706e-10   2  6  0  0  0  0  0
    8  6.5152899898717608e-10   1  7  0  0  0  0  0
    8  1.2057164423120742e-10   0  8  0  0  0  0  0
    8 -1.7301718686133184e-09   6  0  2  0  0  0  0
    8  1.3408133493849913e-08   5  1  2  0  0  0  0
    8  2.7522310746852765e-08   4  2  2  0  0  0  0
    8  7.1603309352349639e-09   3  3  2  0  0  0  0
    8 -8.8750269200367285e-11   2  4  2  0  0  0  0
    8 -2.9262183032447294e-09   1  5  2  0  0  0  0
    8  5.8627424245850662e-11   0  6  2  0  0  0  0
    8 -1.0532556804282827e-08   4  0  4  0  0  0  0
    8 -2.1440279951592506e-08   3  1  4  0  0  0  0
    8 -6.9414713765882100e-09   2  2  4  0  0  0  0
    8 -1.8575684898667192e-09   1  3  4  0  0  0  0
    8 -9.8265040058259741e-10   0  4  4  0  0  0  0
    8  4.3272253128663299e-09   2  0  6  0  0  0  0
    8  3.9803464762370237e-09   1  1  6  0  0  0  0
    8  6.2895698711285997e-10   0  2  6  0  0  0  0
    8  3.3061771701293580e-11   0  0  8  0  0  0  0
    8 -4.5583633804347505e-10   6  0  1  1  0  0  0
    8  3.2160813050042334e-09   5  1  1  1  0  0  0
    8 -8.9110487423540827e-10   4  2  1  1  0  0  0
    8 -5.2579782741709888e-08   3  3  1  1  0  0  0
    8 -8.9110487423540827e-10   2  4  1  1  0  0  0
    8  3.2160813050042334e-09   1  5  1  1  0  0  0
    8 -4.5583633804347505e-10   0  6  1  1  0  0  0
    8  8.7532912596509380e-09   4  0  3  1  0  0  0
    8  5.6186413246842282e-08   3  1  3  1  0  0  0
    8  4.5490046184143540e-08   2  2  3  1  0  0  0
    8  3.5113507395026985e-09   1  3  3  1  0  0  0
    8 -6.8822535655647422e-09   0  4  3  1  0  0  0
    8 -1.3739386412174870e-08   2  0  5  1  0  0  0
    8 -1.0406370042686233e-08   1  1  5  1  0  0  0
    8 -3.6176272445012945e-09   0  2  5  1  0  0  0
    8  3.6687341899082061e-10   0  0  7  1  0  0  0
    8  5.8627424245850662e-11   6  0  0  2  0  0  0
    8 -2.9262183032447294e-09   5  1  0  2  0  0  0
    8 -8.8750269200367285e-11   4  2  0  2  0  0  0
    8  7.1603309352349639e-09   3  3  0  2  0  0  0
    8  2.7522310746852765e-08   2  4  0  2  0  0  0
    8  1.3408133493849913e-08   1  5  0  2  0  0  0
    8 -1.7301718686133184e-09   0  6  0  2  0  0  0
    8  2.2741391794646973e-09   4  0  2  2  0  0  0
    8 -2.9518753116871381e-08   3  1  2  2  0  0  0
    8 -9.3984333686686957e-08   2  2  2  2  0  0  0
    8 -2.9518753116871381e-08   1  3  2  2  0  0  0
    8  2.2741391794646973e-09   0  4  2  2  0  0  0
    8  2.2260691055296674e-08   2  0  4  2  0  0  0
    8  3.3823482776274713e-08   1  1  4  2  0  0  0
    8  4.6771147030184379e-09   0  2  4  2  0  0  0
    8 -1.7549243348841727e-09   0  0  6  2  0  0  0
    8 -6.8822535655647422e-09   4  0  1  3  0  0  0
    8  3.5113507395026985e-09   3  1  1  3  0  0  0
    8  4.5490046184143540e-08   2  2  1  3  0  0  0
    8  5.6186413246842282e-08   1  3  1  3  0  0  0
    8  8.7532912596509380e-09   0  4  1  3  0  0  0
    8 -1.5501759574780631e-08   2  0  3  3  0  0  0
    8 -4.6725938008878524e-08   1  1  3  3  0  0  0
    8 -1.5501759574780631e-08   0  2  3  3  0  0  0
    8  3.1802349324769362e-09   0  0  5  3  0  0  0
    8 -9.8265040058259741e-10   4  0  0  4  0  0  0
    8 -1.8575684898667192e-09   3  1  0  4  0  0  0
    8 -6.9414713765882100e-09   2  2  0  4  0  0  0
    8 -2.1440279951592506e-08   1  3  0  4  0  0  0
    8 -1.0532556804282827e-08   0  4  0  4  0  0  0
    8  4.6771147030184379e-09   2  0  2  4  0  0  0
    8  3.3823482776274713e-08   1  1  2  4  0  0  0
    8  2.2260691055296674e-08   0  2  2  4  0  0  0
    8 -4.3663385545403625e-09   0  0  4  4  0  0  0
    8 -3.6176272445012945e-09   2  0  1  5  0  0  0
    8 -1.0406370042686233e-08   1  1  1  5  0  0  0
    8 -1.3739386412174870e-08   0  2  1  5  0  0  0
    8  3.1802349324769362e-09   0  0  3  5  0  0  0
    8  6.2895698711285997e-10   2  0  0  6  0  0  0
    8  3.9803464762370237e-09   1  1  0  6  0  0  0
    8  4.3272253128663299e-09   0  2  0  6  0  0  0
    8 -1.7549243348841727e-09   0  0  2  6  0  0  0
    8  3.6687341899082061e-10   0  0  1  7  0  0  0
    8  3.3061771701293580e-11   0  0  0  8  0  0  0
    8 -2.5158110192729808e-09   7  0  0  0  1  0  0
    8 -4.3147721775240753e-09   6  1  0  0  1  0  0
    8 -2.8814109765397597e-08   5  2  0  0  1  0  0
    8 -1.0513311246538640e-08   4  3  0  0  1  0  0
    8 -1.0513311246538640e-08   3  4  0  0  1  0  0
    8 -2.8814109765397597e-08   2  5  0  0  1  0  0
    8 -4.3147721775240753e-09   1  6  0  0  1  0  0
    8 -2.5158110192729808e-09   0  7  0  0  1  0  0
    8  1.3055686777672417e-08   5  0  2  0  1  0  0
    8  4.2860329420642031e-08   4  1  2  0  1  0  0
    8  5.2724644185444294e-08   3  2  2  0  1  0  0
    8  3.9525166852419751e-09   2  3  2  0  1  0  0
    8  1.0164769838971600e-08   1  4  2  0  1  0  0
    8 -3.7350302471583241e-09   0  5  2  0  1  0  0
    8 -1.4134697816284665e-08   3  0  4  0  1  0  0
    8 -1.7644007902973000e-08   2  1  4  0  1  0  0
    8 -1.0059451374265390e-08   1  2  4  0  1  0  0
    8 -5.2213637984696458e-10   0  3  4  0  1  0  0
    8  1.9353933973911056e-09   1  0  6  0  1  0  0
    8  1.0568365483412200e-09   0  1  6  0  1  0  0
    8 -1.4088330146714197e-09   5  0  1  1  1  0  0
    8 -4.7509803862554091e-08   4  1  1  1  1  0  0
    8 -2.9981881573780319e-08   3  2  1  1  1  0  0
    8 -2.9981881573780319e-08   2  3  1  1  1  0  0
    8 -4.7509803862554091e-08   1  4  1  1  1  0  0
    8 -1.4088330146714197e-09   0  5  1  1  1  0  0
    8  3.0116879198213798e-08   3  0  3  1  1  0  0
    8  4.6436592231865776e-08   2  1  3  1  1  0  0
    8  2.8857567528262778e-08   1  2  3  1  1  0  0
    8  9.5151470288133808e-09   0  3  3  1  1  0  0
    8 -7.5026598240147987e-09   1  0  5  1  1  0  0
    8 -4.8078301388147732e-09   0  1  5  1  1  0  0
    8 -3.7350302471583241e-09   5  0  0  2  1  0  0
    8  1.0164769838971600e-08   4  1  0  2  1  0  0
    8  3.9525166852419751e-09   3  2  0  2  1  0  0
    8  5.2724644185444294e-08   2  3  0  2  1  0  0
    8  4.2860329420642031e-08   1  4  0  2  1  0  0
    8  1.3055686777672417e-08   0  5  0  2  1  0  0
    8 -2.7330833066516281e-08   3  0  2  2  1  0  0
    8 -4.4842775971468074e-08   2  1  2  2  1  0  0
    8 -4.4842775971468074e-08   1  2  2  2  1  0  0
    8 -2.7330833066516281e-08   0  3  2  2  1  0  0
    8  1.4448348032308738e-08   1  0  4  2  1  0  0
    8  8.4186712802751440e-09   0  1  4  2  1  0  0
    8  9.5151470288133808e-09   3  0  1  3  1  0  0
    8  2.8857567528262778e-08   2  1  1  3  1  0  0
    8  4.6436592231865776e-08   1  2  1  3  1  0  0
    8  3.0116879198213798e-08   0  3  1  3  1  0  0
    8 -1.5736489318143202e-08   1  0  3  3  1  0  0
    8 -1.5736489318143202e-08   0  1  3  3  1  0  0
    8 -5.2213637984696458e-10   3  0  0  4  1  0  0
    8 -1.0059451374265390e-08   2  1  0  4  1  0  0
    8 -1.7644007902973000e-08   1  2  0  4  1  0  0
    8 -1.4134697816284665e-08   0  3  0  4  1  0  0
    8  8.4186712802751440e-09   1  0  2  4  1  0  0
    8  1.4448348032308738e-08   0  1  2  4  1  0  0
    8 -4.8078301388147732e-09   1  0  1  5  1  0  0
    8 -7.5026598240147987e-09   0  1  1  5  1  0  0
    8  1.0568365483412200e-09   1  0  0  6  1  0  0
    8  1.9353933973911056e-09   0  1  0  6  1  0  0
    8  4.5110178636229958e-10   6  0  0  0  2  0  0
    8  3.7350991627646899e-09   5  1  0  0  2  0  0
    8 -8.9620794707694670e-09   4  2  0  0  2  0  0
    8 -3.3266263251142790e-08   3  3  0  0  2  0  0
    8 -8.9620794707694670e-09   2  4  0  0  2  0  0
    8  3.7350991627646899e-09   1  5  0  0  2  0  0
    8  4.5110178636229958e-10   0  6  0  0  2  0  0
    8  3.0537914578877454e-09   4  0  2  0  2  0  0
    8 -3.2891500382316551e-09   3  1  2  0  2  0  0
    8 -3.6790069386597649e-09   2  2  2  0  2  0  0
    8  1.0660133071905750e-08   1  3  2  0  2  0  0
    8 -1.2772590987117720e-09   0  4  2  0  2  0  0
    8 -4.5499351257019693e-09   2  0  4  0  2  0  0
    8  4.0782375952262909e-09   1  1  4  0  2  0  0
    8 -1.8833105243485576e-09   0  2  4  0  2  0  0
    8  4.4965726786034749e-10   0  0  6  0  2  0  0
    8 -9.8254798207886893e-09   4  0  1  1  2  0  0
    8  1.7099059825408039e-08   3  1  1  1  2  0  0
    8 -5.0884412504692452e-08   2  2  1  1  2  0  0
    8  1.7099059825408039e-08   1  3  1  1  2  0  0
    8 -9.8254798207886893e-09   0  4  1  1  2  0  0
    8 -1.0016725336087142e-08   2  0  3  1  2  0  0
    8 -8.2090968306151641e-09   1  1  3  1  2  0  0
    8 -2.9850473943281397e-09   0  2  3  1  2  0  0
    8  1.5607599970958887e-10   0  0  5  1  2  0  0
    8 -1.2772590987117720e-09   4  0  0  2  2  0  0
    8  1.0660133071905750e-08   3  1  0  2  2  0  0
    8 -3.6790069386597649e-09   2  2  0  2  2  0  0
    8 -3.2891500382316551e-09   1  3  0  2  2  0  0
    8  3.0537914578877454e-09   0  4  0  2  2  0  0
    8  3.3157895391938527e-09   2  0  2  2  2  0  0
    8 -1.0249042725640715e-08   1  1  2  2  2  0  0
    8  3.3157895391938527e-09   0  2  2  2  2  0  0
    8  6.4817885526556251e-10   0  0  4  2  2  0  0
    8 -2.9850473943281397e-09   2  0  1  3  2  0  0
    8 -8.2090968306151641e-09   1  1  1  3  2  0  0
    8 -1.0016725336087142e-08   0  2  1  3  2  0  0
    8 -1.4735953214439728e-09   0  0  3  3  2  0  0
    8 -1.8833105243485576e-09   2  0  0  4  2  0  0
    8  4.0782375952262909e-09   1  1  0  4  2  0  0
    8 -4.5499351257019693e-09   0  2  0  4  2  0  0
    8  6.4817885526556251e-10   0  0  2  4  2  0  0
    8  1.5607599970958887e-10   0  0  1  5  2  0  0
    8  4.4965726786034749e-10   0  0  0  6  2  0  0
    8 -2.8961324219244589e-10   5  0  0  0  3  0  0
    8  9.1999001367533279e-09   4  1  0  0  3  0  0
    8  3.0185732550489026e-08   3  2  0  0  3  0  0
    8  3.0185732550489026e-08   2  3  0  0  3  0  0
    8  9.1999001367533279e-09   1  4  0  0  3  0  0
    8 -2.8961324219244589e-10   0  5  0  0  3  0  0
    8 -3.9860264121136732e-09   3  0  2  0  3  0  0
    8 -2.0534558564590183e-09   2  1  2  0  3  0  0
    8 -8.1244185486066944e-09   1  2  2  0  3  0  0
    8 -4.8226486800442463e-10   0  3  2  0  3  0  0
    8  1.6436418222589154e-09   1  0  4  0  3  0  0
    8  2.3189056189749844e-09   0  1  4  0  3  0  0
    8  1.2751170472858589e-08   3  0  1  1  3  0  0
    8  5.4634205654591324e-08   2  1  1  1  3  0  0
    8  5.4634205654591324e-08   1  2  1  1  3  0  0
    8  1.2751170472858589e-08   0  3  1  1  3  0  0
    8 -2.6329063387493137e-09   1  0  3  1  3  0  0
    8 -7.6404918050535281e-09   0  1  3  1  3  0  0
    8 -4.8226486800442463e-10   3  0  0  2  3  0  0
    8 -8.1244185486066944e-09   2  1  0  2  3  0  0
    8 -2.0534558564590183e-09   1  2  0  2  3  0  0
    8 -3.9860264121136732e-09   0  3  0  2  3  0  0
    8  1.3033420347635209e-08   1  0  2  2  3  0  0
    8  1.3033420347635209e-08   0  1  2  2  3  0  0
    8 -7.6404918050535281e-09   1  0  1  3  3  0  0
    8 -2.6329063387493137e-09   0  1  1  3  3  0  0
    8  2.3189056189749844e-09   1  0  0  4  3  0  0
    8  1.6436418222589154e-09   0  1  0  4  3  0  0
    8 -3.5487108296521242e-09   4  0  0  0  4  0  0
    8 -2.3250644370498210e-08   3  1  0  0  4  0  0
    8 -2.6210312347888367e-08   2  2  0  0  4  0  0
    8 -2.3250644370498210e-08   1  3  0  0  4  0  0
    8 -3.5487108296521242e-09   0  4  0  0  4  0  0
    8 -8.3827284476032177e-09   2  0  2  0  4  0  0
    8 -1.6085834639534362e-08   1  1  2  0  4  0  0
    8 -4.6739868035157824e-09   0  2  2  0  4  0  0
    8  3.9826010425800232e-10   0  0  4  0  4  0  0
    8 -5.1710965316084727e-09   2  0  1  1  4  0  0
    8 -2.1680911607243365e-08   1  1  1  1  4  0  0
    8 -5.1710965316084727e-09   0  2  1  1  4  0  0
    8 -5.9471685761809875e-10   0  0  3  1  4  0  0
    8 -4.6739868035157824e-09   2  0  0  2  4  0  0
    8 -1.6085834639534362e-08   1  1  0  2  4  0  0
    8 -8.3827284476032177e-09   0  2  0  2  4  0  0
    8  2.3261568111848256e-10   0  0  2  2  4  0  0
    8 -5.9471685761809875e-10   0  0  1  3  4  0  0
    8  3.9826010425800232e-10   0  0  0  4  4  0  0
    8  1.2613251861148812e-08   3  0  0  0  5  0  0
    8  3.7860539900147742e-08   2  1  0  0  5  0  0
    8  3.7860539900147742e-08   1  2  0  0  5  0  0
    8  1.2613251861148812e-08   0  3  0  0  5  0  0
    8  4.9590155174285333e-09   1  0  2  0  5  0  0
    8  4.2243876262995804e-09   0  1  2  0  5  0  0
    8  6.2521582901843824e-09   1  0  1  1  5  0  0
    8  6.2521582901843824e-09   0  1  1  1  5  0  0
    8  4.2243876262995804e-09   1  0  0  2  5  0  0
    8  4.9590155174285333e-09   0  1  0  2  5  0  0
    8 -1.3021108185402902e-08   2  0  0  0  6  0  0
    8 -2.7430870323417327e-08   1  1  0  0  6  0  0
    8 -1.3021108185402902e-08   0  2  0  0  6  0  0
    8 -8.8675891332465524e-10   0  0  2  0  6  0  0
    8 -2.2998751099025011e-09   0  0  1  1  6  0  0
    8 -8.8675891332465524e-10   0  0  0  2  6  0  0
    8  6.7162493973835091e-09   1  0  0  0  7  0  0
    8  6.7162493973835091e-09   0  1  0  0  7  0  0
    8 -1.4534672843789753e-09   0  0  0  0  8  0  0
 -658  0.0000000000000000e+00   0  0  0  0  0  0  0
