
tpsa, NO = 8, NV = 7, INA = 48089
------------------------------------------------------------------

   |I|         a                i  i  i  i  i  i  i
                I                1  2  3  4  5  6  7

    3  1.0603852872912395e-07   3  0  0  0  0  0  0
    3 -7.8000079511890423e-07   2  1  0  0  0  0  0
    3 -7.8000079511890423e-07   1  2  0  0  0  0  0
    3  1.0603852872912395e-07   0  3  0  0  0  0  0
    3  8.2153974477932501e-07   1  0  2  0  0  0  0
    3  3.6516436877745913e-08   0  1  2  0  0  0  0
    3 -4.5758733097243502e-07   1  0  1  1  0  0  0
    3 -4.5758733097243502e-07   0  1  1  1  0  0  0
    3  3.6516436877745913e-08   1  0  0  2  0  0  0
    3  8.2153974477932501e-07   0  1  0  2  0  0  0
    3 -2.2818688734424120e-07   2  0  0  0  1  0  0
    3 -2.2442579982822036e-15   1  1  0  0  1  0  0
    3 -2.2818688734424120e-07   0  2  0  0  1  0  0
    3  4.4684414836102753e-08   0  0  2  0  1  0  0
    3 -7.5575379826964525e-16   0  0  1  1  1  0  0
    3  4.4684414836102753e-08   0  0  0  2  1  0  0
    3  1.2452182207034704e-06   1  0  0  0  2  0  0
    3  1.2452182207034704e-06   0  1  0  0  2  0  0
    3 -1.1690780103958118e-08   0  0  0  0  3  0  0
    4  3.2493412821920807e-08   4  0  0  0  0  0  0
    4  5.7953200175312607e-08   3  1  0  0  0  0  0
    4 -8.5777067255034387e-08   2  2  0  0  0  0  0
    4  5.7953200175312607e-08   1  3  0  0  0  0  0
    4  3.2493412821920807e-08   0  4  0  0  0  0  0
    4  9.8769012706948302e-09   2  0  2  0  0  0  0
    4  5.7232410956751763e-08   1  1  2  0  0  0  0
    4 -1.9782663574205805e-07   0  2  2  0  0  0  0
    4  3.6787684850952364e-08   0  0  4  0  0  0  0
    4 -5.7743506996435476e-08   2  0  1  1  0  0  0
    4 -3.6971908184538823e-07   1  1  1  1  0  0  0
    4 -5.7743506996435476e-08   0  2  1  1  0  0  0
    4 -4.1014683239700142e-08   0  0  3  1  0  0  0
    4 -1.9782663574205805e-07   2  0  0  2  0  0  0
    4  5.7232410956751763e-08   1  1  0  2  0  0  0
    4  9.8769012706948302e-09   0  2  0  2  0  0  0
    4 -5.6223650603384491e-08   0  0  2  2  0  0  0
    4 -4.1014683239700142e-08   0  0  1  3  0  0  0
    4  3.6787684850952364e-08   0  0  0  4  0  0  0
    4 -1.7623183539780044e-08   3  0  0  0  1  0  0
    4 -2.9327745891460016e-07   2  1  0  0  1  0  0
    4 -2.9327745891460016e-07   1  2  0  0  1  0  0
    4 -1.7623183539780044e-08   0  3  0  0  1  0  0
    4  5.4637849852350267e-08   1  0  2  0  1  0  0
    4  4.9163441585464521e-08   0  1  2  0  1  0  0
    4 -2.5822305648224700e-07   1  0  1  1  1  0  0
    4 -2.5822305648224700e-07   0  1  1  1  1  0  0
    4  4.9163441585464521e-08   1  0  0  2  1  0  0
    4  5.4637849852350267e-08   0  1  0  2  1  0  0
    4 -3.5384866079229767e-08   2  0  0  0  2  0  0
    4  4.9098577491369497e-07   1  1  0  0  2  0  0
    4 -3.5384866079229767e-08   0  2  0  0  2  0  0
    4  8.7818433676315159e-08   0  0  2  0  2  0  0
    4  5.5460771508790985e-08   0  0  1  1  2  0  0
    4  8.7818433676315159e-08   0  0  0  2  2  0  0
    4 -1.1142006254491884e-07   1  0  0  0  3  0  0
    4 -1.1142006254491884e-07   0  1  0  0  3  0  0
    4  3.1639217849655364e-08   0  0  0  0  4  0  0
    5 -8.5991790687695501e-09   5  0  0  0  0  0  0
    5 -9.9952581820492219e-09   4  1  0  0  0  0  0
    5  3.2697574703041564e-08   3  2  0  0  0  0  0
    5  3.2697574703041564e-08   2  3  0  0  0  0  0
    5 -9.9952581820492219e-09   1  4  0  0  0  0  0
    5 -8.5991790687695501e-09   0  5  0  0  0  0  0
    5 -6.8480239462915399e-08   3  0  2  0  0  0  0
    5 -1.1596951935423193e-07   2  1  2  0  0  0  0
    5  3.3529894898485245e-08   1  2  2  0  0  0  0
    5 -1.2547813104247932e-08   0  3  2  0  0  0  0
    5  1.2014627689692464e-09   1  0  4  0  0  0  0
    5 -3.4254544449176402e-08   0  1  4  0  0  0  0
    5 -9.4924894672957139e-08   3  0  1  1  0  0  0
    5  2.8682685721503632e-07   2  1  1  1  0  0  0
    5  2.8682685721503632e-07   1  2  1  1  0  0  0
    5 -9.4924894672957139e-08   0  3  1  1  0  0  0
    5 -7.9858033761314934e-08   1  0  3  1  0  0  0
    5 -1.1564169476552877e-08   0  1  3  1  0  0  0
    5 -1.2547813104247932e-08   3  0  0  2  0  0  0
    5  3.3529894898485245e-08   2  1  0  2  0  0  0
    5 -1.1596951935423193e-07   1  2  0  2  0  0  0
    5 -6.8480239462915399e-08   0  3  0  2  0  0  0
    5  6.4196648550059724e-08   1  0  2  2  0  0  0
    5  6.4196648550059724e-08   0  1  2  2  0  0  0
    5 -1.1564169476552877e-08   1  0  1  3  0  0  0
    5 -7.9858033761314934e-08   0  1  1  3  0  0  0
    5 -3.4254544449176402e-08   1  0  0  4  0  0  0
    5  1.2014627689692464e-09   0  1  0  4  0  0  0
    5  4.6174855587258932e-08   4  0  0  0  1  0  0
    5  7.8618354466240455e-08   3  1  0  0  1  0  0
    5  2.0635572449000258e-07   2  2  0  0  1  0  0
    5  7.8618354466240455e-08   1  3  0  0  1  0  0
    5  4.6174855587258932e-08   0  4  0  0  1  0  0
    5 -1.0122102502336363e-07   2  0  2  0  1  0  0
    5 -1.0219564940103467e-07   1  1  2  0  1  0  0
    5  2.0566529353398954e-09   0  2  2  0  1  0  0
    5  5.4713453584642686e-09   0  0  4  0  1  0  0
    5  3.2744598597047932e-08   2  0  1  1  1  0  0
    5  7.4499554023351847e-08   1  1  1  1  1  0  0
    5  3.2744598597047932e-08   0  2  1  1  1  0  0
    5 -2.8626499011301393e-08   0  0  3  1  1  0  0
    5  2.0566529353398954e-09   2  0  0  2  1  0  0
    5 -1.0219564940103467e-07   1  1  0  2  1  0  0
    5 -1.0122102502336363e-07   0  2  0  2  1  0  0
    5  3.1149771929057746e-08   0  0  2  2  1  0  0
    5 -2.8626499011301393e-08   0  0  1  3  1  0  0
    5  5.4713453584642686e-09   0  0  0  4  1  0  0
    5 -4.0852034983519421e-09   3  0  0  0  2  0  0
    5 -9.9103063589926632e-08   2  1  0  0  2  0  0
    5 -9.9103063589926632e-08   1  2  0  0  2  0  0
    5 -4.0852034983519421e-09   0  3  0  0  2  0  0
    5  5.8130388111137303e-08   1  0  2  0  2  0  0
    5 -3.8474098440373550e-08   0  1  2  0  2  0  0
    5  8.3169431401330031e-08   1  0  1  1  2  0  0
    5  8.3169431401330031e-08   0  1  1  1  2  0  0
    5 -3.8474098440373550e-08   1  0  0  2  2  0  0
    5  5.8130388111137303e-08   0  1  0  2  2  0  0
    5 -9.2052407211714618e-08   2  0  0  0  3  0  0
    5  2.0741566333520194e-07   1  1  0  0  3  0  0
    5 -9.2052407211714618e-08   0  2  0  0  3  0  0
    5 -1.5615035029025519e-09   0  0  2  0  3  0  0
    5 -1.4692120619851867e-09   0  0  1  1  3  0  0
    5 -1.5615035029025519e-09   0  0  0  2  3  0  0
    5  1.2289210877645730e-08   1  0  0  0  4  0  0
    5  1.2289210877645730e-08   0  1  0  0  4  0  0
    5  1.1138778139780835e-08   0  0  0  0  5  0  0
    6 -3.7793646412484803e-09   6  0  0  0  0  0  0
    6 -8.9745232039891674e-09   5  1  0  0  0  0  0
    6 -4.7621151227749112e-10   4  2  0  0  0  0  0
    6 -7.3311169175897487e-08   3  3  0  0  0  0  0
    6 -4.7621151227749112e-10   2  4  0  0  0  0  0
    6 -8.9745232039891674e-09   1  5  0  0  0  0  0
    6 -3.7793646412484803e-09   0  6  0  0  0  0  0
    6  2.2445043316252725e-09   4  0  2  0  0  0  0
    6  7.8074467676539391e-08   3  1  2  0  0  0  0
    6  9.3686979028203180e-08   2  2  2  0  0  0  0
    6 -8.5121867926353450e-09   1  3  2  0  0  0  0
    6 -9.4990428598693822e-09   0  4  2  0  0  0  0
    6 -3.1219881339231629e-08   2  0  4  0  0  0  0
    6  1.6877426003703211e-09   1  1  4  0  0  0  0
    6  3.8523866080060457e-09   0  2  4  0  0  0  0
    6 -1.5155944376059497e-09   0  0  6  0  0  0  0
    6 -1.9077179568283953e-08   4  0  1  1  0  0  0
    6 -3.8477669688970663e-08   3  1  1  1  0  0  0
    6 -2.0334599407551199e-07   2  2  1  1  0  0  0
    6 -3.8477669688970663e-08   1  3  1  1  0  0  0
    6 -1.9077179568283953e-08   0  4  1  1  0  0  0
    6  5.7153777384109479e-08   2  0  3  1  0  0  0
    6  9.1665172828831224e-08   1  1  3  1  0  0  0
    6 -3.0931715013824154e-08   0  2  3  1  0  0  0
    6 -1.9248576115964927e-09   0  0  5  1  0  0  0
    6 -9.4990428598693822e-09   4  0  0  2  0  0  0
    6 -8.5121867926353450e-09   3  1  0  2  0  0  0
    6  9.3686979028203180e-08   2  2  0  2  0  0  0
    6  7.8074467676539391e-08   1  3  0  2  0  0  0
    6  2.2445043316252725e-09   0  4  0  2  0  0  0
    6 -3.4219476370818970e-08   2  0  2  2  0  0  0
    6 -1.2363939303962921e-07   1  1  2  2  0  0  0
    6 -3.4219476370818970e-08   0  2  2  2  0  0  0
    6  9.4817477722133993e-09   0  0  4  2  0  0  0
    6 -3.0931715013824154e-08   2  0  1  3  0  0  0
    6  9.1665172828831224e-08   1  1  1  3  0  0  0
    6  5.7153777384109479e-08   0  2  1  3  0  0  0
    6 -1.8937422422822623e-08   0  0  3  3  0  0  0
    6  3.8523866080060457e-09   2  0  0  4  0  0  0
    6  1.6877426003703211e-09   1  1  0  4  0  0  0
    6 -3.1219881339231629e-08   0  2  0  4  0  0  0
    6  9.4817477722133993e-09   0  0  2  4  0  0  0
    6 -1.9248576115964927e-09   0  0  1  5  0  0  0
    6 -1.5155944376059497e-09   0  0  0  6  0  0  0
    6  1.5110856046877258e-08   5  0  0  0  1  0  0
    6 -1.2553373324410055e-08   4  1  0  0  1  0  0
    6  1.5120226252591126e-08   3  2  0  0  1  0  0
    6  1.5120226252591126e-08   2  3  0  0  1  0  0
    6 -1.2553373324410055e-08   1  4  0  0  1  0  0
    6  1.5110856046877258e-08   0  5  0  0  1  0  0
    6  1.9614674469158635e-08   3  0  2  0  1  0  0
    6  7.2034338423876876e-08   2  1  2  0  1  0  0
    6  7.4165502880843720e-08   1  2  2  0  1  0  0
    6  2.1137552039504938e-08   0  3  2  0  1  0  0
    6 -1.3038755890665707e-08   1  0  4  0  1  0  0
    6 -4.7280230467757096e-09   0  1  4  0  1  0  0
    6 -3.1494267886865664e-08   3  0  1  1  1  0  0
    6 -1.1312187628680371e-07   2  1  1  1  1  0  0
    6 -1.1312187628680371e-07   1  2  1  1  1  0  0
    6 -3.1494267886865664e-08   0  3  1  1  1  0  0
    6  2.3613687846862427e-08   1  0  3  1  1  0  0
    6  3.0111139534161435e-08   0  1  3  1  1  0  0
    6  2.1137552039504938e-08   3  0  0  2  1  0  0
    6  7.4165502880843720e-08   2  1  0  2  1  0  0
    6  7.2034338423876876e-08   1  2  0  2  1  0  0
    6  1.9614674469158635e-08   0  3  0  2  1  0  0
    6 -5.6632973036882266e-08   1  0  2  2  1  0  0
    6 -5.6632973036882266e-08   0  1  2  2  1  0  0
    6  3.0111139534161435e-08   1  0  1  3  1  0  0
    6  2.3613687846862427e-08   0  1  1  3  1  0  0
    6 -4.7280230467757096e-09   1  0  0  4  1  0  0
    6 -1.3038755890665707e-08   0  1  0  4  1  0  0
    6 -5.0874070955537344e-08   4  0  0  0  2  0  0
    6 -2.5376987085728319e-08   3  1  0  0  2  0  0
    6 -2.9035525145457865e-07   2  2  0  0  2  0  0
    6 -2.5376987085728319e-08   1  3  0  0  2  0  0
    6 -5.0874070955537344e-08   0  4  0  0  2  0  0
    6 -2.1359775761447071e-09   2  0  2  0  2  0  0
    6 -5.1137157508431765e-09   1  1  2  0  2  0  0
    6 -2.8577234610704069e-09   0  2  2  0  2  0  0
    6 -2.3233359750086411e-09   0  0  4  0  2  0  0
    6 -4.2740155799010736e-11   2  0  1  1  2  0  0
    6 -6.0162448202633758e-09   1  1  1  1  2  0  0
    6 -4.2740155799010736e-11   0  2  1  1  2  0  0
    6  1.0940510863984491e-08   0  0  3  1  2  0  0
    6 -2.8577234610704069e-09   2  0  0  2  2  0  0
    6 -5.1137157508431765e-09   1  1  0  2  2  0  0
    6 -2.1359775761447071e-09   0  2  0  2  2  0  0
    6 -3.3800464149823943e-10   0  0  2  2  2  0  0
    6  1.0940510863984491e-08   0  0  1  3  2  0  0
    6 -2.3233359750086411e-09   0  0  0  4  2  0  0
    6  3.5775574211806516e-08   3  0  0  0  3  0  0
    6  1.7319639949338777e-07   2  1  0  0  3  0  0
    6  1.7319639949338777e-07   1  2  0  0  3  0  0
    6  3.5775574211806516e-08   0  3  0  0  3  0  0
    6  1.8772892669078191e-08   1  0  2  0  3  0  0
    6 -1.4074966678430949e-08   0  1  2  0  3  0  0
    6  8.6723918053223785e-09   1  0  1  1  3  0  0
    6  8.6723918053223785e-09   0  1  1  1  3  0  0
    6 -1.4074966678430949e-08   1  0  0  2  3  0  0
    6  1.8772892669078191e-08   0  1  0  2  3  0  0
    6 -4.1841800657917080e-08   2  0  0  0  4  0  0
    6 -1.2010305321536449e-07   1  1  0  0  4  0  0
    6 -4.1841800657917080e-08   0  2  0  0  4  0  0
    6  5.2122208115123721e-09   0  0  2  0  4  0  0
    6 -5.3199137573301591e-09   0  0  1  1  4  0  0
    6  5.2122208115123721e-09   0  0  0  2  4  0  0
    6  2.5191897368778801e-08   1  0  0  0  5  0  0
    6  2.5191897368778801e-08   0  1  0  0  5  0  0
    6 -1.5391894607236765e-09   0  0  0  0  6  0  0
    7  3.4397008084148996e-10   7  0  0  0  0  0  0
    7 -2.0266919629072778e-09   6  1  0  0  0  0  0
    7  1.1974468002808211e-08   5  2  0  0  0  0  0
    7  9.0972600342338942e-09   4  3  0  0  0  0  0
    7  9.0972600342338942e-09   3  4  0  0  0  0  0
    7  1.1974468002808211e-08   2  5  0  0  0  0  0
    7 -2.0266919629072778e-09   1  6  0  0  0  0  0
    7  3.4397008084148996e-10   0  7  0  0  0  0  0
    7  1.7956888442342319e-09   5  0  2  0  0  0  0
    7 -2.2418604001618121e-08   4  1  2  0  0  0  0
    7 -6.4765159686213186e-08   3  2  2  0  0  0  0
    7 -1.3924425529075545e-09   2  3  2  0  0  0  0
    7 -1.3394191703284128e-09   1  4  2  0  0  0  0
    7 -2.7734108558568437e-09   0  5  2  0  0  0  0
    7  1.7519323046739920e-08   3  0  4  0  0  0  0
    7  2.4543946848136791e-08   2  1  4  0  0  0  0
    7  1.2095685605810613e-08   1  2  4  0  0  0  0
    7 -2.1225226630637344e-09   0  3  4  0  0  0  0
    7 -1.8601643480149459e-09   1  0  6  0  0  0  0
    7  9.3361937605586104e-10   0  1  6  0  0  0  0
    7 -1.3996136590286525e-08   5  0  1  1  0  0  0
    7  3.8634056927539374e-09   4  1  1  1  0  0  0
    7  7.3810731677851168e-08   3  2  1  1  0  0  0
    7  7.3810731677851168e-08   2  3  1  1  0  0  0
    7  3.8634056927539374e-09   1  4  1  1  0  0  0
    7 -1.3996136590286525e-08   0  5  1  1  0  0  0
    7 -1.9500611829610660e-08   3  0  3  1  0  0  0
    7 -8.2410111997872098e-08   2  1  3  1  0  0  0
    7 -3.2126405084859155e-08   1  2  3  1  0  0  0
    7 -3.6781416884258854e-09   0  3  3  1  0  0  0
    7  9.3307980325259654e-09   1  0  5  1  0  0  0
    7  1.7491450720757325e-09   0  1  5  1  0  0  0
    7 -2.7734108558568437e-09   5  0  0  2  0  0  0
    7 -1.3394191703284128e-09   4  1  0  2  0  0  0
    7 -1.3924425529075545e-09   3  2  0  2  0  0  0
    7 -6.4765159686213186e-08   2  3  0  2  0  0  0
    7 -2.2418604001618121e-08   1  4  0  2  0  0  0
    7  1.7956888442342319e-09   0  5  0  2  0  0  0
    7 -1.3059590160751515e-08   3  0  2  2  0  0  0
    7  1.0184405110023218e-07   2  1  2  2  0  0  0
    7  1.0184405110023218e-07   1  2  2  2  0  0  0
    7 -1.3059590160751515e-08   0  3  2  2  0  0  0
    7 -2.6682345589223019e-08   1  0  4  2  0  0  0
    7 -8.5189883131528679e-09   0  1  4  2  0  0  0
    7 -3.6781416884258854e-09   3  0  1  3  0  0  0
    7 -3.2126405084859155e-08   2  1  1  3  0  0  0
    7 -8.2410111997872098e-08   1  2  1  3  0  0  0
    7 -1.9500611829610660e-08   0  3  1  3  0  0  0
    7  2.2420665238271058e-08   1  0  3  3  0  0  0
    7  2.2420665238271058e-08   0  1  3  3  0  0  0
    7 -2.1225226630637344e-09   3  0  0  4  0  0  0
    7  1.2095685605810613e-08   2  1  0  4  0  0  0
    7  2.4543946848136791e-08   1  2  0  4  0  0  0
    7  1.7519323046739920e-08   0  3  0  4  0  0  0
    7 -8.5189883131528679e-09   1  0  2  4  0  0  0
    7 -2.6682345589223019e-08   0  1  2  4  0  0  0
    7  1.7491450720757325e-09   1  0  1  5  0  0  0
    7  9.3307980325259654e-09   0  1  1  5  0  0  0
    7  9.3361937605586104e-10   1  0  0  6  0  0  0
    7 -1.8601643480149459e-09   0  1  0  6  0  0  0
    7 -3.5778328228874323e-09   6  0  0  0  1  0  0
    7  1.0082015934175050e-08   5  1  0  0  1  0  0
    7  1.6681426265949912e-09   4  2  0  0  1  0  0
    7  7.9358166329277687e-08   3  3  0  0  1  0  0
    7  1.6681426265949912e-09   2  4  0  0  1  0  0
    7  1.0082015934175050e-08   1  5  0  0  1  0  0
    7 -3.5778328228874323e-09   0  6  0  0  1  0  0
    7 -2.7378208592279065e-08   4  0  2  0  1  0  0
    7 -3.6911247570012411e-08   3  1  2  0  1  0  0
    7 -3.3990366751135754e-08   2  2  2  0  1  0  0
    7 -2.0494676654745455e-08   1  3  2  0  1  0  0
    7  3.0393412810771648e-09   0  4  2  0  1  0  0
    7  9.4082858322188858e-09   2  0  4  0  1  0  0
    7  1.6215986491764721e-08   1  1  4  0  1  0  0
    7  7.2173034357277845e-09   0  2  4  0  1  0  0
    7 -5.3217758462948348e-10   0  0  6  0  1  0  0
    7  1.4741571742318078e-08   4  0  1  1  1  0  0
    7  6.3280043714453926e-08   3  1  1  1  1  0  0
    7  1.2358268433395494e-07   2  2  1  1  1  0  0
    7  6.3280043714453926e-08   1  3  1  1  1  0  0
    7  1.4741571742318078e-08   0  4  1  1  1  0  0
    7 -3.2739389116045970e-08   2  0  3  1  1  0  0
    7 -4.3968459476402945e-08   1  1  3  1  1  0  0
    7 -1.6930092055253014e-08   0  2  3  1  1  0  0
    7  3.9552739353587908e-09   0  0  5  1  1  0  0
    7  3.0393412810771648e-09   4  0  0  2  1  0  0
    7 -2.0494676654745455e-08   3  1  0  2  1  0  0
    7 -3.3990366751135754e-08   2  2  0  2  1  0  0
    7 -3.6911247570012411e-08   1  3  0  2  1  0  0
    7 -2.7378208592279065e-08   0  4  0  2  1  0  0
    7  2.8889548138690568e-08   2  0  2  2  1  0  0
    7  4.9141984435618085e-08   1  1  2  2  1  0  0
    7  2.8889548138690568e-08   0  2  2  2  1  0  0
    7 -1.0220961593536292e-08   0  0  4  2  1  0  0
    7 -1.6930092055253014e-08   2  0  1  3  1  0  0
    7 -4.3968459476402945e-08   1  1  1  3  1  0  0
    7 -3.2739389116045970e-08   0  2  1  3  1  0  0
    7  1.2407674719899790e-08   0  0  3  3  1  0  0
    7  7.2173034357277845e-09   2  0  0  4  1  0  0
    7  1.6215986491764721e-08   1  1  0  4  1  0  0
    7  9.4082858322188858e-09   0  2  0  4  1  0  0
    7 -1.0220961593536292e-08   0  0  2  4  1  0  0
    7  3.9552739353587908e-09   0  0  1  5  1  0  0
    7 -5.3217758462948348e-10   0  0  0  6  1  0  0
    7 -2.2353243484789760e-09   5  0  0  0  2  0  0
    7  1.9097234887556966e-08   4  1  0  0  2  0  0
    7 -5.3174013156877388e-08   3  2  0  0  2  0  0
    7 -5.3174013156877388e-08   2  3  0  0  2  0  0
    7  1.9097234887556966e-08   1  4  0  0  2  0  0
    7 -2.2353243484789760e-09   0  5  0  0  2  0  0
    7 -1.2295140031159348e-08   3  0  2  0  2  0  0
    7 -5.3601362484758181e-08   2  1  2  0  2  0  0
    7  1.2127659864264769e-08   1  2  2  0  2  0  0
    7 -2.2406549413359743e-08   0  3  2  0  2  0  0
    7  5.6393140642114601e-09   1  0  4  0  2  0  0
    7  2.3804952220512272e-09   0  1  4  0  2  0  0
    7 -3.2925372199450954e-09   3  0  1  1  2  0  0
    7 -5.6067586223151316e-08   2  1  1  1  2  0  0
    7 -5.6067586223151316e-08   1  2  1  1  2  0  0
    7 -3.2925372199450954e-09   0  3  1  1  2  0  0
    7 -8.0626545638385818e-09   1  0  3  1  2  0  0
    7  3.9635924177592575e-09   0  1  3  1  2  0  0
    7 -2.2406549413359743e-08   3  0  0  2  2  0  0
    7  1.2127659864264769e-08   2  1  0  2  2  0  0
    7 -5.3601362484758181e-08   1  2  0  2  2  0  0
    7 -1.2295140031159348e-08   0  3  0  2  2  0  0
    7 -7.5662074168731210e-09   1  0  2  2  2  0  0
    7 -7.5662074168731210e-09   0  1  2  2  2  0  0
    7  3.9635924177592575e-09   1  0  1  3  2  0  0
    7 -8.0626545638385818e-09   0  1  1  3  2  0  0
    7  2.3804952220512272e-09   1  0  0  4  2  0  0
    7  5.6393140642114601e-09   0  1  0  4  2  0  0
    7  1.2137910539989528e-08   4  0  0  0  3  0  0
    7  5.7991034292905539e-08   3  1  0  0  3  0  0
    7  1.1453945528310057e-07   2  2  0  0  3  0  0
    7  5.7991034292905539e-08   1  3  0  0  3  0  0
    7  1.2137910539989528e-08   0  4  0  0  3  0  0
    7  2.2773737862692801e-08   2  0  2  0  3  0  0
    7  3.3692432922069863e-08   1  1  2  0  3  0  0
    7  1.7394604924178618e-08   0  2  2  0  3  0  0
    7 -6.2774644054283706e-10   0  0  4  0  3  0  0
    7  2.0805376680181552e-09   2  0  1  1  3  0  0
    7  3.2748057833174639e-08   1  1  1  1  3  0  0
    7  2.0805376680181552e-09   0  2  1  1  3  0  0
    7 -1.7327803916931587e-09   0  0  3  1  3  0  0
    7  1.7394604924178618e-08   2  0  0  2  3  0  0
    7  3.3692432922069863e-08   1  1  0  2  3  0  0
    7  2.2773737862692801e-08   0  2  0  2  3  0  0
    7  2.5345137379867184e-09   0  0  2  2  3  0  0
    7 -1.7327803916931587e-09   0  0  1  3  3  0  0
    7 -6.2774644054283706e-10   0  0  0  4  3  0  0
    7 -3.7822843415229097e-08   3  0  0  0  4  0  0
    7 -1.0653067566399470e-07   2  1  0  0  4  0  0
    7 -1.0653067566399470e-07   1  2  0  0  4  0  0
    7 -3.7822843415229097e-08   0  3  0  0  4  0  0
    7 -6.7466590635861658e-09   1  0  2  0  4  0  0
    7 -4.2246605330708810e-09   0  1  2  0  4  0  0
    7 -1.4517061036571302e-08   1  0  1  1  4  0  0
    7 -1.4517061036571302e-08   0  1  1  1  4  0  0
    7 -4.2246605330708810e-09   1  0  0  2  4  0  0
    7 -6.7466590635861658e-09   0  1  0  2  4  0  0
    7  3.6510771362098695e-08   2  0  0  0  5  0  0
    7  6.2001877450382022e-08   1  1  0  0  5  0  0
    7  3.6510771362098695e-08   0  2  0  0  5  0  0
    7  1.4982926246147148e-09   0  0  2  0  5  0  0
    7  5.0138227603698741e-10   0  0  1  1  5  0  0
    7  1.4982926246147148e-09   0  0  0  2  5  0  0
    7 -1.6129800674954133e-08   1  0  0  0  6  0  0
    7 -1.6129800674954133e-08   0  1  0  0  6  0  0
    7  2.8889179129183093e-09   0  0  0  0  7  0  0
    8  3.1875661433853159e-10   8  0  0  0  0  0  0
    8  7.2997715487354377e-10   7  1  0  0  0  0  0
    8  1.1887998800121820e-12   6  2  0  0  0  0  0
    8 -8.2099121856268366e-10   5  3  0  0  0  0  0
    8 -1.1499261541160823e-08   4  4  0  0  0  0  0
    8 -8.2099121856268366e-10   3  5  0  0  0  0  0
    8  1.1887998800121820e-12   2  6  0  0  0  0  0
    8  7.2997715487354377e-10   1  7  0  0  0  0  0
    8  3.1875661433853159e-10   0  8  0  0  0  0  0
    8 -1.6098311009784924e-09   6  0  2  0  0  0  0
    8  7.0796621049246820e-09   5  1  2  0  0  0  0
    8  1.7725866974550154e-08   4  2  2  0  0  0  0
    8  8.6496236527620103e-09   3  3  2  0  0  0  0
    8  3.0614369630765794e-09   2  4  2  0  0  0  0
    8 -2.1140085295112199e-09   1  5  2  0  0  0  0
    8  1.5975036005069696e-11   0  6  2  0  0  0  0
    8 -6.5503896986999410e-09   4  0  4  0  0  0  0
    8 -1.6904043431741747e-08   3  1  4  0  0  0  0
    8 -8.3832388297153184e-09   2  2  4  0  0  0  0
    8 -9.4505094362035945e-10   1  3  4  0  0  0  0
    8 -1.4315726334573440e-09   0  4  4  0  0  0  0
    8  3.1955215825913709e-09   2  0  6  0  0  0  0
    8  3.1423702141114062e-09   1  1  6  0  0  0  0
    8  2.4761127503269652e-10   0  2  6  0  0  0  0
    8  3.5201998279503846e-11   0  0  8  0  0  0  0
    8  2.2356943865783149e-10   6  0  1  1  0  0  0
    8  3.1046704895862084e-09   5  1  1  1  0  0  0
    8 -1.4855317899565853e-09   4  2  1  1  0  0  0
    8 -4.9597472574120833e-08   3  3  1  1  0  0  0
    8 -1.4855317899565853e-09   2  4  1  1  0  0  0
    8  3.1046704895862084e-09   1  5  1  1  0  0  0
    8  2.2356943865783149e-10   0  6  1  1  0  0  0
    8  4.2406388999407114e-09   4  0  3  1  0  0  0
    8  4.2325803734201361e-08   3  1  3  1  0  0  0
    8  4.0614610832171276e-08   2  2  3  1  0  0  0
    8  3.3432233974521942e-09   1  3  3  1  0  0  0
    8 -4.5149843488260324e-09   0  4  3  1  0  0  0
    8 -9.8145882705267723e-09   2  0  5  1  0  0  0
    8 -9.4358864439489640e-09   1  1  5  1  0  0  0
    8 -1.8296500631179378e-09   0  2  5  1  0  0  0
    8  3.4740008470914952e-10   0  0  7  1  0  0  0
    8  1.5975036005069696e-11   6  0  0  2  0  0  0
    8 -2.1140085295112199e-09   5  1  0  2  0  0  0
    8  3.0614369630765794e-09   4  2  0  2  0  0  0
    8  8.6496236527620103e-09   3  3  0  2  0  0  0
    8  1.7725866974550154e-08   2  4  0  2  0  0  0
    8  7.0796621049246820e-09   1  5  0  2  0  0  0
    8 -1.6098311009784924e-09   0  6  0  2  0  0  0
    8  2.7821173018910580e-09   4  0  2  2  0  0  0
    8 -2.2332916161191632e-08   3  1  2  2  0  0  0
    8 -7.5914357170951232e-08   2  2  2  2  0  0  0
    8 -2.2332916161191632e-08   1  3  2  2  0  0  0
    8  2.7821173018910580e-09   0  4  2  2  0  0  0
    8  1.5157631436157597e-08   2  0  4  2  0  0  0
    8  2.5253064546654016e-08   1  1  4  2  0  0  0
    8  2.8491154495987297e-09   0  2  4  2  0  0  0
    8 -1.3716122245893328e-09   0  0  6  2  0  0  0
    8 -4.5149843488260324e-09   4  0  1  3  0  0  0
    8  3.3432233974521942e-09   3  1  1  3  0  0  0
    8  4.0614610832171276e-08   2  2  1  3  0  0  0
    8  4.2325803734201361e-08   1  3  1  3  0  0  0
    8  4.2406388999407114e-09   0  4  1  3  0  0  0
    8 -9.7451328157142825e-09   2  0  3  3  0  0  0
    8 -3.4062244063947906e-08   1  1  3  3  0  0  0
    8 -9.7451328157142825e-09   0  2  3  3  0  0  0
    8  2.1358919994254114e-09   0  0  5  3  0  0  0
    8 -1.4315726334573440e-09   4  0  0  4  0  0  0
    8 -9.4505094362035945e-10   3  1  0  4  0  0  0
    8 -8.3832388297153184e-09   2  2  0  4  0  0  0
    8 -1.6904043431741747e-08   1  3  0  4  0  0  0
    8 -6.5503896986999410e-09   0  4  0  4  0  0  0
    8  2.8491154495987297e-09   2  0  2  4  0  0  0
    8  2.5253064546654016e-08   1  1  2  4  0  0  0
    8  1.5157631436157597e-08   0  2  2  4  0  0  0
    8 -2.9422202391799386e-09   0  0  4  4  0  0  0
    8 -1.8296500631179378e-09   2  0  1  5  0  0  0
    8 -9.4358864439489640e-09   1  1  1  5  0  0  0
    8 -9.8145882705267723e-09   0  2  1  5  0  0  0
    8  2.1358919994254114e-09   0  0  3  5  0  0  0
    8  2.4761127503269652e-10   2  0  0  6  0  0  0
    8  3.1423702141114062e-09   1  1  0  6  0  0  0
    8  3.1955215825913709e-09   0  2  0  6  0  0  0
    8 -1.3716122245893328e-09   0  0  2  6  0  0  0
    8  3.4740008470914952e-10   0  0  1  7  0  0  0
    8  3.5201998279503846e-11   0  0  0  8  0  0  0
    8 -2.7097885367533266e-09   7  0  0  0  1  0  0
    8 -2.6367276156346887e-09   6  1  0  0  1  0  0
    8 -2.0861696276508890e-08   5  2  0  0  1  0  0
    8 -2.6300757130612236e-09   4  3  0  0  1  0  0
    8 -2.6300757130612236e-09   3  4  0  0  1  0  0
    8 -2.0861696276508890e-08   2  5  0  0  1  0  0
    8 -2.6367276156346887e-09   1  6  0  0  1  0  0
    8 -2.7097885367533266e-09   0  7  0  0  1  0  0
    8  9.4029510312193704e-09   5  0  2  0  1  0  0
    8  2.8019214072110790e-08   4  1  2  0  1  0  0
    8  4.1119666740577528e-08   3  2  2  0  1  0  0
    8  3.1045984016596665e-10   2  3  2  0  1  0  0
    8  1.2313771454595059e-08   1  4  2  0  1  0  0
    8 -4.0760166687343115e-09   0  5  2  0  1  0  0
    8 -1.0634888028002611e-08   3  0  4  0  1  0  0
    8 -1.3798028697548531e-08   2  1  4  0  1  0  0
    8 -9.0891811749175605e-09   1  2  4  0  1  0  0
    8 -8.8399514361346428e-10   0  3  4  0  1  0  0
    8  1.8780818682253436e-09   1  0  6  0  1  0  0
    8  1.0366864517577050e-09   0  1  6  0  1  0  0
    8  1.4856115409357965e-10   5  0  1  1  1  0  0
    8 -3.6761879369491302e-08   4  1  1  1  1  0  0
    8 -1.3640875901015743e-08   3  2  1  1  1  0  0
    8 -1.3640875901015743e-08   2  3  1  1  1  0  0
    8 -3.6761879369491302e-08   1  4  1  1  1  0  0
    8  1.4856115409357965e-10   0  5  1  1  1  0  0
    8  2.3766443595254500e-08   3  0  3  1  1  0  0
    8  3.9075531377955893e-08   2  1  3  1  1  0  0
    8  2.6224299214438861e-08   1  2  3  1  1  0  0
    8  9.2950549455679861e-09   0  3  3  1  1  0  0
    8 -7.2524080991445534e-09   1  0  5  1  1  0  0
    8 -4.0175406557332029e-09   0  1  5  1  1  0  0
    8 -4.0760166687343115e-09   5  0  0  2  1  0  0
    8  1.2313771454595059e-08   4  1  0  2  1  0  0
    8  3.1045984016596665e-10   3  2  0  2  1  0  0
    8  4.1119666740577528e-08   2  3  0  2  1  0  0
    8  2.8019214072110790e-08   1  4  0  2  1  0  0
    8  9.4029510312193704e-09   0  5  0  2  1  0  0
    8 -1.9597125478487886e-08   3  0  2  2  1  0  0
    8 -3.0142052631847161e-08   2  1  2  2  1  0  0
    8 -3.0142052631847161e-08   1  2  2  2  1  0  0
    8 -1.9597125478487886e-08   0  3  2  2  1  0  0
    8  1.1389815849385259e-08   1  0  4  2  1  0  0
    8  6.6718082063677490e-09   0  1  4  2  1  0  0
    8  9.2950549455679861e-09   3  0  1  3  1  0  0
    8  2.6224299214438861e-08   2  1  1  3  1  0  0
    8  3.9075531377955893e-08   1  2  1  3  1  0  0
    8  2.3766443595254500e-08   0  3  1  3  1  0  0
    8 -1.2023910368642010e-08   1  0  3  3  1  0  0
    8 -1.2023910368642010e-08   0  1  3  3  1  0  0
    8 -8.8399514361346428e-10   3  0  0  4  1  0  0
    8 -9.0891811749175605e-09   2  1  0  4  1  0  0
    8 -1.3798028697548531e-08   1  2  0  4  1  0  0
    8 -1.0634888028002611e-08   0  3  0  4  1  0  0
    8  6.6718082063677490e-09   1  0  2  4  1  0  0
    8  1.1389815849385259e-08   0  1  2  4  1  0  0
    8 -4.0175406557332029e-09   1  0  1  5  1  0  0
    8 -7.2524080991445534e-09   0  1  1  5  1  0  0
    8  1.0366864517577050e-09   1  0  0  6  1  0  0
    8  1.8780818682253436e-09   0  1  0  6  1  0  0
    8  5.5879806491194263e-10   6  0  0  0  2  0  0
    8  7.1411161814611502e-09   5  1  0  0  2  0  0
    8 -1.5997856831734664e-08   4  2  0  0  2  0  0
    8 -2.8149202487940841e-08   3  3  0  0  2  0  0
    8 -1.5997856831734664e-08   2  4  0  0  2  0  0
    8  7.1411161814611502e-09   1  5  0  0  2  0  0
    8  5.5879806491194263e-10   0  6  0  0  2  0  0
    8  1.8231711321210117e-09   4  0  2  0  2  0  0
    8 -2.7122848810625531e-09   3  1  2  0  2  0  0
    8 -8.3667560400745810e-09   2  2  2  0  2  0  0
    8  1.1089526712911214e-08   1  3  2  0  2  0  0
    8 -1.5562399899873166e-09   0  4  2  0  2  0  0
    8 -4.8490021400496624e-09   2  0  4  0  2  0  0
    8  2.7107939124125688e-09   1  1  4  0  2  0  0
    8 -3.1991125473333667e-09   0  2  4  0  2  0  0
    8  4.6570556249560836e-10   0  0  6  0  2  0  0
    8 -1.2904318918215267e-08   4  0  1  1  2  0  0
    8  3.6982289993323590e-09   3  1  1  1  2  0  0
    8 -6.6752312298855228e-08   2  2  1  1  2  0  0
    8  3.6982289993323590e-09   1  3  1  1  2  0  0
    8 -1.2904318918215267e-08   0  4  1  1  2  0  0
    8 -8.1204821302847423e-09   2  0  3  1  2  0  0
    8 -1.0487647687292027e-08   1  1  3  1  2  0  0
    8 -2.2717044188615403e-09   0  2  3  1  2  0  0
    8 -8.1246884948271106e-11   0  0  5  1  2  0  0
    8 -1.5562399899873166e-09   4  0  0  2  2  0  0
    8  1.1089526712911214e-08   3  1  0  2  2  0  0
    8 -8.3667560400745810e-09   2  2  0  2  2  0  0
    8 -2.7122848810625531e-09   1  3  0  2  2  0  0
    8  1.8231711321210117e-09   0  4  0  2  2  0  0
    8 -2.5183091938946807e-09   2  0  2  2  2  0  0
    8 -1.1572652152140056e-08   1  1  2  2  2  0  0
    8 -2.5183091938946807e-09   0  2  2  2  2  0  0
    8  1.0700163715583356e-09   0  0  4  2  2  0  0
    8 -2.2717044188615403e-09   2  0  1  3  2  0  0
    8 -1.0487647687292027e-08   1  1  1  3  2  0  0
    8 -8.1204821302847423e-09   0  2  1  3  2  0  0
    8 -2.6366215138382296e-09   0  0  3  3  2  0  0
    8 -3.1991125473333667e-09   2  0  0  4  2  0  0
    8  2.7107939124125688e-09   1  1  0  4  2  0  0
    8 -4.8490021400496624e-09   0  2  0  4  2  0  0
    8  1.0700163715583356e-09   0  0  2  4  2  0  0
    8 -8.1246884948271106e-11   0  0  1  5  2  0  0
    8  4.6570556249560836e-10   0  0  0  6  2  0  0
    8 -1.1672164765721179e-09   5  0  0  0  3  0  0
    8  1.1735402402114909e-08   4  1  0  0  3  0  0
    8  3.4047297862516199e-08   3  2  0  0  3  0  0
    8  3.4047297862516199e-08   2  3  0  0  3  0  0
    8  1.1735402402114909e-08   1  4  0  0  3  0  0
    8 -1.1672164765721179e-09   0  5  0  0  3  0  0
    8 -5.0152158706960431e-10   3  0  2  0  3  0  0
    8  6.7154990675575201e-09   2  1  2  0  3  0  0
    8  2.6500023373341142e-09   1  2  2  0  3  0  0
    8  8.3283473823200497e-10   0  3  2  0  3  0  0
    8  1.2472204773846886e-09   1  0  4  0  3  0  0
    8  2.5735807829192791e-09   0  1  4  0  3  0  0
    8  1.6427272141681874e-08   3  0  1  1  3  0  0
    8  5.9891137350984643e-08   2  1  1  1  3  0  0
    8  5.9891137350984643e-08   1  2  1  1  3  0  0
    8  1.6427272141681874e-08   0  3  1  1  3  0  0
    8 -1.9147718663170063e-10   1  0  3  1  3  0  0
    8 -4.0050427647569250e-09   0  1  3  1  3  0  0
    8  8.3283473823200497e-10   3  0  0  2  3  0  0
    8  2.6500023373341142e-09   2  1  0  2  3  0  0
    8  6.7154990675575201e-09   1  2  0  2  3  0  0
    8 -5.0152158706960431e-10   0  3  0  2  3  0  0
    8  1.0886033444935553e-08   1  0  2  2  3  0  0
    8  1.0886033444935553e-08   0  1  2  2  3  0  0
    8 -4.0050427647569250e-09   1  0  1  3  3  0  0
    8 -1.9147718663170063e-10   0  1  1  3  3  0  0
    8  2.5735807829192791e-09   1  0  0  4  3  0  0
    8  1.2472204773846886e-09   0  1  0  4  3  0  0
    8 -4.7364775213060271e-09   4  0  0  0  4  0  0
    8 -3.3209372250604851e-08   3  1  0  0  4  0  0
    8 -4.6392074672667780e-08   2  2  0  0  4  0  0
    8 -3.3209372250604851e-08   1  3  0  0  4  0  0
    8 -4.7364775213060271e-09   0  4  0  0  4  0  0
    8 -1.0129749651654867e-08   2  0  2  0  4  0  0
    8 -1.9599973359966568e-08   1  1  2  0  4  0  0
    8 -7.5977746392747246e-09   0  2  2  0  4  0  0
    8  4.7075015488177459e-11   0  0  4  0  4  0  0
    8 -9.4596043165999925e-09   2  0  1  1  4  0  0
    8 -3.4510056472309774e-08   1  1  1  1  4  0  0
    8 -9.4596043165999925e-09   0  2  1  1  4  0  0
    8 -8.0217013100184661e-10   0  0  3  1  4  0  0
    8 -7.5977746392747246e-09   2  0  0  2  4  0  0
    8 -1.9599973359966568e-08   1  1  0  2  4  0  0
    8 -1.0129749651654867e-08   0  2  0  2  4  0  0
    8 -7.7603498051708602e-10   0  0  2  2  4  0  0
    8 -8.0217013100184661e-10   0  0  1  3  4  0  0
    8  4.7075015488177459e-11   0  0  0  4  4  0  0
    8  1.4476257249060522e-08   3  0  0  0  5  0  0
    8  4.8531972797642335e-08   2  1  0  0  5  0  0
    8  4.8531972797642335e-08   1  2  0  0  5  0  0
    8  1.4476257249060522e-08   0  3  0  0  5  0  0
    8  6.8624444035422363e-09   1  0  2  0  5  0  0
    8  6.0517510137930111e-09   0  1  2  0  5  0  0
    8  8.7772218447548893e-09   1  0  1  1  5  0  0
    8  8.7772218447548893e-09   0  1  1  1  5  0  0
    8  6.0517510137930111e-09   1  0  0  2  5  0  0
    8  6.8624444035422363e-09   0  1  0  2  5  0  0
    8 -1.5124085139508207e-08   2  0  0  0  6  0  0
    8 -3.2483727099439038e-08   1  1  0  0  6  0  0
    8 -1.5124085139508207e-08   0  2  0  0  6  0  0
    8 -1.5070091903164742e-09   0  0  2  0  6  0  0
    8 -2.6868914113198526e-09   0  0  1  1  6  0  0
    8 -1.5070091903164742e-09   0  0  0  2  6  0  0
    8  7.8252006800756742e-09   1  0  0  0  7  0  0
    8  7.8252006800756742e-09   0  1  0  0  7  0  0
    8 -1.6613341479334923e-09   0  0  0  0  8  0  0
 -658  0.0000000000000000e+00   0  0  0  0  0  0  0
