
tpsa, NO = 8, NV = 7, INA = 48092
------------------------------------------------------------------

   |I|         a                i  i  i  i  i  i  i
                I                1  2  3  4  5  6  7

    2 -1.3825415166261782e-05   1  1  0  0  0  0  0
    2 -4.0772194708693144e-06   0  0  1  1  0  0  0
    2  8.6189624646016180e-06   0  0  0  0  2  0  0
    3 -9.1888021687042516e-07   3  0  0  0  0  0  0
    3 -1.1316293920756572e-06   2  1  0  0  0  0  0
    3 -1.1316293920756572e-06   1  2  0  0  0  0  0
    3 -9.1888021687042516e-07   0  3  0  0  0  0  0
    3  2.1161714764857768e-06   1  0  2  0  0  0  0
    3  8.8821921861005554e-08   0  1  2  0  0  0  0
    3 -5.4693128031658542e-07   1  0  1  1  0  0  0
    3 -5.4693128031658542e-07   0  1  1  1  0  0  0
    3  8.8821921861005554e-08   1  0  0  2  0  0  0
    3  2.1161714764857768e-06   0  1  0  2  0  0  0
    3 -1.2129498757741113e-06   2  0  0  0  1  0  0
    3 -2.2442576277052892e-15   1  1  0  0  1  0  0
    3 -1.2129498757741113e-06   0  2  0  0  1  0  0
    3  2.2160364744440965e-07   0  0  2  0  1  0  0
    3 -7.5575384459175955e-16   0  0  1  1  1  0  0
    3  2.2160364744440965e-07   0  0  0  2  1  0  0
    3 -5.0440941060491466e-21   1  0  0  0  2  0  0
    3 -5.0440941060491466e-21   0  1  0  0  2  0  0
    3 -1.1690780103958494e-08   0  0  0  0  3  0  0
    4 -4.7573134544291675e-07   4  0  0  0  0  0  0
    4 -4.3224657991162900e-08   3  1  0  0  0  0  0
    4 -3.8409483566937304e-07   2  2  0  0  0  0  0
    4 -4.3224657991162900e-08   1  3  0  0  0  0  0
    4 -4.7573134544291675e-07   0  4  0  0  0  0  0
    4 -1.9837375472235563e-07   2  0  2  0  0  0  0
    4  2.6840413498686396e-07   1  1  2  0  0  0  0
    4 -6.7417364847403045e-08   0  2  2  0  0  0  0
    4  6.5658242587802930e-08   0  0  4  0  0  0  0
    4 -2.4509450020816486e-07   2  0  1  1  0  0  0
    4 -1.0115356015054413e-06   1  1  1  1  0  0  0
    4 -2.4509450020816486e-07   0  2  1  1  0  0  0
    4 -3.3182886997196771e-08   0  0  3  1  0  0  0
    4 -6.7417364847403045e-08   2  0  0  2  0  0  0
    4  2.6840413498686396e-07   1  1  0  2  0  0  0
    4 -1.9837375472235563e-07   0  2  0  2  0  0  0
    4 -1.8803534801281142e-07   0  0  2  2  0  0  0
    4 -3.3182886997196771e-08   0  0  1  3  0  0  0
    4  6.5658242587802930e-08   0  0  0  4  0  0  0
    4  1.1748360851874386e-07   3  0  0  0  1  0  0
    4 -7.5912230428017899e-07   2  1  0  0  1  0  0
    4 -7.5912230428017899e-07   1  2  0  0  1  0  0
    4  1.1748360851874386e-07   0  3  0  0  1  0  0
    4  1.4517315248216495e-08   1  0  2  0  1  0  0
    4  1.7628331653715478e-07   0  1  2  0  1  0  0
    4 -3.9844951379971854e-07   1  0  1  1  1  0  0
    4 -3.9844951379971854e-07   0  1  1  1  1  0  0
    4  1.7628331653715478e-07   1  0  0  2  1  0  0
    4  1.4517315248216495e-08   0  1  0  2  1  0  0
    4 -4.5132618375790023e-07   2  0  0  0  2  0  0
    4 -6.7776541965841588e-08   1  1  0  0  2  0  0
    4 -4.5132618375790023e-07   0  2  0  0  2  0  0
    4  2.5594267340259239e-07   0  0  2  0  2  0  0
    4 -5.0115479035224751e-08   0  0  1  1  2  0  0
    4  2.5594267340259239e-07   0  0  0  2  2  0  0
    4  1.5928714669837464e-21   1  0  0  0  3  0  0
    4  1.5928714669837464e-21   0  1  0  0  3  0  0
    4  1.6963484109989377e-07   0  0  0  0  4  0  0
    5  3.6927568693598644e-07   5  0  0  0  0  0  0
    5 -2.1462024485694999e-07   4  1  0  0  0  0  0
    5 -7.2401886557537572e-08   3  2  0  0  0  0  0
    5 -7.2401886557537572e-08   2  3  0  0  0  0  0
    5 -2.1462024485694999e-07   1  4  0  0  0  0  0
    5  3.6927568693598644e-07   0  5  0  0  0  0  0
    5  1.7078175609504423e-07   3  0  2  0  0  0  0
    5 -4.7468348600837379e-08   2  1  2  0  0  0  0
    5 -1.5936728588921122e-09   1  2  2  0  0  0  0
    5  8.5514492649677651e-08   0  3  2  0  0  0  0
    5 -4.5879506696067290e-08   1  0  4  0  0  0  0
    5 -1.5707062375058665e-10   0  1  4  0  0  0  0
    5 -1.0796469131147481e-07   3  0  1  1  0  0  0
    5  2.3175485642090915e-07   2  1  1  1  0  0  0
    5  2.3175485642090915e-07   1  2  1  1  0  0  0
    5 -1.0796469131147481e-07   0  3  1  1  0  0  0
    5 -2.1162698596252570e-10   1  0  3  1  0  0  0
    5 -2.7654471791450915e-08   0  1  3  1  0  0  0
    5  8.5514492649677651e-08   3  0  0  2  0  0  0
    5 -1.5936728588921122e-09   2  1  0  2  0  0  0
    5 -4.7468348600837379e-08   1  2  0  2  0  0  0
    5  1.7078175609504423e-07   0  3  0  2  0  0  0
    5  1.1557055099279448e-07   1  0  2  2  0  0  0
    5  1.1557055099279448e-07   0  1  2  2  0  0  0
    5 -2.7654471791450915e-08   1  0  1  3  0  0  0
    5 -2.1162698596252570e-10   0  1  1  3  0  0  0
    5 -1.5707062375058665e-10   1  0  0  4  0  0  0
    5 -4.5879506696067290e-08   0  1  0  4  0  0  0
    5 -2.7172442707068354e-07   4  0  0  0  1  0  0
    5 -1.2574884387379803e-07   3  1  0  0  1  0  0
    5  2.1476119560657934e-07   2  2  0  0  1  0  0
    5 -1.2574884387379803e-07   1  3  0  0  1  0  0
    5 -2.7172442707068354e-07   0  4  0  0  1  0  0
    5  4.3852436234582646e-08   2  0  2  0  1  0  0
    5  3.2582623305090905e-09   1  1  2  0  1  0  0
    5 -1.0496128656259622e-08   0  2  2  0  1  0  0
    5 -1.4079399011987010e-08   0  0  4  0  1  0  0
    5 -3.2386738977045159e-08   2  0  1  1  1  0  0
    5 -1.2355677647414912e-07   1  1  1  1  1  0  0
    5 -3.2386738977045159e-08   0  2  1  1  1  0  0
    5  9.3831074584924192e-09   0  0  3  1  1  0  0
    5 -1.0496128656259622e-08   2  0  0  2  1  0  0
    5  3.2582623305090905e-09   1  1  0  2  1  0  0
    5  4.3852436234582646e-08   0  2  0  2  1  0  0
    5  2.4238127627047101e-08   0  0  2  2  1  0  0
    5  9.3831074584924192e-09   0  0  1  3  1  0  0
    5 -1.4079399011987010e-08   0  0  0  4  1  0  0
    5  7.9611631488725606e-08   3  0  0  0  2  0  0
    5 -3.1952834926101749e-07   2  1  0  0  2  0  0
    5 -3.1952834926101749e-07   1  2  0  0  2  0  0
    5  7.9611631488725606e-08   0  3  0  0  2  0  0
    5  1.3420546769159755e-09   1  0  2  0  2  0  0
    5  3.9837490010860126e-09   0  1  2  0  2  0  0
    5 -1.0901157808761078e-07   1  0  1  1  2  0  0
    5 -1.0901157808761078e-07   0  1  1  1  2  0  0
    5  3.9837490010860126e-09   1  0  0  2  2  0  0
    5  1.3420546769159755e-09   0  1  0  2  2  0  0
    5  1.0373251945745639e-08   2  0  0  0  3  0  0
    5  2.3049874439158185e-10   1  1  0  0  3  0  0
    5  1.0373251945745639e-08   0  2  0  0  3  0  0
    5 -3.8473986563385026e-08   0  0  2  0  3  0  0
    5 -5.9881542524879026e-08   0  0  1  1  3  0  0
    5 -3.8473986563385026e-08   0  0  0  2  3  0  0
    5  1.2534156260581498e-22   1  0  0  0  4  0  0
    5  1.2534156260581498e-22   0  1  0  0  4  0  0
    5 -2.8197646331759719e-08   0  0  0  0  5  0  0
    6 -1.5642367525629325e-07   6  0  0  0  0  0  0
    6  3.3524329313023403e-07   5  1  0  0  0  0  0
    6  8.9402717298368682e-08   4  2  0  0  0  0  0
    6 -2.2615238092980406e-07   3  3  0  0  0  0  0
    6  8.9402717298368682e-08   2  4  0  0  0  0  0
    6  3.3524329313023403e-07   1  5  0  0  0  0  0
    6 -1.5642367525629325e-07   0  6  0  0  0  0  0
    6 -9.7280249450591348e-07   4  0  2  0  0  0  0
    6 -1.6273321161996073e-08   3  1  2  0  0  0  0
    6  3.9385852845306666e-08   2  2  2  0  0  0  0
    6  4.0175424663687508e-08   1  3  2  0  0  0  0
    6 -1.6615114048347740e-07   0  4  2  0  0  0  0
    6  2.2516041263961041e-08   2  0  4  0  0  0  0
    6 -2.1073601519694791e-09   1  1  4  0  0  0  0
    6 -6.4805343134809850e-09   0  2  4  0  0  0  0
    6 -1.9533036250694077e-09   0  0  6  0  0  0  0
    6 -2.4250652986216863e-08   4  0  1  1  0  0  0
    6 -9.6016750084590267e-08   3  1  1  1  0  0  0
    6 -7.7929331154889416e-08   2  2  1  1  0  0  0
    6 -9.6016750084590267e-08   1  3  1  1  0  0  0
    6 -2.4250652986216863e-08   0  4  1  1  0  0  0
    6 -6.6634415985301621e-09   2  0  3  1  0  0  0
    6 -1.2410311674251815e-08   1  1  3  1  0  0  0
    6  2.9149324090332979e-08   0  2  3  1  0  0  0
    6  3.3173782256486575e-10   0  0  5  1  0  0  0
    6 -1.6615114048347740e-07   4  0  0  2  0  0  0
    6  4.0175424663687508e-08   3  1  0  2  0  0  0
    6  3.9385852845306666e-08   2  2  0  2  0  0  0
    6 -1.6273321161996073e-08   1  3  0  2  0  0  0
    6 -9.7280249450591348e-07   0  4  0  2  0  0  0
    6 -5.3005359770056713e-08   2  0  2  2  0  0  0
    6  7.1007288331920661e-09   1  1  2  2  0  0  0
    6 -5.3005359770056713e-08   0  2  2  2  0  0  0
    6  4.6978130644542062e-09   0  0  4  2  0  0  0
    6  2.9149324090332979e-08   2  0  1  3  0  0  0
    6 -1.2410311674251815e-08   1  1  1  3  0  0  0
    6 -6.6634415985301621e-09   0  2  1  3  0  0  0
    6 -1.0128595088232194e-08   0  0  3  3  0  0  0
    6 -6.4805343134809850e-09   2  0  0  4  0  0  0
    6 -2.1073601519694791e-09   1  1  0  4  0  0  0
    6  2.2516041263961041e-08   0  2  0  4  0  0  0
    6  4.6978130644542062e-09   0  0  2  4  0  0  0
    6  3.3173782256486575e-10   0  0  1  5  0  0  0
    6 -1.9533036250694077e-09   0  0  0  6  0  0  0
    6  6.9139620257646706e-07   5  0  0  0  1  0  0
    6 -9.9475127039072194e-08   4  1  0  0  1  0  0
    6 -1.9420325360709390e-08   3  2  0  0  1  0  0
    6 -1.9420325360709390e-08   2  3  0  0  1  0  0
    6 -9.9475127039072194e-08   1  4  0  0  1  0  0
    6  6.9139620257646706e-07   0  5  0  0  1  0  0
    6 -4.1206796559692605e-08   3  0  2  0  1  0  0
    6 -1.3725582102463583e-08   2  1  2  0  1  0  0
    6  1.5336260007292334e-08   1  2  2  0  1  0  0
    6  9.2235549575385337e-08   0  3  2  0  1  0  0
    6  4.6830473914499029e-09   1  0  4  0  1  0  0
    6 -4.9400118488419963e-09   0  1  4  0  1  0  0
    6 -7.9099297986589994e-08   3  0  1  1  1  0  0
    6  1.3964111194508197e-09   2  1  1  1  1  0  0
    6  1.3964111194508197e-09   1  2  1  1  1  0  0
    6 -7.9099297986589994e-08   0  3  1  1  1  0  0
    6 -4.6735457596871313e-09   1  0  3  1  1  0  0
    6  1.2302759845721792e-08   0  1  3  1  1  0  0
    6  9.2235549575385337e-08   3  0  0  2  1  0  0
    6  1.5336260007292334e-08   2  1  0  2  1  0  0
    6 -1.3725582102463583e-08   1  2  0  2  1  0  0
    6 -4.1206796559692605e-08   0  3  0  2  1  0  0
    6 -1.6746074956863442e-08   1  0  2  2  1  0  0
    6 -1.6746074956863442e-08   0  1  2  2  1  0  0
    6  1.2302759845721792e-08   1  0  1  3  1  0  0
    6 -4.6735457596871313e-09   0  1  1  3  1  0  0
    6 -4.9400118488419963e-09   1  0  0  4  1  0  0
    6  4.6830473914499029e-09   0  1  0  4  1  0  0
    6  3.9977776539109045e-07   4  0  0  0  2  0  0
    6 -1.2545853892032406e-07   3  1  0  0  2  0  0
    6 -2.4790734748544365e-07   2  2  0  0  2  0  0
    6 -1.2545853892032406e-07   1  3  0  0  2  0  0
    6  3.9977776539109045e-07   0  4  0  0  2  0  0
    6  2.1093381372752626e-08   2  0  2  0  2  0  0
    6  1.3605688016800211e-08   1  1  2  0  2  0  0
    6 -3.0208679823862126e-08   0  2  2  0  2  0  0
    6 -5.5380102941251793e-09   0  0  4  0  2  0  0
    6  4.4911499801671674e-08   2  0  1  1  2  0  0
    6  1.7279154441169945e-08   1  1  1  1  2  0  0
    6  4.4911499801671674e-08   0  2  1  1  2  0  0
    6 -6.1658670657551844e-10   0  0  3  1  2  0  0
    6 -3.0208679823862126e-08   2  0  0  2  2  0  0
    6  1.3605688016800211e-08   1  1  0  2  2  0  0
    6  2.1093381372752626e-08   0  2  0  2  2  0  0
    6  1.9838136286440608e-08   0  0  2  2  2  0  0
    6 -6.1658670657551844e-10   0  0  1  3  2  0  0
    6 -5.5380102941251793e-09   0  0  0  4  2  0  0
    6 -1.4666422852460369e-07   3  0  0  0  3  0  0
    6  2.3381107526879069e-07   2  1  0  0  3  0  0
    6  2.3381107526879069e-07   1  2  0  0  3  0  0
    6 -1.4666422852460369e-07   0  3  0  0  3  0  0
    6  6.2883283078352899e-09   1  0  2  0  3  0  0
    6 -2.6247328336889475e-09   0  1  2  0  3  0  0
    6  3.6047174521593665e-08   1  0  1  1  3  0  0
    6  3.6047174521593665e-08   0  1  1  1  3  0  0
    6 -2.6247328336889475e-09   1  0  0  2  3  0  0
    6  6.2883283078352899e-09   0  1  0  2  3  0  0
    6  7.9811063725948028e-09   2  0  0  0  4  0  0
    6 -1.8417340751941591e-07   1  1  0  0  4  0  0
    6  7.9811063725948028e-09   0  2  0  0  4  0  0
    6 -4.6570922253084474e-09   0  0  2  0  4  0  0
    6  3.6979873191510550e-09   0  0  1  1  4  0  0
    6 -4.6570922253084474e-09   0  0  0  2  4  0  0
    6  4.2336010367620107e-22   1  0  0  0  5  0  0
    6  4.2336010367620107e-22   0  1  0  0  5  0  0
    6 -8.7228193128342069e-09   0  0  0  0  6  0  0
    7  5.7407074399748897e-08   7  0  0  0  0  0  0
    7 -5.3669891094046219e-08   6  1  0  0  0  0  0
    7  4.2155224462912917e-08   5  2  0  0  0  0  0
    7  1.5043570254240452e-07   4  3  0  0  0  0  0
    7  1.5043570254240452e-07   3  4  0  0  0  0  0
    7  4.2155224462912917e-08   2  5  0  0  0  0  0
    7 -5.3669891094046219e-08   1  6  0  0  0  0  0
    7  5.7407074399748897e-08   0  7  0  0  0  0  0
    7  4.2698117483124092e-07   5  0  2  0  0  0  0
    7 -5.9008701408010431e-07   4  1  2  0  0  0  0
    7 -3.0676764998106261e-07   3  2  2  0  0  0  0
    7 -1.3483577424819175e-08   2  3  2  0  0  0  0
    7 -1.1831442071238621e-07   1  4  2  0  0  0  0
    7  1.2045577975976957e-07   0  5  2  0  0  0  0
    7 -2.8917956031401670e-07   3  0  4  0  0  0  0
    7  1.2090200873912200e-08   2  1  4  0  0  0  0
    7 -5.4835984471341896e-09   1  2  4  0  0  0  0
    7  3.1538375562941708e-08   0  3  4  0  0  0  0
    7  6.6642150874035444e-10   1  0  6  0  0  0  0
    7  1.8303404225030747e-10   0  1  6  0  0  0  0
    7 -7.1136980929897229e-07   5  0  1  1  0  0  0
    7  5.2639868376499562e-07   4  1  1  1  0  0  0
    7 -5.6009800597467023e-08   3  2  1  1  0  0  0
    7 -5.6009800597467023e-08   2  3  1  1  0  0  0
    7  5.2639868376499562e-07   1  4  1  1  0  0  0
    7 -7.1136980929897229e-07   0  5  1  1  0  0  0
    7 -1.5991821995528142e-07   3  0  3  1  0  0  0
    7  8.9643776880713108e-09   2  1  3  1  0  0  0
    7  2.1459674704381498e-08   1  2  3  1  0  0  0
    7 -6.3768073584140171e-09   0  3  3  1  0  0  0
    7  2.1400002094948048e-10   1  0  5  1  0  0  0
    7 -6.9387148811666673e-10   0  1  5  1  0  0  0
    7  1.2045577975976957e-07   5  0  0  2  0  0  0
    7 -1.1831442071238621e-07   4  1  0  2  0  0  0
    7 -1.3483577424819175e-08   3  2  0  2  0  0  0
    7 -3.0676764998106261e-07   2  3  0  2  0  0  0
    7 -5.9008701408010431e-07   1  4  0  2  0  0  0
    7  4.2698117483124092e-07   0  5  0  2  0  0  0
    7  3.8095580775539222e-07   3  0  2  2  0  0  0
    7 -1.8836320758099166e-08   2  1  2  2  0  0  0
    7 -1.8836320758099166e-08   1  2  2  2  0  0  0
    7  3.8095580775539222e-07   0  3  2  2  0  0  0
    7 -6.0916248357957248e-10   1  0  4  2  0  0  0
    7  3.6978383235261722e-09   0  1  4  2  0  0  0
    7 -6.3768073584140171e-09   3  0  1  3  0  0  0
    7  2.1459674704381498e-08   2  1  1  3  0  0  0
    7  8.9643776880713108e-09   1  2  1  3  0  0  0
    7 -1.5991821995528142e-07   0  3  1  3  0  0  0
    7 -1.9591390090018853e-09   1  0  3  3  0  0  0
    7 -1.9591390090018853e-09   0  1  3  3  0  0  0
    7  3.1538375562941708e-08   3  0  0  4  0  0  0
    7 -5.4835984471341896e-09   2  1  0  4  0  0  0
    7  1.2090200873912200e-08   1  2  0  4  0  0  0
    7 -2.8917956031401670e-07   0  3  0  4  0  0  0
    7  3.6978383235261722e-09   1  0  2  4  0  0  0
    7 -6.0916248357957248e-10   0  1  2  4  0  0  0
    7 -6.9387148811666673e-10   1  0  1  5  0  0  0
    7  2.1400002094948048e-10   0  1  1  5  0  0  0
    7  1.8303404225030747e-10   1  0  0  6  0  0  0
    7  6.6642150874035444e-10   0  1  0  6  0  0  0
    7 -2.6353830992512160e-07   6  0  0  0  1  0  0
    7  6.4756213299873264e-07   5  1  0  0  1  0  0
    7  2.8252859365182987e-07   4  2  0  0  1  0  0
    7 -5.4315646023076997e-08   3  3  0  0  1  0  0
    7  2.8252859365182987e-07   2  4  0  0  1  0  0
    7  6.4756213299873264e-07   1  5  0  0  1  0  0
    7 -2.6353830992512160e-07   0  6  0  0  1  0  0
    7 -3.8628190293802557e-08   4  0  2  0  1  0  0
    7 -3.1628253168837171e-07   3  1  2  0  1  0  0
    7 -9.2296410595808454e-09   2  2  2  0  1  0  0
    7 -4.1133873619615631e-10   1  3  2  0  1  0  0
    7 -3.2958506295721151e-07   0  4  2  0  1  0  0
    7 -9.3187905058804683e-09   2  0  4  0  1  0  0
    7 -1.5890155061478875e-09   1  1  4  0  1  0  0
    7 -1.1867950701658772e-08   0  2  4  0  1  0  0
    7  2.8812300201506932e-10   0  0  6  0  1  0  0
    7 -5.6722129824542662e-08   4  0  1  1  1  0  0
    7 -5.7176102080217972e-08   3  1  1  1  1  0  0
    7  2.7442143672512560e-08   2  2  1  1  1  0  0
    7 -5.7176102080217972e-08   1  3  1  1  1  0  0
    7 -5.6722129824542662e-08   0  4  1  1  1  0  0
    7  5.3616724965883971e-09   2  0  3  1  1  0  0
    7  3.2309585954447827e-09   1  1  3  1  1  0  0
    7  1.6256241548980239e-08   0  2  3  1  1  0  0
    7  1.8400169804274272e-12   0  0  5  1  1  0  0
    7 -3.2958506295721151e-07   4  0  0  2  1  0  0
    7 -4.1133873619615631e-10   3  1  0  2  1  0  0
    7 -9.2296410595808454e-09   2  2  0  2  1  0  0
    7 -3.1628253168837171e-07   1  3  0  2  1  0  0
    7 -3.8628190293802557e-08   0  4  0  2  1  0  0
    7 -3.1357138456498949e-10   2  0  2  2  1  0  0
    7 -6.9440774148638738e-09   1  1  2  2  1  0  0
    7 -3.1357138456498949e-10   0  2  2  2  1  0  0
    7 -1.1209747342397379e-09   0  0  4  2  1  0  0
    7  1.6256241548980239e-08   2  0  1  3  1  0  0
    7  3.2309585954447827e-09   1  1  1  3  1  0  0
    7  5.3616724965883971e-09   0  2  1  3  1  0  0
    7  2.7002697557299419e-09   0  0  3  3  1  0  0
    7 -1.1867950701658772e-08   2  0  0  4  1  0  0
    7 -1.5890155061478875e-09   1  1  0  4  1  0  0
    7 -9.3187905058804683e-09   0  2  0  4  1  0  0
    7 -1.1209747342397379e-09   0  0  2  4  1  0  0
    7  1.8400169804274272e-12   0  0  1  5  1  0  0
    7  2.8812300201506932e-10   0  0  0  6  1  0  0
    7 -4.6724988274919011e-07   5  0  0  0  2  0  0
    7  5.2041356501913606e-07   4  1  0  0  2  0  0
    7 -4.7249973825035301e-08   3  2  0  0  2  0  0
    7 -4.7249973825035301e-08   2  3  0  0  2  0  0
    7  5.2041356501913606e-07   1  4  0  0  2  0  0
    7 -4.6724988274919011e-07   0  5  0  0  2  0  0
    7 -6.3564704491378926e-08   3  0  2  0  2  0  0
    7  1.3215879575267133e-08   2  1  2  0  2  0  0
    7  3.8080258749862648e-08   1  2  2  0  2  0  0
    7 -1.1723314604711711e-07   0  3  2  0  2  0  0
    7  3.4402822883251691e-09   1  0  4  0  2  0  0
    7  2.9546251198168812e-09   0  1  4  0  2  0  0
    7  7.0195623764675164e-08   3  0  1  1  2  0  0
    7 -9.5127629965574541e-08   2  1  1  1  2  0  0
    7 -9.5127629965574541e-08   1  2  1  1  2  0  0
    7  7.0195623764675164e-08   0  3  1  1  2  0  0
    7  1.2688591798097608e-09   1  0  3  1  2  0  0
    7 -1.9429212166189694e-10   0  1  3  1  2  0  0
    7 -1.1723314604711711e-07   3  0  0  2  2  0  0
    7  3.8080258749862648e-08   2  1  0  2  2  0  0
    7  1.3215879575267133e-08   1  2  0  2  2  0  0
    7 -6.3564704491378926e-08   0  3  0  2  2  0  0
    7 -8.3697218571082092e-09   1  0  2  2  2  0  0
    7 -8.3697218571082092e-09   0  1  2  2  2  0  0
    7 -1.9429212166189694e-10   1  0  1  3  2  0  0
    7  1.2688591798097608e-09   0  1  1  3  2  0  0
    7  2.9546251198168812e-09   1  0  0  4  2  0  0
    7  3.4402822883251691e-09   0  1  0  4  2  0  0
    7 -1.1710143338174439e-07   4  0  0  0  3  0  0
    7  1.0719611498994164e-07   3  1  0  0  3  0  0
    7  1.0753559796793275e-07   2  2  0  0  3  0  0
    7  1.0719611498994164e-07   1  3  0  0  3  0  0
    7 -1.1710143338174439e-07   0  4  0  0  3  0  0
    7 -8.5074203181283791e-09   2  0  2  0  3  0  0
    7 -3.3137417760524987e-08   1  1  2  0  3  0  0
    7  3.0678915659402989e-08   0  2  2  0  3  0  0
    7  1.2156954110704711e-09   0  0  4  0  3  0  0
    7 -1.5477245935001920e-08   2  0  1  1  3  0  0
    7  5.7049429236595848e-08   1  1  1  1  3  0  0
    7 -1.5477245935001920e-08   0  2  1  1  3  0  0
    7  2.3654157063031639e-10   0  0  3  1  3  0  0
    7  3.0678915659402989e-08   2  0  0  2  3  0  0
    7 -3.3137417760524987e-08   1  1  0  2  3  0  0
    7 -8.5074203181283791e-09   0  2  0  2  3  0  0
    7 -6.6024263315650753e-09   0  0  2  2  3  0  0
    7  2.3654157063031639e-10   0  0  1  3  3  0  0
    7  1.2156954110704711e-09   0  0  0  4  3  0  0
    7  6.4120322595255115e-08   3  0  0  0  4  0  0
    7 -1.5358562106111521e-07   2  1  0  0  4  0  0
    7 -1.5358562106111521e-07   1  2  0  0  4  0  0
    7  6.4120322595255115e-08   0  3  0  0  4  0  0
    7  6.6661251850491515e-09   1  0  2  0  4  0  0
    7  1.9381995126513921e-09   0  1  2  0  4  0  0
    7 -8.4220353281750478e-09   1  0  1  1  4  0  0
    7 -8.4220353281750478e-09   0  1  1  1  4  0  0
    7  1.9381995126513921e-09   1  0  0  2  4  0  0
    7  6.6661251850491515e-09   0  1  0  2  4  0  0
    7 -4.5882257612814063e-10   2  0  0  0  5  0  0
    7  1.3348189213481391e-07   1  1  0  0  5  0  0
    7 -4.5882257612814063e-10   0  2  0  0  5  0  0
    7  5.4291634797150806e-09   0  0  2  0  5  0  0
    7  1.0091515334626017e-08   0  0  1  1  5  0  0
    7  5.4291634797150806e-09   0  0  0  2  5  0  0
    7  9.0577445136602309e-24   1  0  0  0  6  0  0
    7  9.0577445136602309e-24   0  1  0  0  6  0  0
    7  9.5048828126978366e-09   0  0  0  0  7  0  0
    8 -8.0316964954515137e-09   8  0  0  0  0  0  0
    8  2.6934459842336790e-08   7  1  0  0  0  0  0
    8  6.5401823229554924e-09   6  2  0  0  0  0  0
    8  1.5441353213734863e-08   5  3  0  0  0  0  0
    8  9.8310890425166756e-08   4  4  0  0  0  0  0
    8  1.5441353213734863e-08   3  5  0  0  0  0  0
    8  6.5401823229554924e-09   2  6  0  0  0  0  0
    8  2.6934459842336790e-08   1  7  0  0  0  0  0
    8 -8.0316964954515137e-09   0  8  0  0  0  0  0
    8  1.1986493956699680e-09   6  0  2  0  0  0  0
    8  1.9542093631029234e-06   5  1  2  0  0  0  0
    8  3.8540462410331143e-08   4  2  2  0  0  0  0
    8 -3.9754025662131590e-07   3  3  2  0  0  0  0
    8 -1.0575718656364825e-07   2  4  2  0  0  0  0
    8  2.1913132616109989e-07   1  5  2  0  0  0  0
    8 -3.5244005562624098e-08   0  6  2  0  0  0  0
    8  2.3099263951624103e-07   4  0  4  0  0  0  0
    8 -3.1659344613761740e-07   3  1  4  0  0  0  0
    8 -3.8802857274052419e-08   2  2  4  0  0  0  0
    8  1.8083840930357067e-08   1  3  4  0  0  0  0
    8 -3.0419089081643078e-08   0  4  4  0  0  0  0
    8  3.6406096721469120e-08   2  0  6  0  0  0  0
    8  1.8589817003727345e-10   1  1  6  0  0  0  0
    8 -3.0519555589347208e-09   0  2  6  0  0  0  0
    8  3.3520374442665957e-11   0  0  8  0  0  0  0
    8  3.3517685171234378e-07   6  0  1  1  0  0  0
    8 -1.0033881962693052e-06   5  1  1  1  0  0  0
    8  4.7467539989330837e-08   4  2  1  1  0  0  0
    8  3.1163251873705707e-07   3  3  1  1  0  0  0
    8  4.7467539989330837e-08   2  4  1  1  0  0  0
    8 -1.0033881962693052e-06   1  5  1  1  0  0  0
    8  3.3517685171234378e-07   0  6  1  1  0  0  0
    8  3.8287250089824832e-07   4  0  3  1  0  0  0
    8  1.3563633571482906e-08   3  1  3  1  0  0  0
    8 -4.2080192225219905e-08   2  2  3  1  0  0  0
    8 -1.9905178428309624e-07   1  3  3  1  0  0  0
    8  3.8526081672888815e-07   0  4  3  1  0  0  0
    8 -2.4965096561201520e-08   2  0  5  1  0  0  0
    8  1.2047612818167947e-09   1  1  5  1  0  0  0
    8  2.0348255503430574e-09   0  2  5  1  0  0  0
    8  3.2843320697620667e-11   0  0  7  1  0  0  0
    8 -3.5244005562624098e-08   6  0  0  2  0  0  0
    8  2.1913132616109989e-07   5  1  0  2  0  0  0
    8 -1.0575718656364825e-07   4  2  0  2  0  0  0
    8 -3.9754025662131590e-07   3  3  0  2  0  0  0
    8  3.8540462410331143e-08   2  4  0  2  0  0  0
    8  1.9542093631029234e-06   1  5  0  2  0  0  0
    8  1.1986493956699680e-09   0  6  0  2  0  0  0
    8 -4.6159407442135315e-07   4  0  2  2  0  0  0
    8  2.6197999811157305e-07   3  1  2  2  0  0  0
    8  1.7439463470002672e-07   2  2  2  2  0  0  0
    8  2.6197999811157305e-07   1  3  2  2  0  0  0
    8 -4.6159407442135315e-07   0  4  2  2  0  0  0
    8  6.0053385846897801e-08   2  0  4  2  0  0  0
    8 -4.4272775570687229e-09   1  1  4  2  0  0  0
    8 -5.5213794677850869e-08   0  2  4  2  0  0  0
    8 -5.5556094146454545e-11   0  0  6  2  0  0  0
    8  3.8526081672888815e-07   4  0  1  3  0  0  0
    8 -1.9905178428309624e-07   3  1  1  3  0  0  0
    8 -4.2080192225219905e-08   2  2  1  3  0  0  0
    8  1.3563633571482906e-08   1  3  1  3  0  0  0
    8  3.8287250089824832e-07   0  4  1  3  0  0  0
    8  4.7745192960472315e-08   2  0  3  3  0  0  0
    8  3.7783832115363659e-09   1  1  3  3  0  0  0
    8  4.7745192960472315e-08   0  2  3  3  0  0  0
    8 -4.1337134508586728e-10   0  0  5  3  0  0  0
    8 -3.0419089081643078e-08   4  0  0  4  0  0  0
    8  1.8083840930357067e-08   3  1  0  4  0  0  0
    8 -3.8802857274052419e-08   2  2  0  4  0  0  0
    8 -3.1659344613761740e-07   1  3  0  4  0  0  0
    8  2.3099263951624103e-07   0  4  0  4  0  0  0
    8 -5.5213794677850869e-08   2  0  2  4  0  0  0
    8 -4.4272775570687229e-09   1  1  2  4  0  0  0
    8  6.0053385846897801e-08   0  2  2  4  0  0  0
    8  7.0665008316836498e-10   0  0  4  4  0  0  0
    8  2.0348255503430574e-09   2  0  1  5  0  0  0
    8  1.2047612818167947e-09   1  1  1  5  0  0  0
    8 -2.4965096561201520e-08   0  2  1  5  0  0  0
    8 -4.1337134508586728e-10   0  0  3  5  0  0  0
    8 -3.0519555589347208e-09   2  0  0  6  0  0  0
    8  1.8589817003727345e-10   1  1  0  6  0  0  0
    8  3.6406096721469120e-08   0  2  0  6  0  0  0
    8 -5.5556094146454545e-11   0  0  2  6  0  0  0
    8  3.2843320697620667e-11   0  0  1  7  0  0  0
    8  3.3520374442665957e-11   0  0  0  8  0  0  0
    8  1.2493183160588052e-07   7  0  0  0  1  0  0
    8  8.6601095378337453e-08   6  1  0  0  1  0  0
    8  1.8319410643110552e-07   5  2  0  0  1  0  0
    8  3.9480027950149906e-07   4  3  0  0  1  0  0
    8  3.9480027950149906e-07   3  4  0  0  1  0  0
    8  1.8319410643110552e-07   2  5  0  0  1  0  0
    8  8.6601095378337453e-08   1  6  0  0  1  0  0
    8  1.2493183160588052e-07   0  7  0  0  1  0  0
    8  1.2451819890814659e-07   5  0  2  0  1  0  0
    8 -2.3865263024034649e-08   4  1  2  0  1  0  0
    8 -1.8979915867071045e-07   3  2  2  0  1  0  0
    8 -1.8919439203656576e-07   2  3  2  0  1  0  0
    8 -2.0983685694831523e-07   1  4  2  0  1  0  0
    8  3.0015206748776157e-07   0  5  2  0  1  0  0
    8 -6.6033692872406417e-08   3  0  4  0  1  0  0
    8 -7.4509603553217030e-08   2  1  4  0  1  0  0
    8  3.7250875998562874e-09   1  2  4  0  1  0  0
    8  6.0078168388584376e-08   0  3  4  0  1  0  0
    8 -5.4308265234046636e-11   1  0  6  0  1  0  0
    8  5.4874321842790818e-10   0  1  6  0  1  0  0
    8  2.5803636838127331e-07   5  0  1  1  1  0  0
    8 -1.8539585903737577e-07   4  1  1  1  1  0  0
    8  1.4810252691158471e-07   3  2  1  1  1  0  0
    8  1.4810252691158471e-07   2  3  1  1  1  0  0
    8 -1.8539585903737577e-07   1  4  1  1  1  0  0
    8  2.5803636838127331e-07   0  5  1  1  1  0  0
    8  2.9628982604682641e-08   3  0  3  1  1  0  0
    8 -4.2757861685024301e-08   2  1  3  1  1  0  0
    8  7.5355316313235944e-09   1  2  3  1  1  0  0
    8  1.6372474278348124e-09   0  3  3  1  1  0  0
    8  3.2882828132462504e-10   1  0  5  1  1  0  0
    8 -1.0073332267586009e-09   0  1  5  1  1  0  0
    8  3.0015206748776157e-07   5  0  0  2  1  0  0
    8 -2.0983685694831523e-07   4  1  0  2  1  0  0
    8 -1.8919439203656576e-07   3  2  0  2  1  0  0
    8 -1.8979915867071045e-07   2  3  0  2  1  0  0
    8 -2.3865263024034649e-08   1  4  0  2  1  0  0
    8  1.2451819890814659e-07   0  5  0  2  1  0  0
    8  4.2037026426526812e-08   3  0  2  2  1  0  0
    8  9.5444588304931801e-08   2  1  2  2  1  0  0
    8  9.5444588304931801e-08   1  2  2  2  1  0  0
    8  4.2037026426526812e-08   0  3  2  2  1  0  0
    8  1.8972443375853513e-10   1  0  4  2  1  0  0
    8 -6.5046252514800063e-10   0  1  4  2  1  0  0
    8  1.6372474278348124e-09   3  0  1  3  1  0  0
    8  7.5355316313235944e-09   2  1  1  3  1  0  0
    8 -4.2757861685024301e-08   1  2  1  3  1  0  0
    8  2.9628982604682641e-08   0  3  1  3  1  0  0
    8  8.8283379566297150e-11   1  0  3  3  1  0  0
    8  8.8283379566297150e-11   0  1  3  3  1  0  0
    8  6.0078168388584376e-08   3  0  0  4  1  0  0
    8  3.7250875998562874e-09   2  1  0  4  1  0  0
    8 -7.4509603553217030e-08   1  2  0  4  1  0  0
    8 -6.6033692872406417e-08   0  3  0  4  1  0  0
    8 -6.5046252514800063e-10   1  0  2  4  1  0  0
    8  1.8972443375853513e-10   0  1  2  4  1  0  0
    8 -1.0073332267586009e-09   1  0  1  5  1  0  0
    8  3.2882828132462504e-10   0  1  1  5  1  0  0
    8  5.4874321842790818e-10   1  0  0  6  1  0  0
    8 -5.4308265234046636e-11   0  1  0  6  1  0  0
    8  1.5051294450225933e-07   6  0  0  0  2  0  0
    8 -3.7526931977406351e-07   5  1  0  0  2  0  0
    8  1.0966109751168274e-07   4  2  0  0  2  0  0
    8  3.6517214453219284e-07   3  3  0  0  2  0  0
    8  1.0966109751168274e-07   2  4  0  0  2  0  0
    8 -3.7526931977406351e-07   1  5  0  0  2  0  0
    8  1.5051294450225933e-07   0  6  0  0  2  0  0
    8  2.1361151901676367e-06   4  0  2  0  2  0  0
    8 -1.6671431161864670e-07   3  1  2  0  2  0  0
    8 -5.2463947763067397e-08   2  2  2  0  2  0  0
    8 -1.6318277102168828e-07   1  3  2  0  2  0  0
    8  2.1199736503490942e-07   0  4  2  0  2  0  0
    8 -1.6583737267204454e-09   2  0  4  0  2  0  0
    8 -3.5693245844104815e-09   1  1  4  0  2  0  0
    8  1.4707094574262557e-08   0  2  4  0  2  0  0
    8  1.1786676778529356e-10   0  0  6  0  2  0  0
    8  9.1058491899014500e-08   4  0  1  1  2  0  0
    8  2.3000759880495124e-08   3  1  1  1  2  0  0
    8 -5.9860164132748983e-08   2  2  1  1  2  0  0
    8  2.3000759880495124e-08   1  3  1  1  2  0  0
    8  9.1058491899014500e-08   0  4  1  1  2  0  0
    8 -6.3252785094422996e-09   2  0  3  1  2  0  0
    8  1.3184849300611270e-08   1  1  3  1  2  0  0
    8 -1.4920451824111990e-08   0  2  3  1  2  0  0
    8  1.8554615256913557e-10   0  0  5  1  2  0  0
    8  2.1199736503490942e-07   4  0  0  2  2  0  0
    8 -1.6318277102168828e-07   3  1  0  2  2  0  0
    8 -5.2463947763067397e-08   2  2  0  2  2  0  0
    8 -1.6671431161864670e-07   1  3  0  2  2  0  0
    8  2.1361151901676367e-06   0  4  0  2  2  0  0
    8  1.5588340346794644e-08   2  0  2  2  2  0  0
    8 -1.9796745061937057e-08   1  1  2  2  2  0  0
    8  1.5588340346794644e-08   0  2  2  2  2  0  0
    8  2.9138137308166394e-10   0  0  4  2  2  0  0
    8 -1.4920451824111990e-08   2  0  1  3  2  0  0
    8  1.3184849300611270e-08   1  1  1  3  2  0  0
    8 -6.3252785094422996e-09   0  2  1  3  2  0  0
    8 -8.7749739585004905e-10   0  0  3  3  2  0  0
    8  1.4707094574262557e-08   2  0  0  4  2  0  0
    8 -3.5693245844104815e-09   1  1  0  4  2  0  0
    8 -1.6583737267204454e-09   0  2  0  4  2  0  0
    8  2.9138137308166394e-10   0  0  2  4  2  0  0
    8  1.8554615256913557e-10   0  0  1  5  2  0  0
    8  1.1786676778529356e-10   0  0  0  6  2  0  0
    8  1.9351112879341730e-07   5  0  0  0  3  0  0
    8 -4.9464158456579316e-08   4  1  0  0  3  0  0
    8  1.0513742778964978e-07   3  2  0  0  3  0  0
    8  1.0513742778964978e-07   2  3  0  0  3  0  0
    8 -4.9464158456579316e-08   1  4  0  0  3  0  0
    8  1.9351112879341730e-07   0  5  0  0  3  0  0
    8  3.0336199418212156e-08   3  0  2  0  3  0  0
    8 -1.1358163775874721e-08   2  1  2  0  3  0  0
    8 -4.0741060511954257e-08   1  2  2  0  3  0  0
    8  3.6792669417216151e-08   0  3  2  0  3  0  0
    8 -1.1221408782910134e-09   1  0  4  0  3  0  0
    8 -2.0875279420644733e-09   0  1  4  0  3  0  0
    8 -1.5269224918281558e-08   3  0  1  1  3  0  0
    8  6.2261473693132407e-08   2  1  1  1  3  0  0
    8  6.2261473693132407e-08   1  2  1  1  3  0  0
    8 -1.5269224918281558e-08   0  3  1  1  3  0  0
    8 -1.1680026387342446e-09   1  0  3  1  3  0  0
    8 -2.4600227593761903e-10   0  1  3  1  3  0  0
    8  3.6792669417216151e-08   3  0  0  2  3  0  0
    8 -4.0741060511954257e-08   2  1  0  2  3  0  0
    8 -1.1358163775874721e-08   1  2  0  2  3  0  0
    8  3.0336199418212156e-08   0  3  0  2  3  0  0
    8  5.2431443120369775e-09   1  0  2  2  3  0  0
    8  5.2431443120369775e-09   0  1  2  2  3  0  0
    8 -2.4600227593761903e-10   1  0  1  3  3  0  0
    8 -1.1680026387342446e-09   0  1  1  3  3  0  0
    8 -2.0875279420644733e-09   1  0  0  4  3  0  0
    8 -1.1221408782910134e-09   0  1  0  4  3  0  0
    8 -3.9682683986861782e-10   4  0  0  0  4  0  0
    8 -2.8784091109682866e-08   3  1  0  0  4  0  0
    8 -5.4840774718409474e-08   2  2  0  0  4  0  0
    8 -2.8784091109682866e-08   1  3  0  0  4  0  0
    8 -3.9682683986861782e-10   0  4  0  0  4  0  0
    8 -5.7635703393413550e-09   2  0  2  0  4  0  0
    8  2.3812815017157688e-08   1  1  2  0  4  0  0
    8 -9.5229466478029544e-09   0  2  2  0  4  0  0
    8  1.5267413332186790e-10   0  0  4  0  4  0  0
    8 -7.5161852218665629e-09   2  0  1  1  4  0  0
    8 -6.4493711899511197e-08   1  1  1  1  4  0  0
    8 -7.5161852218665629e-09   0  2  1  1  4  0  0
    8  1.3918289169565443e-09   0  0  3  1  4  0  0
    8 -9.5229466478029544e-09   2  0  0  2  4  0  0
    8  2.3812815017157688e-08   1  1  0  2  4  0  0
    8 -5.7635703393413550e-09   0  2  0  2  4  0  0
    8 -2.5804746396236699e-09   0  0  2  2  4  0  0
    8  1.3918289169565443e-09   0  0  1  3  4  0  0
    8  1.5267413332186790e-10   0  0  0  4  4  0  0
    8 -1.1711764849225682e-08   3  0  0  0  5  0  0
    8  6.6022007993432169e-08   2  1  0  0  5  0  0
    8  6.6022007993432169e-08   1  2  0  0  5  0  0
    8 -1.1711764849225682e-08   0  3  0  0  5  0  0
    8 -7.2900665957183899e-09   1  0  2  0  5  0  0
    8 -2.1803948713132966e-09   0  1  2  0  5  0  0
    8  7.3493246817920014e-09   1  0  1  1  5  0  0
    8  7.3493246817920014e-09   0  1  1  1  5  0  0
    8 -2.1803948713132966e-09   1  0  0  2  5  0  0
    8 -7.2900665957183899e-09   0  1  0  2  5  0  0
    8 -1.3747532072075140e-09   2  0  0  0  6  0  0
    8 -6.3739033266568296e-08   1  1  0  0  6  0  0
    8 -1.3747532072075140e-09   0  2  0  0  6  0  0
    8 -3.1452544280030724e-09   0  0  2  0  6  0  0
    8 -5.7514940066762243e-09   0  0  1  1  6  0  0
    8 -3.1452544280030724e-09   0  0  0  2  6  0  0
    8  4.8222217331230197e-23   1  0  0  0  7  0  0
    8  4.8222217331230197e-23   0  1  0  0  7  0  0
    8 -5.2932734407010905e-09   0  0  0  0  8  0  0
 -661  0.0000000000000000e+00   0  0  0  0  0  0  0

tpsa, NO = 8, NV = 7, INA = 50240
------------------------------------------------------------------

   |I|         a                i  i  i  i  i  i  i
                I                1  2  3  4  5  6  7

    2 -2.8856186057808049e-10   1  1  0  0  0  0  0
    2 -7.1513244503643462e-11   0  0  1  1  0  0  0
    2  7.7570662181414564e-09   0  0  0  0  2  0  0
    3 -8.7619349225047508e-14   3  0  0  0  0  0  0
    3 -1.0790593711474704e-13   2  1  0  0  0  0  0
    3 -1.0790593711474704e-13   1  2  0  0  0  0  0
    3 -8.7619349225047508e-14   0  3  0  0  0  0  0
    3  1.6957179711146322e-13   1  0  2  0  0  0  0
    3  7.1174255395772070e-15   0  1  2  0  0  0  0
    3 -4.3826372829565066e-14   1  0  1  1  0  0  0
    3 -4.3826372829565066e-14   0  1  1  1  0  0  0
    3  7.1174255395772070e-15   1  0  0  2  0  0  0
    3  1.6957179711146322e-13   0  1  0  2  0  0  0
    3 -7.5949489125389014e-13   2  0  0  0  1  0  0
    3 -1.4052536192494512e-21   1  1  0  0  1  0  0
    3 -7.5949489125389014e-13   0  2  0  0  1  0  0
    3  1.1660590705860896e-13   0  0  2  0  1  0  0
    3 -3.9767108338665677e-22   0  0  1  1  1  0  0
    3  1.1660590705860896e-13   0  0  0  2  1  0  0
    3 -3.1565106280687934e-13   0  0  0  0  3  0  0
    4 -2.0724461907057611e-16   4  0  0  0  0  0  0
    4 -1.8830118859404385e-17   3  1  0  0  0  0  0
    4 -1.6732466478777817e-16   2  2  0  0  0  0  0
    4 -1.8830118859404385e-17   1  3  0  0  0  0  0
    4 -2.0724461907057611e-16   0  4  0  0  0  0  0
    4 -7.2621857664137779e-17   2  0  2  0  0  0  0
    4  9.8259000616100220e-17   1  1  2  0  0  0  0
    4 -2.4680554546602025e-17   0  2  2  0  0  0  0
    4  2.0199193955362703e-17   0  0  4  0  0  0  0
    4 -8.9725669271583635e-17   2  0  1  1  0  0  0
    4 -3.7030903900342243e-16   1  1  1  1  0  0  0
    4 -8.9725669271583635e-17   0  2  1  1  0  0  0
    4 -1.0208429955445892e-17   0  0  3  1  0  0  0
    4 -2.4680554546602025e-17   2  0  0  2  0  0  0
    4  9.8259000616100220e-17   1  1  0  2  0  0  0
    4 -7.2621857664137779e-17   0  2  0  2  0  0  0
    4 -5.7847458525800869e-17   0  0  2  2  0  0  0
    4 -1.0208429955445892e-17   0  0  1  3  0  0  0
    4  2.0199193955362703e-17   0  0  0  4  0  0  0
    4  3.3607766716586604e-16   3  0  0  0  1  0  0
    4 -2.1715714756527556e-15   2  1  0  0  1  0  0
    4 -2.1715714756527556e-15   1  2  0  0  1  0  0
    4  3.3607766716586604e-16   0  3  0  0  1  0  0
    4  3.4898786746173184e-17   1  0  2  0  1  0  0
    4  4.2377490366161981e-16   0  1  2  0  1  0  0
    4 -9.5784960052590265e-16   1  0  1  1  1  0  0
    4 -9.5784960052590265e-16   0  1  1  1  1  0  0
    4  4.2377490366161981e-16   1  0  0  2  1  0  0
    4  3.4898786746173184e-17   0  1  0  2  1  0  0
    4 -8.4780073199927310e-15   2  0  0  0  2  0  0
    4 -1.2731590578809208e-15   1  1  0  0  2  0  0
    4 -8.4780073199927310e-15   0  2  0  0  2  0  0
    4  4.0402440931755718e-15   0  0  2  0  2  0  0
    4 -7.9110984290703327e-16   0  0  1  1  2  0  0
    4  4.0402440931755718e-15   0  0  0  2  2  0  0
    4  1.3740422129091394e-13   0  0  0  0  4  0  0
    5  7.3494118341673506e-19   5  0  0  0  0  0  0
    5 -4.2714227424265589e-19   4  1  0  0  0  0  0
    5 -1.4409594259972214e-19   3  2  0  0  0  0  0
    5 -1.4409594259972214e-19   2  3  0  0  0  0  0
    5 -4.2714227424265589e-19   1  4  0  0  0  0  0
    5  7.3494118341673506e-19   0  5  0  0  0  0  0
    5  2.8563076912971585e-19   3  0  2  0  0  0  0
    5 -7.9390335538118366e-20   2  1  2  0  0  0  0
    5 -2.6654018253166112e-21   1  2  2  0  0  0  0
    5  1.4302212874349081e-19   0  3  2  0  0  0  0
    5 -6.4482801694202001e-20   1  0  4  0  0  0  0
    5 -2.2075986889723639e-22   0  1  4  0  0  0  0
    5 -1.8056986017280897e-19   3  0  1  1  0  0  0
    5  3.8760766608004243e-19   2  1  1  1  0  0  0
    5  3.8760766608004243e-19   1  2  1  1  0  0  0
    5 -1.8056986017280897e-19   0  3  1  1  0  0  0
    5 -2.9743783121654513e-22   1  0  3  1  0  0  0
    5 -3.8867850787918098e-20   0  1  3  1  0  0  0
    5  1.4302212874349081e-19   3  0  0  2  0  0  0
    5 -2.6654018253166112e-21   2  1  0  2  0  0  0
    5 -7.9390335538118366e-20   1  2  0  2  0  0  0
    5  2.8563076912971585e-19   0  3  0  2  0  0  0
    5  1.6243228094683995e-19   1  0  2  2  0  0  0
    5  1.6243228094683995e-19   0  1  2  2  0  0  0
    5 -3.8867850787918098e-20   1  0  1  3  0  0  0
    5 -2.9743783121654513e-22   0  1  1  3  0  0  0
    5 -2.2075986889723639e-22   1  0  0  4  0  0  0
    5 -6.4482801694202001e-20   0  1  0  4  0  0  0
    5 -3.5511697465302775e-18   4  0  0  0  1  0  0
    5 -1.6434131257166235e-18   3  1  0  0  1  0  0
    5  2.8067166017737779e-18   2  2  0  0  1  0  0
    5 -1.6434131257166235e-18   1  3  0  0  1  0  0
    5 -3.5511697465302775e-18   0  4  0  0  1  0  0
    5  4.8161291097868900e-19   2  0  2  0  1  0  0
    5  3.5784128328340865e-20   1  1  2  0  1  0  0
    5 -1.1527457788449007e-19   0  2  2  0  1  0  0
    5 -1.2994218252388837e-19   0  0  4  0  1  0  0
    5 -3.5568996788235421e-19   2  0  1  1  1  0  0
    5 -1.3569722436978419e-18   1  1  1  1  1  0  0
    5 -3.5568996788235421e-19   0  2  1  1  1  0  0
    5  8.6598970664487702e-20   0  0  3  1  1  0  0
    5 -1.1527457788449007e-19   2  0  0  2  1  0  0
    5  3.5784128328340865e-20   1  1  0  2  1  0  0
    5  4.8161291097868900e-19   0  2  0  2  1  0  0
    5  2.2369954864334527e-19   0  0  2  2  1  0  0
    5  8.6598970664487702e-20   0  0  1  3  1  0  0
    5 -1.2994218252388837e-19   0  0  0  4  1  0  0
    5  6.8321934593277614e-18   3  0  0  0  2  0  0
    5 -2.7421614870436141e-17   2  1  0  0  2  0  0
    5 -2.7421614870436141e-17   1  2  0  0  2  0  0
    5  6.8321934593277614e-18   0  3  0  0  2  0  0
    5  9.6786656149419141e-20   1  0  2  0  2  0  0
    5  2.8730107005755341e-19   0  1  2  0  2  0  0
    5 -7.8617259834129067e-18   1  0  1  1  2  0  0
    5 -7.8617259834129067e-18   0  1  1  1  2  0  0
    5  2.8730107005755341e-19   1  0  0  2  2  0  0
    5  9.6786656149419141e-20   0  1  0  2  2  0  0
    5  5.8457392298339675e-18   2  0  0  0  3  0  0
    5  1.2989519193833552e-19   1  1  0  0  3  0  0
    5  5.8457392298339675e-18   0  2  0  0  3  0  0
    5 -1.8220208637399288e-17   0  0  2  0  3  0  0
    5 -2.8358230996808884e-17   0  0  1  1  3  0  0
    5 -1.8220208637399288e-17   0  0  0  2  3  0  0
    5 -6.8520280586176118e-16   0  0  0  0  5  0  0
    6 -1.4222787756705277e-21   6  0  0  0  0  0  0
    6  3.0481921596829508e-21   5  1  0  0  0  0  0
    6  8.1289221144052088e-22   4  2  0  0  0  0  0
    6 -2.0562854755637496e-21   3  3  0  0  0  0  0
    6  8.1289221144052088e-22   2  4  0  0  0  0  0
    6  3.0481921596829508e-21   1  5  0  0  0  0  0
    6 -1.4222787756705277e-21   0  6  0  0  0  0  0
    6 -7.4330758384326436e-21   4  0  2  0  0  0  0
    6 -1.2434263997413334e-22   3  1  2  0  0  0  0
    6  3.0094292810094446e-22   2  2  2  0  0  0  0
    6  3.0697595868943490e-22   1  3  2  0  0  0  0
    6 -1.2695424146532719e-21   0  4  2  0  0  0  0
    6  1.4457645407799420e-22   2  0  4  0  0  0  0
    6 -1.3531448742042837e-23   1  1  4  0  0  0  0
    6 -4.1611785153080823e-23   0  2  4  0  0  0  0
    6 -1.0539910760594385e-23   0  0  6  0  0  0  0
    6 -1.8529654662287386e-22   4  0  1  1  0  0  0
    6 -7.3365332548934465e-22   3  1  1  1  0  0  0
    6 -5.9544936591350772e-22   2  2  1  1  0  0  0
    6 -7.3365332548934465e-22   1  3  1  1  0  0  0
    6 -1.8529654662287386e-22   0  4  1  1  0  0  0
    6 -4.2786240572993786e-23   2  0  3  1  0  0  0
    6 -7.9687136598825844e-23   1  1  3  1  0  0  0
    6  1.8716904389831500e-22   0  2  3  1  0  0  0
    6  1.7900376576751283e-24   0  0  5  1  0  0  0
    6 -1.2695424146532719e-21   4  0  0  2  0  0  0
    6  3.0697595868943490e-22   3  1  0  2  0  0  0
    6  3.0094292810094446e-22   2  2  0  2  0  0  0
    6 -1.2434263997413334e-22   1  3  0  2  0  0  0
    6 -7.4330758384326436e-21   0  4  0  2  0  0  0
    6 -3.4034965884296068e-22   2  0  2  2  0  0  0
    6  4.5594080417477530e-23   1  1  2  2  0  0  0
    6 -3.4034965884296068e-22   0  2  2  2  0  0  0
    6  2.5349121270146800e-23   0  0  4  2  0  0  0
    6  1.8716904389831500e-22   2  0  1  3  0  0  0
    6 -7.9687136598825844e-23   1  1  1  3  0  0  0
    6 -4.2786240572993786e-23   0  2  1  3  0  0  0
    6 -5.4653299666286434e-23   0  0  3  3  0  0  0
    6 -4.1611785153080823e-23   2  0  0  4  0  0  0
    6 -1.3531448742042837e-23   1  1  0  4  0  0  0
    6  1.4457645407799420e-22   0  2  0  4  0  0  0
    6  2.5349121270146800e-23   0  0  2  4  0  0  0
    6  1.7900376576751283e-24   0  0  1  5  0  0  0
    6 -1.0539910760594385e-23   0  0  0  6  0  0  0
    6  4.1280990975677486e-20   5  0  0  0  1  0  0
    6 -5.9393323340536390e-21   4  1  0  0  1  0  0
    6 -1.1595236898506100e-21   3  2  0  0  1  0  0
    6 -1.1595236898506100e-21   2  3  0  0  1  0  0
    6 -5.9393323340536390e-21   1  4  0  0  1  0  0
    6  4.1280990975677486e-20   0  5  0  0  1  0  0
    6 -2.0675385820777850e-21   3  0  2  0  1  0  0
    6 -6.8867693991234817e-22   2  1  2  0  1  0  0
    6  7.6949221771996851e-22   1  2  2  0  1  0  0
    6  4.6278908652849679e-21   0  3  2  0  1  0  0
    6  1.9745810581696963e-22   1  0  4  0  1  0  0
    6 -2.0829287018676151e-22   0  1  4  0  1  0  0
    6 -3.9687834060489374e-21   3  0  1  1  1  0  0
    6  7.0064506512285344e-23   2  1  1  1  1  0  0
    6  7.0064506512285344e-23   1  2  1  1  1  0  0
    6 -3.9687834060489374e-21   0  3  1  1  1  0  0
    6 -1.9705747476346530e-22   1  0  3  1  1  0  0
    6  5.1873907146286158e-22   0  1  3  1  1  0  0
    6  4.6278908652849679e-21   3  0  0  2  1  0  0
    6  7.6949221771996851e-22   2  1  0  2  1  0  0
    6 -6.8867693991234817e-22   1  2  0  2  1  0  0
    6 -2.0675385820777850e-21   0  3  0  2  1  0  0
    6 -7.0608899813578147e-22   1  0  2  2  1  0  0
    6 -7.0608899813578147e-22   0  1  2  2  1  0  0
    6  5.1873907146286158e-22   1  0  1  3  1  0  0
    6 -1.9705747476346530e-22   0  1  1  3  1  0  0
    6 -2.0829287018676151e-22   1  0  0  4  1  0  0
    6  1.9745810581696963e-22   0  1  0  4  1  0  0
    6  1.5674101012159120e-19   4  0  0  0  2  0  0
    6 -4.9188573805532619e-20   3  1  0  0  2  0  0
    6 -9.7197121564326828e-20   2  2  0  0  2  0  0
    6 -4.9188573805532619e-20   1  3  0  0  2  0  0
    6  1.5674101012159120e-19   0  4  0  0  2  0  0
    6  6.9497927670232655e-21   2  0  2  0  2  0  0
    6  4.4827669162459102e-21   1  1  2  0  2  0  0
    6 -9.9530777370950055e-21   0  2  2  0  2  0  0
    6 -1.5333491376564676e-21   0  0  4  0  2  0  0
    6  1.4797324855701554e-20   2  0  1  1  2  0  0
    6  5.6930911376135547e-21   1  1  1  1  2  0  0
    6  1.4797324855701554e-20   0  2  1  1  2  0  0
    6 -1.7071884027029620e-22   0  0  3  1  2  0  0
    6 -9.9530777370950055e-21   2  0  0  2  2  0  0
    6  4.4827669162459102e-21   1  1  0  2  2  0  0
    6  6.9497927670232655e-21   0  2  0  2  2  0  0
    6  5.4927288957541267e-21   0  0  2  2  2  0  0
    6 -1.7071884027029620e-22   0  0  1  3  2  0  0
    6 -1.5333491376564676e-21   0  0  0  4  2  0  0
    6 -3.7759748070923109e-19   3  0  0  0  3  0  0
    6  6.0196323174059628e-19   2  1  0  0  3  0  0
    6  6.0196323174059628e-19   1  2  0  0  3  0  0
    6 -3.7759748070923109e-19   0  3  0  0  3  0  0
    6  1.3605100004205380e-20   1  0  2  0  3  0  0
    6 -5.6787354187860958e-21   0  1  2  0  3  0  0
    6  7.7989791599184378e-20   1  0  1  1  3  0  0
    6  7.7989791599184378e-20   0  1  1  1  3  0  0
    6 -5.6787354187860958e-21   1  0  0  2  3  0  0
    6  1.3605100004205380e-20   0  1  0  2  3  0  0
    6  1.3493010734851577e-19   2  0  0  0  4  0  0
    6 -3.1136707728476708e-18   1  1  0  0  4  0  0
    6  1.3493010734851577e-19   0  2  0  0  4  0  0
    6 -6.6164075705232410e-20   0  0  2  0  4  0  0
    6  5.2537914454785070e-20   0  0  1  1  4  0  0
    6 -6.6164075705232410e-20   0  0  0  2  4  0  0
    6 -6.3589352790561363e-18   0  0  0  0  6  0  0
    7  2.3846685948335418e-24   7  0  0  0  0  0  0
    7 -2.2294273853584190e-24   6  1  0  0  0  0  0
    7  1.7511124009710343e-24   5  2  0  0  0  0  0
    7  6.2490433303837133e-24   4  3  0  0  0  0  0
    7  6.2490433303837133e-24   3  4  0  0  0  0  0
    7  1.7511124009710343e-24   2  5  0  0  0  0  0
    7 -2.2294273853584190e-24   1  6  0  0  0  0  0
    7  2.3846685948335418e-24   0  7  0  0  0  0  0
    7  1.4905034652704499e-23   5  0  2  0  0  0  0
    7 -2.0598724045506465e-23   4  1  2  0  0  0  0
    7 -1.0708627740095663e-23   3  2  2  0  0  0  0
    7 -4.7068395659079369e-25   2  3  2  0  0  0  0
    7 -4.1301130929947190e-24   1  4  2  0  0  0  0
    7  4.2048635332635344e-24   0  5  2  0  0  0  0
    7 -8.4830787763454130e-24   3  0  4  0  0  0  0
    7  3.5466589106044124e-25   2  1  4  0  0  0  0
    7 -1.6086129169838827e-25   1  2  4  0  0  0  0
    7  9.2517785173986820e-25   0  3  4  0  0  0  0
    7 -2.4832456987546761e-23   5  0  1  1  0  0  0
    7  1.8375495420275447e-23   4  1  1  1  0  0  0
    7 -1.9551869450129051e-24   3  2  1  1  0  0  0
    7 -1.9551869450129051e-24   2  3  1  1  0  0  0
    7  1.8375495420275447e-23   1  4  1  1  0  0  0
    7 -2.4832456987546761e-23   0  5  1  1  0  0  0
    7 -4.6911989774812241e-24   3  0  3  1  0  0  0
    7  2.6296990709248312e-25   2  1  3  1  0  0  0
    7  6.2951928841144801e-25   1  2  3  1  0  0  0
    7 -1.8706356391255357e-25   0  3  3  1  0  0  0
    7  4.2048635332635344e-24   5  0  0  2  0  0  0
    7 -4.1301130929947190e-24   4  1  0  2  0  0  0
    7 -4.7068395659079369e-25   3  2  0  2  0  0  0
    7 -1.0708627740095663e-23   2  3  0  2  0  0  0
    7 -2.0598724045506465e-23   1  4  0  2  0  0  0
    7  1.4905034652704499e-23   0  5  0  2  0  0  0
    7  1.1175333844432329e-23   3  0  2  2  0  0  0
    7 -5.5256323328644489e-25   2  1  2  2  0  0  0
    7 -5.5256323328644489e-25   1  2  2  2  0  0  0
    7  1.1175333844432329e-23   0  3  2  2  0  0  0
    7 -1.8706356391255357e-25   3  0  1  3  0  0  0
    7  6.2951928841144801e-25   2  1  1  3  0  0  0
    7  2.6296990709248312e-25   1  2  1  3  0  0  0
    7 -4.6911989774812241e-24   0  3  1  3  0  0  0
    7  9.2517785173986820e-25   3  0  0  4  0  0  0
    7 -1.6086129169838827e-25   2  1  0  4  0  0  0
    7  3.5466589106044124e-25   1  2  0  4  0  0  0
    7 -8.4830787763454130e-24   0  3  0  4  0  0  0
    7 -7.1886486013408376e-23   6  0  0  0  1  0  0
    7  1.7663832719369220e-22   5  1  0  0  1  0  0
    7  7.7066547940262752e-23   4  2  0  0  1  0  0
    7 -1.4815913971887265e-23   3  3  0  0  1  0  0
    7  7.7066547940262752e-23   2  4  0  0  1  0  0
    7  1.7663832719369220e-22   1  5  0  0  1  0  0
    7 -7.1886486013408376e-23   0  6  0  0  1  0  0
    7 -8.8546113803215601e-24   4  0  2  0  1  0  0
    7 -7.2500391118092006e-23   3  1  2  0  1  0  0
    7 -2.1156798737102499e-24   2  2  2  0  1  0  0
    7 -7.5549686046595292e-23   0  4  2  0  1  0  0
    7 -1.7950904493042240e-24   2  0  4  0  1  0  0
    7 -3.0609407487832396e-25   1  1  4  0  1  0  0
    7 -2.2861384150569176e-24   0  2  4  0  1  0  0
    7 -1.3002224863251049e-23   4  0  1  1  1  0  0
    7 -1.3106287411117749e-23   3  1  1  1  1  0  0
    7  6.2904711770055104e-24   2  2  1  1  1  0  0
    7 -1.3106287411117749e-23   1  3  1  1  1  0  0
    7 -1.3002224863251049e-23   0  4  1  1  1  0  0
    7  1.0328257819348408e-24   2  0  3  1  1  0  0
    7  6.2238365731265364e-25   1  1  3  1  1  0  0
    7  3.1314604537726732e-24   0  2  3  1  1  0  0
    7 -7.5549686046595292e-23   4  0  0  2  1  0  0
    7 -2.1156798737102499e-24   2  2  0  2  1  0  0
    7 -7.2500391118092006e-23   1  3  0  2  1  0  0
    7 -8.8546113803215601e-24   0  4  0  2  1  0  0
    7 -1.3376464508763576e-24   1  1  2  2  1  0  0
    7 -1.8146139973525134e-25   0  0  4  2  1  0  0
    7  3.1314604537726732e-24   2  0  1  3  1  0  0
    7  6.2238365731265364e-25   1  1  1  3  1  0  0
    7  1.0328257819348408e-24   0  2  1  3  1  0  0
    7  4.3711487384222119e-25   0  0  3  3  1  0  0
    7 -2.2861384150569176e-24   2  0  0  4  1  0  0
    7 -3.0609407487832396e-25   1  1  0  4  1  0  0
    7 -1.7950904493042240e-24   0  2  0  4  1  0  0
    7 -1.8146139973525134e-25   0  0  2  4  1  0  0
    7 -8.3693856523701725e-22   5  0  0  0  2  0  0
    7  9.3216541837163651e-22   4  1  0  0  2  0  0
    7 -8.4634211287408198e-23   3  2  0  0  2  0  0
    7 -8.4634211287408198e-23   2  3  0  0  2  0  0
    7  9.3216541837163651e-22   1  4  0  0  2  0  0
    7 -8.3693856523701725e-22   0  5  0  0  2  0  0
    7 -9.5680195962759914e-23   3  0  2  0  2  0  0
    7  1.9893083082818316e-23   2  1  2  0  2  0  0
    7  5.7319964729697136e-23   1  2  2  0  2  0  0
    7 -1.7646413173588069e-22   0  3  2  0  2  0  0
    7  4.3517280566193768e-24   1  0  4  0  2  0  0
    7  3.7374040712685324e-24   0  1  4  0  2  0  0
    7  1.0566132716692171e-22   3  0  1  1  2  0  0
    7 -1.4319000378289393e-22   2  1  1  1  2  0  0
    7 -1.4319000378289393e-22   1  2  1  1  2  0  0
    7  1.0566132716692171e-22   0  3  1  1  2  0  0
    7  1.6050223876731138e-24   1  0  3  1  2  0  0
    7 -2.4576659882983027e-25   0  1  3  1  2  0  0
    7 -1.7646413173588069e-22   3  0  0  2  2  0  0
    7  5.7319964729697136e-23   2  1  0  2  2  0  0
    7  1.9893083082818316e-23   1  2  0  2  2  0  0
    7 -9.5680195962759914e-23   0  3  0  2  2  0  0
    7 -1.0587140931801239e-23   1  0  2  2  2  0  0
    7 -1.0587140931801239e-23   0  1  2  2  2  0  0
    7 -2.4576659882983027e-25   1  0  1  3  2  0  0
    7  1.6050223876731138e-24   0  1  1  3  2  0  0
    7  3.7374040712685324e-24   1  0  0  4  2  0  0
    7  4.3517280566193768e-24   0  1  0  4  2  0  0
    7 -1.3773600142808159e-21   4  0  0  0  3  0  0
    7  1.2608525635384036e-21   3  1  0  0  3  0  0
    7  1.2648455998822851e-21   2  2  0  0  3  0  0
    7  1.2608525635384036e-21   1  3  0  0  3  0  0
    7 -1.3773600142808159e-21   0  4  0  0  3  0  0
    7 -8.4090085626569817e-23   2  0  2  0  3  0  0
    7 -3.2754092224504006e-22   1  1  2  0  3  0  0
    7  3.0324029473802485e-22   0  2  2  0  3  0  0
    7  1.0097952574385536e-23   0  0  4  0  3  0  0
    7 -1.5298208943132546e-22   2  0  1  1  3  0  0
    7  5.6389495405907935e-22   1  1  1  1  3  0  0
    7 -1.5298208943132546e-22   0  2  1  1  3  0  0
    7  1.9647894862022645e-24   0  0  3  1  3  0  0
    7  3.0324029473802485e-22   2  0  0  2  3  0  0
    7 -3.2754092224504006e-22   1  1  0  2  3  0  0
    7 -8.4090085626569817e-23   0  2  0  2  3  0  0
    7 -5.4841852132444738e-23   0  0  2  2  3  0  0
    7  1.9647894862022645e-24   0  0  1  3  3  0  0
    7  1.0097952574385536e-23   0  0  0  4  3  0  0
    7  4.9524698389907420e-21   3  0  0  0  4  0  0
    7 -1.1862512932274621e-20   2  1  0  0  4  0  0
    7 -1.1862512932274621e-20   1  2  0  0  4  0  0
    7  4.9524698389907420e-21   0  3  0  0  4  0  0
    7  4.3267445023572382e-22   1  0  2  0  4  0  0
    7  1.2580162917798633e-22   0  1  2  0  4  0  0
    7 -5.4664432550063407e-22   1  0  1  1  4  0  0
    7 -5.4664432550063407e-22   0  1  1  1  4  0  0
    7  1.2580162917798633e-22   1  0  0  2  4  0  0
    7  4.3267445023572382e-22   0  1  0  2  4  0  0
    7 -2.3270826083764431e-22   2  0  0  0  5  0  0
    7  6.7700110212831914e-20   1  1  0  0  5  0  0
    7 -2.3270826083764431e-22   0  2  0  0  5  0  0
    7  2.3139905725025243e-21   0  0  2  0  5  0  0
    7  4.3011545763611340e-21   0  0  1  1  5  0  0
    7  2.3139905725025243e-21   0  0  0  2  5  0  0
    7  2.0787178711370167e-19   0  0  0  0  7  0  0
    8  3.1165616761216860e-25   5  1  2  0  0  0  0
    8 -1.6001976337890891e-25   5  1  1  1  0  0  0
    8 -1.6001976337890891e-25   1  5  1  1  0  0  0
    8  3.1165616761216860e-25   1  5  0  2  0  0  0
    8  1.5568865951138536e-25   7  0  0  0  1  0  0
    8  1.0792132219917244e-25   6  1  0  0  1  0  0
    8  2.2829445861820205e-25   5  2  0  0  1  0  0
    8  4.9199571878697618e-25   4  3  0  0  1  0  0
    8  4.9199571878697618e-25   3  4  0  0  1  0  0
    8  2.2829445861820205e-25   2  5  0  0  1  0  0
    8  1.0792132219917244e-25   1  6  0  0  1  0  0
    8  1.5568865951138536e-25   0  7  0  0  1  0  0
    8  1.3040022691996788e-25   5  0  2  0  1  0  0
    8 -1.9876494823167874e-25   3  2  2  0  1  0  0
    8 -1.9813161344995525e-25   2  3  2  0  1  0  0
    8 -2.1974919330802287e-25   1  4  2  0  1  0  0
    8  3.1433074084033272e-25   0  5  2  0  1  0  0
    8  2.7022556771274539e-25   5  0  1  1  1  0  0
    8 -1.9415364421011143e-25   4  1  1  1  1  0  0
    8  1.5509863848044923e-25   3  2  1  1  1  0  0
    8  1.5509863848044923e-25   2  3  1  1  1  0  0
    8 -1.9415364421011143e-25   1  4  1  1  1  0  0
    8  2.7022556771274539e-25   0  5  1  1  1  0  0
    8  3.1433074084033272e-25   5  0  0  2  1  0  0
    8 -2.1974919330802287e-25   4  1  0  2  1  0  0
    8 -1.9813161344995525e-25   3  2  0  2  1  0  0
    8 -1.9876494823167874e-25   2  3  0  2  1  0  0
    8  1.3040022691996788e-25   0  5  0  2  1  0  0
    8  1.2316820294027979e-24   6  0  0  0  2  0  0
    8 -3.0709151221540805e-24   5  1  0  0  2  0  0
    8  8.9738197320098288e-25   4  2  0  0  2  0  0
    8  2.9882876157009308e-24   3  3  0  0  2  0  0
    8  8.9738197320098288e-25   2  4  0  0  2  0  0
    8 -3.0709151221540805e-24   1  5  0  0  2  0  0
    8  1.2316820294027979e-24   0  6  0  0  2  0  0
    8  1.4689637072309895e-23   4  0  2  0  2  0  0
    8 -1.1464609884852266e-24   3  1  2  0  2  0  0
    8 -3.6078407923291996e-25   2  2  2  0  2  0  0
    8 -1.1221752898888992e-24   1  3  2  0  2  0  0
    8  1.4578634930284014e-24   0  4  2  0  2  0  0
    8  6.2619104274213833e-25   4  0  1  1  2  0  0
    8  1.5817162697359214e-25   3  1  1  1  2  0  0
    8 -4.1164638042294782e-25   2  2  1  1  2  0  0
    8  1.5817162697359214e-25   1  3  1  1  2  0  0
    8  6.2619104274213833e-25   0  4  1  1  2  0  0
    8  1.4578634930284014e-24   4  0  0  2  2  0  0
    8 -1.1221752898888992e-24   3  1  0  2  2  0  0
    8 -3.6078407923291996e-25   2  2  0  2  2  0  0
    8 -1.1464609884852266e-24   1  3  0  2  2  0  0
    8  1.4689637072309895e-23   0  4  0  2  2  0  0
    8 -1.1440416424932646e-25   1  1  2  2  2  0  0
    8  1.0398521164104394e-23   5  0  0  0  3  0  0
    8 -2.6580078457629780e-24   4  1  0  0  3  0  0
    8  5.6496687029162776e-24   3  2  0  0  3  0  0
    8  5.6496687029162776e-24   2  3  0  0  3  0  0
    8 -2.6580078457629780e-24   1  4  0  0  3  0  0
    8  1.0398521164104394e-23   0  5  0  0  3  0  0
    8  1.3698986859099938e-24   3  0  2  0  3  0  0
    8 -5.1290319582947493e-25   2  1  2  0  3  0  0
    8 -1.8397533747882670e-24   1  2  2  0  3  0  0
    8  1.6614549763114538e-24   0  3  2  0  3  0  0
    8 -6.8951587712271127e-25   3  0  1  1  3  0  0
    8  2.8115555880687296e-24   2  1  1  1  3  0  0
    8  2.8115555880687296e-24   1  2  1  1  3  0  0
    8 -6.8951587712271127e-25   0  3  1  1  3  0  0
    8  1.6614549763114538e-24   3  0  0  2  3  0  0
    8 -1.8397533747882670e-24   2  1  0  2  3  0  0
    8 -5.1290319582947493e-25   1  2  0  2  3  0  0
    8  1.3698986859099938e-24   0  3  0  2  3  0  0
    8  1.9896685471153714e-25   1  0  2  2  3  0  0
    8  1.9896685471153714e-25   0  1  2  2  3  0  0
    8 -1.4002563573581131e-25   4  0  0  0  4  0  0
    8 -1.0156849919842334e-23   3  1  0  0  4  0  0
    8 -1.9351297776965165e-23   2  2  0  0  4  0  0
    8 -1.0156849919842334e-23   1  3  0  0  4  0  0
    8 -1.4002563573581131e-25   0  4  0  0  4  0  0
    8 -1.7090696306042991e-24   2  0  2  0  4  0  0
    8  7.0612062608527165e-24   1  1  2  0  4  0  0
    8 -2.8238362597106687e-24   0  2  2  0  4  0  0
    8 -2.2287719493949903e-24   2  0  1  1  4  0  0
    8 -1.9124299328841678e-23   1  1  1  1  4  0  0
    8 -2.2287719493949903e-24   0  2  1  1  4  0  0
    8  3.4682920410244570e-25   0  0  3  1  4  0  0
    8 -2.8238362597106687e-24   2  0  0  2  4  0  0
    8  7.0612062608527165e-24   1  1  0  2  4  0  0
    8 -1.7090696306042991e-24   0  2  0  2  4  0  0
    8 -6.4302728199112854e-25   0  0  2  2  4  0  0
    8  3.4682920410244570e-25   0  0  1  3  4  0  0
    8 -2.7137493931495422e-23   3  0  0  0  5  0  0
    8  1.5298051697011005e-22   2  1  0  0  5  0  0
    8  1.5298051697011005e-22   1  2  0  0  5  0  0
    8 -2.7137493931495422e-23   0  3  0  0  5  0  0
    8 -1.4195167967556006e-23   1  0  2  0  5  0  0
    8 -4.2456500263067726e-24   0  1  2  0  5  0  0
    8  1.4310554908704780e-23   1  0  1  1  5  0  0
    8  1.4310554908704780e-23   0  1  1  1  5  0  0
    8 -4.2456500263067726e-24   1  0  0  2  5  0  0
    8 -1.4195167967556006e-23   0  1  0  2  5  0  0
    8 -2.0917656055413074e-23   2  0  0  0  6  0  0
    8 -9.6982583360022320e-22   1  1  0  0  6  0  0
    8 -2.0917656055413074e-23   0  2  0  0  6  0  0
    8 -4.0216632571743139e-23   0  0  2  0  6  0  0
    8 -7.3541179735954437e-23   0  0  1  1  6  0  0
    8 -4.0216632571743139e-23   0  0  0  2  6  0  0
    8 -3.4729167044439848e-21   0  0  0  0  8  0  0
 -479  0.0000000000000000e+00   0  0  0  0  0  0  0
