
tpsa, NO = 6, NV = 7, INA = 48017
------------------------------------------------------------------

   |I|         a                i  i  i  i  i  i  i
                I                1  2  3  4  5  6  7

    0  2.0519389577094823e-22   0  0  0  0  0  0  0
    1  9.4252867573536225e-01   1  0  0  0  0  0  0
    1  6.5947707351398046e+00   0  1  0  0  0  0  0
    1 -1.6455587726468280e-05   0  0  0  0  1  0  0
    2 -7.3470887287446451e-01   2  0  0  0  0  0  0
    2 -1.0694378026975070e+02   1  1  0  0  0  0  0
    2 -1.0054643034212709e+03   0  2  0  0  0  0  0
    2 -5.3605311351559175e+00   0  0  2  0  0  0  0
    2  2.8292686480094059e+01   0  0  1  1  0  0  0
    2  1.2928064650487815e+02   0  0  0  2  0  0  0
    2 -1.5182027333295753e+00   1  0  0  0  1  0  0
    2  3.6609400614682684e+01   0  1  0  0  1  0  0
    2  1.9340248903289720e-01   0  0  0  0  2  0  0
    3  1.8721345630542532e+02   3  0  0  0  0  0  0
    3 -1.1534223298772842e+04   2  1  0  0  0  0  0
    3  5.6552291065276317e+04   1  2  0  0  0  0  0
    3 -1.8076955698991916e+06   0  3  0  0  0  0  0
    3  1.0027327848689288e+03   1  0  2  0  0  0  0
    3  8.7247717771606403e+00   0  1  2  0  0  0  0
    3  5.3243032550385788e+03   1  0  1  1  0  0  0
    3  1.2426313889302581e+05   0  1  1  1  0  0  0
    3 -1.0978692914777159e+04   1  0  0  2  0  0  0
    3  3.1217355857541843e+05   0  1  0  2  0  0  0
    3 -2.2351624943852446e+01   2  0  0  0  1  0  0
    3  1.2661885977186598e+03   1  1  0  0  1  0  0
    3  2.0421791980192484e+04   0  2  0  0  1  0  0
    3  4.0035098418600478e+02   0  0  2  0  1  0  0
    3  1.6707352008704993e+03   0  0  1  1  1  0  0
    3 -9.2062748615637815e+02   0  0  0  2  1  0  0
    3  3.2930777002079026e+01   1  0  0  0  2  0  0
    3 -3.0015161060607593e+03   0  1  0  0  2  0  0
    3  2.3805460871318909e+00   0  0  0  0  3  0  0
    4  2.3709307462896504e+03   4  0  0  0  0  0  0
    4 -2.2063098583540235e+04   3  1  0  0  0  0  0
    4  6.5363237904963328e+05   2  2  0  0  0  0  0
    4  6.3412494923561648e+07   1  3  0  0  0  0  0
    4 -3.9740750547038859e+08   0  4  0  0  0  0  0
    4 -1.5288959760721937e+04   2  0  2  0  0  0  0
    4 -7.5640672370616638e+05   1  1  2  0  0  0  0
    4 -1.5577070244810447e+07   0  2  2  0  0  0  0
    4 -1.3885242324566288e+05   0  0  4  0  0  0  0
    4 -3.4487123431728152e+05   2  0  1  1  0  0  0
    4  5.7832152072191816e+06   1  1  1  1  0  0  0
    4 -1.8218234125307924e+08   0  2  1  1  0  0  0
    4 -1.2376737327586641e+06   0  0  3  1  0  0  0
    4 -1.9749936936039521e+03   2  0  0  2  0  0  0
    4  5.1064164385669883e+06   1  1  0  2  0  0  0
    4  2.2843222452351063e+08   0  2  0  2  0  0  0
    4  5.4412861890949309e+06   0  0  2  2  0  0  0
    4  5.8665661879038950e+06   0  0  1  3  0  0  0
    4 -1.2033281970481157e+07   0  0  0  4  0  0  0
    4  1.1056824257397788e+04   3  0  0  0  1  0  0
    4 -5.5758542218215775e+05   2  1  0  0  1  0  0
    4  2.2075829597006040e+05   1  2  0  0  1  0  0
    4 -9.6005589791722506e+07   0  3  0  0  1  0  0
    4 -8.8728668590112520e+03   1  0  2  0  1  0  0
    4 -4.5340065344580950e+05   0  1  2  0  1  0  0
    4  3.5934838435527454e+03   1  0  1  1  1  0  0
    4  2.3634719388533325e+04   0  1  1  1  1  0  0
    4 -1.2554860118472046e+04   1  0  0  2  1  0  0
    4  1.7310414236653170e+06   0  1  0  2  1  0  0
    4 -1.9923658229687164e+03   2  0  0  0  2  0  0
    4  1.5131983364730986e+05   1  1  0  0  2  0  0
    4  9.9659415707094595e+03   0  2  0  0  2  0  0
    4  1.7079751166926444e+03   0  0  2  0  2  0  0
    4  6.4319552024066368e+04   0  0  1  1  2  0  0
    4  2.2464977874278309e+04   0  0  0  2  2  0  0
    4  1.5618024159804700e+03   1  0  0  0  3  0  0
    4 -3.4354417994417330e+04   0  1  0  0  3  0  0
    4 -1.3231156596951152e+02   0  0  0  0  4  0  0
    5 -2.0587816231886685e+05   5  0  0  0  0  0  0
    5  8.8442241613247581e+06   4  1  0  0  0  0  0
    5 -2.2184582387104225e+08   3  2  0  0  0  0  0
    5  8.0417081536430740e+09   2  3  0  0  0  0  0
    5  4.9984994540398155e+10   1  4  0  0  0  0  0
    5  1.4023002402997113e+11   0  5  0  0  0  0  0
    5 -1.6338691804137854e+06   3  0  2  0  0  0  0
    5  1.1447350918560414e+08   2  1  2  0  0  0  0
    5 -9.8021477124094772e+08   1  2  2  0  0  0  0
    5  3.4297580882923794e+10   0  3  2  0  0  0  0
    5  9.8019613494980661e+05   1  0  4  0  0  0  0
    5 -1.2604479473880619e+07   0  1  4  0  0  0  0
    5 -1.8441970601240005e+06   3  0  1  1  0  0  0
    5 -1.4056875987111068e+08   2  1  1  1  0  0  0
    5 -5.6526720401997690e+09   1  2  1  1  0  0  0
    5 -1.4344566823442312e+10   0  3  1  1  0  0  0
    5  3.9208665084945962e+07   1  0  3  1  0  0  0
    5 -1.1477494941794009e+09   0  1  3  1  0  0  0
    5 -2.5833638134892814e+07   3  0  0  2  0  0  0
    5  5.1687494305831391e+08   2  1  0  2  0  0  0
    5 -9.1711217836486816e+09   1  2  0  2  0  0  0
    5  2.7757405846763501e+11   0  3  0  2  0  0  0
    5 -5.8509285680930838e+07   1  0  2  2  0  0  0
    5 -5.9832615506607008e+08   0  1  2  2  0  0  0
    5  7.4766349778470039e+07   1  0  1  3  0  0  0
    5  1.2564238787104662e+10   0  1  1  3  0  0  0
    5 -4.3329771469060755e+08   1  0  0  4  0  0  0
    5  1.8238263622395771e+10   0  1  0  4  0  0  0
    5  7.6327870175557589e+04   4  0  0  0  1  0  0
    5  1.8956426233693287e+07   3  1  0  0  1  0  0
    5  5.1348474387532592e+08   2  2  0  0  1  0  0
    5 -8.6879303395096321e+09   1  3  0  0  1  0  0
    5 -2.4927208119871120e+10   0  4  0  0  1  0  0
    5  2.2443030913262535e+05   2  0  2  0  1  0  0
    5 -1.7123818849579925e+06   1  1  2  0  1  0  0
    5 -1.5414124086594805e+08   0  2  2  0  1  0  0
    5  2.7049691805896345e+06   0  0  4  0  1  0  0
    5 -5.1802554213904608e+06   2  0  1  1  1  0  0
    5 -1.0197303107539870e+08   1  1  1  1  1  0  0
    5 -3.8971839073838415e+09   0  2  1  1  1  0  0
    5 -8.5887823129908219e+06   0  0  3  1  1  0  0
    5  7.9336255841839295e+06   2  0  0  2  1  0  0
    5 -4.5819077148149931e+08   1  1  0  2  1  0  0
    5  6.9142601597858036e+08   0  2  0  2  1  0  0
    5 -3.0380491214263149e+07   0  0  2  2  1  0  0
    5 -1.3291742412272476e+07   0  0  1  3  1  0  0
    5  5.3726286106728047e+07   0  0  0  4  1  0  0
    5 -2.0491726446709473e+05   3  0  0  0  2  0  0
    5  1.8350107873013277e+07   2  1  0  0  2  0  0
    5 -3.5681211556243412e+07   1  2  0  0  2  0  0
    5  5.2857833012293310e+09   0  3  0  0  2  0  0
    5 -7.5098207201905549e+04   1  0  2  0  2  0  0
    5  2.5258795287256889e+07   0  1  2  0  2  0  0
    5  1.1324633600609486e+06   1  0  1  1  2  0  0
    5 -4.4957766732570596e+07   0  1  1  1  2  0  0
    5  1.9202756142982892e+06   1  0  0  2  2  0  0
    5  3.6751425610630661e+07   0  1  0  2  2  0  0
    5 -6.1731626022894656e+04   2  0  0  0  3  0  0
    5  1.5957110479596085e+06   1  1  0  0  3  0  0
    5 -6.5068301688354583e+06   0  2  0  0  3  0  0
    5 -1.3572977855476321e+05   0  0  2  0  3  0  0
    5  1.4462606741591377e+05   0  0  1  1  3  0  0
    5  6.4750544151680614e+05   0  0  0  2  3  0  0
    5 -2.4997626478589802e+04   1  0  0  0  4  0  0
    5  1.9977906906616781e+06   0  1  0  0  4  0  0
    5 -3.0507471949950764e+03   0  0  0  0  5  0  0
 -136  0.0000000000000000e+00   0  0  0  0  0  0  0

tpsa, NO = 6, NV = 7, INA = 48018
------------------------------------------------------------------

   |I|         a                i  i  i  i  i  i  i
                I                1  2  3  4  5  6  7

    0  1.2386552687108249e-22   0  0  0  0  0  0  0
    1 -1.6934393486417822e-02   1  0  0  0  0  0  0
    1  9.4248756593569283e-01   0  1  0  0  0  0  0
    1 -4.3299042085416825e-06   0  0  0  0  1  0  0
    2 -3.0213708137315543e-01   2  0  0  0  0  0  0
    2 -8.3723028725630044e-01   1  1  0  0  0  0  0
    2  6.8605709827283107e+01   0  2  0  0  0  0  0
    2 -1.2317834613151140e+00   0  0  2  0  0  0  0
    2  4.6981030923137235e+00   0  0  1  1  0  0  0
    2  7.9025376952954076e+00   0  0  0  2  0  0  0
    2 -3.0579586650213830e-01   1  0  0  0  1  0  0
    2 -1.2792442913976778e+00   0  1  0  0  1  0  0
    2  4.6557313051382582e-02   0  0  0  0  2  0  0
    3  1.5771810359645965e+01   3  0  0  0  0  0  0
    3  4.3938773618884966e+01   2  1  0  0  0  0  0
    3  1.1576662078582471e+04   1  2  0  0  0  0  0
    3  4.6414079844670559e+04   0  3  0  0  0  0  0
    3 -3.8497905338698523e+01   1  0  2  0  0  0  0
    3 -1.2927225367591830e+03   0  1  2  0  0  0  0
    3  3.2420846713773199e+02   1  0  1  1  0  0  0
    3 -5.7842970571482556e+03   0  1  1  1  0  0  0
    3  2.7231463716219889e+02   1  0  0  2  0  0  0
    3  8.0891372846688637e+03   0  1  0  2  0  0  0
    3 -6.7804172207270268e+00   2  0  0  0  1  0  0
    3 -6.5048897701063169e+01   1  1  0  0  1  0  0
    3 -8.7966565500785475e+02   0  2  0  0  1  0  0
    3 -1.3630512758908363e+01   0  0  2  0  1  0  0
    3 -8.4939632366212720e+01   0  0  1  1  1  0  0
    3 -2.4510047076149267e+01   0  0  0  2  1  0  0
    3  5.2272813475394129e+00   1  0  0  0  2  0  0
    3  4.3635355067490423e+01   0  1  0  0  2  0  0
    3  5.2089216415053197e-01   0  0  0  0  3  0  0
    4  4.7200490511548503e+02   4  0  0  0  0  0  0
    4  6.7169516506331856e+03   3  1  0  0  0  0  0
    4 -2.5334166184687288e+04   2  2  0  0  0  0  0
    4  1.0160951711615734e+06   1  3  0  0  0  0  0
    4 -1.0013793518880017e+07   0  4  0  0  0  0  0
    4  4.3056265895464303e+03   2  0  2  0  0  0  0
    4  8.5120408757764570e+04   1  1  2  0  0  0  0
    4  6.1644207365202159e+05   0  2  2  0  0  0  0
    4  8.5602938260484261e+03   0  0  4  0  0  0  0
    4 -5.9672010165523607e+03   2  0  1  1  0  0  0
    4  3.9039520120951929e+05   1  1  1  1  0  0  0
    4 -4.4791095879915077e+05   0  2  1  1  0  0  0
    4 -5.6416290219656905e+04   0  0  3  1  0  0  0
    4 -7.4721506234996195e+03   2  0  0  2  0  0  0
    4 -5.4668042609756300e+05   1  1  0  2  0  0  0
    4 -8.2630023099114746e+06   0  2  0  2  0  0  0
    4 -2.6351829349796654e+05   0  0  2  2  0  0  0
    4  3.9933841783017688e+05   0  0  1  3  0  0  0
    4 -2.9564586886338424e+05   0  0  0  4  0  0  0
    4  9.5160953631984307e+02   3  0  0  0  1  0  0
    4  3.8228592517144443e+03   2  1  0  0  1  0  0
    4  5.6995021503301221e+05   1  2  0  0  1  0  0
    4  3.7235510016832533e+06   0  3  0  0  1  0  0
    4  1.4247306644885136e+03   1  0  2  0  1  0  0
    4  1.4625334129846213e+04   0  1  2  0  1  0  0
    4 -2.7679933107248598e+03   1  0  1  1  1  0  0
    4 -6.9849711426821304e+04   0  1  1  1  1  0  0
    4  1.2304052405249804e+03   1  0  0  2  1  0  0
    4 -1.6153819094084320e+05   0  1  0  2  1  0  0
    4 -7.7770717456252697e+01   2  0  0  0  2  0  0
    4  5.0300844439725915e+02   1  1  0  0  2  0  0
    4 -8.6687286285715920e+04   0  2  0  0  2  0  0
    4 -4.5060969966033667e+02   0  0  2  0  2  0  0
    4  1.5094062830683581e+03   0  0  1  1  2  0  0
    4  7.7006253892933419e+03   0  0  0  2  2  0  0
    4  1.5727879843617509e+02   1  0  0  0  3  0  0
    4  1.4478097127387837e+03   0  1  0  0  3  0  0
    4 -1.7764170526005358e+01   0  0  0  0  4  0  0
    5  8.7275936561225080e+00   5  0  0  0  0  0  0
    5  8.4358162592228677e+04   4  1  0  0  0  0  0
    5 -2.0525400958150513e+07   3  2  0  0  0  0  0
    5 -9.0551696544892490e+07   2  3  0  0  0  0  0
    5 -4.2618600383090649e+09   1  4  0  0  0  0  0
    5 -3.6379257351219193e+10   0  5  0  0  0  0  0
    5 -2.2336468897347583e+05   3  0  2  0  0  0  0
    5 -9.1570830904140696e+05   2  1  2  0  0  0  0
    5 -1.3496172091197345e+08   1  2  2  0  0  0  0
    5 -4.1435615447625166e+08   0  3  2  0  0  0  0
    5 -7.5286699058212223e+05   1  0  4  0  0  0  0
    5  1.7431374951426564e+06   0  1  4  0  0  0  0
    5 -1.4705148771916237e+05   3  0  1  1  0  0  0
    5  1.1432994069834759e+07   2  1  1  1  0  0  0
    5  3.9408960330176306e+08   1  2  1  1  0  0  0
    5  1.5723647575262289e+09   0  3  1  1  0  0  0
    5  2.6622042033092892e+06   1  0  3  1  0  0  0
    5  1.6442956289637387e+06   0  1  3  1  0  0  0
    5 -3.9848667540318826e+06   3  0  0  2  0  0  0
    5 -1.5892154296901600e+07   2  1  0  2  0  0  0
    5 -2.0156391055566692e+08   1  2  0  2  0  0  0
    5 -1.9713845433024578e+09   0  3  0  2  0  0  0
    5 -1.7564786792268679e+07   1  0  2  2  0  0  0
    5 -3.1176376429654121e+07   0  1  2  2  0  0  0
    5 -2.7254765831485525e+07   1  0  1  3  0  0  0
    5 -6.4119201908290148e+08   0  1  1  3  0  0  0
    5 -4.0349478884408504e+07   1  0  0  4  0  0  0
    5 -1.8556273607744217e+08   0  1  0  4  0  0  0
    5  4.2387697799810965e+04   4  0  0  0  1  0  0
    5  9.8396555514603667e+05   3  1  0  0  1  0  0
    5 -3.1499687841058377e+07   2  2  0  0  1  0  0
    5 -2.0598155941467834e+08   1  3  0  0  1  0  0
    5  2.6710372528057570e+09   0  4  0  0  1  0  0
    5  8.4761440173950192e+04   2  0  2  0  1  0  0
    5  1.2914861283222446e+06   1  1  2  0  1  0  0
    5  1.7097300911996838e+07   0  2  2  0  1  0  0
    5  1.3157264708712464e+03   0  0  4  0  1  0  0
    5  2.1892387901921218e+05   2  0  1  1  1  0  0
    5  1.3142603392145980e+07   1  1  1  1  1  0  0
    5  2.3906314783972955e+08   0  2  1  1  1  0  0
    5  1.1873173870898343e+06   0  0  3  1  1  0  0
    5  4.4153525294237747e+05   2  0  0  2  1  0  0
    5 -1.0952428230343655e+07   1  1  0  2  1  0  0
    5  2.2995768920484483e+07   0  2  0  2  1  0  0
    5 -3.5737629833862940e+06   0  0  2  2  1  0  0
    5  1.6750904190533189e+06   0  0  1  3  1  0  0
    5 -3.7101724151166212e+06   0  0  0  4  1  0  0
    5 -2.0881123319254126e+04   3  0  0  0  2  0  0
    5 -1.5591857057689945e+05   2  1  0  0  2  0  0
    5 -1.8278903736619145e+07   1  2  0  0  2  0  0
    5 -1.2030728255801916e+08   0  3  0  0  2  0  0
    5 -3.2661200433256552e+04   1  0  2  0  2  0  0
    5 -4.4310249261095078e+05   0  1  2  0  2  0  0
    5  7.1370778463983035e+04   1  0  1  1  2  0  0
    5 -5.8765031688698661e+05   0  1  1  1  2  0  0
    5  3.6491458426595753e+05   1  0  0  2  2  0  0
    5 -3.7856026981204562e+05   0  1  0  2  2  0  0
    5 -3.9705598079144193e+03   2  0  0  0  3  0  0
    5  4.1864345944706380e+04   1  1  0  0  3  0  0
    5 -5.3066903285577265e+05   0  2  0  0  3  0  0
    5 -8.8406230637679018e+03   0  0  2  0  3  0  0
    5  3.4560297526335169e+04   0  0  1  1  3  0  0
    5  1.4679836148376274e+05   0  0  0  2  3  0  0
    5 -4.0875609256908119e+03   1  0  0  0  4  0  0
    5 -3.5962138685274986e+04   0  1  0  0  4  0  0
    5 -2.6885271143627875e+02   0  0  0  0  5  0  0
 -136  0.0000000000000000e+00   0  0  0  0  0  0  0

tpsa, NO = 6, NV = 7, INA = 48019
------------------------------------------------------------------

   |I|         a                i  i  i  i  i  i  i
                I                1  2  3  4  5  6  7

    1 -6.8466956448339489e-01   0  0  1  0  0  0  0
    1  2.4974538437203124e+00   0  0  0  1  0  0  0
    2 -2.8926467977291654e+00   1  0  1  0  0  0  0
    2 -1.2383841366197050e+01   0  1  1  0  0  0  0
    2  2.5452768226644359e+01   1  0  0  1  0  0  0
    2 -8.4701460551795918e+01   0  1  0  1  0  0  0
    2 -5.8288730780894848e+00   0  0  1  0  1  0  0
    2  2.3182727002077255e+00   0  0  0  1  1  0  0
    3  6.2419280734204364e+01   2  0  1  0  0  0  0
    3 -7.7965488715119336e+03   1  1  1  0  0  0  0
    3 -7.0716761606669606e+04   0  2  1  0  0  0  0
    3  1.1006127025145381e+03   0  0  3  0  0  0  0
    3  6.9120331731994895e+02   2  0  0  1  0  0  0
    3  6.9371642272092104e+03   1  1  0  1  0  0  0
    3 -3.9951647027266788e+05   0  2  0  1  0  0  0
    3 -1.5631377464339698e+02   0  0  2  1  0  0  0
    3 -7.3458719234329938e+03   0  0  1  2  0  0  0
    3 -1.9398994874894488e+04   0  0  0  3  0  0  0
    3 -4.0755448345271560e+01   1  0  1  0  1  0  0
    3 -3.9013666782354367e+03   0  1  1  0  1  0  0
    3 -1.7033680336456225e+01   1  0  0  1  1  0  0
    3 -4.0250876670663420e+03   0  1  0  1  1  0  0
    3 -2.3616674802993771e+01   0  0  1  0  2  0  0
    3  1.3169184563797674e+02   0  0  0  1  2  0  0
    4  4.3655745690196654e+03   3  0  1  0  0  0  0
    4  3.7887732022263110e+05   2  1  1  0  0  0  0
    4  1.7728479058422353e+06   1  2  1  0  0  0  0
    4  7.8990045541535318e+07   0  3  1  0  0  0  0
    4 -1.2742064539756451e+04   1  0  3  0  0  0  0
    4  2.3920875179725969e+06   0  1  3  0  0  0  0
    4 -8.9485249599855288e+03   3  0  0  1  0  0  0
    4  2.4178742199269333e+05   2  1  0  1  0  0  0
    4 -1.4712509705834666e+07   1  2  0  1  0  0  0
    4 -6.7784620373174310e+07   0  3  0  1  0  0  0
    4 -7.7739882950464578e+05   1  0  2  1  0  0  0
    4 -2.9932237606259342e+06   0  1  2  1  0  0  0
    4  4.0064644260924705e+05   1  0  1  2  0  0  0
    4 -3.6612796139181226e+07   0  1  1  2  0  0  0
    4 -6.1169503475863999e+05   1  0  0  3  0  0  0
    4  2.2315269828363016e+07   0  1  0  3  0  0  0
    4  5.4998569171424861e+03   2  0  1  0  1  0  0
    4  4.1706904098707011e+04   1  1  1  0  1  0  0
    4  4.0047291153261531e+05   0  2  1  0  1  0  0
    4 -9.3287024320865403e+03   0  0  3  0  1  0  0
    4 -5.1110990911462909e+02   2  0  0  1  1  0  0
    4  1.6482768637812510e+05   1  1  0  1  1  0  0
    4 -3.2936789474314940e+06   0  2  0  1  1  0  0
    4 -3.3554158131876757e+04   0  0  2  1  1  0  0
    4  1.1754316837916078e+05   0  0  1  2  1  0  0
    4  2.2207006699365372e+05   0  0  0  3  1  0  0
    4  3.0411005614924943e+02   1  0  1  0  2  0  0
    4 -6.3381939899233337e+04   0  1  1  0  2  0  0
    4  1.8299362964316282e+04   1  0  0  1  2  0  0
    4 -1.6342456141038414e+05   0  1  0  1  2  0  0
    4  6.4382412463195556e+02   0  0  1  0  3  0  0
    4 -9.4464412154866437e+01   0  0  0  1  3  0  0
    5 -4.4920120365421870e+05   4  0  1  0  0  0  0
    5  6.3670432224326674e+05   3  1  1  0  0  0  0
    5 -2.8459266735713172e+08   2  2  1  0  0  0  0
    5 -1.4841044344324422e+08   1  3  1  0  0  0  0
    5 -2.4584155577462196e+10   0  4  1  0  0  0  0
    5 -2.3005473190109562e+06   2  0  3  0  0  0  0
    5 -2.7882333375433750e+07   1  1  3  0  0  0  0
    5  9.4497962785281909e+08   0  2  3  0  0  0  0
    5  2.2183116664188113e+06   0  0  5  0  0  0  0
    5 -1.5759241722523868e+06   4  0  0  1  0  0  0
    5 -1.3626399513458014e+07   3  1  0  1  0  0  0
    5  2.3315140728477538e+07   2  2  0  1  0  0  0
    5  2.1424296703326187e+09   1  3  0  1  0  0  0
    5 -9.0999320510079895e+10   0  4  0  1  0  0  0
    5 -3.0981687272276208e+06   2  0  2  1  0  0  0
    5 -1.8772066843206465e+08   1  1  2  1  0  0  0
    5  6.8203523070327148e+09   0  2  2  1  0  0  0
    5  1.7115785151845500e+07   0  0  4  1  0  0  0
    5 -4.4340965794211037e+07   2  0  1  2  0  0  0
    5 -1.0385464037404575e+09   1  1  1  2  0  0  0
    5 -2.2107168072397800e+10   0  2  1  2  0  0  0
    5 -2.2667315240655559e+08   0  0  3  2  0  0  0
    5 -1.1876732498357667e+08   2  0  0  3  0  0  0
    5  8.3348714331124389e+08   1  1  0  3  0  0  0
    5 -3.9458887856879295e+10   0  2  0  3  0  0  0
    5 -5.3853203392413187e+08   0  0  2  3  0  0  0
    5  2.9397694249210000e+08   0  0  1  4  0  0  0
    5 -9.9552016700873041e+08   0  0  0  5  0  0  0
    5  7.2609035895006309e+04   3  0  1  0  1  0  0
    5  1.0967154446112912e+07   2  1  1  0  1  0  0
    5  4.3579440366715521e+07   1  2  1  0  1  0  0
    5  2.1362026420941710e+09   0  3  1  0  1  0  0
    5  4.2180985014133720e+05   1  0  3  0  1  0  0
    5  3.0880154061639179e+06   0  1  3  0  1  0  0
    5  5.4281304784237989e+04   3  0  0  1  1  0  0
    5 -2.1490041659443043e+06   2  1  0  1  1  0  0
    5  3.5628238129953611e+08   1  2  0  1  1  0  0
    5  1.1768459404462814e+08   0  3  0  1  1  0  0
    5 -1.3710065262618810e+06   1  0  2  1  1  0  0
    5  1.7257876918926235e+07   0  1  2  1  1  0  0
    5  4.0883070831133462e+06   1  0  1  2  1  0  0
    5  4.5295283001175523e+07   0  1  1  2  1  0  0
    5 -1.4781624871517500e+07   1  0  0  3  1  0  0
    5  1.9395835223302662e+08   0  1  0  3  1  0  0
    5 -5.7591951324560476e+04   2  0  1  0  2  0  0
    5 -2.2735114037604104e+06   1  1  1  0  2  0  0
    5 -4.7846924120184436e+07   0  2  1  0  2  0  0
    5 -8.5160524273231998e+05   0  0  3  0  2  0  0
    5  5.6013901134361210e+05   2  0  0  1  2  0  0
    5 -3.4658452291269461e+06   1  1  0  1  2  0  0
    5 -2.1345387392018735e+07   0  2  0  1  2  0  0
    5 -9.9900630420353473e+05   0  0  2  1  2  0  0
    5  2.1206659769825451e+05   0  0  1  2  2  0  0
    5  7.4726472493352154e+06   0  0  0  3  2  0  0
    5 -2.3674601007102858e+04   1  0  1  0  3  0  0
    5  2.0869840526697677e+05   0  1  1  0  3  0  0
    5  3.7036136579341092e+05   1  0  0  1  3  0  0
    5  6.7856127432629338e+05   0  1  0  1  3  0  0
    5 -2.9959923393790414e+03   0  0  1  0  4  0  0
    5 -3.1144642227891673e+04   0  0  0  1  4  0  0
 -116  0.0000000000000000e+00   0  0  0  0  0  0  0

tpsa, NO = 6, NV = 7, INA = 48020
------------------------------------------------------------------

   |I|         a                i  i  i  i  i  i  i
                I                1  2  3  4  5  6  7

    1 -2.1266103795471389e-01   0  0  1  0  0  0  0
    1 -6.8483966233295823e-01   0  0  0  1  0  0  0
    2  2.7580952678001607e+00   1  0  1  0  0  0  0
    2  5.1245604963833653e+00   0  1  1  0  0  0  0
    2  7.3845218835097626e-01   1  0  0  1  0  0  0
    2 -3.2614430734243655e+01   0  1  0  1  0  0  0
    2  1.8700415420504091e+00   0  0  1  0  1  0  0
    2 -2.7092293489285496e-01   0  0  0  1  1  0  0
    3  4.9670797384345164e+01   2  0  1  0  0  0  0
    3  7.3717168430657716e+02   1  1  1  0  0  0  0
    3 -1.4193449471297736e+04   0  2  1  0  0  0  0
    3 -3.3499223014752999e+02   0  0  3  0  0  0  0
    3 -1.3458017389165005e+02   2  0  0  1  0  0  0
    3  7.5393679720566624e+03   1  1  0  1  0  0  0
    3 -3.6004152667412563e+02   0  2  0  1  0  0  0
    3  3.4285681315682416e+02   0  0  2  1  0  0  0
    3 -3.0345032453221861e+03   0  0  1  2  0  0  0
    3 -2.6023963961268510e+02   0  0  0  3  0  0  0
    3 -1.1189565516059957e+01   1  0  1  0  1  0  0
    3  2.9496802100698056e+02   0  1  1  0  1  0  0
    3 -7.7094705997021293e+00   1  0  0  1  1  0  0
    3  2.0727339702505669e+03   0  1  0  1  1  0  0
    3  7.5734716495730705e+00   0  0  1  0  2  0  0
    3  3.2875528011456531e+01   0  0  0  1  2  0  0
    4 -2.7155840073511708e+03   3  0  1  0  0  0  0
    4 -3.4366259947385435e+04   2  1  1  0  0  0  0
    4 -1.0574699442049558e+06   1  2  1  0  0  0  0
    4 -3.2182017175922547e+06   0  3  1  0  0  0  0
    4 -2.4091511641228597e+04   1  0  3  0  0  0  0
    4 -3.2456498353641131e+05   0  1  3  0  0  0  0
    4 -1.2355636575872286e+03   3  0  0  1  0  0  0
    4 -2.7369393150127889e+05   2  1  0  1  0  0  0
    4 -1.4915357208009996e+05   1  2  0  1  0  0  0
    4 -8.3715372385488823e+07   0  3  0  1  0  0  0
    4  1.3153346487216261e+05   1  0  2  1  0  0  0
    4 -4.1980148126753177e+06   0  1  2  1  0  0  0
    4  4.4565884423511685e+05   1  0  1  2  0  0  0
    4  8.5796062787417434e+06   0  1  1  2  0  0  0
    4 -6.9336056343455741e+05   1  0  0  3  0  0  0
    4  9.3271317859466318e+06   0  1  0  3  0  0  0
    4 -1.5169950152975423e+03   2  0  1  0  1  0  0
    4 -9.2311978089917066e+03   1  1  1  0  1  0  0
    4 -1.3007200764681234e+05   0  2  1  0  1  0  0
    4 -8.5289748919641738e+01   0  0  3  0  1  0  0
    4 -5.8829395067979181e+02   2  0  0  1  1  0  0
    4 -4.6284752671895374e+04   1  1  0  1  1  0  0
    4  4.3613666707223211e+05   0  2  0  1  1  0  0
    4  3.2071157846068825e+04   0  0  2  1  1  0  0
    4  9.3458429448152383e+03   0  0  1  2  1  0  0
    4  1.0509988223138743e+05   0  0  0  3  1  0  0
    4  1.0126107605347136e+03   1  0  1  0  2  0  0
    4 -9.7206449774071989e+03   0  1  1  0  2  0  0
    4  8.7574795684540823e+02   1  0  0  1  2  0  0
    4  4.2469484265308842e+04   0  1  0  1  2  0  0
    4 -3.6487981911364790e+02   0  0  1  0  3  0  0
    4  1.7668884137277820e+00   0  0  0  1  3  0  0
    5  9.4314750914276214e+04   4  0  1  0  0  0  0
    5 -7.3274973962658178e+05   3  1  1  0  0  0  0
    5  1.2420919971858294e+08   2  2  1  0  0  0  0
    5  1.2758604077662218e+08   1  3  1  0  0  0  0
    5  1.0651913735735346e+10   0  4  1  0  0  0  0
    5  1.6472271639593220e+06   2  0  3  0  0  0  0
    5  6.1836295568211209e+06   1  1  3  0  0  0  0
    5 -6.0527960059231231e+06   0  2  3  0  0  0  0
    5  1.2461870182151353e+05   0  0  5  0  0  0  0
    5 -2.9969024907534424e+05   4  0  0  1  0  0  0
    5  1.8988260347921215e+05   3  1  0  1  0  0  0
    5 -1.1534966532715768e+08   2  2  0  1  0  0  0
    5  8.7697905213476133e+08   1  3  0  1  0  0  0
    5 -5.2913468435677963e+10   0  4  0  1  0  0  0
    5 -6.6196780846047550e+06   2  0  2  1  0  0  0
    5  8.4974996582285970e+07   1  1  2  1  0  0  0
    5 -2.0858950154365017e+09   0  2  2  1  0  0  0
    5 -1.5422996150563821e+07   0  0  4  1  0  0  0
    5  1.8827030959310308e+06   2  0  1  2  0  0  0
    5 -1.0650473449375302e+08   1  1  1  2  0  0  0
    5 -4.4385847632188282e+09   0  2  1  2  0  0  0
    5 -1.2878271260737050e+07   0  0  3  2  0  0  0
    5 -1.8715446282612924e+07   2  0  0  3  0  0  0
    5  3.9358223696000630e+08   1  1  0  3  0  0  0
    5  2.6575846326302910e+08   0  2  0  3  0  0  0
    5  8.8667400716236681e+07   0  0  2  3  0  0  0
    5  2.7560549357538986e+08   0  0  1  4  0  0  0
    5 -5.6579138631453681e+08   0  0  0  5  0  0  0
    5  4.0612779682833934e+02   3  0  1  0  1  0  0
    5 -7.8614145929251390e+05   2  1  1  0  1  0  0
    5  1.3401860250323873e+07   1  2  1  0  1  0  0
    5 -1.4374168348818040e+08   0  3  1  0  1  0  0
    5  1.3311438492257148e+05   1  0  3  0  1  0  0
    5  3.3491080500169168e+06   0  1  3  0  1  0  0
    5  7.1890138846943184e+04   3  0  0  1  1  0  0
    5 -6.9283654301757123e+06   2  1  0  1  1  0  0
    5  4.4044858318445235e+06   1  2  0  1  1  0  0
    5 -8.4013214361649609e+08   0  3  0  1  1  0  0
    5 -1.6440523919793693e+06   1  0  2  1  1  0  0
    5  5.2283324756207317e+06   0  1  2  1  1  0  0
    5  8.4018384803728038e+05   1  0  1  2  1  0  0
    5  5.7789662146861866e+07   0  1  1  2  1  0  0
    5 -1.5034939442701861e+06   1  0  0  3  1  0  0
    5 -1.5146377768434504e+08   0  1  0  3  1  0  0
    5  2.3804742872916016e+04   2  0  1  0  2  0  0
    5  1.4491623609038419e+04   1  1  1  0  2  0  0
    5  2.0057088378284719e+07   0  2  1  0  2  0  0
    5  2.7836413304889103e+05   0  0  3  0  2  0  0
    5  3.0008014660196732e+04   2  0  0  1  2  0  0
    5  8.4235682806798723e+05   1  1  0  1  2  0  0
    5 -3.0406876798535373e+07   0  2  0  1  2  0  0
    5 -3.9302662482123019e+05   0  0  2  1  2  0  0
    5  2.2198352667422290e+06   0  0  1  2  2  0  0
    5 -1.3772892935292635e+06   0  0  0  3  2  0  0
    5  2.3195619300448594e+04   1  0  1  0  3  0  0
    5 -2.4437291865820298e+04   0  1  1  0  3  0  0
    5  8.4018897885602892e+03   1  0  0  1  3  0  0
    5 -1.1222253207321907e+05   0  1  0  1  3  0  0
    5 -2.7952446074620120e+03   0  0  1  0  4  0  0
    5  2.1522196983163130e+03   0  0  0  1  4  0  0
 -116  0.0000000000000000e+00   0  0  0  0  0  0  0

tpsa, NO = 6, NV = 7, INA = 48021
------------------------------------------------------------------

   |I|         a                i  i  i  i  i  i  i
                I                1  2  3  4  5  6  7

    1  1.0000000000000000e+00   0  0  0  0  1  0  0
   -1  0.0000000000000000e+00   0  0  0  0  0  0  0

tpsa, NO = 6, NV = 7, INA = 48022
------------------------------------------------------------------

   |I|         a                i  i  i  i  i  i  i
                I                1  2  3  4  5  6  7

    0  1.4342412816001841e-05   0  0  0  0  0  0  0
    1 -4.3597242774476991e-06   1  0  0  0  0  0  0
    1 -1.3045538735156903e-05   0  1  0  0  0  0  0
    1  9.5737563355702118e-02   0  0  0  0  1  0  0
    1  1.0000000000000000e+00   0  0  0  0  0  1  0
    2 -1.5696739841318375e-01   2  0  0  0  0  0  0
    2 -5.8531715339430124e-01   1  1  0  0  0  0  0
    2 -2.1464631334454907e+01   0  2  0  0  0  0  0
    2 -1.2599644226616478e+00   0  0  2  0  0  0  0
    2  6.7845377195520495e-01   0  0  1  1  0  0  0
    2  4.5508405213980041e-01   0  0  0  2  0  0  0
    2  9.4315054554994893e-02   1  0  0  0  1  0  0
    2  2.4933116305256306e-01   0  1  0  0  1  0  0
    2 -3.9194378385854690e-02   0  0  0  0  2  0  0
    3 -2.4129903114540934e+00   3  0  0  0  0  0  0
    3  7.8333772931658245e+00   2  1  0  0  0  0  0
    3 -3.1587608963522996e+02   1  2  0  0  0  0  0
    3 -9.1578214884285590e+03   0  3  0  0  0  0  0
    3  4.5947942911228523e+00   1  0  2  0  0  0  0
    3 -4.6052512662990034e+02   0  1  2  0  0  0  0
    3 -5.4911251703432500e+00   1  0  1  1  0  0  0
    3 -2.4924634752888719e+03   0  1  1  1  0  0  0
    3 -4.7247344749598263e+01   1  0  0  2  0  0  0
    3  8.0337995997608050e+02   0  1  0  2  0  0  0
    3  5.5329664915450492e+00   2  0  0  0  1  0  0
    3 -1.5906145338934440e+01   1  1  0  0  1  0  0
    3  2.9963934089584886e+03   0  2  0  0  1  0  0
    3 -1.0232313769720403e+01   0  0  2  0  1  0  0
    3  9.0461928263187126e+00   0  0  1  1  1  0  0
    3  1.8127767393859313e+02   0  0  0  2  1  0  0
    3  1.5706666319389448e+00   1  0  0  0  2  0  0
    3  7.4919909719256994e+00   0  1  0  0  2  0  0
    3  4.4775942820777521e+00   0  0  0  0  3  0  0
    4  2.4517344077154493e+02   4  0  0  0  0  0  0
    4  1.5516916886184131e+02   3  1  0  0  0  0  0
    4  2.9457562832122738e+05   2  2  0  0  0  0  0
    4  1.4985129685950263e+06   1  3  0  0  0  0  0
    4  2.8963245794045795e+07   0  4  0  0  0  0  0
    4  1.0235081054792219e+03   2  0  2  0  0  0  0
    4  7.6550497736527013e+03   1  1  2  0  0  0  0
    4  6.5056020407312208e+04   0  2  2  0  0  0  0
    4 -1.1834251198708370e+02   0  0  4  0  0  0  0
    4 -9.9005284168542585e+02   2  0  1  1  0  0  0
    4 -8.3462306986505246e+02   1  1  1  1  0  0  0
    4 -1.0192787999567897e+06   0  2  1  1  0  0  0
    4 -7.1576204145669126e+03   0  0  3  1  0  0  0
    4  2.1315194571284201e+03   2  0  0  2  0  0  0
    4 -8.0674368055291037e+04   1  1  0  2  0  0  0
    4 -1.6538062334663209e+06   0  2  0  2  0  0  0
    4 -1.3322629320857521e+04   0  0  2  2  0  0  0
    4 -1.2095150995130443e+04   0  0  1  3  0  0  0
    4  1.1013587521712766e+05   0  0  0  4  0  0  0
    4 -5.3068510899108638e+01   3  0  0  0  1  0  0
    4 -1.8440552109742117e+02   2  1  0  0  1  0  0
    4 -1.6829354705603706e+05   1  2  0  0  1  0  0
    4 -3.5509317046426184e+05   0  3  0  0  1  0  0
    4 -5.9511400820868812e+02   1  0  2  0  1  0  0
    4 -1.4168550154319095e+04   0  1  2  0  1  0  0
    4  5.4978762136635778e+03   1  0  1  1  1  0  0
    4 -8.8557488842184102e+04   0  1  1  1  1  0  0
    4  1.5406671853167976e+04   1  0  0  2  1  0  0
    4  8.2381864529609113e+04   0  1  0  2  1  0  0
    4  2.6465736711771785e+02   2  0  0  0  2  0  0
    4  1.2807726039616063e+02   1  1  0  0  2  0  0
    4  6.1947957646630173e+04   0  2  0  0  2  0  0
    4  6.2307354702928467e+02   0  0  2  0  2  0  0
    4 -7.5201652207223776e+02   0  0  1  1  2  0  0
    4  3.4898942252249839e+01   0  0  0  2  2  0  0
    4 -7.5083777030087290e+01   1  0  0  0  3  0  0
    4 -1.9964080155058730e+02   0  1  0  0  3  0  0
    4 -3.6489780027672694e+01   0  0  0  0  4  0  0
    5  8.7494840051529318e+03   5  0  0  0  0  0  0
    5  2.1118400889527745e+05   4  1  0  0  0  0  0
    5 -7.9657057514889333e+06   3  2  0  0  0  0  0
    5 -2.4154947205832160e+08   2  3  0  0  0  0  0
    5  1.2120440843165016e+09   1  4  0  0  0  0  0
    5  1.0442909809946712e+10   0  5  0  0  0  0  0
    5  1.1096043631127779e+04   3  0  2  0  0  0  0
    5  1.2744483657170758e+06   2  1  2  0  0  0  0
    5  9.1212125527508138e+05   1  2  2  0  0  0  0
    5  1.8786986352195603e+08   0  3  2  0  0  0  0
    5 -8.9502988834828982e+04   1  0  4  0  0  0  0
    5  6.0710082366899634e+05   0  1  4  0  0  0  0
    5  1.3440952889799006e+04   3  0  1  1  0  0  0
    5  4.8385087323258091e+06   2  1  1  1  0  0  0
    5  1.0578044990641558e+08   1  2  1  1  0  0  0
    5  1.2088215599804463e+09   0  3  1  1  0  0  0
    5  1.2700634363769516e+05   1  0  3  1  0  0  0
    5 -1.1774091615946632e+07   0  1  3  1  0  0  0
    5  2.0537427874489265e+05   3  0  0  2  0  0  0
    5 -8.0372209694161620e+06   2  1  0  2  0  0  0
    5  1.4158399692657876e+08   1  2  0  2  0  0  0
    5 -5.8021359939707267e+08   0  3  0  2  0  0  0
    5 -1.1537438482165306e+06   1  0  2  2  0  0  0
    5 -1.6951436552064642e+07   0  1  2  2  0  0  0
    5 -5.0940408375500180e+06   1  0  1  3  0  0  0
    5  6.1836567484623902e+07   0  1  1  3  0  0  0
    5  2.2180948553959946e+06   1  0  0  4  0  0  0
    5 -1.0471840115251237e+08   0  1  0  4  0  0  0
    5 -1.2361209123123184e+04   4  0  0  0  1  0  0
    5  2.1120617605611045e+05   3  1  0  0  1  0  0
    5 -1.7655394374313507e+07   2  2  0  0  1  0  0
    5 -5.1733415621844213e+06   1  3  0  0  1  0  0
    5 -2.7501953492923336e+09   0  4  0  0  1  0  0
    5 -2.2955459688183670e+04   2  0  2  0  1  0  0
    5 -2.9250723838234004e+04   1  1  2  0  1  0  0
    5 -3.2855983728856072e+07   0  2  2  0  1  0  0
    5 -2.0591305310810983e+05   0  0  4  0  1  0  0
    5  8.9019959243507314e+04   2  0  1  1  1  0  0
    5  5.7506029013020714e+04   1  1  1  1  1  0  0
    5 -1.3674265444654686e+07   0  2  1  1  1  0  0
    5  2.3558919408474833e+05   0  0  3  1  1  0  0
    5  4.0052223595008883e+05   2  0  0  2  1  0  0
    5  1.8116771553052883e+06   1  1  0  2  1  0  0
    5 -2.9866884293029226e+07   0  2  0  2  1  0  0
    5 -1.4682783876917441e+06   0  0  2  2  1  0  0
    5  4.7964840971510271e+06   0  0  1  3  1  0  0
    5 -4.0660322905035864e+05   0  0  0  4  1  0  0
    5 -3.1267334434690856e+03   3  0  0  0  2  0  0
    5 -3.9818774029394030e+04   2  1  0  0  2  0  0
    5 -2.9346088734568339e+06   1  2  0  0  2  0  0
    5 -1.0874871335857715e+07   0  3  0  0  2  0  0
    5 -2.8393076471120508e+04   1  0  2  0  2  0  0
    5 -5.1752359496947654e+04   0  1  2  0  2  0  0
    5  1.4371858430399455e+05   1  0  1  1  2  0  0
    5  8.3831455051016144e+05   0  1  1  1  2  0  0
    5  4.1586136919628264e+05   1  0  0  2  2  0  0
    5  1.5876634145852833e+06   0  1  0  2  2  0  0
    5 -8.5625527995353477e+03   2  0  0  0  3  0  0
    5  1.1619676261964434e+04   1  1  0  0  3  0  0
    5 -4.0506264660308687e+06   0  2  0  0  3  0  0
    5  4.2619622141699165e+03   0  0  2  0  3  0  0
    5 -2.5665587372138078e+04   0  0  1  1  3  0  0
    5 -3.9084206758378961e+04   0  0  0  2  3  0  0
    5 -1.4805223898251093e+03   1  0  0  0  4  0  0
    5 -6.5372186731511629e+03   0  1  0  0  4  0  0
    5 -1.6554837806420687e+02   0  0  0  0  5  0  0
 -137  0.0000000000000000e+00   0  0  0  0  0  0  0
