 -10.000  -2.500  2.14679e-01  7.48439e-02 1.0
 -10.000  -2.250  2.13151e-01  7.48517e-02 1.0
 -10.000  -2.000  2.12112e-01  7.49037e-02 1.0
 -10.000  -1.750  2.11433e-01  7.49816e-02 1.0
 -10.000  -1.500  2.11005e-01  7.50716e-02 1.0
 -10.000  -1.250  2.10743e-01  7.51633e-02 1.0
 -10.000  -1.000  2.10578e-01  7.52492e-02 1.0
 -10.000  -0.750  2.10455e-01  7.53243e-02 1.0
 -10.000  -0.500  2.10333e-01  7.53857e-02 1.0
 -10.000  -0.250  2.10181e-01  7.54319e-02 1.0
 -10.000   0.000  2.09976e-01  7.54624e-02 1.0
 -10.000   0.250  2.09702e-01  7.54780e-02 1.0
 -10.000   0.500  2.09349e-01  7.54797e-02 1.0
 -10.000   0.750  2.08908e-01  7.54694e-02 1.0
 -10.000   1.000  2.08377e-01  7.54494e-02 1.0
 -10.000   1.250  2.07757e-01  7.54225e-02 1.0
 -10.000   1.500  2.07049e-01  7.53922e-02 1.0
 -10.000   1.750  2.06259e-01  7.53628e-02 1.0
 -10.000   2.000  2.05396e-01  7.53395e-02 1.0
 -10.000   2.250  2.04473e-01  7.53293e-02 1.0
 -10.000   2.500  2.03508e-01  7.53410e-02 1.0

  -9.000  -2.500  2.13948e-01  7.44082e-02 1.0
  -9.000  -2.250  2.12564e-01  7.44585e-02 1.0
  -9.000  -2.000  2.11655e-01  7.45446e-02 1.0
  -9.000  -1.750  2.11088e-01  7.46493e-02 1.0
  -9.000  -1.500  2.10760e-01  7.47595e-02 1.0
  -9.000  -1.250  2.10586e-01  7.48657e-02 1.0
  -9.000  -1.000  2.10496e-01  7.49612e-02 1.0
  -9.000  -0.750  2.10441e-01  7.50418e-02 1.0
  -9.000  -0.500  2.10378e-01  7.51054e-02 1.0
  -9.000  -0.250  2.10279e-01  7.51509e-02 1.0
  -9.000   0.000  2.10121e-01  7.51786e-02 1.0
  -9.000   0.250  2.09889e-01  7.51896e-02 1.0
  -9.000   0.500  2.09574e-01  7.51854e-02 1.0
  -9.000   0.750  2.09169e-01  7.51681e-02 1.0
  -9.000   1.000  2.08671e-01  7.51402e-02 1.0
  -9.000   1.250  2.08081e-01  7.51044e-02 1.0
  -9.000   1.500  2.07402e-01  7.50641e-02 1.0
  -9.000   1.750  2.06638e-01  7.50232e-02 1.0
  -9.000   2.000  2.05798e-01  7.49867e-02 1.0
  -9.000   2.250  2.04895e-01  7.49605e-02 1.0
  -9.000   2.500  2.03945e-01  7.49527e-02 1.0

  -8.000  -2.500  2.13293e-01  7.40209e-02 1.0
  -8.000  -2.250  2.12042e-01  7.41097e-02 1.0
  -8.000  -2.000  2.11249e-01  7.42267e-02 1.0
  -8.000  -1.750  2.10785e-01  7.43555e-02 1.0
  -8.000  -1.500  2.10547e-01  7.44837e-02 1.0
  -8.000  -1.250  2.10451e-01  7.46027e-02 1.0
  -8.000  -1.000  2.10431e-01  7.47066e-02 1.0
  -8.000  -0.750  2.10435e-01  7.47920e-02 1.0
  -8.000  -0.500  2.10426e-01  7.48572e-02 1.0
  -8.000  -0.250  2.10374e-01  7.49019e-02 1.0
  -8.000   0.000  2.10258e-01  7.49269e-02 1.0
  -8.000   0.250  2.10064e-01  7.49336e-02 1.0
  -8.000   0.500  2.09784e-01  7.49240e-02 1.0
  -8.000   0.750  2.09410e-01  7.49004e-02 1.0
  -8.000   1.000  2.08943e-01  7.48653e-02 1.0
  -8.000   1.250  2.08380e-01  7.48216e-02 1.0
  -8.000   1.500  2.07727e-01  7.47724e-02 1.0
  -8.000   1.750  2.06987e-01  7.47215e-02 1.0
  -8.000   2.000  2.06169e-01  7.46733e-02 1.0
  -8.000   2.250  2.05284e-01  7.46333e-02 1.0
  -8.000   2.500  2.04350e-01  7.46086e-02 1.0

  -7.000  -2.500  2.12716e-01  7.36811e-02 1.0
  -7.000  -2.250  2.11583e-01  7.38043e-02 1.0
  -7.000  -2.000  2.10894e-01  7.39488e-02 1.0
  -7.000  -1.750  2.10522e-01  7.40988e-02 1.0
  -7.000  -1.500  2.10364e-01  7.42429e-02 1.0
  -7.000  -1.250  2.10337e-01  7.43731e-02 1.0
  -7.000  -1.000  2.10378e-01  7.44843e-02 1.0
  -7.000  -0.750  2.10436e-01  7.45737e-02 1.0
  -7.000  -0.500  2.10474e-01  7.46402e-02 1.0
  -7.000  -0.250  2.10463e-01  7.46840e-02 1.0
  -7.000   0.000  2.10385e-01  7.47064e-02 1.0
  -7.000   0.250  2.10225e-01  7.47093e-02 1.0
  -7.000   0.500  2.09975e-01  7.46947e-02 1.0
  -7.000   0.750  2.09630e-01  7.46654e-02 1.0
  -7.000   1.000  2.09189e-01  7.46240e-02 1.0
  -7.000   1.250  2.08652e-01  7.45732e-02 1.0
  -7.000   1.500  2.08022e-01  7.45163e-02 1.0
  -7.000   1.750  2.07304e-01  7.44567e-02 1.0
  -7.000   2.000  2.06505e-01  7.43985e-02 1.0
  -7.000   2.250  2.05638e-01  7.43466e-02 1.0
  -7.000   2.500  2.04718e-01  7.43074e-02 1.0

  -6.000  -2.500  2.12215e-01  7.33881e-02 1.0
  -6.000  -2.250  2.11186e-01  7.35415e-02 1.0
  -6.000  -2.000  2.10588e-01  7.37099e-02 1.0
  -6.000  -1.750  2.10296e-01  7.38785e-02 1.0
  -6.000  -1.500  2.10208e-01  7.40363e-02 1.0
  -6.000  -1.250  2.10243e-01  7.41761e-02 1.0
  -6.000  -1.000  2.10337e-01  7.42935e-02 1.0
  -6.000  -0.750  2.10442e-01  7.43862e-02 1.0
  -6.000  -0.500  2.10520e-01  7.44536e-02 1.0
  -6.000  -0.250  2.10546e-01  7.44965e-02 1.0
  -6.000   0.000  2.10500e-01  7.45165e-02 1.0
  -6.000   0.250  2.10370e-01  7.45158e-02 1.0
  -6.000   0.500  2.10147e-01  7.44970e-02 1.0
  -6.000   0.750  2.09827e-01  7.44626e-02 1.0
  -6.000   1.000  2.09409e-01  7.44156e-02 1.0
  -6.000   1.250  2.08894e-01  7.43588e-02 1.0
  -6.000   1.500  2.08284e-01  7.42953e-02 1.0
  -6.000   1.750  2.07585e-01  7.42282e-02 1.0
  -6.000   2.000  2.06805e-01  7.41614e-02 1.0
  -6.000   2.250  2.05953e-01  7.40994e-02 1.0
  -6.000   2.500  2.05046e-01  7.40479e-02 1.0

  -5.000  -2.500  2.11790e-01  7.31411e-02 1.0
  -5.000  -2.250  2.10850e-01  7.33203e-02 1.0
  -5.000  -2.000  2.10331e-01  7.35091e-02 1.0
  -5.000  -1.750  2.10107e-01  7.36934e-02 1.0
  -5.000  -1.500  2.10079e-01  7.38628e-02 1.0
  -5.000  -1.250  2.10166e-01  7.40107e-02 1.0
  -5.000  -1.000  2.10305e-01  7.41333e-02 1.0
  -5.000  -0.750  2.10450e-01  7.42286e-02 1.0
  -5.000  -0.500  2.10563e-01  7.42967e-02 1.0
  -5.000  -0.250  2.10620e-01  7.43387e-02 1.0
  -5.000   0.000  2.10601e-01  7.43565e-02 1.0
  -5.000   0.250  2.10496e-01  7.43527e-02 1.0
  -5.000   0.500  2.10296e-01  7.43301e-02 1.0
  -5.000   0.750  2.09997e-01  7.42914e-02 1.0
  -5.000   1.000  2.09599e-01  7.42397e-02 1.0
  -5.000   1.250  2.09103e-01  7.41777e-02 1.0
  -5.000   1.500  2.08511e-01  7.41085e-02 1.0
  -5.000   1.750  2.07829e-01  7.40352e-02 1.0
  -5.000   2.000  2.07064e-01  7.39613e-02 1.0
  -5.000   2.250  2.06227e-01  7.38909e-02 1.0
  -5.000   2.500  2.05331e-01  7.38292e-02 1.0

  -4.000  -2.500  2.11442e-01  7.29395e-02 1.0
  -4.000  -2.250  2.10576e-01  7.31399e-02 1.0
  -4.000  -2.000  2.10121e-01  7.33456e-02 1.0
  -4.000  -1.750  2.09954e-01  7.35427e-02 1.0
  -4.000  -1.500  2.09975e-01  7.37217e-02 1.0
  -4.000  -1.250  2.10105e-01  7.38762e-02 1.0
  -4.000  -1.000  2.10282e-01  7.40028e-02 1.0
  -4.000  -0.750  2.10459e-01  7.41002e-02 1.0
  -4.000  -0.500  2.10601e-01  7.41688e-02 1.0
  -4.000  -0.250  2.10683e-01  7.42099e-02 1.0
  -4.000   0.000  2.10687e-01  7.42259e-02 1.0
  -4.000   0.250  2.10602e-01  7.42195e-02 1.0
  -4.000   0.500  2.10421e-01  7.41937e-02 1.0
  -4.000   0.750  2.10140e-01  7.41515e-02 1.0
  -4.000   1.000  2.09758e-01  7.40958e-02 1.0
  -4.000   1.250  2.09278e-01  7.40296e-02 1.0
  -4.000   1.500  2.08701e-01  7.39558e-02 1.0
  -4.000   1.750  2.08033e-01  7.38773e-02 1.0
  -4.000   2.000  2.07281e-01  7.37976e-02 1.0
  -4.000   2.250  2.06455e-01  7.37204e-02 1.0
  -4.000   2.500  2.05570e-01  7.36505e-02 1.0

  -3.000  -2.500  2.11170e-01  7.27826e-02 1.0
  -3.000  -2.250  2.10362e-01  7.29999e-02 1.0
  -3.000  -2.000  2.09959e-01  7.32188e-02 1.0
  -3.000  -1.750  2.09836e-01  7.34260e-02 1.0
  -3.000  -1.500  2.09895e-01  7.36123e-02 1.0
  -3.000  -1.250  2.10059e-01  7.37719e-02 1.0
  -3.000  -1.000  2.10265e-01  7.39017e-02 1.0
  -3.000  -0.750  2.10467e-01  7.40007e-02 1.0
  -3.000  -0.500  2.10632e-01  7.40695e-02 1.0
  -3.000  -0.250  2.10734e-01  7.41099e-02 1.0
  -3.000   0.000  2.10756e-01  7.41244e-02 1.0
  -3.000   0.250  2.10687e-01  7.41159e-02 1.0
  -3.000   0.500  2.10520e-01  7.40875e-02 1.0
  -3.000   0.750  2.10253e-01  7.40424e-02 1.0
  -3.000   1.000  2.09885e-01  7.39836e-02 1.0
  -3.000   1.250  2.09416e-01  7.39141e-02 1.0
  -3.000   1.500  2.08851e-01  7.38367e-02 1.0
  -3.000   1.750  2.08194e-01  7.37543e-02 1.0
  -3.000   2.000  2.07453e-01  7.36701e-02 1.0
  -3.000   2.250  2.06637e-01  7.35876e-02 1.0
  -3.000   2.500  2.05760e-01  7.35114e-02 1.0

  -2.000  -2.500  2.10975e-01  7.26704e-02 1.0
  -2.000  -2.250  2.10209e-01  7.28998e-02 1.0
  -2.000  -2.000  2.09842e-01  7.31282e-02 1.0
  -2.000  -1.750  2.09752e-01  7.33426e-02 1.0
  -2.000  -1.500  2.09839e-01  7.35342e-02 1.0
  -2.000  -1.250  2.10026e-01  7.36974e-02 1.0
  -2.000  -1.000  2.10253e-01  7.38294e-02 1.0
  -2.000  -0.750  2.10474e-01  7.39295e-02 1.0
  -2.000  -0.500  2.10655e-01  7.39985e-02 1.0
  -2.000  -0.250  2.10771e-01  7.40383e-02 1.0
  -2.000   0.000  2.10806e-01  7.40517e-02 1.0
  -2.000   0.250  2.10749e-01  7.40417e-02 1.0
  -2.000   0.500  2.10593e-01  7.40114e-02 1.0
  -2.000   0.750  2.10336e-01  7.39643e-02 1.0
  -2.000   1.000  2.09977e-01  7.39032e-02 1.0
  -2.000   1.250  2.09517e-01  7.38313e-02 1.0
  -2.000   1.500  2.08961e-01  7.37513e-02 1.0
  -2.000   1.750  2.08312e-01  7.36660e-02 1.0
  -2.000   2.000  2.07578e-01  7.35786e-02 1.0
  -2.000   2.250  2.06769e-01  7.34924e-02 1.0
  -2.000   2.500  2.05898e-01  7.34117e-02 1.0

  -1.000  -2.500  2.10857e-01  7.26028e-02 1.0
  -1.000  -2.250  2.10117e-01  7.28395e-02 1.0
  -1.000  -2.000  2.09772e-01  7.30737e-02 1.0
  -1.000  -1.750  2.09701e-01  7.32925e-02 1.0
  -1.000  -1.500  2.09805e-01  7.34872e-02 1.0
  -1.000  -1.250  2.10007e-01  7.36526e-02 1.0
  -1.000  -1.000  2.10247e-01  7.37860e-02 1.0
  -1.000  -0.750  2.10479e-01  7.38867e-02 1.0
  -1.000  -0.500  2.10669e-01  7.39558e-02 1.0
  -1.000  -0.250  2.10794e-01  7.39952e-02 1.0
  -1.000   0.000  2.10837e-01  7.40079e-02 1.0
  -1.000   0.250  2.10786e-01  7.39969e-02 1.0
  -1.000   0.500  2.10637e-01  7.39655e-02 1.0
  -1.000   0.750  2.10386e-01  7.39171e-02 1.0
  -1.000   1.000  2.10033e-01  7.38547e-02 1.0
  -1.000   1.250  2.09579e-01  7.37813e-02 1.0
  -1.000   1.500  2.09027e-01  7.36997e-02 1.0
  -1.000   1.750  2.08383e-01  7.36127e-02 1.0
  -1.000   2.000  2.07654e-01  7.35234e-02 1.0
  -1.000   2.250  2.06849e-01  7.34349e-02 1.0
  -1.000   2.500  2.05982e-01  7.33515e-02 1.0

   0.000  -2.500  2.10818e-01  7.25802e-02 1.0
   0.000  -2.250  2.10086e-01  7.28193e-02 1.0
   0.000  -2.000  2.09749e-01  7.30554e-02 1.0
   0.000  -1.750  2.09684e-01  7.32757e-02 1.0
   0.000  -1.500  2.09794e-01  7.34715e-02 1.0
   0.000  -1.250  2.10001e-01  7.36376e-02 1.0
   0.000  -1.000  2.10245e-01  7.37714e-02 1.0
   0.000  -0.750  2.10480e-01  7.38724e-02 1.0
   0.000  -0.500  2.10674e-01  7.39414e-02 1.0
   0.000  -0.250  2.10802e-01  7.39808e-02 1.0
   0.000   0.000  2.10847e-01  7.39932e-02 1.0
   0.000   0.250  2.10799e-01  7.39819e-02 1.0
   0.000   0.500  2.10652e-01  7.39501e-02 1.0
   0.000   0.750  2.10403e-01  7.39013e-02 1.0
   0.000   1.000  2.10051e-01  7.38384e-02 1.0
   0.000   1.250  2.09599e-01  7.37645e-02 1.0
   0.000   1.500  2.09050e-01  7.36824e-02 1.0
   0.000   1.750  2.08408e-01  7.35948e-02 1.0
   0.000   2.000  2.07680e-01  7.35048e-02 1.0
   0.000   2.250  2.06876e-01  7.34156e-02 1.0
   0.000   2.500  2.06010e-01  7.33312e-02 1.0

   1.000  -2.500  2.10858e-01  7.26031e-02 1.0
   1.000  -2.250  2.10117e-01  7.28398e-02 1.0
   1.000  -2.000  2.09773e-01  7.30739e-02 1.0
   1.000  -1.750  2.09701e-01  7.32927e-02 1.0
   1.000  -1.500  2.09805e-01  7.34874e-02 1.0
   1.000  -1.250  2.10007e-01  7.36528e-02 1.0
   1.000  -1.000  2.10247e-01  7.37862e-02 1.0
   1.000  -0.750  2.10479e-01  7.38869e-02 1.0
   1.000  -0.500  2.10669e-01  7.39559e-02 1.0
   1.000  -0.250  2.10794e-01  7.39954e-02 1.0
   1.000   0.000  2.10837e-01  7.40081e-02 1.0
   1.000   0.250  2.10786e-01  7.39971e-02 1.0
   1.000   0.500  2.10637e-01  7.39658e-02 1.0
   1.000   0.750  2.10386e-01  7.39173e-02 1.0
   1.000   1.000  2.10032e-01  7.38549e-02 1.0
   1.000   1.250  2.09578e-01  7.37816e-02 1.0
   1.000   1.500  2.09027e-01  7.37000e-02 1.0
   1.000   1.750  2.08383e-01  7.36130e-02 1.0
   1.000   2.000  2.07654e-01  7.35237e-02 1.0
   1.000   2.250  2.06849e-01  7.34352e-02 1.0
   1.000   2.500  2.05981e-01  7.33518e-02 1.0

   2.000  -2.500  2.10979e-01  7.26729e-02 1.0
   2.000  -2.250  2.10212e-01  7.29018e-02 1.0
   2.000  -2.000  2.09845e-01  7.31299e-02 1.0
   2.000  -1.750  2.09753e-01  7.33442e-02 1.0
   2.000  -1.500  2.09840e-01  7.35357e-02 1.0
   2.000  -1.250  2.10027e-01  7.36989e-02 1.0
   2.000  -1.000  2.10254e-01  7.38309e-02 1.0
   2.000  -0.750  2.10474e-01  7.39310e-02 1.0
   2.000  -0.500  2.10654e-01  7.40000e-02 1.0
   2.000  -0.250  2.10770e-01  7.40399e-02 1.0
   2.000   0.000  2.10805e-01  7.40533e-02 1.0
   2.000   0.250  2.10747e-01  7.40434e-02 1.0
   2.000   0.500  2.10591e-01  7.40132e-02 1.0
   2.000   0.750  2.10334e-01  7.39661e-02 1.0
   2.000   1.000  2.09974e-01  7.39052e-02 1.0
   2.000   1.250  2.09515e-01  7.38334e-02 1.0
   2.000   1.500  2.08958e-01  7.37535e-02 1.0
   2.000   1.750  2.08309e-01  7.36683e-02 1.0
   2.000   2.000  2.07575e-01  7.35810e-02 1.0
   2.000   2.250  2.06765e-01  7.34949e-02 1.0
   2.000   2.500  2.05894e-01  7.34144e-02 1.0

   3.000  -2.500  2.11184e-01  7.27910e-02 1.0
   3.000  -2.250  2.10373e-01  7.30069e-02 1.0
   3.000  -2.000  2.09967e-01  7.32249e-02 1.0
   3.000  -1.750  2.09842e-01  7.34315e-02 1.0
   3.000  -1.500  2.09899e-01  7.36175e-02 1.0
   3.000  -1.250  2.10061e-01  7.37769e-02 1.0
   3.000  -1.000  2.10266e-01  7.39066e-02 1.0
   3.000  -0.750  2.10467e-01  7.40057e-02 1.0
   3.000  -0.500  2.10630e-01  7.40746e-02 1.0
   3.000  -0.250  2.10731e-01  7.41152e-02 1.0
   3.000   0.000  2.10752e-01  7.41299e-02 1.0
   3.000   0.250  2.10682e-01  7.41217e-02 1.0
   3.000   0.500  2.10515e-01  7.40936e-02 1.0
   3.000   0.750  2.10247e-01  7.40488e-02 1.0
   3.000   1.000  2.09877e-01  7.39903e-02 1.0
   3.000   1.250  2.09408e-01  7.39211e-02 1.0
   3.000   1.500  2.08842e-01  7.38441e-02 1.0
   3.000   1.750  2.08184e-01  7.37621e-02 1.0
   3.000   2.000  2.07442e-01  7.36783e-02 1.0
   3.000   2.250  2.06625e-01  7.35963e-02 1.0
   3.000   2.500  2.05747e-01  7.35206e-02 1.0

   4.000  -2.500  2.11477e-01  7.29596e-02 1.0
   4.000  -2.250  2.10602e-01  7.31569e-02 1.0
   4.000  -2.000  2.10140e-01  7.33605e-02 1.0
   4.000  -1.750  2.09968e-01  7.35562e-02 1.0
   4.000  -1.500  2.09984e-01  7.37343e-02 1.0
   4.000  -1.250  2.10110e-01  7.38883e-02 1.0
   4.000  -1.000  2.10284e-01  7.40148e-02 1.0
   4.000  -0.750  2.10458e-01  7.41123e-02 1.0
   4.000  -0.500  2.10597e-01  7.41811e-02 1.0
   4.000  -0.250  2.10677e-01  7.42226e-02 1.0
   4.000   0.000  2.10678e-01  7.42392e-02 1.0
   4.000   0.250  2.10591e-01  7.42334e-02 1.0
   4.000   0.500  2.10407e-01  7.42082e-02 1.0
   4.000   0.750  2.10124e-01  7.41667e-02 1.0
   4.000   1.000  2.09741e-01  7.41118e-02 1.0
   4.000   1.250  2.09258e-01  7.40464e-02 1.0
   4.000   1.500  2.08679e-01  7.39734e-02 1.0
   4.000   1.750  2.08009e-01  7.38959e-02 1.0
   4.000   2.000  2.07255e-01  7.38172e-02 1.0
   4.000   2.250  2.06427e-01  7.37411e-02 1.0
   4.000   2.500  2.05540e-01  7.36724e-02 1.0

   5.000  -2.500  2.11859e-01  7.31814e-02 1.0
   5.000  -2.250  2.10902e-01  7.33543e-02 1.0
   5.000  -2.000  2.10369e-01  7.35389e-02 1.0
   5.000  -1.750  2.10135e-01  7.37203e-02 1.0
   5.000  -1.500  2.10098e-01  7.38880e-02 1.0
   5.000  -1.250  2.10177e-01  7.40350e-02 1.0
   5.000  -1.000  2.10310e-01  7.41571e-02 1.0
   5.000  -0.750  2.10448e-01  7.42526e-02 1.0
   5.000  -0.500  2.10556e-01  7.43212e-02 1.0
   5.000  -0.250  2.10608e-01  7.43639e-02 1.0
   5.000   0.000  2.10584e-01  7.43828e-02 1.0
   5.000   0.250  2.10474e-01  7.43802e-02 1.0
   5.000   0.500  2.10270e-01  7.43588e-02 1.0
   5.000   0.750  2.09967e-01  7.43216e-02 1.0
   5.000   1.000  2.09565e-01  7.42714e-02 1.0
   5.000   1.250  2.09064e-01  7.42110e-02 1.0
   5.000   1.500  2.08468e-01  7.41435e-02 1.0
   5.000   1.750  2.07782e-01  7.40719e-02 1.0
   5.000   2.000  2.07013e-01  7.39999e-02 1.0
   5.000   2.250  2.06173e-01  7.39316e-02 1.0
   5.000   2.500  2.05274e-01  7.38723e-02 1.0

   6.000  -2.500  2.12338e-01  7.34599e-02 1.0
   6.000  -2.250  2.11277e-01  7.36021e-02 1.0
   6.000  -2.000  2.10656e-01  7.37630e-02 1.0
   6.000  -1.750  2.10345e-01  7.39265e-02 1.0
   6.000  -1.500  2.10242e-01  7.40812e-02 1.0
   6.000  -1.250  2.10263e-01  7.42193e-02 1.0
   6.000  -1.000  2.10346e-01  7.43359e-02 1.0
   6.000  -0.750  2.10440e-01  7.44287e-02 1.0
   6.000  -0.500  2.10509e-01  7.44969e-02 1.0
   6.000  -0.250  2.10526e-01  7.45411e-02 1.0
   6.000   0.000  2.10471e-01  7.45629e-02 1.0
   6.000   0.250  2.10333e-01  7.45642e-02 1.0
   6.000   0.500  2.10102e-01  7.45475e-02 1.0
   6.000   0.750  2.09775e-01  7.45156e-02 1.0
   6.000   1.000  2.09350e-01  7.44712e-02 1.0
   6.000   1.250  2.08827e-01  7.44171e-02 1.0
   6.000   1.500  2.08211e-01  7.43565e-02 1.0
   6.000   1.750  2.07505e-01  7.42925e-02 1.0
   6.000   2.000  2.06718e-01  7.42290e-02 1.0
   6.000   2.250  2.05862e-01  7.41707e-02 1.0
   6.000   2.500  2.04950e-01  7.41234e-02 1.0

   7.000  -2.500  2.12917e-01  7.37991e-02 1.0
   7.000  -2.250  2.11733e-01  7.39041e-02 1.0
   7.000  -2.000  2.11005e-01  7.40361e-02 1.0
   7.000  -1.750  2.10603e-01  7.41778e-02 1.0
   7.000  -1.500  2.10420e-01  7.43167e-02 1.0
   7.000  -1.250  2.10372e-01  7.44439e-02 1.0
   7.000  -1.000  2.10394e-01  7.45538e-02 1.0
   7.000  -0.750  2.10435e-01  7.46433e-02 1.0
   7.000  -0.500  2.10457e-01  7.47109e-02 1.0
   7.000  -0.250  2.10433e-01  7.47568e-02 1.0
   7.000   0.000  2.10341e-01  7.47818e-02 1.0
   7.000   0.250  2.10168e-01  7.47878e-02 1.0
   7.000   0.500  2.09906e-01  7.47768e-02 1.0
   7.000   0.750  2.09549e-01  7.47513e-02 1.0
   7.000   1.000  2.09096e-01  7.47139e-02 1.0
   7.000   1.250  2.08548e-01  7.46675e-02 1.0
   7.000   1.500  2.07907e-01  7.46152e-02 1.0
   7.000   1.750  2.07178e-01  7.45605e-02 1.0
   7.000   2.000  2.06370e-01  7.45076e-02 1.0
   7.000   2.250  2.05495e-01  7.44617e-02 1.0
   7.000   2.500  2.04568e-01  7.44291e-02 1.0

   8.000  -2.500  2.13604e-01  7.42040e-02 1.0
   8.000  -2.250  2.12274e-01  7.42647e-02 1.0
   8.000  -2.000  2.11422e-01  7.43624e-02 1.0
   8.000  -1.750  2.10912e-01  7.44782e-02 1.0
   8.000  -1.500  2.10635e-01  7.45981e-02 1.0
   8.000  -1.250  2.10507e-01  7.47123e-02 1.0
   8.000  -1.000  2.10458e-01  7.48141e-02 1.0
   8.000  -0.750  2.10437e-01  7.48994e-02 1.0
   8.000  -0.500  2.10404e-01  7.49662e-02 1.0
   8.000  -0.250  2.10330e-01  7.50138e-02 1.0
   8.000   0.000  2.10194e-01  7.50426e-02 1.0
   8.000   0.250  2.09981e-01  7.50539e-02 1.0
   8.000   0.500  2.09682e-01  7.50495e-02 1.0
   8.000   0.750  2.09291e-01  7.50315e-02 1.0
   8.000   1.000  2.08806e-01  7.50025e-02 1.0
   8.000   1.250  2.08227e-01  7.49652e-02 1.0
   8.000   1.500  2.07558e-01  7.49229e-02 1.0
   8.000   1.750  2.06803e-01  7.48793e-02 1.0
   8.000   2.000  2.05971e-01  7.48392e-02 1.0
   8.000   2.250  2.05074e-01  7.48082e-02 1.0
   8.000   2.500  2.04130e-01  7.47935e-02 1.0

   9.000  -2.500  2.14406e-01  7.46805e-02 1.0
   9.000  -2.250  2.12908e-01  7.46891e-02 1.0
   9.000  -2.000  2.11912e-01  7.47465e-02 1.0
   9.000  -1.750  2.11277e-01  7.48319e-02 1.0
   9.000  -1.500  2.10893e-01  7.49296e-02 1.0
   9.000  -1.250  2.10671e-01  7.50284e-02 1.0
   9.000  -1.000  2.10540e-01  7.51205e-02 1.0
   9.000  -0.750  2.10448e-01  7.52008e-02 1.0
   9.000  -0.500  2.10351e-01  7.52663e-02 1.0
   9.000  -0.250  2.10220e-01  7.53156e-02 1.0
   9.000   0.000  2.10033e-01  7.53486e-02 1.0
   9.000   0.250  2.09774e-01  7.53660e-02 1.0
   9.000   0.500  2.09432e-01  7.53691e-02 1.0
   9.000   0.750  2.09002e-01  7.53598e-02 1.0
   9.000   1.000  2.08480e-01  7.53404e-02 1.0
   9.000   1.250  2.07866e-01  7.53138e-02 1.0
   9.000   1.500  2.07165e-01  7.52832e-02 1.0
   9.000   1.750  2.06380e-01  7.52529e-02 1.0
   9.000   2.000  2.05522e-01  7.52279e-02 1.0
   9.000   2.250  2.04602e-01  7.52146e-02 1.0
   9.000   2.500  2.03641e-01  7.52213e-02 1.0

  10.000  -2.500  2.15332e-01  7.52355e-02 1.0
  10.000  -2.250  2.13643e-01  7.51835e-02 1.0
  10.000  -2.000  2.12482e-01  7.51943e-02 1.0
  10.000  -1.750  2.11706e-01  7.52443e-02 1.0
  10.000  -1.500  2.11199e-01  7.53161e-02 1.0
  10.000  -1.250  2.10870e-01  7.53969e-02 1.0
  10.000  -1.000  2.10647e-01  7.54774e-02 1.0
  10.000  -0.750  2.10471e-01  7.55515e-02 1.0
  10.000  -0.500  2.10302e-01  7.56153e-02 1.0
  10.000  -0.250  2.10107e-01  7.56663e-02 1.0
  10.000   0.000  2.09861e-01  7.57039e-02 1.0
  10.000   0.250  2.09549e-01  7.57280e-02 1.0
  10.000   0.500  2.09158e-01  7.57395e-02 1.0
  10.000   0.750  2.08683e-01  7.57401e-02 1.0
  10.000   1.000  2.08119e-01  7.57318e-02 1.0
  10.000   1.250  2.07467e-01  7.57174e-02 1.0
  10.000   1.500  2.06730e-01  7.57006e-02 1.0
  10.000   1.750  2.05912e-01  7.56857e-02 1.0
  10.000   2.000  2.05025e-01  7.56785e-02 1.0
  10.000   2.250  2.04082e-01  7.56862e-02 1.0
  10.000   2.500  2.03102e-01  7.57181e-02 1.0

