
tpsa, NO = 6, NV = 7, INA = 48017
------------------------------------------------------------------

   |I|         a                i  i  i  i  i  i  i
                I                1  2  3  4  5  6  7

    1  2.4353132827981347e-01   1  0  0  0  0  0  0
    1  1.8587589915861045e+01   0  1  0  0  0  0  0
    1 -1.9437879664638334e-04   0  0  0  0  1  0  0
    2  3.8985043064194818e+00   2  0  0  0  0  0  0
    2 -1.9636159637742597e+02   1  1  0  0  0  0  0
    2 -1.3093531293188562e+03   0  2  0  0  0  0  0
    2 -8.0576747836519591e-01   0  0  2  0  0  0  0
    2  3.0828720609073429e+01   0  0  1  1  0  0  0
    2 -4.2025512734002284e+00   0  0  0  2  0  0  0
    2 -1.4856311724108950e-02   1  0  0  0  1  0  0
    2 -1.0873917242763967e+02   0  1  0  0  1  0  0
    2  1.9884823244948029e+00   0  0  0  0  2  0  0
    3  1.0793890294637430e+02   3  0  0  0  0  0  0
    3 -3.0380662898748972e+02   2  1  0  0  0  0  0
    3  1.4796777764192422e+04   1  2  0  0  0  0  0
    3  8.8882920899074030e+04   0  3  0  0  0  0  0
    3 -9.6879192809012000e+02   1  0  2  0  0  0  0
    3 -2.4000703948990722e+03   0  1  2  0  0  0  0
    3  7.4884440233109681e+03   1  0  1  1  0  0  0
    3 -4.9742211341562142e+02   0  1  1  1  0  0  0
    3 -8.2046496557865498e+02   1  0  0  2  0  0  0
    3 -7.4948579895404255e+04   0  1  0  2  0  0  0
    3 -1.5725348668602948e+02   2  0  0  0  1  0  0
    3  1.1065815328326885e+03   1  1  0  0  1  0  0
    3  1.5100971453354236e+04   0  2  0  0  1  0  0
    3 -8.9435514026156497e+01   0  0  2  0  1  0  0
    3  5.5759335721540447e+02   0  0  1  1  1  0  0
    3 -4.4591847786663648e+03   0  0  0  2  1  0  0
    3  2.4094688013097468e+01   1  0  0  0  2  0  0
    3 -2.1988111549823520e+02   0  1  0  0  2  0  0
    3 -1.0273278567795169e+01   0  0  0  0  3  0  0
    4 -3.3644109209437120e+03   4  0  0  0  0  0  0
    4  6.4560651962538104e+04   3  1  0  0  0  0  0
    4  5.4421058017029881e+05   2  2  0  0  0  0  0
    4  7.8636830967244981e+06   1  3  0  0  0  0  0
    4  1.0764771282002814e+08   0  4  0  0  0  0  0
    4  1.8580683546653650e+04   2  0  2  0  0  0  0
    4 -4.9018912323215365e+04   1  1  2  0  0  0  0
    4  1.1705586387537315e+06   0  2  2  0  0  0  0
    4 -2.4164946707342228e+03   0  0  4  0  0  0  0
    4  4.9217692482898456e+04   2  0  1  1  0  0  0
    4  1.3426247428216040e+05   1  1  1  1  0  0  0
    4 -2.1312197911612108e+07   0  2  1  1  0  0  0
    4 -6.4501476272696564e+04   0  0  3  1  0  0  0
    4  4.8675179163956840e+05   2  0  0  2  0  0  0
    4  2.8854617141572139e+06   1  1  0  2  0  0  0
    4 -2.1494203407276459e+06   0  2  0  2  0  0  0
    4  1.2787697162674525e+05   0  0  2  2  0  0  0
    4  1.7109516521225548e+06   0  0  1  3  0  0  0
    4  4.0781928003692357e+06   0  0  0  4  0  0  0
    4  8.0594343109231449e+03   3  0  0  0  1  0  0
    4 -6.9534574050780357e+04   2  1  0  0  1  0  0
    4 -9.0220557713829912e+03   1  2  0  0  1  0  0
    4 -1.3955169258029502e+07   0  3  0  0  1  0  0
    4  2.6219785171023123e+03   1  0  2  0  1  0  0
    4  1.1129276215855600e+05   0  1  2  0  1  0  0
    4 -8.2314856924793479e+04   1  0  1  1  1  0  0
    4 -6.0353544598036748e+05   0  1  1  1  1  0  0
    4  1.7841473161830483e+04   1  0  0  2  1  0  0
    4  4.8137735487532206e+06   0  1  0  2  1  0  0
    4 -4.5437044556243773e+03   2  0  0  0  2  0  0
    4  3.3944889527000050e+04   1  1  0  0  2  0  0
    4  2.8037255902469717e+05   0  2  0  0  2  0  0
    4  1.2882022209482536e+03   0  0  2  0  2  0  0
    4 -4.1471695229338711e+03   0  0  1  1  2  0  0
    4  2.9711876689528555e+04   0  0  0  2  2  0  0
    4  1.4294179392714630e+03   1  0  0  0  3  0  0
    4 -4.3210389193484916e+03   0  1  0  0  3  0  0
    4 -1.3578120304040976e+02   0  0  0  0  4  0  0
    5 -1.5343510686189542e+05   5  0  0  0  0  0  0
    5  3.9587403693941259e+05   4  1  0  0  0  0  0
    5 -1.2212591164824791e+07   3  2  0  0  0  0  0
    5 -5.4476174130033359e+07   2  3  0  0  0  0  0
    5 -7.4638179722581797e+09   1  4  0  0  0  0  0
    5 -2.2867656350947250e+10   0  5  0  0  0  0  0
    5  1.7337770634585268e+04   3  0  2  0  0  0  0
    5  4.0077198854889562e+06   2  1  2  0  0  0  0
    5 -6.4434355194470987e+07   1  2  2  0  0  0  0
    5  7.8558881698023629e+08   0  3  2  0  0  0  0
    5 -4.3553487664612505e+04   1  0  4  0  0  0  0
    5 -5.7914018386351457e+05   0  1  4  0  0  0  0
    5  4.6737699684826657e+05   3  0  1  1  0  0  0
    5 -3.8484890625305861e+07   2  1  1  1  0  0  0
    5 -3.2742829095250404e+08   1  2  1  1  0  0  0
    5 -1.7903682823945618e+08   0  3  1  1  0  0  0
    5 -4.4124307155167181e+06   1  0  3  1  0  0  0
    5 -3.6900120859824769e+07   0  1  3  1  0  0  0
    5 -1.8985233890633259e+07   3  0  0  2  0  0  0
    5  2.0288759771407130e+08   2  1  0  2  0  0  0
    5  3.1846605269422851e+09   1  2  0  2  0  0  0
    5  2.4421909036778851e+10   0  3  0  2  0  0  0
    5  2.0677475434273742e+07   1  0  2  2  0  0  0
    5  4.5711863881338745e+07   0  1  2  2  0  0  0
    5  1.7674777527307624e+08   1  0  1  3  0  0  0
    5  1.5758279722141292e+09   0  1  1  3  0  0  0
    5 -7.0605715675585702e+07   1  0  0  4  0  0  0
    5 -3.3991054915417194e+09   0  1  0  4  0  0  0
    5  2.3341504225666393e+05   4  0  0  0  1  0  0
    5 -2.7359418950453971e+05   3  1  0  0  1  0  0
    5 -1.7323650446748476e+07   2  2  0  0  1  0  0
    5  1.6230187067413208e+08   1  3  0  0  1  0  0
    5  1.5502633129203033e+09   0  4  0  0  1  0  0
    5 -1.2618067562407238e+05   2  0  2  0  1  0  0
    5 -3.9149008144230214e+06   1  1  2  0  1  0  0
    5 -8.7487515104043841e+07   0  2  2  0  1  0  0
    5  6.9817685532708434e+04   0  0  4  0  1  0  0
    5  1.2959472710067381e+06   2  0  1  1  1  0  0
    5  8.5174237409716770e+06   1  1  1  1  1  0  0
    5  6.1677404804192305e+08   0  2  1  1  1  0  0
    5 -9.4234754138361302e+05   0  0  3  1  1  0  0
    5  1.8099165959868569e+07   2  0  0  2  1  0  0
    5 -1.9564758868528074e+08   1  1  0  2  1  0  0
    5 -1.5061697414397125e+09   0  2  0  2  1  0  0
    5  1.1844363079443197e+06   0  0  2  2  1  0  0
    5  9.8945217615483440e+06   0  0  1  3  1  0  0
    5 -2.6723507557760067e+06   0  0  0  4  1  0  0
    5 -1.7307895075573275e+05   3  0  0  0  2  0  0
    5 -2.9872063613799075e+05   2  1  0  0  2  0  0
    5  5.9459274934932496e+06   1  2  0  0  2  0  0
    5  3.9734357382403612e+06   0  3  0  0  2  0  0
    5 -5.1126614963136257e+04   1  0  2  0  2  0  0
    5  1.2266330573293229e+06   0  1  2  0  2  0  0
    5 -7.2570335461499193e+05   1  0  1  1  2  0  0
    5 -1.2671299018311817e+06   0  1  1  1  2  0  0
    5 -8.7601297342085969e+06   1  0  0  2  2  0  0
    5  1.3505264289510902e+07   0  1  0  2  2  0  0
    5  6.0533646122598249e+04   2  0  0  0  3  0  0
    5  2.9585443234598992e+04   1  1  0  0  3  0  0
    5 -4.0802404084987044e+06   0  2  0  0  3  0  0
    5  2.7676595990066166e+03   0  0  2  0  3  0  0
    5  2.0526188930259261e+05   0  0  1  1  3  0  0
    5  1.2206787830794454e+06   0  0  0  2  3  0  0
    5 -1.1407852035771153e+04   1  0  0  0  4  0  0
    5  3.7367512800915894e+04   0  1  0  0  4  0  0
    5  7.8322556413994891e+02   0  0  0  0  5  0  0
 -135  0.0000000000000000e+00   0  0  0  0  0  0  0

tpsa, NO = 6, NV = 7, INA = 48018
------------------------------------------------------------------

   |I|         a                i  i  i  i  i  i  i
                I                1  2  3  4  5  6  7

    1 -5.0608631694825559e-02   1  0  0  0  0  0  0
    1  2.4353132827980994e-01   0  1  0  0  0  0  0
    1 -1.3004166988647630e-05   0  0  0  0  1  0  0
    2 -2.6351075321584849e-01   2  0  0  0  0  0  0
    2 -7.2158428438132063e+00   1  1  0  0  0  0  0
    2  9.4904038830805234e+01   0  2  0  0  0  0  0
    2  1.2201032596843930e-01   0  0  2  0  0  0  0
    2 -5.3223895550065237e-01   0  0  1  1  0  0  0
    2 -3.3893366071132220e+00   0  0  0  2  0  0  0
    2 -2.9606336109704351e-01   1  0  0  0  1  0  0
    2  1.5005709370506715e-02   0  1  0  0  1  0  0
    2  1.2876682474712800e-01   0  0  0  0  2  0  0
    3 -1.5871212978169069e+00   3  0  0  0  0  0  0
    3  3.1873592048845211e+01   2  1  0  0  0  0  0
    3 -5.4331956598042962e+02   1  2  0  0  0  0  0
    3  3.9652640591701405e+04   0  3  0  0  0  0  0
    3 -1.8093318889080599e+01   1  0  2  0  0  0  0
    3  1.1394589361376961e+02   0  1  2  0  0  0  0
    3  1.4609080652054402e+01   1  0  1  1  0  0  0
    3 -6.3233111129004437e+03   0  1  1  1  0  0  0
    3 -3.9046102316314892e+02   1  0  0  2  0  0  0
    3 -1.2529903457450913e+04   0  1  0  2  0  0  0
    3 -4.1723936275943281e+00   2  0  0  0  1  0  0
    3 -7.9253062054704884e+01   1  1  0  0  1  0  0
    3 -3.5013473539337356e+03   0  2  0  0  1  0  0
    3 -5.0626896975871816e+00   0  0  2  0  1  0  0
    3  3.0416137217024527e+01   0  0  1  1  1  0  0
    3 -3.3085606782402715e+02   0  0  0  2  1  0  0
    3 -1.1579697195095231e+00   1  0  0  0  2  0  0
    3  6.5412990793460736e+01   0  1  0  0  2  0  0
    3  7.5763258670770439e-02   0  0  0  0  3  0  0
    4 -3.1691637163939390e+01   4  0  0  0  0  0  0
    4  3.4365205532574273e+03   3  1  0  0  0  0  0
    4  5.0936948159190069e+04   2  2  0  0  0  0  0
    4 -1.2298134469956420e+06   1  3  0  0  0  0  0
    4 -2.7221360949880425e+07   0  4  0  0  0  0  0
    4  3.0154235743006404e+02   2  0  2  0  0  0  0
    4  5.2698818173556792e+03   1  1  2  0  0  0  0
    4  5.2668628746238665e+05   0  2  2  0  0  0  0
    4 -2.7018315855258834e+01   0  0  4  0  0  0  0
    4 -1.6377578618174448e+03   2  0  1  1  0  0  0
    4 -2.2206778928793501e+04   1  1  1  1  0  0  0
    4 -2.2531233961688746e+06   0  2  1  1  0  0  0
    4 -5.7188882953831635e+03   0  0  3  1  0  0  0
    4  3.6124301354660984e+03   2  0  0  2  0  0  0
    4  1.4256256486100174e+05   1  1  0  2  0  0  0
    4  4.7746026595786894e+06   0  2  0  2  0  0  0
    4  3.7826512591951963e+04   0  0  2  2  0  0  0
    4 -7.5245693337451376e+04   0  0  1  3  0  0  0
    4  1.6053439299017270e+05   0  0  0  4  0  0  0
    4  3.0189166752442532e+01   3  0  0  0  1  0  0
    4 -2.7860005956829482e+03   2  1  0  0  1  0  0
    4  7.3382566530191165e+04   1  2  0  0  1  0  0
    4  2.5611329013683256e+06   0  3  0  0  1  0  0
    4  4.1920850901167974e+01   1  0  2  0  1  0  0
    4 -1.2399713661505157e+04   0  1  2  0  1  0  0
    4 -1.9045131942789967e+03   1  0  1  1  1  0  0
    4  3.7664049244544651e+04   0  1  1  1  1  0  0
    4  8.1385967605445703e+03   1  0  0  2  1  0  0
    4 -1.4543985119300589e+04   0  1  0  2  1  0  0
    4 -3.0246055669830497e+01   2  0  0  0  2  0  0
    4 -1.5935738135739780e+02   1  1  0  0  2  0  0
    4 -5.5765781002991054e+04   0  2  0  0  2  0  0
    4  9.0312603967456710e+01   0  0  2  0  2  0  0
    4 -9.1413103391836967e+02   0  0  1  1  2  0  0
    4 -9.3764318444224398e+02   0  0  0  2  2  0  0
    4  4.8251067631556985e+00   1  0  0  0  3  0  0
    4  6.2368391642020515e+02   0  1  0  0  3  0  0
    4 -2.3844601879891600e+00   0  0  0  0  4  0  0
    5 -3.3062936473290847e+02   5  0  0  0  0  0  0
    5 -2.3987229428344988e+04   4  1  0  0  0  0  0
    5  7.7714798114906531e+05   3  2  0  0  0  0  0
    5 -3.5269561535313770e+07   2  3  0  0  0  0  0
    5 -1.3569846057712197e+08   1  4  0  0  0  0  0
    5 -1.6082748189877167e+10   0  5  0  0  0  0  0
    5  6.9354905649692155e+03   3  0  2  0  0  0  0
    5  4.9971006056642695e+05   2  1  2  0  0  0  0
    5 -1.3946071443401717e+07   1  2  2  0  0  0  0
    5 -9.9769224863346860e+07   0  3  2  0  0  0  0
    5  2.3590010223949939e+03   1  0  4  0  0  0  0
    5  8.3827869487487385e+05   0  1  4  0  0  0  0
    5 -6.9651737407910114e+04   3  0  1  1  0  0  0
    5  1.1189504450584343e+05   2  1  1  1  0  0  0
    5  1.2748928095983773e+08   1  2  1  1  0  0  0
    5  1.3767585978398325e+09   0  3  1  1  0  0  0
    5  1.4701712906751802e+05   1  0  3  1  0  0  0
    5 -6.7020083354018908e+06   0  1  3  1  0  0  0
    5 -2.4036718929953489e+05   3  0  0  2  0  0  0
    5  1.2985047884695202e+07   2  1  0  2  0  0  0
    5 -1.1184225051369369e+08   1  2  0  2  0  0  0
    5 -6.6245555850727663e+09   0  3  0  2  0  0  0
    5 -1.1135717412393447e+06   1  0  2  2  0  0  0
    5  3.8048135846075229e+07   0  1  2  2  0  0  0
    5  2.4064712297271695e+06   1  0  1  3  0  0  0
    5  7.6411400229066104e+07   0  1  1  3  0  0  0
    5 -9.9726892572941370e+06   1  0  0  4  0  0  0
    5  2.7045939390351772e+07   0  1  0  4  0  0  0
    5 -1.6452540378111371e+02   4  0  0  0  1  0  0
    5  7.0493944223071449e+04   3  1  0  0  1  0  0
    5  1.4361208680315688e+05   2  2  0  0  1  0  0
    5  2.8617088480856195e+07   1  3  0  0  1  0  0
    5  1.7840460875275803e+09   0  4  0  0  1  0  0
    5 -2.4619617709613449e+03   2  0  2  0  1  0  0
    5  2.9590034819106036e+05   1  1  2  0  1  0  0
    5  2.7953664583120942e+06   0  2  2  0  1  0  0
    5 -5.8030259206086994e+03   0  0  4  0  1  0  0
    5  6.5523258080008993e+04   2  0  1  1  1  0  0
    5 -3.6751091339531476e+06   1  1  1  1  1  0  0
    5 -6.1024818066580132e+07   0  2  1  1  1  0  0
    5  5.9080296218420764e+04   0  0  3  1  1  0  0
    5  7.7828239828875317e+04   2  0  0  2  1  0  0
    5 -5.0538603552958295e+06   1  1  0  2  1  0  0
    5  1.8241337220577765e+08   0  2  0  2  1  0  0
    5 -1.2662802991255419e+05   0  0  2  2  1  0  0
    5  3.1830560272141676e+06   0  0  1  3  1  0  0
    5  3.8139552110309014e+06   0  0  0  4  1  0  0
    5 -6.4952929457900245e+02   3  0  0  0  2  0  0
    5 -3.8476072276361752e+04   2  1  0  0  2  0  0
    5 -2.5676477797539830e+06   1  2  0  0  2  0  0
    5 -1.0387244205211401e+08   0  3  0  0  2  0  0
    5 -7.4652592280114186e+02   1  0  2  0  2  0  0
    5 -1.2155380058896824e+05   0  1  2  0  2  0  0
    5  3.5598346742942085e+03   1  0  1  1  2  0  0
    5  1.4529907160120476e+06   0  1  1  1  2  0  0
    5 -2.1385073732872221e+04   1  0  0  2  2  0  0
    5 -2.5729237174649970e+06   0  1  0  2  2  0  0
    5  4.9483327269451001e+02   2  0  0  0  3  0  0
    5  5.7051682813825522e+04   1  1  0  0  3  0  0
    5  2.5948986136319134e+06   0  2  0  0  3  0  0
    5  8.7494781742758028e+02   0  0  2  0  3  0  0
    5 -1.0010138876041363e+04   0  0  1  1  3  0  0
    5  1.1306280534161040e+04   0  0  0  2  3  0  0
    5 -4.1451696166745700e+02   1  0  0  0  4  0  0
    5 -3.0373386503986345e+04   0  1  0  0  4  0  0
    5  1.5156862706608652e+02   0  0  0  0  5  0  0
 -135  0.0000000000000000e+00   0  0  0  0  0  0  0

tpsa, NO = 6, NV = 7, INA = 48019
------------------------------------------------------------------

   |I|         a                i  i  i  i  i  i  i
                I                1  2  3  4  5  6  7

    1  8.9386057384569950e-01   0  0  1  0  0  0  0
    1  1.4378464296994942e+00   0  0  0  1  0  0  0
    2 -1.3105621443539430e+00   1  0  1  0  0  0  0
    2  2.2639904355923619e+01   0  1  1  0  0  0  0
    2  3.9127823627786293e+00   1  0  0  1  0  0  0
    2  8.5776390623769885e+01   0  1  0  1  0  0  0
    2  6.9747178922805020e-02   0  0  1  0  1  0  0
    2  5.7995689675404893e+00   0  0  0  1  1  0  0
    3 -2.5155510963362633e+02   2  0  1  0  0  0  0
    3  7.1731896541743708e+02   1  1  1  0  0  0  0
    3  5.8522749904881268e+04   0  2  1  0  0  0  0
    3 -2.6265113014038207e+02   0  0  3  0  0  0  0
    3  4.3286439649927297e+02   2  0  0  1  0  0  0
    3  9.4898944359816323e+03   1  1  0  1  0  0  0
    3  9.6259516232481226e+04   0  2  0  1  0  0  0
    3  2.1702432770658356e+03   0  0  2  1  0  0  0
    3  5.1886600795018676e+03   0  0  1  2  0  0  0
    3 -1.6703874005865833e+04   0  0  0  3  0  0  0
    3 -5.7491380861527290e+01   1  0  1  0  1  0  0
    3 -6.5159670450082274e+02   0  1  1  0  1  0  0
    3  6.2242035124833319e+02   1  0  0  1  1  0  0
    3  9.0017321090809746e+03   0  1  0  1  1  0  0
    3  7.5290583507513507e+00   0  0  1  0  2  0  0
    3 -1.0280065582210771e+01   0  0  0  1  2  0  0
    4 -1.2930681040628297e+03   3  0  1  0  0  0  0
    4 -1.8758796806197766e+04   2  1  1  0  0  0  0
    4  6.8996581678286998e+05   1  2  1  0  0  0  0
    4  1.8051916278119013e+07   0  3  1  0  0  0  0
    4  3.1681592791701964e+03   1  0  3  0  0  0  0
    4  7.9726653345654224e+04   0  1  3  0  0  0  0
    4 -9.1267420874323470e+03   3  0  0  1  0  0  0
    4 -8.5644355654427723e+04   2  1  0  1  0  0  0
    4 -5.3348761621436942e+06   1  2  0  1  0  0  0
    4 -9.0947370232337162e+07   0  3  0  1  0  0  0
    4 -5.0704024094880413e+04   1  0  2  1  0  0  0
    4 -1.8090188097129453e+06   0  1  2  1  0  0  0
    4 -9.3537762000593590e+04   1  0  1  2  0  0  0
    4  6.8861925540478397e+06   0  1  1  2  0  0  0
    4 -8.2542413493156037e+05   1  0  0  3  0  0  0
    4 -7.9784519776732903e+06   0  1  0  3  0  0  0
    4 -2.5197502155155235e+01   2  0  1  0  1  0  0
    4  2.3252533180273029e+04   1  1  1  0  1  0  0
    4 -1.0171463665361333e+06   0  2  1  0  1  0  0
    4  1.5951626452520447e+03   0  0  3  0  1  0  0
    4  1.2967505115170866e+03   2  0  0  1  1  0  0
    4 -4.4914560978318087e+05   1  1  0  1  1  0  0
    4 -5.5958429120489769e+05   0  2  0  1  1  0  0
    4 -7.5027080439313568e+03   0  0  2  1  1  0  0
    4 -3.0334261940960365e+04   0  0  1  2  1  0  0
    4  1.2120072344451671e+05   0  0  0  3  1  0  0
    4  3.1630717958879637e+02   1  0  1  0  2  0  0
    4  2.3587454598863966e+04   0  1  1  0  2  0  0
    4  1.7726227952247484e+02   1  0  0  1  2  0  0
    4 -4.8053839734841822e+04   0  1  0  1  2  0  0
    4  3.7684368851556044e+01   0  0  1  0  3  0  0
    4 -3.3944988961861083e+02   0  0  0  1  3  0  0
    5  2.5219164757857197e+03   4  0  1  0  0  0  0
    5  1.2093705333270570e+06   3  1  1  0  0  0  0
    5 -2.1369144423957258e+07   2  2  1  0  0  0  0
    5 -6.6444886092157626e+08   1  3  1  0  0  0  0
    5 -8.2799902355937538e+09   0  4  1  0  0  0  0
    5  1.1212666741346533e+05   2  0  3  0  0  0  0
    5 -4.1289460116354534e+06   1  1  3  0  0  0  0
    5  5.1960824239279553e+07   0  2  3  0  0  0  0
    5 -3.3379174336456126e+04   0  0  5  0  0  0  0
    5  4.2977090045615076e+05   4  0  0  1  0  0  0
    5 -1.0464455635845836e+07   3  1  0  1  0  0  0
    5 -1.2679789535748722e+08   2  2  0  1  0  0  0
    5  3.9872104223349671e+09   1  3  0  1  0  0  0
    5  7.6760955579659988e+10   0  4  0  1  0  0  0
    5 -3.0024528708945187e+06   2  0  2  1  0  0  0
    5  3.2154925339625217e+06   1  1  2  1  0  0  0
    5 -8.5217014342142951e+08   0  2  2  1  0  0  0
    5 -2.6967852685588142e+06   0  0  4  1  0  0  0
    5 -5.3860582102543022e+06   2  0  1  2  0  0  0
    5 -1.6032722450734681e+08   1  1  1  2  0  0  0
    5  1.1171293526563787e+08   0  2  1  2  0  0  0
    5  6.3706030209239051e+06   0  0  3  2  0  0  0
    5  5.8751296780966409e+06   2  0  0  3  0  0  0
    5  9.1405182911544263e+08   1  1  0  3  0  0  0
    5  5.0261701789494276e+09   0  2  0  3  0  0  0
    5 -1.5012145315616325e+07   0  0  2  3  0  0  0
    5 -5.3882359164626002e+06   0  0  1  4  0  0  0
    5 -2.8710279917657733e+07   0  0  0  5  0  0  0
    5 -4.1096482719222986e+04   3  0  1  0  1  0  0
    5 -2.0119622461135625e+06   2  1  1  0  1  0  0
    5  5.5742016293890718e+06   1  2  1  0  1  0  0
    5  4.4726499243707383e+08   0  3  1  0  1  0  0
    5  8.3396632174496248e+04   1  0  3  0  1  0  0
    5 -2.4625671163517516e+06   0  1  3  0  1  0  0
    5 -5.4706286667724990e+05   3  0  0  1  1  0  0
    5  7.8101766583229229e+06   2  1  0  1  1  0  0
    5  2.6619884006732494e+07   1  2  0  1  1  0  0
    5 -2.2768686916965737e+09   0  3  0  1  1  0  0
    5 -1.9761170069630686e+06   1  0  2  1  1  0  0
    5  3.2939183508558627e+06   0  1  2  1  1  0  0
    5  3.3313579754172657e+06   1  0  1  2  1  0  0
    5 -8.4918122285366207e+07   0  1  1  2  1  0  0
    5 -4.4514186809102399e+05   1  0  0  3  1  0  0
    5 -1.0057477224472404e+07   0  1  0  3  1  0  0
    5  1.7592181729436499e+04   2  0  1  0  2  0  0
    5 -6.9149753445214708e+04   1  1  1  0  2  0  0
    5 -2.0534808287769407e+07   0  2  1  0  2  0  0
    5  3.4236583402503184e+03   0  0  3  0  2  0  0
    5  2.6000596621859062e+05   2  0  0  1  2  0  0
    5 -1.0130491287373101e+06   1  1  0  1  2  0  0
    5  1.1141648797104338e+08   0  2  0  1  2  0  0
    5  5.2705129780754360e+04   0  0  2  1  2  0  0
    5 -8.8560591095345299e+04   0  0  1  2  2  0  0
    5  2.9253248788823546e+06   0  0  0  3  2  0  0
    5 -3.9823639934429120e+03   1  0  1  0  3  0  0
    5  2.3337712328434316e+05   0  1  1  0  3  0  0
    5 -8.6287142838444881e+04   1  0  0  1  3  0  0
    5 -1.0392971494107014e+06   0  1  0  1  3  0  0
    5 -5.0859304257878068e+02   0  0  1  0  4  0  0
    5  1.2651563930738901e+04   0  0  0  1  4  0  0
 -116  0.0000000000000000e+00   0  0  0  0  0  0  0

tpsa, NO = 6, NV = 7, INA = 48020
------------------------------------------------------------------

   |I|         a                i  i  i  i  i  i  i
                I                1  2  3  4  5  6  7

    1 -1.3980162997396361e-01   0  0  1  0  0  0  0
    1  8.9386057384569717e-01   0  0  0  1  0  0  0
    2  1.8021582233477984e-01   1  0  1  0  0  0  0
    2  1.9724771155158010e+00   0  1  1  0  0  0  0
    2  9.8848655029134846e-01   1  0  0  1  0  0  0
    2 -3.2882620403782539e+01   0  1  0  1  0  0  0
    2  5.6383993034560786e-01   0  0  1  0  1  0  0
    2 -6.9829925652291347e-02   0  0  0  1  1  0  0
    3 -1.9847671159880647e+01   2  0  1  0  0  0  0
    3 -3.9594779003201756e+02   1  1  1  0  0  0  0
    3 -6.3160543671467258e+03   0  2  1  0  0  0  0
    3 -8.7542033169889180e+01   0  0  3  0  0  0  0
    3  1.5416583494539532e+02   2  0  0  1  0  0  0
    3 -2.8857921092312017e+03   1  1  0  1  0  0  0
    3 -8.2715675262229226e+04   0  2  0  1  0  0  0
    3  3.3524294864189130e+01   0  0  2  1  0  0  0
    3 -2.9350917473358463e+03   0  0  1  2  0  0  0
    3 -6.1121093883360936e+02   0  0  0  3  0  0  0
    3 -5.2727852341936003e+00   1  0  1  0  1  0  0
    3 -7.5441445373902297e+01   0  1  1  0  1  0  0
    3 -4.4880220833780591e+01   1  0  0  1  1  0  0
    3 -8.0640691309250542e+02   0  1  0  1  1  0  0
    3  3.8643174609912583e+00   0  0  1  0  2  0  0
    3  3.9585990005255454e+00   0  0  0  1  2  0  0
    4  4.7232504283731436e+02   3  0  1  0  0  0  0
    4 -2.7507246533079415e+03   2  1  1  0  0  0  0
    4  2.3494768703269889e+05   1  2  1  0  0  0  0
    4  4.5749067221332490e+06   0  3  1  0  0  0  0
    4 -8.2539581089470448e+02   1  0  3  0  0  0  0
    4 -1.7446141059618738e+04   0  1  3  0  0  0  0
    4  3.9848933309037043e+03   3  0  0  1  0  0  0
    4  8.7765521188880302e+03   2  1  0  1  0  0  0
    4  4.1054278003021283e+05   1  2  0  1  0  0  0
    4  7.3857887234900966e+06   0  3  0  1  0  0  0
    4 -5.6800659039606253e+03   1  0  2  1  0  0  0
    4 -9.7219327197963779e+04   0  1  2  1  0  0  0
    4  4.2581442912546852e+04   1  0  1  2  0  0  0
    4  6.8214036205849273e+05   0  1  1  2  0  0  0
    4  2.0083745092194912e+05   1  0  0  3  0  0  0
    4 -3.9701853734289913e+05   0  1  0  3  0  0  0
    4 -4.6124238668392854e+02   2  0  1  0  1  0  0
    4  2.2869572659025125e+03   1  1  1  0  1  0  0
    4 -7.3866149327834370e+04   0  2  1  0  1  0  0
    4  5.2605352234425209e+02   0  0  3  0  1  0  0
    4 -7.0678924592494059e+02   2  0  0  1  1  0  0
    4  5.5284061561116891e+04   1  1  0  1  1  0  0
    4  1.0256917610263228e+06   0  2  0  1  1  0  0
    4 -1.7212959781130530e+03   0  0  2  1  1  0  0
    4  1.0922773294792063e+04   0  0  1  2  1  0  0
    4 -8.9979566446452518e+03   0  0  0  3  1  0  0
    4  4.7986503931969793e+01   1  0  1  0  2  0  0
    4  3.3378720035934475e+02   0  1  1  0  2  0  0
    4  1.0289701660921014e+02   1  0  0  1  2  0  0
    4 -9.8092045129273520e+03   0  1  0  1  2  0  0
    4 -8.9833680450884117e+00   0  0  1  0  3  0  0
    4  1.9823101927091585e+01   0  0  0  1  3  0  0
    5  1.2166530877914993e+03   4  0  1  0  0  0  0
    5  2.4220967599933146e+05   3  1  1  0  0  0  0
    5  2.1763861120797829e+06   2  2  1  0  0  0  0
    5 -6.7125974722864285e+07   1  3  1  0  0  0  0
    5 -6.2614249880375648e+08   0  4  1  0  0  0  0
    5  3.8097000028316223e+04   2  0  3  0  0  0  0
    5  5.2246134325267526e+05   1  1  3  0  0  0  0
    5  6.1258941214230247e+06   0  2  3  0  0  0  0
    5 -2.3555431302790712e+04   0  0  5  0  0  0  0
    5 -2.6507207773170670e+04   4  0  0  1  0  0  0
    5 -6.4041715190300299e+05   3  1  0  1  0  0  0
    5  2.6722497422375306e+06   2  2  0  1  0  0  0
    5  9.6798158587219238e+07   1  3  0  1  0  0  0
    5  7.1793068844290161e+08   0  4  0  1  0  0  0
    5  2.9040147932228661e+04   2  0  2  1  0  0  0
    5 -4.1692704012389779e+06   1  1  2  1  0  0  0
    5 -1.1575981542764449e+08   0  2  2  1  0  0  0
    5 -2.4626664509338164e+05   0  0  4  1  0  0  0
    5  2.1313425246694703e+06   2  0  1  2  0  0  0
    5 -2.9678202284248881e+06   1  1  1  2  0  0  0
    5  8.5602172693834460e+08   0  2  1  2  0  0  0
    5 -6.7558727128076658e+05   0  0  3  2  0  0  0
    5  3.6958347150905952e+06   2  0  0  3  0  0  0
    5 -2.9574769380446255e+07   1  1  0  3  0  0  0
    5  1.4017520451369292e+08   0  2  0  3  0  0  0
    5  6.4764658711565770e+06   0  0  2  3  0  0  0
    5  1.7342023922204256e+07   0  0  1  4  0  0  0
    5  4.2549898153009474e+07   0  0  0  5  0  0  0
    5  4.5099462291469026e+03   3  0  1  0  1  0  0
    5 -5.1478765719368617e+04   2  1  1  0  1  0  0
    5 -4.1674510659199860e+05   1  2  1  0  1  0  0
    5 -4.4083171086775243e+07   0  3  1  0  1  0  0
    5  1.2417078390161474e+04   1  0  3  0  1  0  0
    5  1.0370732554427697e+05   0  1  3  0  1  0  0
    5  1.0895365742016220e+05   3  0  0  1  1  0  0
    5 -2.4827619601151993e+05   2  1  0  1  1  0  0
    5 -2.4943405119413197e+07   1  2  0  1  1  0  0
    5 -3.3987235949355108e+08   0  3  0  1  1  0  0
    5 -2.2200240112733899e+05   1  0  2  1  1  0  0
    5  9.8482398593388498e+05   0  1  2  1  1  0  0
    5  3.5195483028918575e+05   1  0  1  2  1  0  0
    5  1.1699802554327756e+07   0  1  1  2  1  0  0
    5 -2.4891786969828769e+05   1  0  0  3  1  0  0
    5  4.7147525683658376e+07   0  1  0  3  1  0  0
    5 -6.4260405485974552e+03   2  0  1  0  2  0  0
    5  1.3541669935093506e+05   1  1  1  0  2  0  0
    5  2.4050786870446336e+05   0  2  1  0  2  0  0
    5 -6.8999338706636991e+01   0  0  3  0  2  0  0
    5 -7.5312151771037359e+04   2  0  0  1  2  0  0
    5  1.6272722110681119e+04   1  1  0  1  2  0  0
    5  3.1250790011681560e+06   0  2  0  1  2  0  0
    5  7.5316257146550679e+03   0  0  2  1  2  0  0
    5 -2.1677635690326337e+04   0  0  1  2  2  0  0
    5 -3.6453376416609262e+05   0  0  0  3  2  0  0
    5  2.1548437631417528e+03   1  0  1  0  3  0  0
    5  4.2492476256957598e+03   0  1  1  0  3  0  0
    5  2.4647675710888201e+04   1  0  0  1  3  0  0
    5 -4.0796907933227194e+04   0  1  0  1  3  0  0
    5 -2.2645626853835802e+02   0  0  1  0  4  0  0
    5 -2.1832078937756246e+03   0  0  0  1  4  0  0
 -116  0.0000000000000000e+00   0  0  0  0  0  0  0

tpsa, NO = 6, NV = 7, INA = 48021
------------------------------------------------------------------

   |I|         a                i  i  i  i  i  i  i
                I                1  2  3  4  5  6  7

    1  1.0000000000000000e+00   0  0  0  0  1  0  0
   -1  0.0000000000000000e+00   0  0  0  0  0  0  0

tpsa, NO = 6, NV = 7, INA = 48022
------------------------------------------------------------------

   |I|         a                i  i  i  i  i  i  i
                I                1  2  3  4  5  6  7

    1 -1.3004166988694194e-05   1  0  0  0  0  0  0
    1 -1.9437879664563340e-04   0  1  0  0  0  0  0
    1  1.9153246579844515e-02   0  0  0  0  1  0  0
    1  1.0000000000000000e+00   0  0  0  0  0  1  0
    2 -3.6528198299790676e-02   2  0  0  0  0  0  0
    2 -5.4983354557151234e+00   1  1  0  0  0  0  0
    2  1.3415631914368420e+01   0  2  0  0  0  0  0
    2  2.5690672105284906e-01   0  0  2  0  0  0  0
    2  7.4786661959486511e-01   0  0  1  1  0  0  0
    2 -2.6428095418269928e+00   0  0  0  2  0  0  0
    2  2.6392889567623762e-01   1  0  0  0  1  0  0
    2  3.8198313619921902e+00   0  1  0  0  1  0  0
    2 -8.2367978492485169e-04   0  0  0  0  2  0  0
    3 -3.7652889998662440e+00   3  0  0  0  0  0  0
    3  1.8779828477850515e+01   2  1  0  0  0  0  0
    3 -8.7633762317890671e+02   1  2  0  0  0  0  0
    3 -1.6046411770548826e+04   0  3  0  0  0  0  0
    3 -6.5015679754433799e+00   1  0  2  0  0  0  0
    3 -5.9641783481168467e+01   0  1  2  0  0  0  0
    3  3.6715359020382742e+01   1  0  1  1  0  0  0
    3  4.6598574966429834e+02   0  1  1  1  0  0  0
    3 -3.1231831089310811e+02   1  0  0  2  0  0  0
    3 -4.8806113555159509e+03   0  1  0  2  0  0  0
    3  2.9906002050739020e+00   2  0  0  0  1  0  0
    3 -4.4491809432714703e+01   1  1  0  0  1  0  0
    3  5.5390832757335681e+02   0  2  0  0  1  0  0
    3  3.8141716151002645e+00   0  0  2  0  1  0  0
    3  1.0982421949751279e+01   0  0  1  1  1  0  0
    3  2.7271452842561828e+01   0  0  0  2  1  0  0
    3 -3.3132842829041870e-01   1  0  0  0  2  0  0
    3 -1.6317734149999890e+01   0  1  0  0  2  0  0
    3  2.4360867855276871e-02   0  0  0  0  3  0  0
    4  5.1007539326412193e+01   4  0  0  0  0  0  0
    4 -1.6267514996140301e+03   3  1  0  0  0  0  0
    4  1.2079764237793979e+04   2  2  0  0  0  0  0
    4  6.5476107471163676e+05   1  3  0  0  0  0  0
    4  1.7554786396989964e+07   0  4  0  0  0  0  0
    4  3.9425328071877360e+01   2  0  2  0  0  0  0
    4  1.6294608152525559e+03   1  1  2  0  0  0  0
    4 -7.4184428652834787e+04   0  2  2  0  0  0  0
    4  7.4337547682341636e+01   0  0  4  0  0  0  0
    4 -2.8012821096993293e+03   2  0  1  1  0  0  0
    4 -1.4044102223878956e+04   1  1  1  1  0  0  0
    4  4.7461070060935286e+04   0  2  1  1  0  0  0
    4  3.4791262120913285e+02   0  0  3  1  0  0  0
    4 -2.2292448746030336e+03   2  0  0  2  0  0  0
    4  2.3440697945689887e+05   1  1  0  2  0  0  0
    4  4.0637364039011998e+04   0  2  0  2  0  0  0
    4  5.4140793751615620e+03   0  0  2  2  0  0  0
    4  1.2950986474827343e+04   0  0  1  3  0  0  0
    4 -3.3668612633711644e+04   0  0  0  4  0  0  0
    4 -1.0625531575179662e+02   3  0  0  0  1  0  0
    4  1.8137835287008427e+03   2  1  0  0  1  0  0
    4 -2.5737973668553288e+04   1  2  0  0  1  0  0
    4 -1.0838919504618705e+06   0  3  0  0  1  0  0
    4 -7.4483886566176352e+01   1  0  2  0  1  0  0
    4  1.9898309915683142e+03   0  1  2  0  1  0  0
    4  1.5681088305984683e+03   1  0  1  1  1  0  0
    4 -3.2515022824813700e+03   0  1  1  1  1  0  0
    4  2.8464042971101230e+03   1  0  0  2  1  0  0
    4  2.1230364194836118e+04   0  1  0  2  1  0  0
    4  8.2762642353612392e+01   2  0  0  0  2  0  0
    4 -1.2540793885827117e+02   1  1  0  0  2  0  0
    4  3.5839387875886438e+04   0  2  0  0  2  0  0
    4 -5.4506607523082122e+00   0  0  2  0  2  0  0
    4 -8.6887051481121858e+01   0  0  1  1  2  0  0
    4  5.7043545538669537e+02   0  0  0  2  2  0  0
    4 -2.8144820359426610e+01   1  0  0  0  3  0  0
    4 -3.8586490995871475e+02   0  1  0  0  3  0  0
    4  3.8858916104790908e+00   0  0  0  0  4  0  0
    5  3.6295768908537020e+03   5  0  0  0  0  0  0
    5 -2.0467353485871645e+04   4  1  0  0  0  0  0
    5 -2.1877507395485215e+05   3  2  0  0  0  0  0
    5  1.1325787447930895e+07   2  3  0  0  0  0  0
    5 -2.6782285273783588e+08   1  4  0  0  0  0  0
    5  2.8295445549604735e+09   0  5  0  0  0  0  0
    5 -6.1470555705737033e+03   3  0  2  0  0  0  0
    5 -4.7114398109775348e+03   2  1  2  0  0  0  0
    5  3.9439103659276776e+06   1  2  2  0  0  0  0
    5  7.5974613266331255e+07   0  3  2  0  0  0  0
    5  6.2746958336273792e+03   1  0  4  0  0  0  0
    5 -4.7421694300921779e+04   0  1  4  0  0  0  0
    5  4.2534789304616306e+03   3  0  1  1  0  0  0
    5 -4.6882487464723818e+05   2  1  1  1  0  0  0
    5 -2.8054028329684600e+07   1  2  1  1  0  0  0
    5 -6.9220778083774626e+08   0  3  1  1  0  0  0
    5 -1.0873792027125115e+05   1  0  3  1  0  0  0
    5 -2.1691646611569801e+05   0  1  3  1  0  0  0
    5  7.7232108262322581e+04   3  0  0  2  0  0  0
    5 -5.3903643144900901e+06   2  1  0  2  0  0  0
    5  4.3604906350071780e+07   1  2  0  2  0  0  0
    5  2.0344089483382046e+09   0  3  0  2  0  0  0
    5  4.2993032967040176e+05   1  0  2  2  0  0  0
    5  5.8744131040386669e+06   0  1  2  2  0  0  0
    5 -1.6027617508438230e+06   1  0  1  3  0  0  0
    5  2.4013587858103625e+07   0  1  1  3  0  0  0
    5 -1.9392724592730356e+06   1  0  0  4  0  0  0
    5  4.6589790134284414e+07   0  1  0  4  0  0  0
    5 -7.8403945532730695e+03   4  0  0  0  1  0  0
    5  8.6651007993596995e+03   3  1  0  0  1  0  0
    5 -1.1752402057087531e+05   2  2  0  0  1  0  0
    5 -1.4494999178373227e+07   1  3  0  0  1  0  0
    5 -6.2219399595380318e+08   0  4  0  0  1  0  0
    5  2.4344293356505532e+03   2  0  2  0  1  0  0
    5 -7.9074787774449389e+04   1  1  2  0  1  0  0
    5 -5.4120558882819433e+06   0  2  2  0  1  0  0
    5 -6.4080461450767893e+02   0  0  4  0  1  0  0
    5 -3.5678753001691082e+04   2  0  1  1  1  0  0
    5  1.5360261251828750e+06   1  1  1  1  1  0  0
    5  3.8050308720516697e+07   0  2  1  1  1  0  0
    5  2.1994562845835258e+04   0  0  3  1  1  0  0
    5 -2.7481634438329242e+05   2  0  0  2  1  0  0
    5  2.0474506572911895e+06   1  1  0  2  1  0  0
    5 -1.1132114926618063e+08   0  2  0  2  1  0  0
    5 -1.0788571928183232e+05   0  0  2  2  1  0  0
    5  6.8211502531005419e+05   0  0  1  3  1  0  0
    5 -1.1389860800674283e+06   0  0  0  4  1  0  0
    5  6.1908724654829384e+03   3  0  0  0  2  0  0
    5  1.4673001234833386e+04   2  1  0  0  2  0  0
    5  7.0116072387500689e+05   1  2  0  0  2  0  0
    5  3.6074007427446298e+07   0  3  0  0  2  0  0
    5  1.1502159295329136e+03   1  0  2  0  2  0  0
    5  1.2349595230192105e+05   0  1  2  0  2  0  0
    5  1.5941995832786135e+04   1  0  1  1  2  0  0
    5 -1.0025350524141836e+06   0  1  1  1  2  0  0
    5  1.6282899308564825e+05   1  0  0  2  2  0  0
    5  1.2863296487944380e+06   0  1  0  2  2  0  0
    5 -2.3286381390338370e+03   2  0  0  0  3  0  0
    5 -1.7550477782777656e+04   1  1  0  0  3  0  0
    5 -9.6099461056890269e+05   0  2  0  0  3  0  0
    5 -6.9860690874726686e+02   0  0  2  0  3  0  0
    5  3.0796253980734487e+03   0  0  1  1  3  0  0
    5 -3.0448542733941646e+04   0  0  0  2  3  0  0
    5  5.4088051124395395e+02   1  0  0  0  4  0  0
    5  1.2544533707063907e+04   0  1  0  0  4  0  0
    5 -8.9008052242256312e+01   0  0  0  0  5  0  0
 -136  0.0000000000000000e+00   0  0  0  0  0  0  0
