
tpsa, NO = 8, NV = 7, INA = 48092
------------------------------------------------------------------

   |I|         a                i  i  i  i  i  i  i
                I                1  2  3  4  5  6  7

    2 -1.3825415166261782e-05   1  1  0  0  0  0  0
    2 -4.0772194708693144e-06   0  0  1  1  0  0  0
    2  8.6189624646016180e-06   0  0  0  0  2  0  0
    3 -6.5803962423718219e-07   3  0  0  0  0  0  0
    3 -1.1659032174575289e-06   2  1  0  0  0  0  0
    3 -1.1659032174575289e-06   1  2  0  0  0  0  0
    3 -6.5803962423718219e-07   0  3  0  0  0  0  0
    3  2.2678580581940688e-06   1  0  2  0  0  0  0
    3 -1.3423567618083015e-07   0  1  2  0  0  0  0
    3 -4.6467325208543638e-07   1  0  1  1  0  0  0
    3 -4.6467325208543638e-07   0  1  1  1  0  0  0
    3 -1.3423567618083015e-07   1  0  0  2  0  0  0
    3  2.2678580581940688e-06   0  1  0  2  0  0  0
    3 -1.2311367910425404e-06   2  0  0  0  1  0  0
    3 -5.2455344302564500e-07   1  1  0  0  1  0  0
    3 -1.2311367910425404e-06   0  2  0  0  1  0  0
    3  3.9802854356542195e-07   0  0  2  0  1  0  0
    3 -4.4080994536596021e-07   0  0  1  1  1  0  0
    3  3.9802854356542195e-07   0  0  0  2  1  0  0
    3 -1.1886045695612087e-21   1  0  0  0  2  0  0
    3 -1.1886045695612087e-21   0  1  0  0  2  0  0
    3 -1.3362138580462912e-07   0  0  0  0  3  0  0
    4 -3.7245776950412092e-07   4  0  0  0  0  0  0
    4 -2.0570742307829544e-07   3  1  0  0  0  0  0
    4 -3.0523934316108714e-07   2  2  0  0  0  0  0
    4 -2.0570742307829544e-07   1  3  0  0  0  0  0
    4 -3.7245776950412092e-07   0  4  0  0  0  0  0
    4 -1.7034987600186867e-07   2  0  2  0  0  0  0
    4  1.9717476604539127e-07   1  1  2  0  0  0  0
    4 -1.7632782719897669e-08   0  2  2  0  0  0  0
    4  7.4757391336589825e-08   0  0  4  0  0  0  0
    4 -4.9803814912470245e-07   2  0  1  1  0  0  0
    4 -9.4872990364977524e-07   1  1  1  1  0  0  0
    4 -4.9803814912470245e-07   0  2  1  1  0  0  0
    4 -1.0659401930048899e-07   0  0  3  1  0  0  0
    4 -1.7632782719897669e-08   2  0  0  2  0  0  0
    4  1.9717476604539127e-07   1  1  0  2  0  0  0
    4 -1.7034987600186867e-07   0  2  0  2  0  0  0
    4 -9.5821398485538776e-08   0  0  2  2  0  0  0
    4 -1.0659401930048899e-07   0  0  1  3  0  0  0
    4  7.4757391336589825e-08   0  0  0  4  0  0  0
    4  1.4531924773912426e-07   3  0  0  0  1  0  0
    4 -7.5988841932091468e-07   2  1  0  0  1  0  0
    4 -7.5988841932091468e-07   1  2  0  0  1  0  0
    4  1.4531924773912426e-07   0  3  0  0  1  0  0
    4  5.8370293980583563e-09   1  0  2  0  1  0  0
    4  1.5015537771891882e-07   0  1  2  0  1  0  0
    4 -3.9813059039563887e-07   1  0  1  1  1  0  0
    4 -3.9813059039563887e-07   0  1  1  1  1  0  0
    4  1.5015537771891882e-07   1  0  0  2  1  0  0
    4  5.8370293980583563e-09   0  1  0  2  1  0  0
    4 -4.2482614393035167e-07   2  0  0  0  2  0  0
    4 -7.5130031341426558e-08   1  1  0  0  2  0  0
    4 -4.2482614393035167e-07   0  2  0  0  2  0  0
    4  2.8831719724350463e-07   0  0  2  0  2  0  0
    4 -4.8716637560298006e-08   0  0  1  1  2  0  0
    4  2.8831719724350463e-07   0  0  0  2  2  0  0
    4  3.5288199716171078e-22   1  0  0  0  3  0  0
    4  3.5288199716171078e-22   0  1  0  0  3  0  0
    4  2.4286484216429896e-07   0  0  0  0  4  0  0
    5  3.0779440722187459e-07   5  0  0  0  0  0  0
    5 -1.0709840365794257e-07   4  1  0  0  0  0  0
    5 -2.9563345405974731e-08   3  2  0  0  0  0  0
    5 -2.9563345405974731e-08   2  3  0  0  0  0  0
    5 -1.0709840365794257e-07   1  4  0  0  0  0  0
    5  3.0779440722187459e-07   0  5  0  0  0  0  0
    5  2.8807582287785298e-08   3  0  2  0  0  0  0
    5  4.3611431694797073e-08   2  1  2  0  0  0  0
    5  4.7494187166487864e-08   1  2  2  0  0  0  0
    5  4.4342785068280824e-08   0  3  2  0  0  0  0
    5 -6.7116190662108586e-08   1  0  4  0  0  0  0
    5 -1.0805415854543009e-08   0  1  4  0  0  0  0
    5 -2.0604112362707998e-08   3  0  1  1  0  0  0
    5  1.7561778776592311e-07   2  1  1  1  0  0  0
    5  1.7561778776592311e-07   1  2  1  1  0  0  0
    5 -2.0604112362707998e-08   0  3  1  1  0  0  0
    5  2.1983575607137441e-09   1  0  3  1  0  0  0
    5  3.7143032568997717e-09   0  1  3  1  0  0  0
    5  4.4342785068280824e-08   3  0  0  2  0  0  0
    5  4.7494187166487864e-08   2  1  0  2  0  0  0
    5  4.3611431694797073e-08   1  2  0  2  0  0  0
    5  2.8807582287785298e-08   0  3  0  2  0  0  0
    5  1.2397318389102191e-07   1  0  2  2  0  0  0
    5  1.2397318389102191e-07   0  1  2  2  0  0  0
    5  3.7143032568997717e-09   1  0  1  3  0  0  0
    5  2.1983575607137441e-09   0  1  1  3  0  0  0
    5 -1.0805415854543009e-08   1  0  0  4  0  0  0
    5 -6.7116190662108586e-08   0  1  0  4  0  0  0
    5 -2.8654590596799831e-07   4  0  0  0  1  0  0
    5 -9.2937205530105256e-08   3  1  0  0  1  0  0
    5  2.8121880596737164e-07   2  2  0  0  1  0  0
    5 -9.2937205530105256e-08   1  3  0  0  1  0  0
    5 -2.8654590596799831e-07   0  4  0  0  1  0  0
    5  4.9122953243325101e-08   2  0  2  0  1  0  0
    5 -2.2954683540894135e-08   1  1  2  0  1  0  0
    5 -5.0324564317630588e-08   0  2  2  0  1  0  0
    5 -2.2179521237900000e-08   0  0  4  0  1  0  0
    5 -2.0055719487452890e-08   2  0  1  1  1  0  0
    5 -8.6856915324921935e-08   1  1  1  1  1  0  0
    5 -2.0055719487452890e-08   0  2  1  1  1  0  0
    5  8.6248485007652603e-09   0  0  3  1  1  0  0
    5 -5.0324564317630588e-08   2  0  0  2  1  0  0
    5 -2.2954683540894135e-08   1  1  0  2  1  0  0
    5  4.9122953243325101e-08   0  2  0  2  1  0  0
    5  4.7723271088819974e-08   0  0  2  2  1  0  0
    5  8.6248485007652603e-09   0  0  1  3  1  0  0
    5 -2.2179521237900000e-08   0  0  0  4  1  0  0
    5  8.8966114024847110e-08   3  0  0  0  2  0  0
    5 -3.8724738534762430e-07   2  1  0  0  2  0  0
    5 -3.8724738534762430e-07   1  2  0  0  2  0  0
    5  8.8966114024847110e-08   0  3  0  0  2  0  0
    5 -1.3630507508993374e-08   1  0  2  0  2  0  0
    5  3.0087930958893106e-08   0  1  2  0  2  0  0
    5 -1.7960788634188522e-07   1  0  1  1  2  0  0
    5 -1.7960788634188522e-07   0  1  1  1  2  0  0
    5  3.0087930958893106e-08   1  0  0  2  2  0  0
    5 -1.3630507508993374e-08   0  1  0  2  2  0  0
    5  7.4718084850477468e-09   2  0  0  0  3  0  0
    5  2.7530957869088692e-08   1  1  0  0  3  0  0
    5  7.4718084850477468e-09   0  2  0  0  3  0  0
    5 -6.5953565895131349e-08   0  0  2  0  3  0  0
    5 -5.8292098838513333e-08   0  0  1  1  3  0  0
    5 -6.5953565895131349e-08   0  0  0  2  3  0  0
    5 -5.9118922086975564e-22   1  0  0  0  4  0  0
    5 -5.9118922086975564e-22   0  1  0  0  4  0  0
    5 -5.9635402164369860e-08   0  0  0  0  5  0  0
    6 -1.1221778092070862e-07   6  0  0  0  0  0  0
    6  3.1594770625930522e-07   5  1  0  0  0  0  0
    6  4.4072066255482753e-08   4  2  0  0  0  0  0
    6 -1.6961868659962214e-07   3  3  0  0  0  0  0
    6  4.4072066255482753e-08   2  4  0  0  0  0  0
    6  3.1594770625930522e-07   1  5  0  0  0  0  0
    6 -1.1221778092070862e-07   0  6  0  0  0  0  0
    6 -1.1294073515701091e-06   4  0  2  0  0  0  0
    6 -6.5143447602678788e-08   3  1  2  0  0  0  0
    6  1.1371835844362531e-08   2  2  2  0  0  0  0
    6  2.7079794409684580e-08   1  3  2  0  0  0  0
    6 -1.8808738629120085e-07   0  4  2  0  0  0  0
    6  3.2942332643712553e-08   2  0  4  0  0  0  0
    6 -3.3577149280541021e-09   1  1  4  0  0  0  0
    6 -5.1753356157368889e-09   0  2  4  0  0  0  0
    6 -3.5202530408499877e-09   0  0  6  0  0  0  0
    6  5.9493825967872749e-08   4  0  1  1  0  0  0
    6 -7.0969974029477770e-08   3  1  1  1  0  0  0
    6 -1.1645949388367219e-07   2  2  1  1  0  0  0
    6 -7.0969974029477770e-08   1  3  1  1  0  0  0
    6  5.9493825967872749e-08   0  4  1  1  0  0  0
    6 -2.2025784684157556e-08   2  0  3  1  0  0  0
    6  2.3000114272990342e-08   1  1  3  1  0  0  0
    6  1.6308770357343318e-08   0  2  3  1  0  0  0
    6  2.7853341684586913e-09   0  0  5  1  0  0  0
    6 -1.8808738629120085e-07   4  0  0  2  0  0  0
    6  2.7079794409684580e-08   3  1  0  2  0  0  0
    6  1.1371835844362531e-08   2  2  0  2  0  0  0
    6 -6.5143447602678788e-08   1  3  0  2  0  0  0
    6 -1.1294073515701091e-06   0  4  0  2  0  0  0
    6 -2.8016781376047091e-08   2  0  2  2  0  0  0
    6 -9.5396611668690725e-08   1  1  2  2  0  0  0
    6 -2.8016781376047091e-08   0  2  2  2  0  0  0
    6  8.1193252046482778e-09   0  0  4  2  0  0  0
    6  1.6308770357343318e-08   2  0  1  3  0  0  0
    6  2.3000114272990342e-08   1  1  1  3  0  0  0
    6 -2.2025784684157556e-08   0  2  1  3  0  0  0
    6 -2.1038597283576292e-08   0  0  3  3  0  0  0
    6 -5.1753356157368889e-09   2  0  0  4  0  0  0
    6 -3.3577149280541021e-09   1  1  0  4  0  0  0
    6  3.2942332643712553e-08   0  2  0  4  0  0  0
    6  8.1193252046482778e-09   0  0  2  4  0  0  0
    6  2.7853341684586913e-09   0  0  1  5  0  0  0
    6 -3.5202530408499877e-09   0  0  0  6  0  0  0
    6  5.0306164405778955e-07   5  0  0  0  1  0  0
    6 -1.4474997783786177e-07   4  1  0  0  1  0  0
    6  4.3738904838545877e-08   3  2  0  0  1  0  0
    6  4.3738904838545877e-08   2  3  0  0  1  0  0
    6 -1.4474997783786177e-07   1  4  0  0  1  0  0
    6  5.0306164405778955e-07   0  5  0  0  1  0  0
    6 -6.5646659259221608e-08   3  0  2  0  1  0  0
    6 -5.1271226799901489e-08   2  1  2  0  1  0  0
    6  8.6657246010047212e-09   1  2  2  0  1  0  0
    6  1.0493863670650270e-07   0  3  2  0  1  0  0
    6  6.3479447047224864e-09   1  0  4  0  1  0  0
    6 -3.5967886607956222e-09   0  1  4  0  1  0  0
    6 -1.1699025336135636e-07   3  0  1  1  1  0  0
    6  2.3028571313120452e-08   2  1  1  1  1  0  0
    6  2.3028571313120452e-08   1  2  1  1  1  0  0
    6 -1.1699025336135636e-07   0  3  1  1  1  0  0
    6 -3.7623082996672896e-10   1  0  3  1  1  0  0
    6  1.2799155439676851e-08   0  1  3  1  1  0  0
    6  1.0493863670650270e-07   3  0  0  2  1  0  0
    6  8.6657246010047212e-09   2  1  0  2  1  0  0
    6 -5.1271226799901489e-08   1  2  0  2  1  0  0
    6 -6.5646659259221608e-08   0  3  0  2  1  0  0
    6 -2.5575837930334516e-08   1  0  2  2  1  0  0
    6 -2.5575837930334516e-08   0  1  2  2  1  0  0
    6  1.2799155439676851e-08   1  0  1  3  1  0  0
    6 -3.7623082996672896e-10   0  1  1  3  1  0  0
    6 -3.5967886607956222e-09   1  0  0  4  1  0  0
    6  6.3479447047224864e-09   0  1  0  4  1  0  0
    6  4.4875385201183314e-07   4  0  0  0  2  0  0
    6 -8.6740988716023518e-08   3  1  0  0  2  0  0
    6 -2.9718319199770079e-07   2  2  0  0  2  0  0
    6 -8.6740988716023518e-08   1  3  0  0  2  0  0
    6  4.4875385201183314e-07   0  4  0  0  2  0  0
    6  2.4115538782615421e-08   2  0  2  0  2  0  0
    6  5.5774271111993072e-08   1  1  2  0  2  0  0
    6 -3.4706558336386164e-08   0  2  2  0  2  0  0
    6 -1.0197694600801703e-08   0  0  4  0  2  0  0
    6  6.8362317975003200e-08   2  0  1  1  2  0  0
    6 -4.1736385040799371e-08   1  1  1  1  2  0  0
    6  6.8362317975003200e-08   0  2  1  1  2  0  0
    6  6.3693617736115117e-09   0  0  3  1  2  0  0
    6 -3.4706558336386164e-08   2  0  0  2  2  0  0
    6  5.5774271111993072e-08   1  1  0  2  2  0  0
    6  2.4115538782615421e-08   0  2  0  2  2  0  0
    6  1.8563345562517849e-08   0  0  2  2  2  0  0
    6  6.3693617736115117e-09   0  0  1  3  2  0  0
    6 -1.0197694600801703e-08   0  0  0  4  2  0  0
    6 -1.5853629432231885e-07   3  0  0  0  3  0  0
    6  3.2774844828663112e-07   2  1  0  0  3  0  0
    6  3.2774844828663112e-07   1  2  0  0  3  0  0
    6 -1.5853629432231885e-07   0  3  0  0  3  0  0
    6 -4.5008600545137336e-10   1  0  2  0  3  0  0
    6 -2.3042095240188662e-08   0  1  2  0  3  0  0
    6  8.9355537122873839e-08   1  0  1  1  3  0  0
    6  8.9355537122873839e-08   0  1  1  1  3  0  0
    6 -2.3042095240188662e-08   1  0  0  2  3  0  0
    6 -4.5008600545137336e-10   0  1  0  2  3  0  0
    6 -1.4220735120707148e-08   2  0  0  0  4  0  0
    6 -2.3844112050655910e-07   1  1  0  0  4  0  0
    6 -1.4220735120707148e-08   0  2  0  0  4  0  0
    6  6.2890990409152939e-09   0  0  2  0  4  0  0
    6 -6.3331291453949054e-09   0  0  1  1  4  0  0
    6  6.2890990409152939e-09   0  0  0  2  4  0  0
    6  5.1775985984776417e-23   1  0  0  0  5  0  0
    6  5.1775985984776417e-23   0  1  0  0  5  0  0
    6 -2.0132896752362110e-09   0  0  0  0  6  0  0
    7  3.0170782877657618e-08   7  0  0  0  0  0  0
    7 -2.1329885856547403e-07   6  1  0  0  0  0  0
    7  1.1596247297607976e-07   5  2  0  0  0  0  0
    7  1.1267400563072835e-07   4  3  0  0  0  0  0
    7  1.1267400563072835e-07   3  4  0  0  0  0  0
    7  1.1596247297607976e-07   2  5  0  0  0  0  0
    7 -2.1329885856547403e-07   1  6  0  0  0  0  0
    7  3.0170782877657618e-08   0  7  0  0  0  0  0
    7  4.6110384308169044e-07   5  0  2  0  0  0  0
    7 -6.8156481997705730e-07   4  1  2  0  0  0  0
    7 -3.1844623772238581e-07   3  2  2  0  0  0  0
    7 -2.5865286024316310e-08   2  3  2  0  0  0  0
    7 -1.4278809091522127e-07   1  4  2  0  0  0  0
    7  6.9131692438063227e-08   0  5  2  0  0  0  0
    7 -7.5371796166776691e-07   3  0  4  0  0  0  0
    7  4.9102202107069428e-09   2  1  4  0  0  0  0
    7 -5.6673163302604310e-09   1  2  4  0  0  0  0
    7  3.8898039946659167e-08   0  3  4  0  0  0  0
    7  2.8293687049791692e-09   1  0  6  0  0  0  0
    7 -9.0984049177748638e-11   0  1  6  0  0  0  0
    7 -6.9032945789136348e-07   5  0  1  1  0  0  0
    7  7.4635447983262238e-07   4  1  1  1  0  0  0
    7 -9.0184706808877186e-09   3  2  1  1  0  0  0
    7 -9.0184706808877186e-09   2  3  1  1  0  0  0
    7  7.4635447983262238e-07   1  4  1  1  0  0  0
    7 -6.9032945789136348e-07   0  5  1  1  0  0  0
    7 -2.2168320783951349e-07   3  0  3  1  0  0  0
    7 -8.8728505600354617e-09   2  1  3  1  0  0  0
    7  1.6077903540205968e-08   1  2  3  1  0  0  0
    7 -2.9604684452587248e-08   0  3  3  1  0  0  0
    7 -1.3345003648148587e-09   1  0  5  1  0  0  0
    7  1.7338810836328940e-09   0  1  5  1  0  0  0
    7  6.9131692438063227e-08   5  0  0  2  0  0  0
    7 -1.4278809091522127e-07   4  1  0  2  0  0  0
    7 -2.5865286024316310e-08   3  2  0  2  0  0  0
    7 -3.1844623772238581e-07   2  3  0  2  0  0  0
    7 -6.8156481997705730e-07   1  4  0  2  0  0  0
    7  4.6110384308169044e-07   0  5  0  2  0  0  0
    7  5.0054434869360506e-07   3  0  2  2  0  0  0
    7  9.6839571320640555e-09   2  1  2  2  0  0  0
    7  9.6839571320640555e-09   1  2  2  2  0  0  0
    7  5.0054434869360506e-07   0  3  2  2  0  0  0
    7 -3.3570448201239635e-09   1  0  4  2  0  0  0
    7 -2.1679093240782937e-09   0  1  4  2  0  0  0
    7 -2.9604684452587248e-08   3  0  1  3  0  0  0
    7  1.6077903540205968e-08   2  1  1  3  0  0  0
    7 -8.8728505600354617e-09   1  2  1  3  0  0  0
    7 -2.2168320783951349e-07   0  3  1  3  0  0  0
    7  3.3639520139933023e-09   1  0  3  3  0  0  0
    7  3.3639520139933023e-09   0  1  3  3  0  0  0
    7  3.8898039946659167e-08   3  0  0  4  0  0  0
    7 -5.6673163302604310e-09   2  1  0  4  0  0  0
    7  4.9102202107069428e-09   1  2  0  4  0  0  0
    7 -7.5371796166776691e-07   0  3  0  4  0  0  0
    7 -2.1679093240782937e-09   1  0  2  4  0  0  0
    7 -3.3570448201239635e-09   0  1  2  4  0  0  0
    7  1.7338810836328940e-09   1  0  1  5  0  0  0
    7 -1.3345003648148587e-09   0  1  1  5  0  0  0
    7 -9.0984049177748638e-11   1  0  0  6  0  0  0
    7  2.8293687049791692e-09   0  1  0  6  0  0  0
    7 -1.5327808814095322e-07   6  0  0  0  1  0  0
    7  4.8732404503951563e-07   5  1  0  0  1  0  0
    7  1.4600733908113700e-07   4  2  0  0  1  0  0
    7 -3.9723985408316670e-08   3  3  0  0  1  0  0
    7  1.4600733908113700e-07   2  4  0  0  1  0  0
    7  4.8732404503951563e-07   1  5  0  0  1  0  0
    7 -1.5327808814095322e-07   0  6  0  0  1  0  0
    7 -6.6723037137837425e-06   4  0  2  0  1  0  0
    7 -4.0794203035144169e-07   3  1  2  0  1  0  0
    7 -1.4176923992079128e-08   2  2  2  0  1  0  0
    7 -3.0984964859338732e-09   1  3  2  0  1  0  0
    7 -2.6470656594605171e-07   0  4  2  0  1  0  0
    7 -9.5550429454419567e-09   2  0  4  0  1  0  0
    7 -8.3496861862685342e-10   1  1  4  0  1  0  0
    7 -1.2933621635848683e-08   0  2  4  0  1  0  0
    7  2.4118283135717093e-10   0  0  6  0  1  0  0
    7 -2.2483469354281374e-07   4  0  1  1  1  0  0
    7 -3.1845315438599387e-08   3  1  1  1  1  0  0
    7  3.1697864991592176e-08   2  2  1  1  1  0  0
    7 -3.1845315438599387e-08   1  3  1  1  1  0  0
    7 -2.2483469354281374e-07   0  4  1  1  1  0  0
    7 -1.4149442063812263e-09   2  0  3  1  1  0  0
    7 -4.3389793318193924e-09   1  1  3  1  1  0  0
    7  2.1141612447255565e-08   0  2  3  1  1  0  0
    7  9.0979267814506812e-10   0  0  5  1  1  0  0
    7 -2.6470656594605171e-07   4  0  0  2  1  0  0
    7 -3.0984964859338732e-09   3  1  0  2  1  0  0
    7 -1.4176923992079128e-08   2  2  0  2  1  0  0
    7 -4.0794203035144169e-07   1  3  0  2  1  0  0
    7 -6.6723037137837425e-06   0  4  0  2  1  0  0
    7  6.5713438844449465e-09   2  0  2  2  1  0  0
    7  1.2019792303576838e-08   1  1  2  2  1  0  0
    7  6.5713438844449465e-09   0  2  2  2  1  0  0
    7 -3.4875821315653142e-09   0  0  4  2  1  0  0
    7  2.1141612447255565e-08   2  0  1  3  1  0  0
    7 -4.3389793318193924e-09   1  1  1  3  1  0  0
    7 -1.4149442063812263e-09   0  2  1  3  1  0  0
    7  5.9716737925702065e-09   0  0  3  3  1  0  0
    7 -1.2933621635848683e-08   2  0  0  4  1  0  0
    7 -8.3496861862685342e-10   1  1  0  4  1  0  0
    7 -9.5550429454419567e-09   0  2  0  4  1  0  0
    7 -3.4875821315653142e-09   0  0  2  4  1  0  0
    7  9.0979267814506812e-10   0  0  1  5  1  0  0
    7  2.4118283135717093e-10   0  0  0  6  1  0  0
    7 -1.0639871591033708e-06   5  0  0  0  2  0  0
    7  4.3895422736164286e-07   4  1  0  0  2  0  0
    7 -9.0644482128232135e-08   3  2  0  0  2  0  0
    7 -9.0644482128232135e-08   2  3  0  0  2  0  0
    7  4.3895422736164286e-07   1  4  0  0  2  0  0
    7 -1.0639871591033708e-06   0  5  0  0  2  0  0
    7 -4.4686893277702032e-08   3  0  2  0  2  0  0
    7  8.2854182244066542e-10   2  1  2  0  2  0  0
    7  4.0535638410968842e-08   1  2  2  0  2  0  0
    7 -1.3518525520848986e-07   0  3  2  0  2  0  0
    7  7.0458651932521293e-09   1  0  4  0  2  0  0
    7  1.0885314120910684e-09   0  1  4  0  2  0  0
    7  6.5166019693301634e-08   3  0  1  1  2  0  0
    7 -1.2620826985694282e-07   2  1  1  1  2  0  0
    7 -1.2620826985694282e-07   1  2  1  1  2  0  0
    7  6.5166019693301634e-08   0  3  1  1  2  0  0
    7  7.3784652436394544e-09   1  0  3  1  2  0  0
    7  7.4420666836241047e-09   0  1  3  1  2  0  0
    7 -1.3518525520848986e-07   3  0  0  2  2  0  0
    7  4.0535638410968842e-08   2  1  0  2  2  0  0
    7  8.2854182244066542e-10   1  2  0  2  2  0  0
    7 -4.4686893277702032e-08   0  3  0  2  2  0  0
    7 -2.9498777305357783e-08   1  0  2  2  2  0  0
    7 -2.9498777305357783e-08   0  1  2  2  2  0  0
    7  7.4420666836241047e-09   1  0  1  3  2  0  0
    7  7.3784652436394544e-09   0  1  1  3  2  0  0
    7  1.0885314120910684e-09   1  0  0  4  2  0  0
    7  7.0458651932521293e-09   0  1  0  4  2  0  0
    7 -8.7230394602836876e-08   4  0  0  0  3  0  0
    7  1.3754067115152887e-07   3  1  0  0  3  0  0
    7  1.7772718929563934e-07   2  2  0  0  3  0  0
    7  1.3754067115152887e-07   1  3  0  0  3  0  0
    7 -8.7230394602836876e-08   0  4  0  0  3  0  0
    7 -2.6690224280151768e-08   2  0  2  0  3  0  0
    7 -5.5273967591489171e-08   1  1  2  0  3  0  0
    7  3.2455235278654392e-08   0  2  2  0  3  0  0
    7  3.8040251847306515e-09   0  0  4  0  3  0  0
    7 -1.0743038084136672e-08   2  0  1  1  3  0  0
    7  7.9135845852756476e-08   1  1  1  1  3  0  0
    7 -1.0743038084136672e-08   0  2  1  1  3  0  0
    7 -2.4466544354573949e-09   0  0  3  1  3  0  0
    7  3.2455235278654392e-08   2  0  0  2  3  0  0
    7 -5.5273967591489171e-08   1  1  0  2  3  0  0
    7 -2.6690224280151768e-08   0  2  0  2  3  0  0
    7 -8.9265116162337199e-09   0  0  2  2  3  0  0
    7 -2.4466544354573949e-09   0  0  1  3  3  0  0
    7  3.8040251847306515e-09   0  0  0  4  3  0  0
    7  7.3812696140211332e-08   3  0  0  0  4  0  0
    7 -2.1300958264856256e-07   2  1  0  0  4  0  0
    7 -2.1300958264856256e-07   1  2  0  0  4  0  0
    7  7.3812696140211332e-08   0  3  0  0  4  0  0
    7  1.6375755761753761e-08   1  0  2  0  4  0  0
    7  1.1393519574486939e-08   0  1  2  0  4  0  0
    7 -2.7789505929025853e-08   1  0  1  1  4  0  0
    7 -2.7789505929025853e-08   0  1  1  1  4  0  0
    7  1.1393519574486939e-08   1  0  0  2  4  0  0
    7  1.6375755761753761e-08   0  1  0  2  4  0  0
    7  1.4715828476665686e-08   2  0  0  0  5  0  0
    7  1.9659494170669904e-07   1  1  0  0  5  0  0
    7  1.4715828476665686e-08   0  2  0  0  5  0  0
    7  2.1997605716195788e-09   0  0  2  0  5  0  0
    7  2.2203203004740690e-08   0  0  1  1  5  0  0
    7  2.1997605716195788e-09   0  0  0  2  5  0  0
    7 -1.1419398289781272e-22   1  0  0  0  6  0  0
    7 -1.1419398289781272e-22   0  1  0  0  6  0  0
    7  1.1772435636239210e-08   0  0  0  0  7  0  0
    8 -6.3880654399339225e-09   8  0  0  0  0  0  0
    8  7.6136997054444768e-08   7  1  0  0  0  0  0
    8 -2.3920540270354713e-07   6  2  0  0  0  0  0
    8 -1.2065316333743082e-08   5  3  0  0  0  0  0
    8  1.1922084583873083e-07   4  4  0  0  0  0  0
    8 -1.2065316333743082e-08   3  5  0  0  0  0  0
    8 -2.3920540270354713e-07   2  6  0  0  0  0  0
    8  7.6136997054444768e-08   1  7  0  0  0  0  0
    8 -6.3880654399339225e-09   0  8  0  0  0  0  0
    8  1.0209562258489475e-07   6  0  2  0  0  0  0
    8  2.7536425034738920e-06   5  1  2  0  0  0  0
    8 -1.3056029833163473e-07   4  2  2  0  0  0  0
    8 -4.5359918957514253e-07   3  3  2  0  0  0  0
    8 -1.6242540083474604e-07   2  4  2  0  0  0  0
    8  2.8043801738658356e-07   1  5  2  0  0  0  0
    8  1.2181316613150298e-07   0  6  2  0  0  0  0
    8  4.9264845100372636e-07   4  0  4  0  0  0  0
    8 -6.3511595274352067e-07   3  1  4  0  0  0  0
    8 -9.0253492502075238e-08   2  2  4  0  0  0  0
    8  2.8045874954716250e-08   1  3  4  0  0  0  0
    8 -1.4277731022560336e-08   0  4  4  0  0  0  0
    8 -1.9388571150863379e-08   2  0  6  0  0  0  0
    8  8.2413211978961784e-10   1  1  6  0  0  0  0
    8 -4.3583754437872596e-09   0  2  6  0  0  0  0
    8  8.5500836942956411e-11   0  0  8  0  0  0  0
    8  2.7864994222478790e-07   6  0  1  1  0  0  0
    8 -1.2143457513676159e-06   5  1  1  1  0  0  0
    8  3.1349635706293176e-07   4  2  1  1  0  0  0
    8  3.9669164935695603e-07   3  3  1  1  0  0  0
    8  3.1349635706293176e-07   2  4  1  1  0  0  0
    8 -1.2143457513676159e-06   1  5  1  1  0  0  0
    8  2.7864994222478790e-07   0  6  1  1  0  0  0
    8  3.4905553260599835e-06   4  0  3  1  0  0  0
    8  2.6465551444131864e-07   3  1  3  1  0  0  0
    8 -6.6449504708560124e-08   2  2  3  1  0  0  0
    8 -3.1280014084891005e-07   1  3  3  1  0  0  0
    8  3.4285741303268433e-07   0  4  3  1  0  0  0
    8 -6.9597375878169423e-08   2  0  5  1  0  0  0
    8  9.6582408135362716e-11   1  1  5  1  0  0  0
    8  5.8174896728815874e-09   0  2  5  1  0  0  0
    8  1.0338814606156964e-10   0  0  7  1  0  0  0
    8  1.2181316613150298e-07   6  0  0  2  0  0  0
    8  2.8043801738658356e-07   5  1  0  2  0  0  0
    8 -1.6242540083474604e-07   4  2  0  2  0  0  0
    8 -4.5359918957514253e-07   3  3  0  2  0  0  0
    8 -1.3056029833163473e-07   2  4  0  2  0  0  0
    8  2.7536425034738920e-06   1  5  0  2  0  0  0
    8  1.0209562258489475e-07   0  6  0  2  0  0  0
    8 -4.8467285464286528e-07   4  0  2  2  0  0  0
    8  3.7146600741090309e-07   3  1  2  2  0  0  0
    8  2.2210019559431297e-07   2  2  2  2  0  0  0
    8  3.7146600741090309e-07   1  3  2  2  0  0  0
    8 -4.8467285464286528e-07   0  4  2  2  0  0  0
    8  2.0065734125424794e-07   2  0  4  2  0  0  0
    8 -8.2613260614688749e-09   1  1  4  2  0  0  0
    8 -8.0690684645769789e-08   0  2  4  2  0  0  0
    8 -6.4972269278027118e-10   0  0  6  2  0  0  0
    8  3.4285741303268433e-07   4  0  1  3  0  0  0
    8 -3.1280014084891005e-07   3  1  1  3  0  0  0
    8 -6.6449504708560124e-08   2  2  1  3  0  0  0
    8  2.6465551444131864e-07   1  3  1  3  0  0  0
    8  3.4905553260599835e-06   0  4  1  3  0  0  0
    8  6.7131361245106301e-08   2  0  3  3  0  0  0
    8  1.5692305934906204e-08   1  1  3  3  0  0  0
    8  6.7131361245106301e-08   0  2  3  3  0  0  0
    8  3.0950245702426460e-11   0  0  5  3  0  0  0
    8 -1.4277731022560336e-08   4  0  0  4  0  0  0
    8  2.8045874954716250e-08   3  1  0  4  0  0  0
    8 -9.0253492502075238e-08   2  2  0  4  0  0  0
    8 -6.3511595274352067e-07   1  3  0  4  0  0  0
    8  4.9264845100372636e-07   0  4  0  4  0  0  0
    8 -8.0690684645769789e-08   2  0  2  4  0  0  0
    8 -8.2613260614688749e-09   1  1  2  4  0  0  0
    8  2.0065734125424794e-07   0  2  2  4  0  0  0
    8  6.5433976152229006e-10   0  0  4  4  0  0  0
    8  5.8174896728815874e-09   2  0  1  5  0  0  0
    8  9.6582408135362716e-11   1  1  1  5  0  0  0
    8 -6.9597375878169423e-08   0  2  1  5  0  0  0
    8  3.0950245702426460e-11   0  0  3  5  0  0  0
    8 -4.3583754437872596e-09   2  0  0  6  0  0  0
    8  8.2413211978961784e-10   1  1  0  6  0  0  0
    8 -1.9388571150863379e-08   0  2  0  6  0  0  0
    8 -6.4972269278027118e-10   0  0  2  6  0  0  0
    8  1.0338814606156964e-10   0  0  1  7  0  0  0
    8  8.5500836942956411e-11   0  0  0  8  0  0  0
    8  3.9075182942215716e-08   7  0  0  0  1  0  0
    8  2.6613120608288408e-07   6  1  0  0  1  0  0
    8  1.8800644923097062e-07   5  2  0  0  1  0  0
    8  2.3386641682859673e-07   4  3  0  0  1  0  0
    8  2.3386641682859673e-07   3  4  0  0  1  0  0
    8  1.8800644923097062e-07   2  5  0  0  1  0  0
    8  2.6613120608288408e-07   1  6  0  0  1  0  0
    8  3.9075182942215716e-08   0  7  0  0  1  0  0
    8  3.0000714169748904e-06   5  0  2  0  1  0  0
    8 -4.5898235472522918e-06   4  1  2  0  1  0  0
    8 -2.1567667202853271e-06   3  2  2  0  1  0  0
    8 -1.6114358659648352e-07   2  3  2  0  1  0  0
    8 -1.7865813651180044e-07   1  4  2  0  1  0  0
    8  3.4261017669457467e-07   0  5  2  0  1  0  0
    8 -4.8701253453187759e-06   3  0  4  0  1  0  0
    8 -1.9510755483736245e-07   2  1  4  0  1  0  0
    8  4.7452761838667148e-09   1  2  4  0  1  0  0
    8  5.1208840000597496e-08   0  3  4  0  1  0  0
    8 -5.7661997534434393e-10   1  0  6  0  1  0  0
    8  4.0735456799026532e-10   0  1  6  0  1  0  0
    8 -3.1091643611433320e-06   5  0  1  1  1  0  0
    8  3.2092390394531329e-06   4  1  1  1  1  0  0
    8  2.2284500690413335e-07   3  2  1  1  1  0  0
    8  2.2284500690413335e-07   2  3  1  1  1  0  0
    8  3.2092390394531329e-06   1  4  1  1  1  0  0
    8 -3.1091643611433320e-06   0  5  1  1  1  0  0
    8 -1.1619140988475606e-06   3  0  3  1  1  0  0
    8 -7.1600649408359035e-08   2  1  3  1  1  0  0
    8 -2.1588728721032682e-09   1  2  3  1  1  0  0
    8  4.9803805156713147e-08   0  3  3  1  1  0  0
    8  7.2769117462480179e-10   1  0  5  1  1  0  0
    8 -5.7395377232161785e-10   0  1  5  1  1  0  0
    8  3.4261017669457467e-07   5  0  0  2  1  0  0
    8 -1.7865813651180044e-07   4  1  0  2  1  0  0
    8 -1.6114358659648352e-07   3  2  0  2  1  0  0
    8 -2.1567667202853271e-06   2  3  0  2  1  0  0
    8 -4.5898235472522918e-06   1  4  0  2  1  0  0
    8  3.0000714169748904e-06   0  5  0  2  1  0  0
    8  2.9542421607400544e-06   3  0  2  2  1  0  0
    8  1.3709236583846317e-07   2  1  2  2  1  0  0
    8  1.3709236583846317e-07   1  2  2  2  1  0  0
    8  2.9542421607400544e-06   0  3  2  2  1  0  0
    8 -1.1719071811725674e-09   1  0  4  2  1  0  0
    8 -2.9512587423286335e-09   0  1  4  2  1  0  0
    8  4.9803805156713147e-08   3  0  1  3  1  0  0
    8 -2.1588728721032682e-09   2  1  1  3  1  0  0
    8 -7.1600649408359035e-08   1  2  1  3  1  0  0
    8 -1.1619140988475606e-06   0  3  1  3  1  0  0
    8  2.9963957759845410e-09   1  0  3  3  1  0  0
    8  2.9963957759845410e-09   0  1  3  3  1  0  0
    8  5.1208840000597496e-08   3  0  0  4  1  0  0
    8  4.7452761838667148e-09   2  1  0  4  1  0  0
    8 -1.9510755483736245e-07   1  2  0  4  1  0  0
    8 -4.8701253453187759e-06   0  3  0  4  1  0  0
    8 -2.9512587423286335e-09   1  0  2  4  1  0  0
    8 -1.1719071811725674e-09   0  1  2  4  1  0  0
    8 -5.7395377232161785e-10   1  0  1  5  1  0  0
    8  7.2769117462480179e-10   0  1  1  5  1  0  0
    8  4.0735456799026532e-10   1  0  0  6  1  0  0
    8 -5.7661997534434393e-10   0  1  0  6  1  0  0
    8  3.2664187155964836e-07   6  0  0  0  2  0  0
    8 -8.3940849758095404e-07   5  1  0  0  2  0  0
    8 -2.3415763806383006e-08   4  2  0  0  2  0  0
    8  2.0086462083938089e-07   3  3  0  0  2  0  0
    8 -2.3415763806383006e-08   2  4  0  0  2  0  0
    8 -8.3940849758095404e-07   1  5  0  0  2  0  0
    8  3.2664187155964836e-07   0  6  0  0  2  0  0
    8 -3.4494544510671976e-05   4  0  2  0  2  0  0
    8 -2.6117595454015997e-06   3  1  2  0  2  0  0
    8 -5.2629766557444996e-08   2  2  2  0  2  0  0
    8 -1.4456011340750237e-07   1  3  2  0  2  0  0
    8  5.8101473074014744e-07   0  4  2  0  2  0  0
    8 -1.0965011682064942e-08   2  0  4  0  2  0  0
    8 -5.2844900497053891e-09   1  1  4  0  2  0  0
    8  1.6383571983983645e-08   0  2  4  0  2  0  0
    8  4.6049213432571662e-10   0  0  6  0  2  0  0
    8 -1.3875182298880512e-06   4  0  1  1  2  0  0
    8 -1.0281434929707516e-08   3  1  1  1  2  0  0
    8 -6.0667785209302303e-08   2  2  1  1  2  0  0
    8 -1.0281434929707516e-08   1  3  1  1  2  0  0
    8 -1.3875182298880512e-06   0  4  1  1  2  0  0
    8 -1.5266572730684180e-09   2  0  3  1  2  0  0
    8  1.2750939915594941e-08   1  1  3  1  2  0  0
    8 -1.0876298547332994e-08   0  2  3  1  2  0  0
    8 -1.5779256440124105e-10   0  0  5  1  2  0  0
    8  5.8101473074014744e-07   4  0  0  2  2  0  0
    8 -1.4456011340750237e-07   3  1  0  2  2  0  0
    8 -5.2629766557444996e-08   2  2  0  2  2  0  0
    8 -2.6117595454015997e-06   1  3  0  2  2  0  0
    8 -3.4494544510671976e-05   0  4  0  2  2  0  0
    8  5.4235257671146420e-09   2  0  2  2  2  0  0
    8 -7.8890845124140164e-09   1  1  2  2  2  0  0
    8  5.4235257671146420e-09   0  2  2  2  2  0  0
    8  5.2449415176067616e-10   0  0  4  2  2  0  0
    8 -1.0876298547332994e-08   2  0  1  3  2  0  0
    8  1.2750939915594941e-08   1  1  1  3  2  0  0
    8 -1.5266572730684180e-09   0  2  1  3  2  0  0
    8 -1.0260608547634014e-09   0  0  3  3  2  0  0
    8  1.6383571983983645e-08   2  0  0  4  2  0  0
    8 -5.2844900497053891e-09   1  1  0  4  2  0  0
    8 -1.0965011682064942e-08   0  2  0  4  2  0  0
    8  5.2449415176067616e-10   0  0  2  4  2  0  0
    8 -1.5779256440124105e-10   0  0  1  5  2  0  0
    8  4.6049213432571662e-10   0  0  0  6  2  0  0
    8  1.0270122482554614e-06   5  0  0  0  3  0  0
    8 -3.6195926756261626e-07   4  1  0  0  3  0  0
    8  1.3230077422984000e-07   3  2  0  0  3  0  0
    8  1.3230077422984000e-07   2  3  0  0  3  0  0
    8 -3.6195926756261626e-07   1  4  0  0  3  0  0
    8  1.0270122482554614e-06   0  5  0  0  3  0  0
    8  3.6618529028253317e-08   3  0  2  0  3  0  0
    8 -8.1777397682851561e-09   2  1  2  0  3  0  0
    8 -5.5987053356813136e-08   1  2  2  0  3  0  0
    8  2.2194935186932069e-08   0  3  2  0  3  0  0
    8 -7.0586615394521878e-10   1  0  4  0  3  0  0
    8 -1.3997485727092637e-09   0  1  4  0  3  0  0
    8 -1.3410163455725253e-09   3  0  1  1  3  0  0
    8  8.7055605454470107e-08   2  1  1  1  3  0  0
    8  8.7055605454470107e-08   1  2  1  1  3  0  0
    8 -1.3410163455725253e-09   0  3  1  1  3  0  0
    8 -6.7530088263176599e-09   1  0  3  1  3  0  0
    8 -4.1276077121502241e-09   0  1  3  1  3  0  0
    8  2.2194935186932069e-08   3  0  0  2  3  0  0
    8 -5.5987053356813136e-08   2  1  0  2  3  0  0
    8 -8.1777397682851561e-09   1  2  0  2  3  0  0
    8  3.6618529028253317e-08   0  3  0  2  3  0  0
    8  1.6574704781409006e-08   1  0  2  2  3  0  0
    8  1.6574704781409006e-08   0  1  2  2  3  0  0
    8 -4.1276077121502241e-09   1  0  1  3  3  0  0
    8 -6.7530088263176599e-09   0  1  1  3  3  0  0
    8 -1.3997485727092637e-09   1  0  0  4  3  0  0
    8 -7.0586615394521878e-10   0  1  0  4  3  0  0
    8  3.3484033019139918e-08   4  0  0  0  4  0  0
    8 -3.9392275711264681e-08   3  1  0  0  4  0  0
    8 -1.0456964528971587e-07   2  2  0  0  4  0  0
    8 -3.9392275711264681e-08   1  3  0  0  4  0  0
    8  3.3484033019139918e-08   0  4  0  0  4  0  0
    8 -5.8232083493570967e-10   2  0  2  0  4  0  0
    8  3.3422226137650489e-08   1  1  2  0  4  0  0
    8 -7.5564196308754624e-09   0  2  2  0  4  0  0
    8 -5.3247615779177555e-10   0  0  4  0  4  0  0
    8 -1.8969667678428875e-08   2  0  1  1  4  0  0
    8 -9.0207391556691570e-08   1  1  1  1  4  0  0
    8 -1.8969667678428875e-08   0  2  1  1  4  0  0
    8  3.5551238145949120e-09   0  0  3  1  4  0  0
    8 -7.5564196308754624e-09   2  0  0  2  4  0  0
    8  3.3422226137650489e-08   1  1  0  2  4  0  0
    8 -5.8232083493570967e-10   0  2  0  2  4  0  0
    8 -5.6339699869543928e-09   0  0  2  2  4  0  0
    8  3.5551238145949120e-09   0  0  1  3  4  0  0
    8 -5.3247615779177555e-10   0  0  0  4  4  0  0
    8 -2.1211519440541300e-08   3  0  0  0  5  0  0
    8  1.0885557814830584e-07   2  1  0  0  5  0  0
    8  1.0885557814830584e-07   1  2  0  0  5  0  0
    8 -2.1211519440541300e-08   0  3  0  0  5  0  0
    8 -1.4783359217447227e-08   1  0  2  0  5  0  0
    8 -6.5066125121437994e-09   0  1  2  0  5  0  0
    8  1.4452608427376308e-08   1  0  1  1  5  0  0
    8  1.4452608427376308e-08   0  1  1  1  5  0  0
    8 -6.5066125121437994e-09   1  0  0  2  5  0  0
    8 -1.4783359217447227e-08   0  1  0  2  5  0  0
    8 -8.3363853562626793e-09   2  0  0  0  6  0  0
    8 -1.0976672713560476e-07   1  1  0  0  6  0  0
    8 -8.3363853562626793e-09   0  2  0  0  6  0  0
    8 -3.3193247782638950e-09   0  0  2  0  6  0  0
    8 -1.2900900156199832e-08   0  0  1  1  6  0  0
    8 -3.3193247782638950e-09   0  0  0  2  6  0  0
    8  8.6681760437784780e-23   1  0  0  0  7  0  0
    8  8.6681760437784780e-23   0  1  0  0  7  0  0
    8 -9.1915563678256898e-09   0  0  0  0  8  0  0
 -661  0.0000000000000000e+00   0  0  0  0  0  0  0

tpsa, NO = 8, NV = 7, INA = 50240
------------------------------------------------------------------

   |I|         a                i  i  i  i  i  i  i
                I                1  2  3  4  5  6  7

    2 -2.8856186057808049e-10   1  1  0  0  0  0  0
    2 -7.1513244503643462e-11   0  0  1  1  0  0  0
    2  7.7570662181414564e-09   0  0  0  0  2  0  0
    3 -6.2747029026621363e-14   3  0  0  0  0  0  0
    3 -1.1117410005946738e-13   2  1  0  0  0  0  0
    3 -1.1117410005946738e-13   1  2  0  0  0  0  0
    3 -6.2747029026621363e-14   0  3  0  0  0  0  0
    3  1.8172665627282228e-13   1  0  2  0  0  0  0
    3 -1.0756493554225825e-14   0  1  2  0  0  0  0
    3 -3.7234921319612171e-14   1  0  1  1  0  0  0
    3 -3.7234921319612171e-14   0  1  1  1  0  0  0
    3 -1.0756493554225825e-14   1  0  0  2  0  0  0
    3  1.8172665627282228e-13   0  1  0  2  0  0  0
    3 -7.7088272310903897e-13   2  0  0  0  1  0  0
    3 -3.2845187433104570e-13   1  1  0  0  1  0  0
    3 -7.7088272310903897e-13   0  2  0  0  1  0  0
    3  2.0943914909751599e-13   0  0  2  0  1  0  0
    3 -2.3195034970147710e-13   0  0  1  1  1  0  0
    3  2.0943914909751599e-13   0  0  0  2  1  0  0
    3 -3.6077774167249861e-12   0  0  0  0  3  0  0
    4 -1.6225516628275240e-16   4  0  0  0  0  0  0
    4 -8.9613091389132743e-17   3  1  0  0  0  0  0
    4 -1.3297255269121819e-16   2  2  0  0  0  0  0
    4 -8.9613091389132743e-17   1  3  0  0  0  0  0
    4 -1.6225516628275240e-16   0  4  0  0  0  0  0
    4 -6.2362707533695069e-17   2  0  2  0  0  0  0
    4  7.2182924675440326e-17   1  1  2  0  0  0  0
    4 -6.4551151874868881e-18   0  2  2  0  0  0  0
    4  2.2998468854620899e-17   0  0  4  0  0  0  0
    4 -1.8232480212751035e-16   2  0  1  1  0  0  0
    4 -3.4731675125570749e-16   1  1  1  1  0  0  0
    4 -1.8232480212751035e-16   0  2  1  1  0  0  0
    4 -3.2792733790475035e-17   0  0  3  1  0  0  0
    4 -6.4551151874868881e-18   2  0  0  2  0  0  0
    4  7.2182924675440326e-17   1  1  0  2  0  0  0
    4 -6.2362707533695069e-17   0  2  0  2  0  0  0
    4 -2.9478629594680143e-17   0  0  2  2  0  0  0
    4 -3.2792733790475035e-17   0  0  1  3  0  0  0
    4  2.2998468854620899e-17   0  0  0  4  0  0  0
    4  4.1570525786728375e-16   3  0  0  0  1  0  0
    4 -2.1737630507917681e-15   2  1  0  0  1  0  0
    4 -2.1737630507917681e-15   1  2  0  0  1  0  0
    4  4.1570525786728375e-16   0  3  0  0  1  0  0
    4  1.4031881288725758e-17   1  0  2  0  1  0  0
    4  3.6096484895493430e-16   0  1  2  0  1  0  0
    4 -9.5708292709648150e-16   1  0  1  1  1  0  0
    4 -9.5708292709648150e-16   0  1  1  1  1  0  0
    4  3.6096484895493430e-16   1  0  0  2  1  0  0
    4  1.4031881288725758e-17   0  1  0  2  1  0  0
    4 -7.9802131752626494e-15   2  0  0  0  2  0  0
    4 -1.4112918296926712e-15   1  1  0  0  2  0  0
    4 -7.9802131752626494e-15   0  2  0  0  2  0  0
    4  4.5512998580415980e-15   0  0  2  0  2  0  0
    4 -7.6902809729100683e-16   0  0  1  1  2  0  0
    4  4.5512998580415980e-15   0  0  0  2  2  0  0
    4  1.9672052215308215e-13   0  0  0  0  4  0  0
    5  6.1257969017578558e-19   5  0  0  0  0  0  0
    5 -2.1314976942973225e-19   4  1  0  0  0  0  0
    5 -5.8837667431355083e-20   3  2  0  0  0  0  0
    5 -5.8837667431355083e-20   2  3  0  0  0  0  0
    5 -2.1314976942973225e-19   1  4  0  0  0  0  0
    5  6.1257969017578558e-19   0  5  0  0  0  0  0
    5  4.8180391593165413e-20   3  0  2  0  0  0  0
    5  7.2939680810522062e-20   2  1  2  0  0  0  0
    5  7.9433550279251783e-20   1  2  2  0  0  0  0
    5  7.4162861970794932e-20   0  3  2  0  0  0  0
    5 -9.4330569890499165e-20   1  0  4  0  0  0  0
    5 -1.5186812979216458e-20   0  1  4  0  0  0  0
    5 -3.4460170664366118e-20   3  0  1  1  0  0  0
    5  2.9371898345232806e-19   2  1  1  1  0  0  0
    5  2.9371898345232806e-19   1  2  1  1  0  0  0
    5 -3.4460170664366118e-20   0  3  1  1  0  0  0
    5  3.0897510642285324e-21   1  0  3  1  0  0  0
    5  5.2203848209058199e-21   0  1  3  1  0  0  0
    5  7.4162861970794932e-20   3  0  0  2  0  0  0
    5  7.9433550279251783e-20   2  1  0  2  0  0  0
    5  7.2939680810522062e-20   1  2  0  2  0  0  0
    5  4.8180391593165413e-20   0  3  0  2  0  0  0
    5  1.7424202673323092e-19   1  0  2  2  0  0  0
    5  1.7424202673323092e-19   0  1  2  2  0  0  0
    5  5.2203848209058199e-21   1  0  1  3  0  0  0
    5  3.0897510642285324e-21   0  1  1  3  0  0  0
    5 -1.5186812979216458e-20   1  0  0  4  0  0  0
    5 -9.4330569890499165e-20   0  1  0  4  0  0  0
    5 -3.7448718292852059e-18   4  0  0  0  1  0  0
    5 -1.2145974366880315e-18   3  1  0  0  1  0  0
    5  3.6752518964624348e-18   2  2  0  0  1  0  0
    5 -1.2145974366880315e-18   1  3  0  0  1  0  0
    5 -3.7448718292852059e-18   0  4  0  0  1  0  0
    5  5.3949678829315776e-19   2  0  2  0  1  0  0
    5 -2.5210165979344797e-19   1  1  2  0  1  0  0
    5 -5.5269357864397787e-19   0  2  2  0  1  0  0
    5 -2.0470017182792514e-19   0  0  4  0  1  0  0
    5 -2.2026355371578900e-19   2  0  1  1  1  0  0
    5 -9.5391306436189110e-19   1  1  1  1  1  0  0
    5 -2.2026355371578900e-19   0  2  1  1  1  0  0
    5  7.9600815146523561e-20   0  0  3  1  1  0  0
    5 -5.5269357864397787e-19   2  0  0  2  1  0  0
    5 -2.5210165979344797e-19   1  1  0  2  1  0  0
    5  5.3949678829315776e-19   0  2  0  2  1  0  0
    5  4.4044962410545901e-19   0  0  2  2  1  0  0
    5  7.9600815146523561e-20   0  0  1  3  1  0  0
    5 -2.0470017182792514e-19   0  0  0  4  1  0  0
    5  7.6349861317494552e-18   3  0  0  0  2  0  0
    5 -3.3233197258223504e-17   2  1  0  0  2  0  0
    5 -3.3233197258223504e-17   1  2  0  0  2  0  0
    5  7.6349861317494552e-18   0  3  0  0  2  0  0
    5 -9.8300856597485279e-19   1  0  2  0  2  0  0
    5  2.1698894076788603e-18   0  1  2  0  2  0  0
    5 -1.2953009319294946e-17   1  0  1  1  2  0  0
    5 -1.2953009319294946e-17   0  1  1  1  2  0  0
    5  2.1698894076788603e-18   1  0  0  2  2  0  0
    5 -9.8300856597485279e-19   0  1  0  2  2  0  0
    5  4.2106606691225293e-18   2  0  0  0  3  0  0
    5  1.5514787579823839e-17   1  1  0  0  3  0  0
    5  4.2106606691225293e-18   0  2  0  0  3  0  0
    5 -3.1233772175129345e-17   0  0  2  0  3  0  0
    5 -2.7605514728759324e-17   0  0  1  1  3  0  0
    5 -3.1233772175129345e-17   0  0  0  2  3  0  0
    5 -1.4491402725941875e-15   0  0  0  0  5  0  0
    6 -1.0203376681622095e-21   6  0  0  0  0  0  0
    6  2.8727474667637770e-21   5  1  0  0  0  0  0
    6  4.0072427867722363e-22   4  2  0  0  0  0  0
    6 -1.5422541217784597e-21   3  3  0  0  0  0  0
    6  4.0072427867722363e-22   2  4  0  0  0  0  0
    6  2.8727474667637770e-21   1  5  0  0  0  0  0
    6 -1.0203376681622095e-21   0  6  0  0  0  0  0
    6 -8.6296761615190825e-21   4  0  2  0  0  0  0
    6 -4.9775384946315134e-22   3  1  2  0  0  0  0
    6  8.6890934933596200e-23   2  2  2  0  0  0  0
    6  2.0691370208562539e-22   1  3  2  0  0  0  0
    6 -1.4371548330220421e-21   0  4  2  0  0  0  0
    6  2.1152411238066195e-22   2  0  4  0  0  0  0
    6 -2.1560029687803535e-23   1  1  4  0  0  0  0
    6 -3.3231049064757428e-23   0  2  4  0  0  0  0
    6 -1.8995077073054367e-23   0  0  6  0  0  0  0
    6  4.5458571789776936e-22   4  0  1  1  0  0  0
    6 -5.4227369090026183e-22   3  1  1  1  0  0  0
    6 -8.8985406085176921e-22   2  2  1  1  0  0  0
    6 -5.4227369090026183e-22   1  3  1  1  0  0  0
    6  4.5458571789776936e-22   0  4  1  1  0  0  0
    6 -1.4142849582612147e-22   2  0  3  1  0  0  0
    6  1.4768470736017038e-22   1  1  3  1  0  0  0
    6  1.0471930482784174e-22   0  2  3  1  0  0  0
    6  1.5029498331548846e-23   0  0  5  1  0  0  0
    6 -1.4371548330220421e-21   4  0  0  2  0  0  0
    6  2.0691370208562539e-22   3  1  0  2  0  0  0
    6  8.6890934933596200e-23   2  2  0  2  0  0  0
    6 -4.9775384946315134e-22   1  3  0  2  0  0  0
    6 -8.6296761615190825e-21   0  4  0  2  0  0  0
    6 -1.7989693918844311e-22   2  0  2  2  0  0  0
    6 -6.1254568173981003e-22   1  1  2  2  0  0  0
    6 -1.7989693918844311e-22   0  2  2  2  0  0  0
    6  4.3811398286939001e-23   0  0  4  2  0  0  0
    6  1.0471930482784174e-22   2  0  1  3  0  0  0
    6  1.4768470736017038e-22   1  1  1  3  0  0  0
    6 -1.4142849582612147e-22   0  2  1  3  0  0  0
    6 -1.1352302583736729e-22   0  0  3  3  0  0  0
    6 -3.3231049064757428e-23   2  0  0  4  0  0  0
    6 -2.1560029687803535e-23   1  1  0  4  0  0  0
    6  2.1152411238066195e-22   0  2  0  4  0  0  0
    6  4.3811398286939001e-23   0  0  2  4  0  0  0
    6  1.5029498331548846e-23   0  0  1  5  0  0  0
    6 -1.8995077073054367e-23   0  0  0  6  0  0  0
    6  3.0036154539426060e-20   5  0  0  0  1  0  0
    6 -8.6425446170908321e-21   4  1  0  0  1  0  0
    6  2.6115060065380307e-21   3  2  0  0  1  0  0
    6  2.6115060065380307e-21   2  3  0  0  1  0  0
    6 -8.6425446170908321e-21   1  4  0  0  1  0  0
    6  3.0036154539426060e-20   0  5  0  0  1  0  0
    6 -3.2938013176136841e-21   3  0  2  0  1  0  0
    6 -2.5725183321566027e-21   2  1  2  0  1  0  0
    6  4.3480011673034391e-22   1  2  2  0  1  0  0
    6  5.2652644285765102e-21   0  3  2  0  1  0  0
    6  2.6765758115407141e-22   1  0  4  0  1  0  0
    6 -1.5165660661075887e-22   0  1  4  0  1  0  0
    6 -5.8699506573209809e-21   3  0  1  1  1  0  0
    6  1.1554516161195470e-21   2  1  1  1  1  0  0
    6  1.1554516161195470e-21   1  2  1  1  1  0  0
    6 -5.8699506573209809e-21   0  3  1  1  1  0  0
    6 -1.5863565073206755e-23   1  0  3  1  1  0  0
    6  5.3966931741706884e-22   0  1  3  1  1  0  0
    6  5.2652644285765102e-21   3  0  0  2  1  0  0
    6  4.3480011673034391e-22   2  1  0  2  1  0  0
    6 -2.5725183321566027e-21   1  2  0  2  1  0  0
    6 -3.2938013176136841e-21   0  3  0  2  1  0  0
    6 -1.0783910753553353e-21   1  0  2  2  1  0  0
    6 -1.0783910753553353e-21   0  1  2  2  1  0  0
    6  5.3966931741706884e-22   1  0  1  3  1  0  0
    6 -1.5863565073206755e-23   0  1  1  3  1  0  0
    6 -1.5165660661075887e-22   1  0  0  4  1  0  0
    6  2.6765758115407141e-22   0  1  0  4  1  0  0
    6  1.7594308175563520e-19   4  0  0  0  2  0  0
    6 -3.4008570178970916e-20   3  1  0  0  2  0  0
    6 -1.1651671938110371e-19   2  2  0  0  2  0  0
    6 -3.4008570178970916e-20   1  3  0  0  2  0  0
    6  1.7594308175563520e-19   0  4  0  0  2  0  0
    6  7.9455253779645011e-21   2  0  2  0  2  0  0
    6  1.8376362666103012e-20   1  1  2  0  2  0  0
    6 -1.1435027122112438e-20   0  2  2  0  2  0  0
    6 -2.8235097791007937e-21   0  0  4  0  2  0  0
    6  2.2523839805662324e-20   2  0  1  1  2  0  0
    6 -1.3751196252153741e-20   1  1  1  1  2  0  0
    6  2.2523839805662324e-20   0  2  1  1  2  0  0
    6  1.7635314606312145e-21   0  0  3  1  2  0  0
    6 -1.1435027122112438e-20   2  0  0  2  2  0  0
    6  1.8376362666103012e-20   1  1  0  2  2  0  0
    6  7.9455253779645011e-21   0  2  0  2  2  0  0
    6  5.1397683280764165e-21   0  0  2  2  2  0  0
    6  1.7635314606312145e-21   0  0  1  3  2  0  0
    6 -2.8235097791007937e-21   0  0  0  4  2  0  0
    6 -4.0816295792973446e-19   3  0  0  0  3  0  0
    6  8.4381167530998017e-19   2  1  0  0  3  0  0
    6  8.4381167530998017e-19   1  2  0  0  3  0  0
    6 -4.0816295792973446e-19   0  3  0  0  3  0  0
    6 -9.7378266764942799e-22   1  0  2  0  3  0  0
    6 -4.9852678597995801e-20   0  1  2  0  3  0  0
    6  1.9332499179017536e-19   1  0  1  1  3  0  0
    6  1.9332499179017536e-19   0  1  1  1  3  0  0
    6 -4.9852678597995801e-20   1  0  0  2  3  0  0
    6 -9.7378266764942799e-22   0  1  0  2  3  0  0
    6 -2.4041846165596028e-19   2  0  0  0  4  0  0
    6 -4.0311310843725060e-18   1  1  0  0  4  0  0
    6 -2.4041846165596028e-19   0  2  0  0  4  0  0
    6  8.9350265128851770e-20   0  0  2  0  4  0  0
    6 -8.9975808069630733e-20   0  0  1  1  4  0  0
    6  8.9350265128851770e-20   0  0  0  2  4  0  0
    6 -1.4676881732471978e-18   0  0  0  0  6  0  0
    7  1.2532831390935048e-24   7  0  0  0  0  0  0
    7 -8.8603555337624410e-24   6  1  0  0  0  0  0
    7  4.8170381503799510e-24   5  2  0  0  0  0  0
    7  4.6804364355984467e-24   4  3  0  0  0  0  0
    7  4.6804364355984467e-24   3  4  0  0  0  0  0
    7  4.8170381503799510e-24   2  5  0  0  0  0  0
    7 -8.8603555337624410e-24   1  6  0  0  0  0  0
    7  1.2532831390935048e-24   0  7  0  0  0  0  0
    7  1.6096186822157186e-23   5  0  2  0  0  0  0
    7 -2.3792026109435536e-23   4  1  2  0  0  0  0
    7 -1.1116303219109161e-23   3  2  2  0  0  0  0
    7 -9.0290393867345846e-25   2  3  2  0  0  0  0
    7 -4.9844385854389551e-24   1  4  2  0  0  0  0
    7  2.4132452017274510e-24   0  5  2  0  0  0  0
    7 -2.2110306956104205e-23   3  0  4  0  0  0  0
    7  1.4404124832128179e-25   2  1  4  0  0  0  0
    7 -1.6625065349661141e-25   1  2  4  0  0  0  0
    7  1.1410735141675445e-24   0  3  4  0  0  0  0
    7 -2.4097981593029804e-23   5  0  1  1  0  0  0
    7  2.6053699883849155e-23   4  1  1  1  0  0  0
    7 -3.1481626342463244e-25   3  2  1  1  0  0  0
    7 -3.1481626342463244e-25   2  3  1  1  0  0  0
    7  2.6053699883849155e-23   1  4  1  1  0  0  0
    7 -2.4097981593029804e-23   0  5  1  1  0  0  0
    7 -6.5030741227127948e-24   3  0  3  1  0  0  0
    7 -2.6028495993903410e-25   2  1  3  1  0  0  0
    7  4.7164509878203560e-25   1  2  3  1  0  0  0
    7 -8.6845304726045350e-25   0  3  3  1  0  0  0
    7  2.4132452017274510e-24   5  0  0  2  0  0  0
    7 -4.9844385854389551e-24   4  1  0  2  0  0  0
    7 -9.0290393867345846e-25   3  2  0  2  0  0  0
    7 -1.1116303219109161e-23   2  3  0  2  0  0  0
    7 -2.3792026109435536e-23   1  4  0  2  0  0  0
    7  1.6096186822157186e-23   0  5  0  2  0  0  0
    7  1.4683462193564118e-23   3  0  2  2  0  0  0
    7  2.8407876106058776e-25   2  1  2  2  0  0  0
    7  2.8407876106058776e-25   1  2  2  2  0  0  0
    7  1.4683462193564118e-23   0  3  2  2  0  0  0
    7 -8.6845304726045350e-25   3  0  1  3  0  0  0
    7  4.7164509878203560e-25   2  1  1  3  0  0  0
    7 -2.6028495993903410e-25   1  2  1  3  0  0  0
    7 -6.5030741227127948e-24   0  3  1  3  0  0  0
    7  1.1410735141675445e-24   3  0  0  4  0  0  0
    7 -1.6625065349661141e-25   2  1  0  4  0  0  0
    7  1.4404124832128179e-25   1  2  0  4  0  0  0
    7 -2.2110306956104205e-23   0  3  0  4  0  0  0
    7 -4.1810327851147341e-23   6  0  0  0  1  0  0
    7  1.3292949005282868e-22   5  1  0  0  1  0  0
    7  3.9827054145157548e-23   4  2  0  0  1  0  0
    7 -1.0835683518890113e-23   3  3  0  0  1  0  0
    7  3.9827054145157548e-23   2  4  0  0  1  0  0
    7  1.3292949005282868e-22   1  5  0  0  1  0  0
    7 -4.1810327851147341e-23   0  6  0  0  1  0  0
    7 -1.5294699531008095e-21   4  0  2  0  1  0  0
    7 -9.3511192654575106e-23   3  1  2  0  1  0  0
    7 -3.2497290596178311e-24   2  2  2  0  1  0  0
    7 -7.1025802755865110e-25   1  3  2  0  1  0  0
    7 -6.0677804304174105e-23   0  4  2  0  1  0  0
    7 -1.8406000567596158e-24   2  0  4  0  1  0  0
    7 -1.6084106535284647e-25   1  1  4  0  1  0  0
    7 -2.4914199604311020e-24   0  2  4  0  1  0  0
    7 -5.1538107816940976e-23   4  0  1  1  1  0  0
    7 -7.2997955728149162e-24   3  1  1  1  1  0  0
    7  7.2659959980439225e-24   2  2  1  1  1  0  0
    7 -7.2997955728149162e-24   1  3  1  1  1  0  0
    7 -5.1538107816940976e-23   0  4  1  1  1  0  0
    7 -2.7256249934693659e-25   2  0  3  1  1  0  0
    7 -8.3582309886271016e-25   1  1  3  1  1  0  0
    7  4.0725356539575974e-24   0  2  3  1  1  0  0
    7  1.4727562343950166e-25   0  0  5  1  1  0  0
    7 -6.0677804304174105e-23   4  0  0  2  1  0  0
    7 -7.1025802755865110e-25   3  1  0  2  1  0  0
    7 -3.2497290596178311e-24   2  2  0  2  1  0  0
    7 -9.3511192654575106e-23   1  3  0  2  1  0  0
    7 -1.5294699531008095e-21   0  4  0  2  1  0  0
    7  1.2658463175684736e-24   2  0  2  2  1  0  0
    7  2.3153878556617015e-24   1  1  2  2  1  0  0
    7  1.2658463175684736e-24   0  2  2  2  1  0  0
    7 -5.6456360340245289e-25   0  0  4  2  1  0  0
    7  4.0725356539575974e-24   2  0  1  3  1  0  0
    7 -8.3582309886271016e-25   1  1  1  3  1  0  0
    7 -2.7256249934693659e-25   0  2  1  3  1  0  0
    7  9.6668395108569501e-25   0  0  3  3  1  0  0
    7 -2.4914199604311020e-24   2  0  0  4  1  0  0
    7 -1.6084106535284647e-25   1  1  0  4  1  0  0
    7 -1.8406000567596158e-24   0  2  0  4  1  0  0
    7 -5.6456360340245289e-25   0  0  2  4  1  0  0
    7  1.4727562343950166e-25   0  0  1  5  1  0  0
    7 -1.9058151093182456e-21   5  0  0  0  2  0  0
    7  7.8625535247052684e-22   4  1  0  0  2  0  0
    7 -1.6236250798542667e-22   3  2  0  0  2  0  0
    7 -1.6236250798542667e-22   2  3  0  0  2  0  0
    7  7.8625535247052684e-22   1  4  0  0  2  0  0
    7 -1.9058151093182456e-21   0  5  0  0  2  0  0
    7 -6.7264541540618054e-23   3  0  2  0  2  0  0
    7  1.2471550771579047e-24   2  1  2  0  2  0  0
    7  6.1015902735190081e-23   1  2  2  0  2  0  0
    7 -2.0348638152448724e-22   0  3  2  0  2  0  0
    7  8.9125503882881108e-24   1  0  4  0  2  0  0
    7  1.3769197668992211e-24   0  1  4  0  2  0  0
    7  9.8090561173202931e-23   3  0  1  1  2  0  0
    7 -1.8997385559577253e-22   2  1  1  1  2  0  0
    7 -1.8997385559577253e-22   1  2  1  1  2  0  0
    7  9.8090561173202931e-23   0  3  1  1  2  0  0
    7  9.3332673090522421e-24   1  0  3  1  2  0  0
    7  9.4137188963425795e-24   0  1  3  1  2  0  0
    7 -2.0348638152448724e-22   3  0  0  2  2  0  0
    7  6.1015902735190081e-23   2  1  0  2  2  0  0
    7  1.2471550771579047e-24   1  2  0  2  2  0  0
    7 -6.7264541540618054e-23   0  3  0  2  2  0  0
    7 -3.7313989398871983e-23   1  0  2  2  2  0  0
    7 -3.7313989398871983e-23   0  1  2  2  2  0  0
    7  9.4137188963425795e-24   1  0  1  3  2  0  0
    7  9.3332673090522421e-24   0  1  1  3  2  0  0
    7  1.3769197668992211e-24   1  0  0  4  2  0  0
    7  8.9125503882881108e-24   0  1  0  4  2  0  0
    7 -1.0260135515524364e-21   4  0  0  0  3  0  0
    7  1.6177685901067386e-21   3  1  0  0  3  0  0
    7  2.0904468623224679e-21   2  2  0  0  3  0  0
    7  1.6177685901067386e-21   1  3  0  0  3  0  0
    7 -1.0260135515524364e-21   0  4  0  0  3  0  0
    7 -2.6381478299923429e-22   2  0  2  0  3  0  0
    7 -5.4634571866447069e-22   1  1  2  0  3  0  0
    7  3.2079801062573213e-22   0  2  2  0  3  0  0
    7  3.1597442548009743e-23   0  0  4  0  3  0  0
    7 -1.0618765249667320e-22   2  0  1  1  3  0  0
    7  7.8220421761802778e-22   1  1  1  1  3  0  0
    7 -1.0618765249667320e-22   0  2  1  1  3  0  0
    7 -2.0322689573537124e-23   0  0  3  1  3  0  0
    7  3.2079801062573213e-22   2  0  0  2  3  0  0
    7 -5.4634571866447069e-22   1  1  0  2  3  0  0
    7 -2.6381478299923429e-22   0  2  0  2  3  0  0
    7 -7.4146443372734338e-23   0  0  2  2  3  0  0
    7 -2.0322689573537124e-23   0  0  1  3  3  0  0
    7  3.1597442548009743e-23   0  0  0  4  3  0  0
    7  5.7010809767204129e-21   3  0  0  0  4  0  0
    7 -1.6452249314807343e-20   2  1  0  0  4  0  0
    7 -1.6452249314807343e-20   1  2  0  0  4  0  0
    7  5.7010809767204129e-21   0  3  0  0  4  0  0
    7  1.0628919986834980e-21   1  0  2  0  4  0  0
    7  7.3951278760822522e-22   0  1  2  0  4  0  0
    7 -1.8037178820359932e-21   1  0  1  1  4  0  0
    7 -1.8037178820359932e-21   0  1  1  1  4  0  0
    7  7.3951278760822522e-22   1  0  0  2  4  0  0
    7  1.0628919986834980e-21   0  1  0  2  4  0  0
    7  7.4636581322745435e-21   2  0  0  0  5  0  0
    7  9.9710148005592207e-20   1  1  0  0  5  0  0
    7  7.4636581322745435e-21   0  2  0  0  5  0  0
    7  9.3757081427166773e-22   0  0  2  0  5  0  0
    7  9.4633367781782032e-21   0  0  1  1  5  0  0
    7  9.3757081427166773e-22   0  0  0  2  5  0  0
    7  2.5746316736455149e-19   0  0  0  0  7  0  0
    8  4.3914929782344511e-25   5  1  2  0  0  0  0
    8 -1.9366315102821356e-25   5  1  1  1  0  0  0
    8 -1.9366315102821356e-25   1  5  1  1  0  0  0
    8  4.6780063493513262e-25   4  0  3  1  0  0  0
    8  4.3914929782344511e-25   1  5  0  2  0  0  0
    8  4.6780063493513262e-25   0  4  1  3  0  0  0
    8  3.3164975008052464e-25   6  1  0  0  1  0  0
    8  2.3429154671008112e-25   5  2  0  0  1  0  0
    8  2.9144172844305989e-25   4  3  0  0  1  0  0
    8  2.9144172844305989e-25   3  4  0  0  1  0  0
    8  2.3429154671008112e-25   2  5  0  0  1  0  0
    8  3.3164975008052464e-25   1  6  0  0  1  0  0
    8  3.1417896900212907e-24   5  0  2  0  1  0  0
    8 -4.8066390080522848e-24   4  1  2  0  1  0  0
    8 -2.2586487132383445e-24   3  2  2  0  1  0  0
    8 -1.6875573565258310e-25   2  3  2  0  1  0  0
    8 -1.8709764312783654e-25   1  4  2  0  1  0  0
    8  3.5879449893922196e-25   0  5  2  0  1  0  0
    8 -4.2859519784337685e-24   3  0  4  0  1  0  0
    8 -1.7170433025227063e-25   2  1  4  0  1  0  0
    8 -3.2560359993935142e-24   5  0  1  1  1  0  0
    8  3.3608380353607002e-24   4  1  1  1  1  0  0
    8  2.3337182615142704e-25   3  2  1  1  1  0  0
    8  2.3337182615142704e-25   2  3  1  1  1  0  0
    8  3.3608380353607002e-24   1  4  1  1  1  0  0
    8 -3.2560359993935142e-24   0  5  1  1  1  0  0
    8 -1.0225420656806175e-24   3  0  3  1  1  0  0
    8  3.5879449893922196e-25   5  0  0  2  1  0  0
    8 -1.8709764312783654e-25   4  1  0  2  1  0  0
    8 -1.6875573565258310e-25   3  2  0  2  1  0  0
    8 -2.2586487132383445e-24   2  3  0  2  1  0  0
    8 -4.8066390080522848e-24   1  4  0  2  1  0  0
    8  3.1417896900212907e-24   0  5  0  2  1  0  0
    8  2.5998797024324863e-24   3  0  2  2  1  0  0
    8  1.2064808499401519e-25   2  1  2  2  1  0  0
    8  1.2064808499401519e-25   1  2  2  2  1  0  0
    8  2.5998797024324863e-24   0  3  2  2  1  0  0
    8 -1.0225420656806175e-24   0  3  1  3  1  0  0
    8 -1.7170433025227063e-25   1  2  0  4  1  0  0
    8 -4.2859519784337685e-24   0  3  0  4  1  0  0
    8  2.6729855334434478e-24   6  0  0  0  2  0  0
    8 -6.8690727247246401e-24   5  1  0  0  2  0  0
    8 -1.9161657876296134e-25   4  2  0  0  2  0  0
    8  1.6437213732600818e-24   3  3  0  0  2  0  0
    8 -1.9161657876296134e-25   2  4  0  0  2  0  0
    8 -6.8690727247246401e-24   1  5  0  0  2  0  0
    8  2.6729855334434478e-24   0  6  0  0  2  0  0
    8 -2.3721208583168465e-22   4  0  2  0  2  0  0
    8 -1.7960548203900805e-23   3  1  2  0  2  0  0
    8 -3.6192438192838639e-25   2  2  2  0  2  0  0
    8 -9.9411099685196278e-25   1  3  2  0  2  0  0
    8  3.9955221364110166e-24   0  4  2  0  2  0  0
    8 -9.5416854494020897e-24   4  0  1  1  2  0  0
    8 -4.1720022909230977e-25   2  2  1  1  2  0  0
    8 -9.5416854494020897e-24   0  4  1  1  2  0  0
    8  3.9955221364110166e-24   4  0  0  2  2  0  0
    8 -9.9411099685196278e-25   3  1  0  2  2  0  0
    8 -3.6192438192838639e-25   2  2  0  2  2  0  0
    8 -1.7960548203900805e-23   1  3  0  2  2  0  0
    8 -2.3721208583168465e-22   0  4  0  2  2  0  0
    8  5.5187568104569573e-23   5  0  0  0  3  0  0
    8 -1.9450256570575208e-23   4  1  0  0  3  0  0
    8  7.1093192904944020e-24   3  2  0  0  3  0  0
    8  7.1093192904944020e-24   2  3  0  0  3  0  0
    8 -1.9450256570575208e-23   1  4  0  0  3  0  0
    8  5.5187568104569573e-23   0  5  0  0  3  0  0
    8  1.6535912789934298e-24   3  0  2  0  3  0  0
    8 -3.6928406251055537e-25   2  1  2  0  3  0  0
    8 -2.5282201558652295e-24   1  2  2  0  3  0  0
    8  1.0022617575549815e-24   0  3  2  0  3  0  0
    8  3.9311898589901160e-24   2  1  1  1  3  0  0
    8  3.9311898589901160e-24   1  2  1  1  3  0  0
    8 -2.5626319743422655e-25   1  0  3  1  3  0  0
    8 -1.5663446876413611e-25   0  1  3  1  3  0  0
    8  1.0022617575549815e-24   3  0  0  2  3  0  0
    8 -2.5282201558652295e-24   2  1  0  2  3  0  0
    8 -3.6928406251055537e-25   1  2  0  2  3  0  0
    8  1.6535912789934298e-24   0  3  0  2  3  0  0
    8  6.2897694243476085e-25   1  0  2  2  3  0  0
    8  6.2897694243476085e-25   0  1  2  2  3  0  0
    8 -1.5663446876413611e-25   1  0  1  3  3  0  0
    8 -2.5626319743422655e-25   0  1  1  3  3  0  0
    8  1.1815287020545996e-23   4  0  0  0  4  0  0
    8 -1.3900089145624373e-23   3  1  0  0  4  0  0
    8 -3.6898792090798584e-23   2  2  0  0  4  0  0
    8 -1.3900089145624373e-23   1  3  0  0  4  0  0
    8  1.1815287020545996e-23   0  4  0  0  4  0  0
    8 -1.7267540702391983e-25   2  0  2  0  4  0  0
    8  9.9106818024147317e-24   1  1  2  0  4  0  0
    8 -2.2407026455596666e-24   0  2  2  0  4  0  0
    8 -1.3268748749255642e-25   0  0  4  0  4  0  0
    8 -5.6250693620516601e-24   2  0  1  1  4  0  0
    8 -2.6749168360664167e-23   1  1  1  1  4  0  0
    8 -5.6250693620516601e-24   0  2  1  1  4  0  0
    8  8.8589965913181365e-25   0  0  3  1  4  0  0
    8 -2.2407026455596666e-24   2  0  0  2  4  0  0
    8  9.9106818024147317e-24   1  1  0  2  4  0  0
    8 -1.7267540702391983e-25   0  2  0  2  4  0  0
    8 -1.4039263753660516e-24   0  0  2  2  4  0  0
    8  8.8589965913181365e-25   0  0  1  3  4  0  0
    8 -1.3268748749255642e-25   0  0  0  4  4  0  0
    8 -4.9149507995248386e-23   3  0  0  0  5  0  0
    8  2.5223078070973924e-22   2  1  0  0  5  0  0
    8  2.5223078070973924e-22   1  2  0  0  5  0  0
    8 -4.9149507995248386e-23   0  3  0  0  5  0  0
    8 -2.8786056267254318e-23   1  0  2  0  5  0  0
    8 -1.2669631518034307e-23   0  1  2  0  5  0  0
    8  2.8142020584066448e-23   1  0  1  1  5  0  0
    8  2.8142020584066448e-23   0  1  1  1  5  0  0
    8 -1.2669631518034307e-23   1  0  0  2  5  0  0
    8 -2.8786056267254318e-23   0  1  0  2  5  0  0
    8 -1.2684286947901859e-22   2  0  0  0  6  0  0
    8 -1.6701635119039769e-21   1  1  0  0  6  0  0
    8 -1.2684286947901859e-22   0  2  0  0  6  0  0
    8 -4.2442374074798196e-23   0  0  2  0  6  0  0
    8 -1.6495669056447014e-22   0  0  1  1  6  0  0
    8 -4.2442374074798196e-23   0  0  0  2  6  0  0
    8 -6.0305801329304345e-21   0  0  0  0  8  0  0
 -498  0.0000000000000000e+00   0  0  0  0  0  0  0
