
tpsa, NO = 8, NV = 7, INA = 48089
------------------------------------------------------------------

   |I|         a                i  i  i  i  i  i  i
                I                1  2  3  4  5  6  7

    3  3.2027615985640473e-08   3  0  0  0  0  0  0
    3 -7.8608987093259786e-07   2  1  0  0  0  0  0
    3 -7.8608987093259786e-07   1  2  0  0  0  0  0
    3  3.2027615985640473e-08   0  3  0  0  0  0  0
    3  9.2071558575000853e-07   1  0  2  0  0  0  0
    3 -2.0418259346456703e-07   0  1  2  0  0  0  0
    3 -4.3008059181434158e-07   1  0  1  1  0  0  0
    3 -4.3008059181434158e-07   0  1  1  1  0  0  0
    3 -2.0418259346456703e-07   1  0  0  2  0  0  0
    3  9.2071558575000853e-07   0  1  0  2  0  0  0
    3 -2.3610179757682431e-07   2  0  0  0  1  0  0
    3 -5.2455344302564214e-07   1  1  0  0  1  0  0
    3 -2.3610179757682431e-07   0  2  0  0  1  0  0
    3  1.2545858685594873e-07   0  0  2  0  1  0  0
    3 -4.4080994536595746e-07   0  0  1  1  1  0  0
    3  1.2545858685594873e-07   0  0  0  2  1  0  0
    3  1.4494941792433814e-06   1  0  0  0  2  0  0
    3  1.4494941792433814e-06   0  1  0  0  2  0  0
    3 -1.3362138580462870e-07   0  0  0  0  3  0  0
    4  2.1915008864803831e-08   4  0  0  0  0  0  0
    4  2.4291124139087534e-08   3  1  0  0  0  0  0
    4 -1.0206940779553220e-07   2  2  0  0  0  0  0
    4  2.4291124139087534e-08   1  3  0  0  0  0  0
    4  2.1915008864803831e-08   0  4  0  0  0  0  0
    4 -2.5903887364485840e-09   2  0  2  0  0  0  0
    4 -1.3916440420896698e-08   1  1  2  0  0  0  0
    4 -1.7387247078880123e-07   0  2  2  0  0  0  0
    4  3.0987619161026476e-08   0  0  4  0  0  0  0
    4 -1.5840289928355674e-07   2  0  1  1  0  0  0
    4 -2.2516609383029299e-07   1  1  1  1  0  0  0
    4 -1.5840289928355674e-07   0  2  1  1  0  0  0
    4 -8.9575024620342804e-08   0  0  3  1  0  0  0
    4 -1.7387247078880123e-07   2  0  0  2  0  0  0
    4 -1.3916440420896698e-08   1  1  0  2  0  0  0
    4 -2.5903887364485840e-09   0  2  0  2  0  0  0
    4  5.4336961452158055e-08   0  0  2  2  0  0  0
    4 -8.9575024620342804e-08   0  0  1  3  0  0  0
    4  3.0987619161026476e-08   0  0  0  4  0  0  0
    4 -2.9778290443383946e-08   3  0  0  0  1  0  0
    4 -3.1620150841679961e-07   2  1  0  0  1  0  0
    4 -3.1620150841679961e-07   1  2  0  0  1  0  0
    4 -2.9778290443383946e-08   0  3  0  0  1  0  0
    4  4.3205049443564646e-08   1  0  2  0  1  0  0
    4  2.5202052621035722e-08   0  1  2  0  1  0  0
    4 -2.3248728084572798e-07   1  0  1  1  1  0  0
    4 -2.3248728084572798e-07   0  1  1  1  1  0  0
    4  2.5202052621035722e-08   1  0  0  2  1  0  0
    4  4.3205049443564646e-08   0  1  0  2  1  0  0
    4 -2.1067210296945565e-08   2  0  0  0  2  0  0
    4  5.5880151378980511e-07   1  1  0  0  2  0  0
    4 -2.1067210296945565e-08   0  2  0  0  2  0  0
    4  1.1252080377579718e-07   0  0  2  0  2  0  0
    4  7.3078200540520508e-08   0  0  1  1  2  0  0
    4  1.1252080377579718e-07   0  0  0  2  2  0  0
    4 -1.6673192063814768e-07   1  0  0  0  3  0  0
    4 -1.6673192063814768e-07   0  1  0  0  3  0  0
    4  5.9541411149136130e-08   0  0  0  0  4  0  0
    5 -1.1405652470179353e-08   5  0  0  0  0  0  0
    5 -2.0821532053614438e-08   4  1  0  0  0  0  0
    5  7.2859492790778474e-08   3  2  0  0  0  0  0
    5  7.2859492790778474e-08   2  3  0  0  0  0  0
    5 -2.0821532053614438e-08   1  4  0  0  0  0  0
    5 -1.1405652470179353e-08   0  5  0  0  0  0  0
    5 -1.1023613871811226e-07   3  0  2  0  0  0  0
    5 -5.2090040818489656e-08   2  1  2  0  0  0  0
    5  1.3369234745779271e-08   1  2  2  0  0  0  0
    5 -3.3597749132302480e-08   0  3  2  0  0  0  0
    5 -2.6425825936181380e-08   1  0  4  0  0  0  0
    5 -3.5921938337759135e-08   0  1  4  0  0  0  0
    5 -1.1017285005586310e-07   3  0  1  1  0  0  0
    5  2.2120756760507351e-07   2  1  1  1  0  0  0
    5  2.2120756760507351e-07   1  2  1  1  0  0  0
    5 -1.1017285005586310e-07   0  3  1  1  0  0  0
    5 -2.3406589591433235e-08   1  0  3  1  0  0  0
    5 -1.9614449139176917e-08   0  1  3  1  0  0  0
    5 -3.3597749132302480e-08   3  0  0  2  0  0  0
    5  1.3369234745779271e-08   2  1  0  2  0  0  0
    5 -5.2090040818489656e-08   1  2  0  2  0  0  0
    5 -1.1023613871811226e-07   0  3  0  2  0  0  0
    5  1.0202048056410743e-08   1  0  2  2  0  0  0
    5  1.0202048056410743e-08   0  1  2  2  0  0  0
    5 -1.9614449139176917e-08   1  0  1  3  0  0  0
    5 -2.3406589591433235e-08   0  1  1  3  0  0  0
    5 -3.5921938337759135e-08   1  0  0  4  0  0  0
    5 -2.6425825936181380e-08   0  1  0  4  0  0  0
    5  4.3187917399109543e-08   4  0  0  0  1  0  0
    5  6.5958935156026160e-08   3  1  0  0  1  0  0
    5  3.6321284503293394e-07   2  2  0  0  1  0  0
    5  6.5958935156026160e-08   1  3  0  0  1  0  0
    5  4.3187917399109543e-08   0  4  0  0  1  0  0
    5 -1.1657965932902067e-07   2  0  2  0  1  0  0
    5 -1.5363310706737160e-07   1  1  2  0  1  0  0
    5 -1.1325629586266743e-08   0  2  2  0  1  0  0
    5  1.7522111304192370e-09   0  0  4  0  1  0  0
    5 -4.7467663471003960e-08   2  0  1  1  1  0  0
    5  2.1532821583182253e-07   1  1  1  1  1  0  0
    5 -4.7467663471003960e-08   0  2  1  1  1  0  0
    5 -1.9064820263433180e-08   0  0  3  1  1  0  0
    5 -1.1325629586266743e-08   2  0  0  2  1  0  0
    5 -1.5363310706737160e-07   1  1  0  2  1  0  0
    5 -1.1657965932902067e-07   0  2  0  2  1  0  0
    5  1.7214446889540748e-08   0  0  2  2  1  0  0
    5 -1.9064820263433180e-08   0  0  1  3  1  0  0
    5  1.7522111304192370e-09   0  0  0  4  1  0  0
    5  3.3192555857129234e-09   3  0  0  0  2  0  0
    5 -1.0088589547183134e-07   2  1  0  0  2  0  0
    5 -1.0088589547183134e-07   1  2  0  0  2  0  0
    5  3.3192555857129234e-09   0  3  0  0  2  0  0
    5  5.1185067872317148e-08   1  0  2  0  2  0  0
    5 -2.4080342158625969e-08   0  1  2  0  2  0  0
    5  1.0916208354116557e-07   1  0  1  1  2  0  0
    5  1.0916208354116557e-07   0  1  1  1  2  0  0
    5 -2.4080342158625969e-08   1  0  0  2  2  0  0
    5  5.1185067872317148e-08   0  1  0  2  2  0  0
    5 -1.3128479565933598e-07   2  0  0  0  3  0  0
    5  2.2750763359369587e-07   1  1  0  0  3  0  0
    5 -1.3128479565933598e-07   0  2  0  0  3  0  0
    5 -3.3463239437407033e-09   0  0  2  0  3  0  0
    5  2.0353555012692169e-08   0  0  1  1  3  0  0
    5 -3.3463239437407033e-09   0  0  0  2  3  0  0
    5  2.1695365359573596e-08   1  0  0  0  4  0  0
    5  2.1695365359573596e-08   0  1  0  0  4  0  0
    5  9.9847694964843309e-09   0  0  0  0  5  0  0
    6 -2.3009082006806695e-09   6  0  0  0  0  0  0
    6 -1.0386492998893192e-08   5  1  0  0  0  0  0
    6 -2.6072636312479010e-09   4  2  0  0  0  0  0
    6 -1.0065840246455980e-07   3  3  0  0  0  0  0
    6 -2.6072636312479010e-09   2  4  0  0  0  0  0
    6 -1.0386492998893192e-08   1  5  0  0  0  0  0
    6 -2.3009082006806695e-09   0  6  0  0  0  0  0
    6 -5.3617252754905777e-09   4  0  2  0  0  0  0
    6  8.5243576883738434e-08   3  1  2  0  0  0  0
    6  1.0574016723005729e-07   2  2  2  0  0  0  0
    6 -7.4107176205917501e-09   1  3  2  0  0  0  0
    6 -1.2445862558257289e-08   0  4  2  0  0  0  0
    6 -2.8014970071965957e-08   2  0  4  0  0  0  0
    6  1.0190065459673926e-08   1  1  4  0  0  0  0
    6 -1.0141824512954055e-08   0  2  4  0  0  0  0
    6 -2.5811922467191231e-09   0  0  6  0  0  0  0
    6 -2.2382533266705846e-08   4  0  1  1  0  0  0
    6 -3.5135140455319896e-08   3  1  1  1  0  0  0
    6 -1.5682672815699928e-07   2  2  1  1  0  0  0
    6 -3.5135140455319896e-08   1  3  1  1  0  0  0
    6 -2.2382533266705846e-08   0  4  1  1  0  0  0
    6  4.2577066482656393e-08   2  0  3  1  0  0  0
    6  5.8712472331863368e-08   1  1  3  1  0  0  0
    6 -2.9645768009140900e-08   0  2  3  1  0  0  0
    6  1.6678899566481293e-09   0  0  5  1  0  0  0
    6 -1.2445862558257289e-08   4  0  0  2  0  0  0
    6 -7.4107176205917501e-09   3  1  0  2  0  0  0
    6  1.0574016723005729e-07   2  2  0  2  0  0  0
    6  8.5243576883738434e-08   1  3  0  2  0  0  0
    6 -5.3617252754905777e-09   0  4  0  2  0  0  0
    6 -4.6859313396867792e-08   2  0  2  2  0  0  0
    6 -8.5805653718473919e-08   1  1  2  2  0  0  0
    6 -4.6859313396867792e-08   0  2  2  2  0  0  0
    6  9.7731100049356969e-10   0  0  4  2  0  0  0
    6 -2.9645768009140900e-08   2  0  1  3  0  0  0
    6  5.8712472331863368e-08   1  1  1  3  0  0  0
    6  4.2577066482656393e-08   0  2  1  3  0  0  0
    6 -1.7911068117716797e-08   0  0  3  3  0  0  0
    6 -1.0141824512954055e-08   2  0  0  4  0  0  0
    6  1.0190065459673926e-08   1  1  0  4  0  0  0
    6 -2.8014970071965957e-08   0  2  0  4  0  0  0
    6  9.7731100049356969e-10   0  0  2  4  0  0  0
    6  1.6678899566481293e-09   0  0  1  5  0  0  0
    6 -2.5811922467191231e-09   0  0  0  6  0  0  0
    6  1.4966627975091628e-08   5  0  0  0  1  0  0
    6 -1.4403137228045099e-08   4  1  0  0  1  0  0
    6  1.6583047095644653e-08   3  2  0  0  1  0  0
    6  1.6583047095644653e-08   2  3  0  0  1  0  0
    6 -1.4403137228045099e-08   1  4  0  0  1  0  0
    6  1.4966627975091628e-08   0  5  0  0  1  0  0
    6  4.0291665847245394e-10   3  0  2  0  1  0  0
    6  1.6965401943365690e-07   2  1  2  0  1  0  0
    6  6.1152605150797502e-08   1  2  2  0  1  0  0
    6  2.3078062463688821e-08   0  3  2  0  1  0  0
    6 -2.6424911544982214e-08   1  0  4  0  1  0  0
    6 -3.8769500423037564e-09   0  1  4  0  1  0  0
    6 -4.7636060570976092e-08   3  0  1  1  1  0  0
    6 -1.1196853153541591e-07   2  1  1  1  1  0  0
    6 -1.1196853153541591e-07   1  2  1  1  1  0  0
    6 -4.7636060570976092e-08   0  3  1  1  1  0  0
    6  2.9907184991757503e-08   1  0  3  1  1  0  0
    6  1.2680968496637262e-08   0  1  3  1  1  0  0
    6  2.3078062463688821e-08   3  0  0  2  1  0  0
    6  6.1152605150797502e-08   2  1  0  2  1  0  0
    6  1.6965401943365690e-07   1  2  0  2  1  0  0
    6  4.0291665847245394e-10   0  3  0  2  1  0  0
    6 -6.1814510020418706e-08   1  0  2  2  1  0  0
    6 -6.1814510020418706e-08   0  1  2  2  1  0  0
    6  1.2680968496637262e-08   1  0  1  3  1  0  0
    6  2.9907184991757503e-08   0  1  1  3  1  0  0
    6 -3.8769500423037564e-09   1  0  0  4  1  0  0
    6 -2.6424911544982214e-08   0  1  0  4  1  0  0
    6 -6.0720371226382221e-08   4  0  0  0  2  0  0
    6 -5.4531923268296760e-08   3  1  0  0  2  0  0
    6 -3.3016849421035035e-07   2  2  0  0  2  0  0
    6 -5.4531923268296760e-08   1  3  0  0  2  0  0
    6 -6.0720371226382221e-08   0  4  0  0  2  0  0
    6  2.2563506607049353e-09   2  0  2  0  2  0  0
    6  3.2412601982889140e-08   1  1  2  0  2  0  0
    6 -1.1461502233244646e-08   0  2  2  0  2  0  0
    6 -4.5895199808076703e-09   0  0  4  0  2  0  0
    6 -8.1578920416260028e-09   2  0  1  1  2  0  0
    6 -1.0074004534740637e-07   1  1  1  1  2  0  0
    6 -8.1578920416260028e-09   0  2  1  1  2  0  0
    6  2.4742384165799646e-08   0  0  3  1  2  0  0
    6 -1.1461502233244646e-08   2  0  0  2  2  0  0
    6  3.2412601982889140e-08   1  1  0  2  2  0  0
    6  2.2563506607049353e-09   0  2  0  2  2  0  0
    6 -2.3984005994779326e-08   0  0  2  2  2  0  0
    6  2.4742384165799646e-08   0  0  1  3  2  0  0
    6 -4.5895199808076703e-09   0  0  0  4  2  0  0
    6  4.2985799767425255e-08   3  0  0  0  3  0  0
    6  2.2907240205873417e-07   2  1  0  0  3  0  0
    6  2.2907240205873417e-07   1  2  0  0  3  0  0
    6  4.2985799767425255e-08   0  3  0  0  3  0  0
    6  1.6843624466115988e-08   1  0  2  0  3  0  0
    6 -2.3390325065193192e-08   0  1  2  0  3  0  0
    6  2.1892287067522996e-08   1  0  1  1  3  0  0
    6  2.1892287067522996e-08   0  1  1  1  3  0  0
    6 -2.3390325065193192e-08   1  0  0  2  3  0  0
    6  1.6843624466115988e-08   0  1  0  2  3  0  0
    6 -5.6656898710034821e-08   2  0  0  0  4  0  0
    6 -1.2825734815400973e-07   1  1  0  0  4  0  0
    6 -5.6656898710034821e-08   0  2  0  0  4  0  0
    6  9.6877212938479593e-09   0  0  2  0  4  0  0
    6 -4.7879499057611469e-09   0  0  1  1  4  0  0
    6  9.6877212938479593e-09   0  0  0  2  4  0  0
    6  2.8315022056063893e-08   1  0  0  0  5  0  0
    6  2.8315022056063893e-08   0  1  0  0  5  0  0
    6 -1.4419000945022584e-09   0  0  0  0  6  0  0
    7  1.4289235747955211e-10   7  0  0  0  0  0  0
    7 -4.1359629362627630e-09   6  1  0  0  0  0  0
    7  1.2271379716746498e-08   5  2  0  0  0  0  0
    7  5.9656784476380448e-09   4  3  0  0  0  0  0
    7  5.9656784476380448e-09   3  4  0  0  0  0  0
    7  1.2271379716746498e-08   2  5  0  0  0  0  0
    7 -4.1359629362627630e-09   1  6  0  0  0  0  0
    7  1.4289235747955211e-10   0  7  0  0  0  0  0
    7 -5.7422458284960900e-09   5  0  2  0  0  0  0
    7 -2.1623839192261425e-08   4  1  2  0  0  0  0
    7 -5.9249791610750765e-08   3  2  2  0  0  0  0
    7  1.1448072000045304e-08   2  3  2  0  0  0  0
    7 -7.7548565966064167e-09   1  4  2  0  0  0  0
    7 -1.7815992137843880e-09   0  5  2  0  0  0  0
    7  1.0954335331869935e-08   3  0  4  0  0  0  0
    7  2.2944295714859496e-08   2  1  4  0  0  0  0
    7  1.5100939458505586e-08   1  2  4  0  0  0  0
    7 -2.0710337950621582e-09   0  3  4  0  0  0  0
    7 -1.6163725670274187e-09   1  0  6  0  0  0  0
    7 -1.0909595451628632e-09   0  1  6  0  0  0  0
    7 -1.5447990054818037e-08   5  0  1  1  0  0  0
    7  6.3139315279397283e-09   4  1  1  1  0  0  0
    7  6.2059304898167192e-08   3  2  1  1  0  0  0
    7  6.2059304898167192e-08   2  3  1  1  0  0  0
    7  6.3139315279397283e-09   1  4  1  1  0  0  0
    7 -1.5447990054818037e-08   0  5  1  1  0  0  0
    7 -1.8384315238102979e-08   3  0  3  1  0  0  0
    7 -9.0481883604326550e-08   2  1  3  1  0  0  0
    7 -6.1204292541424344e-09   1  2  3  1  0  0  0
    7 -6.2032964582099582e-09   0  3  3  1  0  0  0
    7  9.3923980334262148e-09   1  0  5  1  0  0  0
    7 -2.1367062970397520e-09   0  1  5  1  0  0  0
    7 -1.7815992137843880e-09   5  0  0  2  0  0  0
    7 -7.7548565966064167e-09   4  1  0  2  0  0  0
    7  1.1448072000045304e-08   3  2  0  2  0  0  0
    7 -5.9249791610750765e-08   2  3  0  2  0  0  0
    7 -2.1623839192261425e-08   1  4  0  2  0  0  0
    7 -5.7422458284960900e-09   0  5  0  2  0  0  0
    7 -1.0691691794658779e-08   3  0  2  2  0  0  0
    7  1.1584491319421451e-07   2  1  2  2  0  0  0
    7  1.1584491319421451e-07   1  2  2  2  0  0  0
    7 -1.0691691794658779e-08   0  3  2  2  0  0  0
    7 -3.6435818040310957e-08   1  0  4  2  0  0  0
    7 -1.7965144332288479e-09   0  1  4  2  0  0  0
    7 -6.2032964582099582e-09   3  0  1  3  0  0  0
    7 -6.1204292541424344e-09   2  1  1  3  0  0  0
    7 -9.0481883604326550e-08   1  2  1  3  0  0  0
    7 -1.8384315238102979e-08   0  3  1  3  0  0  0
    7  2.6601663469735740e-08   1  0  3  3  0  0  0
    7  2.6601663469735740e-08   0  1  3  3  0  0  0
    7 -2.0710337950621582e-09   3  0  0  4  0  0  0
    7  1.5100939458505586e-08   2  1  0  4  0  0  0
    7  2.2944295714859496e-08   1  2  0  4  0  0  0
    7  1.0954335331869935e-08   0  3  0  4  0  0  0
    7 -1.7965144332288479e-09   1  0  2  4  0  0  0
    7 -3.6435818040310957e-08   0  1  2  4  0  0  0
    7 -2.1367062970397520e-09   1  0  1  5  0  0  0
    7  9.3923980334262148e-09   0  1  1  5  0  0  0
    7 -1.0909595451628632e-09   1  0  0  6  0  0  0
    7 -1.6163725670274187e-09   0  1  0  6  0  0  0
    7  5.9534171546702651e-10   6  0  0  0  1  0  0
    7  2.3206359512611708e-08   5  1  0  0  1  0  0
    7  1.8900392365590090e-09   4  2  0  0  1  0  0
    7  7.5146832559887485e-08   3  3  0  0  1  0  0
    7  1.8900392365590090e-09   2  4  0  0  1  0  0
    7  2.3206359512611708e-08   1  5  0  0  1  0  0
    7  5.9534171546702651e-10   0  6  0  0  1  0  0
    7 -4.5604136881195169e-08   4  0  2  0  1  0  0
    7 -3.3279785490681612e-08   3  1  2  0  1  0  0
    7 -4.1104994748611558e-08   2  2  2  0  1  0  0
    7 -7.6235433921164553e-09   1  3  2  0  1  0  0
    7  4.8079462992518021e-09   0  4  2  0  1  0  0
    7  1.7137409587610699e-08   2  0  4  0  1  0  0
    7  2.0867831210837086e-08   1  1  4  0  1  0  0
    7  5.3344471704284902e-09   0  2  4  0  1  0  0
    7 -3.6506609481249629e-10   0  0  6  0  1  0  0
    7  1.5748191603496411e-08   4  0  1  1  1  0  0
    7  3.3627277938289305e-08   3  1  1  1  1  0  0
    7  1.9544361710049760e-07   2  2  1  1  1  0  0
    7  3.3627277938289305e-08   1  3  1  1  1  0  0
    7  1.5748191603496411e-08   0  4  1  1  1  0  0
    7 -3.6955411455270029e-08   2  0  3  1  1  0  0
    7 -7.8132644863106451e-08   1  1  3  1  1  0  0
    7 -1.9772263183987790e-08   0  2  3  1  1  0  0
    7  4.2868796644758480e-09   0  0  5  1  1  0  0
    7  4.8079462992518021e-09   4  0  0  2  1  0  0
    7 -7.6235433921164553e-09   3  1  0  2  1  0  0
    7 -4.1104994748611558e-08   2  2  0  2  1  0  0
    7 -3.3279785490681612e-08   1  3  0  2  1  0  0
    7 -4.5604136881195169e-08   0  4  0  2  1  0  0
    7  2.5693124987780644e-08   2  0  2  2  1  0  0
    7  1.4826349874794207e-07   1  1  2  2  1  0  0
    7  2.5693124987780644e-08   0  2  2  2  1  0  0
    7 -1.9032982250867849e-08   0  0  4  2  1  0  0
    7 -1.9772263183987790e-08   2  0  1  3  1  0  0
    7 -7.8132644863106451e-08   1  1  1  3  1  0  0
    7 -3.6955411455270029e-08   0  2  1  3  1  0  0
    7  2.5204140188614577e-08   0  0  3  3  1  0  0
    7  5.3344471704284902e-09   2  0  0  4  1  0  0
    7  2.0867831210837086e-08   1  1  0  4  1  0  0
    7  1.7137409587610699e-08   0  2  0  4  1  0  0
    7 -1.9032982250867849e-08   0  0  2  4  1  0  0
    7  4.2868796644758480e-09   0  0  1  5  1  0  0
    7 -3.6506609481249629e-10   0  0  0  6  1  0  0
    7 -1.2280403951173442e-08   5  0  0  0  2  0  0
    7  1.3641143033887292e-08   4  1  0  0  2  0  0
    7 -7.5445679183255869e-08   3  2  0  0  2  0  0
    7 -7.5445679183255869e-08   2  3  0  0  2  0  0
    7  1.3641143033887292e-08   1  4  0  0  2  0  0
    7 -1.2280403951173442e-08   0  5  0  0  2  0  0
    7 -2.1290233768375428e-08   3  0  2  0  2  0  0
    7 -9.3220212755971425e-08   2  1  2  0  2  0  0
    7 -2.5465481263955909e-09   1  2  2  0  2  0  0
    7 -3.7199169511179386e-08   0  3  2  0  2  0  0
    7  1.5454118665978283e-08   1  0  4  0  2  0  0
    7  4.2030906639292356e-09   0  1  4  0  2  0  0
    7 -1.3780891057847254e-08   3  0  1  1  2  0  0
    7 -5.5594370545145899e-08   2  1  1  1  2  0  0
    7 -5.5594370545145899e-08   1  2  1  1  2  0  0
    7 -1.3780891057847254e-08   0  3  1  1  2  0  0
    7 -2.4616465652104682e-08   1  0  3  1  2  0  0
    7 -3.7193935170344561e-09   0  1  3  1  2  0  0
    7 -3.7199169511179386e-08   3  0  0  2  2  0  0
    7 -2.5465481263955909e-09   2  1  0  2  2  0  0
    7 -9.3220212755971425e-08   1  2  0  2  2  0  0
    7 -2.1290233768375428e-08   0  3  0  2  2  0  0
    7 -1.1014905713816874e-08   1  0  2  2  2  0  0
    7 -1.1014905713816874e-08   0  1  2  2  2  0  0
    7 -3.7193935170344561e-09   1  0  1  3  2  0  0
    7 -2.4616465652104682e-08   0  1  1  3  2  0  0
    7  4.2030906639292356e-09   1  0  0  4  2  0  0
    7  1.5454118665978283e-08   0  1  0  4  2  0  0
    7  2.2751733537577045e-08   4  0  0  0  3  0  0
    7  8.6317626187724377e-08   3  1  0  0  3  0  0
    7  1.4753074826719108e-07   2  2  0  0  3  0  0
    7  8.6317626187724377e-08   1  3  0  0  3  0  0
    7  2.2751733537577045e-08   0  4  0  0  3  0  0
    7  2.4869185617085487e-08   2  0  2  0  3  0  0
    7  5.1146937310867257e-08   1  1  2  0  3  0  0
    7  2.1953506069686788e-08   0  2  2  0  3  0  0
    7 -7.7385912222039829e-11   0  0  4  0  3  0  0
    7  1.5130767090195007e-08   2  0  1  1  3  0  0
    7  5.1466689101073573e-08   1  1  1  1  3  0  0
    7  1.5130767090195007e-08   0  2  1  1  3  0  0
    7 -7.4484814578236318e-09   0  0  3  1  3  0  0
    7  2.1953506069686788e-08   2  0  0  2  3  0  0
    7  5.1146937310867257e-08   1  1  0  2  3  0  0
    7  2.4869185617085487e-08   0  2  0  2  3  0  0
    7  9.5248131625524394e-09   0  0  2  2  3  0  0
    7 -7.4484814578236318e-09   0  0  1  3  3  0  0
    7 -7.7385912222039829e-11   0  0  0  4  3  0  0
    7 -6.1115693817271334e-08   3  0  0  0  4  0  0
    7 -1.4398671045698554e-07   2  1  0  0  4  0  0
    7 -1.4398671045698554e-07   1  2  0  0  4  0  0
    7 -6.1115693817271334e-08   0  3  0  0  4  0  0
    7 -3.0994250982248940e-09   1  0  2  0  4  0  0
    7 -2.8184536718049072e-09   0  1  2  0  4  0  0
    7 -2.4628859369487736e-08   1  0  1  1  4  0  0
    7 -2.4628859369487736e-08   0  1  1  1  4  0  0
    7 -2.8184536718049072e-09   1  0  0  2  4  0  0
    7 -3.0994250982248940e-09   0  1  0  2  4  0  0
    7  5.2007049751097158e-08   2  0  0  0  5  0  0
    7  8.6511498843239159e-08   1  1  0  0  5  0  0
    7  5.2007049751097158e-08   0  2  0  0  5  0  0
    7  1.0136306349149952e-09   0  0  2  0  5  0  0
    7  2.7313435268599748e-09   0  0  1  1  5  0  0
    7  1.0136306349149952e-09   0  0  0  2  5  0  0
    7 -2.1741651743572791e-08   1  0  0  0  6  0  0
    7 -2.1741651743572791e-08   0  1  0  0  6  0  0
    7  3.8308566880934882e-09   0  0  0  0  7  0  0
    8  7.9468502986396026e-11   8  0  0  0  0  0  0
    8 -2.6264369751236699e-10   7  1  0  0  0  0  0
    8  4.9842451850038596e-10   6  2  0  0  0  0  0
    8  5.7223726489271116e-09   5  3  0  0  0  0  0
    8 -6.0799376226354596e-09   4  4  0  0  0  0  0
    8  5.7223726489271116e-09   3  5  0  0  0  0  0
    8  4.9842451850038596e-10   2  6  0  0  0  0  0
    8 -2.6264369751236699e-10   1  7  0  0  0  0  0
    8  7.9468502986396026e-11   0  8  0  0  0  0  0
    8 -1.6874507870956977e-09   6  0  2  0  0  0  0
    8  1.1872590670339676e-08   5  1  2  0  0  0  0
    8  1.3872488915287526e-08   4  2  2  0  0  0  0
    8 -3.1462850892415231e-09   3  3  2  0  0  0  0
    8 -1.0774689402752578e-09   2  4  2  0  0  0  0
    8 -4.7238271141718680e-09   1  5  2  0  0  0  0
    8  9.2868760178676191e-10   0  6  2  0  0  0  0
    8 -5.2791448899319285e-09   4  0  4  0  0  0  0
    8 -1.6490896895440822e-08   3  1  4  0  0  0  0
    8  3.5318925775590581e-09   2  2  4  0  0  0  0
    8 -1.9537545386546534e-09   1  3  4  0  0  0  0
    8 -3.4261121999897660e-10   0  4  4  0  0  0  0
    8  3.5120308536721064e-09   2  0  6  0  0  0  0
    8  4.0107056981620286e-09   1  1  6  0  0  0  0
    8  3.8703482939356387e-10   0  2  6  0  0  0  0
    8 -7.7081867123422875e-11   0  0  8  0  0  0  0
    8 -1.6493378408001660e-09   6  0  1  1  0  0  0
    8  3.3333254843912564e-09   5  1  1  1  0  0  0
    8  1.3753927712748665e-08   4  2  1  1  0  0  0
    8 -4.4989596369155730e-08   3  3  1  1  0  0  0
    8  1.3753927712748665e-08   2  4  1  1  0  0  0
    8  3.3333254843912564e-09   1  5  1  1  0  0  0
    8 -1.6493378408001660e-09   0  6  1  1  0  0  0
    8  5.1224130984968843e-09   4  0  3  1  0  0  0
    8  4.1294426704330153e-08   3  1  3  1  0  0  0
    8  3.3728607779738199e-08   2  2  3  1  0  0  0
    8 -6.1638035357242242e-09   1  3  3  1  0  0  0
    8 -5.4918746817066785e-09   0  4  3  1  0  0  0
    8 -1.3587859810590966e-08   2  0  5  1  0  0  0
    8 -3.1559538496580564e-09   1  1  5  1  0  0  0
    8 -4.2019560339384341e-09   0  2  5  1  0  0  0
    8  2.3512699953288477e-10   0  0  7  1  0  0  0
    8  9.2868760178676191e-10   6  0  0  2  0  0  0
    8 -4.7238271141718680e-09   5  1  0  2  0  0  0
    8 -1.0774689402752578e-09   4  2  0  2  0  0  0
    8 -3.1462850892415231e-09   3  3  0  2  0  0  0
    8  1.3872488915287526e-08   2  4  0  2  0  0  0
    8  1.1872590670339676e-08   1  5  0  2  0  0  0
    8 -1.6874507870956977e-09   0  6  0  2  0  0  0
    8  5.3341748159981812e-09   4  0  2  2  0  0  0
    8 -6.2332115979752007e-09   3  1  2  2  0  0  0
    8 -1.0961033341309834e-07   2  2  2  2  0  0  0
    8 -6.2332115979752007e-09   1  3  2  2  0  0  0
    8  5.3341748159981812e-09   0  4  2  2  0  0  0
    8  2.3336801098574156e-08   2  0  4  2  0  0  0
    8  3.5792639157547740e-08   1  1  4  2  0  0  0
    8  1.3433385141658373e-09   0  2  4  2  0  0  0
    8 -1.6179855410769309e-09   0  0  6  2  0  0  0
    8 -5.4918746817066785e-09   4  0  1  3  0  0  0
    8 -6.1638035357242242e-09   3  1  1  3  0  0  0
    8  3.3728607779738199e-08   2  2  1  3  0  0  0
    8  4.1294426704330153e-08   1  3  1  3  0  0  0
    8  5.1224130984968843e-09   0  4  1  3  0  0  0
    8 -6.4072237285959507e-09   2  0  3  3  0  0  0
    8 -5.8746596448362597e-08   1  1  3  3  0  0  0
    8 -6.4072237285959507e-09   0  2  3  3  0  0  0
    8  3.7915376089563063e-09   0  0  5  3  0  0  0
    8 -3.4261121999897660e-10   4  0  0  4  0  0  0
    8 -1.9537545386546534e-09   3  1  0  4  0  0  0
    8  3.5318925775590581e-09   2  2  0  4  0  0  0
    8 -1.6490896895440822e-08   1  3  0  4  0  0  0
    8 -5.2791448899319285e-09   0  4  0  4  0  0  0
    8  1.3433385141658373e-09   2  0  2  4  0  0  0
    8  3.5792639157547740e-08   1  1  2  4  0  0  0
    8  2.3336801098574156e-08   0  2  2  4  0  0  0
    8 -5.6156262069882787e-09   0  0  4  4  0  0  0
    8 -4.2019560339384341e-09   2  0  1  5  0  0  0
    8 -3.1559538496580564e-09   1  1  1  5  0  0  0
    8 -1.3587859810590966e-08   0  2  1  5  0  0  0
    8  3.7915376089563063e-09   0  0  3  5  0  0  0
    8  3.8703482939356387e-10   2  0  0  6  0  0  0
    8  4.0107056981620286e-09   1  1  0  6  0  0  0
    8  3.5120308536721064e-09   0  2  0  6  0  0  0
    8 -1.6179855410769309e-09   0  0  2  6  0  0  0
    8  2.3512699953288477e-10   0  0  1  7  0  0  0
    8 -7.7081867123422875e-11   0  0  0  8  0  0  0
    8 -8.7477899845125758e-10   7  0  0  0  1  0  0
    8 -4.1029391930645034e-10   6  1  0  0  1  0  0
    8 -2.7948995059962511e-08   5  2  0  0  1  0  0
    8 -7.3470234860833136e-10   4  3  0  0  1  0  0
    8 -7.3470234860833136e-10   3  4  0  0  1  0  0
    8 -2.7948995059962511e-08   2  5  0  0  1  0  0
    8 -4.1029391930645034e-10   1  6  0  0  1  0  0
    8 -8.7477899845125758e-10   0  7  0  0  1  0  0
    8  9.5119960082014410e-09   5  0  2  0  1  0  0
    8  4.6980505305537417e-08   4  1  2  0  1  0  0
    8  4.4959179663462021e-08   3  2  2  0  1  0  0
    8 -6.3454275199242040e-09   2  3  2  0  1  0  0
    8  1.7345059994579902e-08   1  4  2  0  1  0  0
    8 -4.3384131762270433e-09   0  5  2  0  1  0  0
    8 -1.3281633477999965e-08   3  0  4  0  1  0  0
    8 -1.6381238549724518e-08   2  1  4  0  1  0  0
    8 -5.8143315238596655e-09   1  2  4  0  1  0  0
    8  8.3503885223889966e-10   0  3  4  0  1  0  0
    8  3.3574659079156576e-09   1  0  6  0  1  0  0
    8  1.4227451699487196e-09   0  1  6  0  1  0  0
    8  6.2134190456634638e-09   5  0  1  1  1  0  0
    8 -4.0569973155532196e-08   4  1  1  1  1  0  0
    8  4.7367158399481881e-10   3  2  1  1  1  0  0
    8  4.7367158399481881e-10   2  3  1  1  1  0  0
    8 -4.0569973155532196e-08   1  4  1  1  1  0  0
    8  6.2134190456634638e-09   0  5  1  1  1  0  0
    8  2.7384928953301364e-08   3  0  3  1  1  0  0
    8  7.5006388737235357e-08   2  1  3  1  1  0  0
    8  2.2274937930598143e-08   1  2  3  1  1  0  0
    8  5.6093358518800644e-09   0  3  3  1  1  0  0
    8 -1.4046499258258556e-08   1  0  5  1  1  0  0
    8 -3.9493011305669925e-09   0  1  5  1  1  0  0
    8 -4.3384131762270433e-09   5  0  0  2  1  0  0
    8  1.7345059994579902e-08   4  1  0  2  1  0  0
    8 -6.3454275199242040e-09   3  2  0  2  1  0  0
    8  4.4959179663462021e-08   2  3  0  2  1  0  0
    8  4.6980505305537417e-08   1  4  0  2  1  0  0
    8  9.5119960082014410e-09   0  5  0  2  1  0  0
    8 -2.4790515994998593e-08   3  0  2  2  1  0  0
    8 -4.9896253373790984e-08   2  1  2  2  1  0  0
    8 -4.9896253373790984e-08   1  2  2  2  1  0  0
    8 -2.4790515994998593e-08   0  3  2  2  1  0  0
    8  3.0152999393733460e-08   1  0  4  2  1  0  0
    8  1.0992973875270355e-08   0  1  4  2  1  0  0
    8  5.6093358518800644e-09   3  0  1  3  1  0  0
    8  2.2274937930598143e-08   2  1  1  3  1  0  0
    8  7.5006388737235357e-08   1  2  1  3  1  0  0
    8  2.7384928953301364e-08   0  3  1  3  1  0  0
    8 -2.6115633146551416e-08   1  0  3  3  1  0  0
    8 -2.6115633146551416e-08   0  1  3  3  1  0  0
    8  8.3503885223889966e-10   3  0  0  4  1  0  0
    8 -5.8143315238596655e-09   2  1  0  4  1  0  0
    8 -1.6381238549724518e-08   1  2  0  4  1  0  0
    8 -1.3281633477999965e-08   0  3  0  4  1  0  0
    8  1.0992973875270355e-08   1  0  2  4  1  0  0
    8  3.0152999393733460e-08   0  1  2  4  1  0  0
    8 -3.9493011305669925e-09   1  0  1  5  1  0  0
    8 -1.4046499258258556e-08   0  1  1  5  1  0  0
    8  1.4227451699487196e-09   1  0  0  6  1  0  0
    8  3.3574659079156576e-09   0  1  0  6  1  0  0
    8 -5.3960484373884790e-09   6  0  0  0  2  0  0
    8  4.2764424298174194e-11   5  1  0  0  2  0  0
    8 -1.0592386920348756e-08   4  2  0  0  2  0  0
    8 -1.5435631739039580e-08   3  3  0  0  2  0  0
    8 -1.0592386920348756e-08   2  4  0  0  2  0  0
    8  4.2764424298174194e-11   1  5  0  0  2  0  0
    8 -5.3960484373884790e-09   0  6  0  0  2  0  0
    8 -1.5007242159401537e-09   4  0  2  0  2  0  0
    8  5.8260341887002270e-09   3  1  2  0  2  0  0
    8 -2.9113525961256302e-08   2  2  2  0  2  0  0
    8  1.2086015328981972e-08   1  3  2  0  2  0  0
    8 -6.8648598996416064e-09   0  4  2  0  2  0  0
    8 -1.1837743669078631e-08   2  0  4  0  2  0  0
    8 -4.3994705983716500e-10   1  1  4  0  2  0  0
    8 -6.3860029099594218e-09   0  2  4  0  2  0  0
    8  1.3131351094933848e-09   0  0  6  0  2  0  0
    8 -2.3893065136171364e-08   4  0  1  1  2  0  0
    8  1.0051859951140362e-08   3  1  1  1  2  0  0
    8 -6.9172174554695382e-08   2  2  1  1  2  0  0
    8  1.0051859951140362e-08   1  3  1  1  2  0  0
    8 -2.3893065136171364e-08   0  4  1  1  2  0  0
    8 -8.4968802163702879e-09   2  0  3  1  2  0  0
    8  1.4962412289687958e-09   1  1  3  1  2  0  0
    8 -6.6161345381955344e-10   0  2  3  1  2  0  0
    8 -2.7410068714639949e-09   0  0  5  1  2  0  0
    8 -6.8648598996416064e-09   4  0  0  2  2  0  0
    8  1.2086015328981972e-08   3  1  0  2  2  0  0
    8 -2.9113525961256302e-08   2  2  0  2  2  0  0
    8  5.8260341887002270e-09   1  3  0  2  2  0  0
    8 -1.5007242159401537e-09   0  4  0  2  2  0  0
    8 -1.5753615406373860e-08   2  0  2  2  2  0  0
    8 -4.2180901223629143e-08   1  1  2  2  2  0  0
    8 -1.5753615406373860e-08   0  2  2  2  2  0  0
    8  6.5809170595000175e-09   0  0  4  2  2  0  0
    8 -6.6161345381955344e-10   2  0  1  3  2  0  0
    8  1.4962412289687958e-09   1  1  1  3  2  0  0
    8 -8.4968802163702879e-09   0  2  1  3  2  0  0
    8 -1.1674651803886186e-08   0  0  3  3  2  0  0
    8 -6.3860029099594218e-09   2  0  0  4  2  0  0
    8 -4.3994705983716500e-10   1  1  0  4  2  0  0
    8 -1.1837743669078631e-08   0  2  0  4  2  0  0
    8  6.5809170595000175e-09   0  0  2  4  2  0  0
    8 -2.7410068714639949e-09   0  0  1  5  2  0  0
    8  1.3131351094933848e-09   0  0  0  6  2  0  0
    8  6.3267851334968612e-09   5  0  0  0  3  0  0
    8  3.2140640987646188e-08   4  1  0  0  3  0  0
    8  3.4619506505529641e-08   3  2  0  0  3  0  0
    8  3.4619506505529641e-08   2  3  0  0  3  0  0
    8  3.2140640987646188e-08   1  4  0  0  3  0  0
    8  6.3267851334968612e-09   0  5  0  0  3  0  0
    8  4.3233927844851369e-09   3  0  2  0  3  0  0
    8  2.0551646061303679e-08   2  1  2  0  3  0  0
    8  2.0933821325492448e-08   1  2  2  0  3  0  0
    8  3.1260862766923188e-09   0  3  2  0  3  0  0
    8 -5.7339780605203699e-10   1  0  4  0  3  0  0
    8  3.3351920130405406e-09   0  1  4  0  3  0  0
    8  1.6891217127362093e-08   3  0  1  1  3  0  0
    8  5.9793946856387713e-08   2  1  1  1  3  0  0
    8  5.9793946856387713e-08   1  2  1  1  3  0  0
    8  1.6891217127362093e-08   0  3  1  1  3  0  0
    8  2.6005084398168724e-09   1  0  3  1  3  0  0
    8 -5.0877807055013055e-09   0  1  3  1  3  0  0
    8  3.1260862766923188e-09   3  0  0  2  3  0  0
    8  2.0933821325492448e-08   2  1  0  2  3  0  0
    8  2.0551646061303679e-08   1  2  0  2  3  0  0
    8  4.3233927844851369e-09   0  3  0  2  3  0  0
    8  1.6404554679403595e-08   1  0  2  2  3  0  0
    8  1.6404554679403595e-08   0  1  2  2  3  0  0
    8 -5.0877807055013055e-09   1  0  1  3  3  0  0
    8  2.6005084398168724e-09   0  1  1  3  3  0  0
    8  3.3351920130405406e-09   1  0  0  4  3  0  0
    8 -5.7339780605203699e-10   0  1  0  4  3  0  0
    8 -1.5640987881700305e-08   4  0  0  0  4  0  0
    8 -4.9321022053048849e-08   3  1  0  0  4  0  0
    8 -7.5192793174228133e-08   2  2  0  0  4  0  0
    8 -4.9321022053048849e-08   1  3  0  0  4  0  0
    8 -1.5640987881700305e-08   0  4  0  0  4  0  0
    8 -2.0487066654241861e-08   2  0  2  0  4  0  0
    8 -3.6567493439821561e-08   1  1  2  0  4  0  0
    8 -1.2331435864657897e-08   0  2  2  0  4  0  0
    8  7.7162518580362614e-10   0  0  4  0  4  0  0
    8 -1.2086610504603139e-08   2  0  1  1  4  0  0
    8 -4.2006252762695796e-08   1  1  1  1  4  0  0
    8 -1.2086610504603139e-08   0  2  1  1  4  0  0
    8 -1.6223739880187761e-09   0  0  3  1  4  0  0
    8 -1.2331435864657897e-08   2  0  0  2  4  0  0
    8 -3.6567493439821561e-08   1  1  0  2  4  0  0
    8 -2.0487066654241861e-08   0  2  0  2  4  0  0
    8 -3.1104188597478592e-09   0  0  2  2  4  0  0
    8 -1.6223739880187761e-09   0  0  1  3  4  0  0
    8  7.7162518580362614e-10   0  0  0  4  4  0  0
    8  2.4134255520827313e-08   3  0  0  0  5  0  0
    8  7.3597425419945820e-08   2  1  0  0  5  0  0
    8  7.3597425419945820e-08   1  2  0  0  5  0  0
    8  2.4134255520827313e-08   0  3  0  0  5  0  0
    8  1.1729129086673778e-08   1  0  2  0  5  0  0
    8  8.7716609464379694e-09   0  1  2  0  5  0  0
    8  1.4802735904609479e-08   1  0  1  1  5  0  0
    8  1.4802735904609479e-08   0  1  1  1  5  0  0
    8  8.7716609464379694e-09   1  0  0  2  5  0  0
    8  1.1729129086673778e-08   0  1  0  2  5  0  0
    8 -2.4003291171632754e-08   2  0  0  0  6  0  0
    8 -4.9681931719126521e-08   1  1  0  0  6  0  0
    8 -2.4003291171632754e-08   0  2  0  0  6  0  0
    8 -2.0294994344233055e-09   0  0  2  0  6  0  0
    8 -4.8475926141837841e-09   0  0  1  1  6  0  0
    8 -2.0294994344233055e-09   0  0  0  2  6  0  0
    8  1.2203498166250641e-08   1  0  0  0  7  0  0
    8  1.2203498166250641e-08   0  1  0  0  7  0  0
    8 -2.5449092313792684e-09   0  0  0  0  8  0  0
 -658  0.0000000000000000e+00   0  0  0  0  0  0  0
