begin              0    0    0
   0   0   0
 -1.0000000000000000e+01  1.0000000000000000e+01 -1.0000000000000000e+01  1.0000000000000000e+01
  0.0000000000000000e+00
issp1d           745    1    1
   1   4   4
 -1.0000000000000000e+01  1.0000000000000000e+01 -1.0000000000000000e+01  1.0000000000000000e+01
  0.0000000000000000e+00  0.0000000000000000e+00  0.0000000000000000e+00  0.0000000000000000e+00
  7.9951300000000003e-01  0.0000000000000000e+00  0.0000000000000000e+00  0.0000000000000000e+00  0.0000000000000000e+00
   0  1
dhi6              35    1    2
   0   0   0
 -1.0000000000000000e+01  1.0000000000000000e+01 -1.0000000000000000e+01  1.0000000000000000e+01
  1.7722499999999999e-01
pvfg1c30a        752    1    3
   3   4   0
 -1.0000000000000000e+01  1.0000000000000000e+01 -1.0000000000000000e+01  1.0000000000000000e+01
  0.0000000000000000e+00  0.0000000000000000e+00  0.0000000000000000e+00
   0  0
dhi7              36    1    4
   0   0   0
 -1.0000000000000000e+01  1.0000000000000000e+01 -1.0000000000000000e+01  1.0000000000000000e+01
  7.9197000000000004e-02
p3g1c30a         749    1    5
   3   4   0
 -1.0000000000000000e+01  1.0000000000000000e+01 -1.0000000000000000e+01  1.0000000000000000e+01
  0.0000000000000000e+00  0.0000000000000000e+00  0.0000000000000000e+00
   0  0
dhi8              37    1    6
   0   0   0
 -1.0000000000000000e+01  1.0000000000000000e+01 -1.0000000000000000e+01  1.0000000000000000e+01
  5.7149999999999999e-02
p4g1c30a         750    1    7
   3   4   0
 -1.0000000000000000e+01  1.0000000000000000e+01 -1.0000000000000000e+01  1.0000000000000000e+01
  0.0000000000000000e+00  0.0000000000000000e+00  0.0000000000000000e+00
   0  0
dhi9              38    1    8
   0   0   0
 -1.0000000000000000e+01  1.0000000000000000e+01 -1.0000000000000000e+01  1.0000000000000000e+01
  3.4749900000000000e-01
isbu3            741    1    9
   1   4   4
 -1.0000000000000000e+01  1.0000000000000000e+01 -1.0000000000000000e+01  1.0000000000000000e+01
  0.0000000000000000e+00  0.0000000000000000e+00  0.0000000000000000e+00  0.0000000000000000e+00
  6.5000000000000002e-01  0.0000000000000000e+00  0.0000000000000000e+00  0.0000000000000000e+00  0.0000000000000000e+00
   0  1
dhi10             39    1   10
   0   0   0
 -1.0000000000000000e+01  1.0000000000000000e+01 -1.0000000000000000e+01  1.0000000000000000e+01
  3.0763600000000002e-01
p5g1c30a         751    1   11
   3   4   0
 -1.0000000000000000e+01  1.0000000000000000e+01 -1.0000000000000000e+01  1.0000000000000000e+01
  0.0000000000000000e+00  0.0000000000000000e+00  0.0000000000000000e+00
   0  0
dhi11             40    1   12
   0   0   0
 -1.0000000000000000e+01  1.0000000000000000e+01 -1.0000000000000000e+01  1.0000000000000000e+01
  9.2236399999999996e-01
isbu4            742    1   13
   1   4   4
 -1.0000000000000000e+01  1.0000000000000000e+01 -1.0000000000000000e+01  1.0000000000000000e+01
  0.0000000000000000e+00  0.0000000000000000e+00  0.0000000000000000e+00  0.0000000000000000e+00
  6.5000000000000002e-01  0.0000000000000000e+00  0.0000000000000000e+00  0.0000000000000000e+00  0.0000000000000000e+00
   0  1
dhi12             41    1   14
   0   0   0
 -1.0000000000000000e+01  1.0000000000000000e+01 -1.0000000000000000e+01  1.0000000000000000e+01
  3.0320599999999998e-01
dft               27    1   15
   0   0   0
 -1.0000000000000000e+01  1.0000000000000000e+01 -1.0000000000000000e+01  1.0000000000000000e+01
  2.1999999999999999e-02
dft               27    2   16
   0   0   0
 -1.0000000000000000e+01  1.0000000000000000e+01 -1.0000000000000000e+01  1.0000000000000000e+01
  2.1999999999999999e-02
dh1g1a            54    1   17
   0   0   0
 -1.0000000000000000e+01  1.0000000000000000e+01 -1.0000000000000000e+01  1.0000000000000000e+01
  3.1220999999999999e-01
geg1c30a           2    1   18
   3   4   1
 -1.0000000000000000e+01  1.0000000000000000e+01 -1.0000000000000000e+01  1.0000000000000000e+01
  0.0000000000000000e+00  0.0000000000000000e+00  0.0000000000000000e+00
   0  0
gsg2c30a           3    1   19
   3   4   1
 -1.0000000000000000e+01  1.0000000000000000e+01 -1.0000000000000000e+01  1.0000000000000000e+01
  0.0000000000000000e+00  0.0000000000000000e+00  0.0000000000000000e+00
   0  0
sh1              730    1   20
   1   4   2
 -1.0000000000000000e+01  1.0000000000000000e+01 -1.0000000000000000e+01  1.0000000000000000e+01
  0.0000000000000000e+00  0.0000000000000000e+00  0.0000000000000000e+00  0.0000000000000000e+00
  2.0000000000000001e-01  0.0000000000000000e+00  0.0000000000000000e+00  0.0000000000000000e+00  0.0000000000000000e+00
   1  3
  3  9.9164560498708294e+00  0.0000000000000000e+00
dh1ag2a           56    1   21
   0   0   0
 -1.0000000000000000e+01  1.0000000000000000e+01 -1.0000000000000000e+01  1.0000000000000000e+01
  8.5000000000000006e-02
ph1g2c30a        753    1   22
   3   4   0
 -1.0000000000000000e+01  1.0000000000000000e+01 -1.0000000000000000e+01  1.0000000000000000e+01
  0.0000000000000000e+00  0.0000000000000000e+00  0.0000000000000000e+00
   0  0
dbpm01           110    1   23
   0   0   0
 -1.0000000000000000e+01  1.0000000000000000e+01 -1.0000000000000000e+01  1.0000000000000000e+01
  8.1000000000000003e-02
qh1              720    1   24
   1   4   4
 -1.0000000000000000e+01  1.0000000000000000e+01 -1.0000000000000000e+01  1.0000000000000000e+01
  0.0000000000000000e+00  0.0000000000000000e+00  0.0000000000000000e+00  0.0000000000000000e+00
  2.6800000000000002e-01  0.0000000000000000e+00  0.0000000000000000e+00  0.0000000000000000e+00  0.0000000000000000e+00
   1  2
  2 -6.4195731464840999e-01  0.0000000000000000e+00
dh2ag2a          122    1   25
   0   0   0
 -1.0000000000000000e+01  1.0000000000000000e+01 -1.0000000000000000e+01  1.0000000000000000e+01
  1.4849999999999999e-01
sqh              721    1   26
   1   4   4
 -1.0000000000000000e+01  1.0000000000000000e+01 -1.0000000000000000e+01  1.0000000000000000e+01
  0.0000000000000000e+00  0.0000000000000000e+00  0.0000000000000000e+00  0.0000000000000000e+00
  2.0000000000000001e-01  0.0000000000000000e+00  0.0000000000000000e+00  0.0000000000000000e+00  0.0000000000000000e+00
   0  2
ch1xg2c30a       765    1   27
   3   4   1
 -1.0000000000000000e+01  1.0000000000000000e+01 -1.0000000000000000e+01  1.0000000000000000e+01
  0.0000000000000000e+00  0.0000000000000000e+00  0.0000000000000000e+00
   0  0
ch1yg2c30a       778    1   28
   3   4   1
 -1.0000000000000000e+01  1.0000000000000000e+01 -1.0000000000000000e+01  1.0000000000000000e+01
  0.0000000000000000e+00  0.0000000000000000e+00  0.0000000000000000e+00
   0  0
dh2bg2a1          46    1   29
   0   0   0
 -1.0000000000000000e+01  1.0000000000000000e+01 -1.0000000000000000e+01  1.0000000000000000e+01
  1.2550000000000000e-01
dh2bg2a2          47    1   30
   0   0   0
 -1.0000000000000000e+01  1.0000000000000000e+01 -1.0000000000000000e+01  1.0000000000000000e+01
  3.2800000000000001e-01
qh2              722    1   31
   1   4   4
 -1.0000000000000000e+01  1.0000000000000000e+01 -1.0000000000000000e+01  1.0000000000000000e+01
  0.0000000000000000e+00  0.0000000000000000e+00  0.0000000000000000e+00  0.0000000000000000e+00
  4.6000000000000002e-01  0.0000000000000000e+00  0.0000000000000000e+00  0.0000000000000000e+00  0.0000000000000000e+00
   1  2
  2  1.4356199999999999e+00  0.0000000000000000e+00
dh3ag2a          124    1   32
   0   0   0
 -1.0000000000000000e+01  1.0000000000000000e+01 -1.0000000000000000e+01  1.0000000000000000e+01
  1.8400000000000000e-01
sh3              731    1   33
   1   4   2
 -1.0000000000000000e+01  1.0000000000000000e+01 -1.0000000000000000e+01  1.0000000000000000e+01
  0.0000000000000000e+00  0.0000000000000000e+00  0.0000000000000000e+00  0.0000000000000000e+00
  2.0000000000000001e-01  0.0000000000000000e+00  0.0000000000000000e+00  0.0000000000000000e+00  0.0000000000000000e+00
   1  3
  3 -2.9275542057353001e+00  0.0000000000000000e+00
dh3bg2a          125    1   34
   0   0   0
 -1.0000000000000000e+01  1.0000000000000000e+01 -1.0000000000000000e+01  1.0000000000000000e+01
  1.8600000000000000e-01
qh3              723    1   35
   1   4   4
 -1.0000000000000000e+01  1.0000000000000000e+01 -1.0000000000000000e+01  1.0000000000000000e+01
  0.0000000000000000e+00  0.0000000000000000e+00  0.0000000000000000e+00  0.0000000000000000e+00
  2.6800000000000002e-01  0.0000000000000000e+00  0.0000000000000000e+00  0.0000000000000000e+00  0.0000000000000000e+00
   1  2
  2 -1.7542500000000001e+00  0.0000000000000000e+00
dh4ag2a           57    1   36
   0   0   0
 -1.0000000000000000e+01  1.0000000000000000e+01 -1.0000000000000000e+01  1.0000000000000000e+01
  7.6020000000000004e-02
ph2g2c30a        754    1   37
   3   4   0
 -1.0000000000000000e+01  1.0000000000000000e+01 -1.0000000000000000e+01  1.0000000000000000e+01
  0.0000000000000000e+00  0.0000000000000000e+00  0.0000000000000000e+00
   0  0
dbpm02           111    1   38
   0   0   0
 -1.0000000000000000e+01  1.0000000000000000e+01 -1.0000000000000000e+01  1.0000000000000000e+01
  8.9980000000000004e-02
sh4              732    1   39
   1   4   2
 -1.0000000000000000e+01  1.0000000000000000e+01 -1.0000000000000000e+01  1.0000000000000000e+01
  0.0000000000000000e+00  0.0000000000000000e+00  0.0000000000000000e+00  0.0000000000000000e+00
  2.0000000000000001e-01  0.0000000000000000e+00  0.0000000000000000e+00  0.0000000000000000e+00  0.0000000000000000e+00
   1  3
  3 -7.9104503533397699e+00  0.0000000000000000e+00
dh4bg2a1          48    1   40
   0   0   0
 -1.0000000000000000e+01  1.0000000000000000e+01 -1.0000000000000000e+01  1.0000000000000000e+01
  1.1370000000000000e-01
dh4bg2a2          49    1   41
   0   0   0
 -1.0000000000000000e+01  1.0000000000000000e+01 -1.0000000000000000e+01  1.0000000000000000e+01
  1.3480000000000000e-01
dfch             127    1   42
   0   0   0
 -1.0000000000000000e+01  1.0000000000000000e+01 -1.0000000000000000e+01  1.0000000000000000e+01
  1.4999999999999999e-01
ch2xg2c30a       766    1   43
   3   4   1
 -1.0000000000000000e+01  1.0000000000000000e+01 -1.0000000000000000e+01  1.0000000000000000e+01
  0.0000000000000000e+00  0.0000000000000000e+00  0.0000000000000000e+00
   0  0
ch2yg2c30a       779    1   44
   3   4   1
 -1.0000000000000000e+01  1.0000000000000000e+01 -1.0000000000000000e+01  1.0000000000000000e+01
  0.0000000000000000e+00  0.0000000000000000e+00  0.0000000000000000e+00
   0  0
dfch             127    2   45
   0   0   0
 -1.0000000000000000e+01  1.0000000000000000e+01 -1.0000000000000000e+01  1.0000000000000000e+01
  1.4999999999999999e-01
geg2c30a           4    1   46
   3   4   1
 -1.0000000000000000e+01  1.0000000000000000e+01 -1.0000000000000000e+01  1.0000000000000000e+01
  0.0000000000000000e+00  0.0000000000000000e+00  0.0000000000000000e+00
   0  0
dh4cg3a          128    1   47
   0   0   0
 -1.0000000000000000e+01  1.0000000000000000e+01 -1.0000000000000000e+01  1.0000000000000000e+01
  3.1500000000000000e-02
gsg3c30a           5    1   48
   3   4   1
 -1.0000000000000000e+01  1.0000000000000000e+01 -1.0000000000000000e+01  1.0000000000000000e+01
  0.0000000000000000e+00  0.0000000000000000e+00  0.0000000000000000e+00
   0  0
b1               746    1   49
   1   4   4
 -1.0000000000000000e+01  1.0000000000000000e+01 -1.0000000000000000e+01  1.0000000000000000e+01
  0.0000000000000000e+00  0.0000000000000000e+00  0.0000000000000000e+00  0.0000000000000000e+00
  2.6200000000000001e+00  3.9969372183076245e-02  3.0000000000000000e+00  3.0000000000000000e+00  0.0000000000000000e+00
   0  1
geg3c30a           6    1   50
   3   4   1
 -1.0000000000000000e+01  1.0000000000000000e+01 -1.0000000000000000e+01  1.0000000000000000e+01
  0.0000000000000000e+00  0.0000000000000000e+00  0.0000000000000000e+00
   0  0
gsg4c30a           7    1   51
   3   4   1
 -1.0000000000000000e+01  1.0000000000000000e+01 -1.0000000000000000e+01  1.0000000000000000e+01
  0.0000000000000000e+00  0.0000000000000000e+00  0.0000000000000000e+00
   0  0
dm1ag4a          129    1   52
   0   0   0
 -1.0000000000000000e+01  1.0000000000000000e+01 -1.0000000000000000e+01  1.0000000000000000e+01
  5.0100000000000000e-01
dsch             149    1   53
   0   0   0
 -1.0000000000000000e+01  1.0000000000000000e+01 -1.0000000000000000e+01  1.0000000000000000e+01
  1.0000000000000001e-01
cm1xg4c30a       767    1   54
   3   4   1
 -1.0000000000000000e+01  1.0000000000000000e+01 -1.0000000000000000e+01  1.0000000000000000e+01
  0.0000000000000000e+00  0.0000000000000000e+00  0.0000000000000000e+00
   0  0
cm1yg4c30a       780    1   55
   3   4   1
 -1.0000000000000000e+01  1.0000000000000000e+01 -1.0000000000000000e+01  1.0000000000000000e+01
  0.0000000000000000e+00  0.0000000000000000e+00  0.0000000000000000e+00
   0  0
dsch             149    2   56
   0   0   0
 -1.0000000000000000e+01  1.0000000000000000e+01 -1.0000000000000000e+01  1.0000000000000000e+01
  1.0000000000000001e-01
dm1bg4a          130    1   57
   0   0   0
 -1.0000000000000000e+01  1.0000000000000000e+01 -1.0000000000000000e+01  1.0000000000000000e+01
  2.7550000000000002e-01
qm1              724    1   58
   1   4   4
 -1.0000000000000000e+01  1.0000000000000000e+01 -1.0000000000000000e+01  1.0000000000000000e+01
  0.0000000000000000e+00  0.0000000000000000e+00  0.0000000000000000e+00  0.0000000000000000e+00
  2.4700000000000000e-01  0.0000000000000000e+00  0.0000000000000000e+00  0.0000000000000000e+00  0.0000000000000000e+00
   1  2
  2 -8.1223482277257997e-01  0.0000000000000000e+00
dm2ag4a          131    1   59
   0   0   0
 -1.0000000000000000e+01  1.0000000000000000e+01 -1.0000000000000000e+01  1.0000000000000000e+01
  2.0150000000000001e-01
sm1a             733    1   60
   1   4   2
 -1.0000000000000000e+01  1.0000000000000000e+01 -1.0000000000000000e+01  1.0000000000000000e+01
  0.0000000000000000e+00  0.0000000000000000e+00  0.0000000000000000e+00  0.0000000000000000e+00
  2.0000000000000001e-01  0.0000000000000000e+00  0.0000000000000000e+00  0.0000000000000000e+00  0.0000000000000000e+00
   1  3
  3 -1.3776788499999999e+01  0.0000000000000000e+00
dft1              28    1   61
   0   0   0
 -1.0000000000000000e+01  1.0000000000000000e+01 -1.0000000000000000e+01  1.0000000000000000e+01
  2.3319999999999999e-01
dft               27    3   62
   0   0   0
 -1.0000000000000000e+01  1.0000000000000000e+01 -1.0000000000000000e+01  1.0000000000000000e+01
  2.1999999999999999e-02
dft               27    4   63
   0   0   0
 -1.0000000000000000e+01  1.0000000000000000e+01 -1.0000000000000000e+01  1.0000000000000000e+01
  2.1999999999999999e-02
dm2bg4a           58    1   64
   0   0   0
 -1.0000000000000000e+01  1.0000000000000000e+01 -1.0000000000000000e+01  1.0000000000000000e+01
  2.9239999999999999e-01
pm1g4c30a        755    1   65
   3   4   0
 -1.0000000000000000e+01  1.0000000000000000e+01 -1.0000000000000000e+01  1.0000000000000000e+01
  0.0000000000000000e+00  0.0000000000000000e+00  0.0000000000000000e+00
   0  0
dbpm03           112    1   66
   0   0   0
 -1.0000000000000000e+01  1.0000000000000000e+01 -1.0000000000000000e+01  1.0000000000000000e+01
  8.4400000000000003e-02
qm2              725    1   67
   1   4   4
 -1.0000000000000000e+01  1.0000000000000000e+01 -1.0000000000000000e+01  1.0000000000000000e+01
  0.0000000000000000e+00  0.0000000000000000e+00  0.0000000000000000e+00  0.0000000000000000e+00
  2.8199999999999997e-01  0.0000000000000000e+00  0.0000000000000000e+00  0.0000000000000000e+00  0.0000000000000000e+00
   1  2
  2  1.2261546595918300e+00  0.0000000000000000e+00
dm2cg4a          133    1   68
   0   0   0
 -1.0000000000000000e+01  1.0000000000000000e+01 -1.0000000000000000e+01  1.0000000000000000e+01
  1.8400000000000000e-01
sm2              734    1   69
   1   4   2
 -1.0000000000000000e+01  1.0000000000000000e+01 -1.0000000000000000e+01  1.0000000000000000e+01
  0.0000000000000000e+00  0.0000000000000000e+00  0.0000000000000000e+00  0.0000000000000000e+00
  2.5000000000000000e-01  0.0000000000000000e+00  0.0000000000000000e+00  0.0000000000000000e+00  0.0000000000000000e+00
   1  3
  3  1.4165895600000001e+01  0.0000000000000000e+00
dm2cg4b          134    1   70
   0   0   0
 -1.0000000000000000e+01  1.0000000000000000e+01 -1.0000000000000000e+01  1.0000000000000000e+01
  1.8400000000000000e-01
qm2              725    2   71
   1   4   4
 -1.0000000000000000e+01  1.0000000000000000e+01 -1.0000000000000000e+01  1.0000000000000000e+01
  0.0000000000000000e+00  0.0000000000000000e+00  0.0000000000000000e+00  0.0000000000000000e+00
  2.8199999999999997e-01  0.0000000000000000e+00  0.0000000000000000e+00  0.0000000000000000e+00  0.0000000000000000e+00
   1  2
  2  1.2261546595918300e+00  0.0000000000000000e+00
dm2bg4b1          42    1   72
   0   0   0
 -1.0000000000000000e+01  1.0000000000000000e+01 -1.0000000000000000e+01  1.0000000000000000e+01
  3.2800000000000001e-01
dm2bg4b2          43    1   73
   0   0   0
 -1.0000000000000000e+01  1.0000000000000000e+01 -1.0000000000000000e+01  1.0000000000000000e+01
  1.7599999999999999e-01
sm1b             735    1   74
   1   4   2
 -1.0000000000000000e+01  1.0000000000000000e+01 -1.0000000000000000e+01  1.0000000000000000e+01
  0.0000000000000000e+00  0.0000000000000000e+00  0.0000000000000000e+00  0.0000000000000000e+00
  2.0000000000000001e-01  0.0000000000000000e+00  0.0000000000000000e+00  0.0000000000000000e+00  0.0000000000000000e+00
   1  3
  3 -1.0957818999999999e+01  0.0000000000000000e+00
dm2ag4b           59    1   75
   0   0   0
 -1.0000000000000000e+01  1.0000000000000000e+01 -1.0000000000000000e+01  1.0000000000000000e+01
  2.6225999999999999e-01
pm1g4c30b        756    1   76
   3   4   0
 -1.0000000000000000e+01  1.0000000000000000e+01 -1.0000000000000000e+01  1.0000000000000000e+01
  0.0000000000000000e+00  0.0000000000000000e+00  0.0000000000000000e+00
   0  0
dbpm04           113    1   77
   0   0   0
 -1.0000000000000000e+01  1.0000000000000000e+01 -1.0000000000000000e+01  1.0000000000000000e+01
  8.9240000000000000e-02
qm1              724    2   78
   1   4   4
 -1.0000000000000000e+01  1.0000000000000000e+01 -1.0000000000000000e+01  1.0000000000000000e+01
  0.0000000000000000e+00  0.0000000000000000e+00  0.0000000000000000e+00  0.0000000000000000e+00
  2.4700000000000000e-01  0.0000000000000000e+00  0.0000000000000000e+00  0.0000000000000000e+00  0.0000000000000000e+00
   1  2
  2 -8.1223482277257997e-01  0.0000000000000000e+00
dm1eg4b          137    1   79
   0   0   0
 -1.0000000000000000e+01  1.0000000000000000e+01 -1.0000000000000000e+01  1.0000000000000000e+01
  1.1050000000000000e-01
dfch             127    3   80
   0   0   0
 -1.0000000000000000e+01  1.0000000000000000e+01 -1.0000000000000000e+01  1.0000000000000000e+01
  1.4999999999999999e-01
cm1yg4c30b       781    1   81
   3   4   1
 -1.0000000000000000e+01  1.0000000000000000e+01 -1.0000000000000000e+01  1.0000000000000000e+01
  0.0000000000000000e+00  0.0000000000000000e+00  0.0000000000000000e+00
   0  0
cm1xg4c30b       768    1   82
   3   4   1
 -1.0000000000000000e+01  1.0000000000000000e+01 -1.0000000000000000e+01  1.0000000000000000e+01
  0.0000000000000000e+00  0.0000000000000000e+00  0.0000000000000000e+00
   0  0
dfch             127    4   83
   0   0   0
 -1.0000000000000000e+01  1.0000000000000000e+01 -1.0000000000000000e+01  1.0000000000000000e+01
  1.4999999999999999e-01
geg4c30b           8    1   84
   3   4   1
 -1.0000000000000000e+01  1.0000000000000000e+01 -1.0000000000000000e+01  1.0000000000000000e+01
  0.0000000000000000e+00  0.0000000000000000e+00  0.0000000000000000e+00
   0  0
gsg5c30b           9    1   85
   3   4   1
 -1.0000000000000000e+01  1.0000000000000000e+01 -1.0000000000000000e+01  1.0000000000000000e+01
  0.0000000000000000e+00  0.0000000000000000e+00  0.0000000000000000e+00
   0  0
dm1dg5b1         138    1   86
   0   0   0
 -1.0000000000000000e+01  1.0000000000000000e+01 -1.0000000000000000e+01  1.0000000000000000e+01
  1.0000000000000001e-01
dpwg5b           140    1   87
   0   0   0
 -1.0000000000000000e+01  1.0000000000000000e+01 -1.0000000000000000e+01  1.0000000000000000e+01
  2.0000000000000001e-01
dm1cg5b1         141    1   88
   0   0   0
 -1.0000000000000000e+01  1.0000000000000000e+01 -1.0000000000000000e+01  1.0000000000000000e+01
  2.6600000000000001e-01
b1               746    2   89
   1   4   4
 -1.0000000000000000e+01  1.0000000000000000e+01 -1.0000000000000000e+01  1.0000000000000000e+01
  0.0000000000000000e+00  0.0000000000000000e+00  0.0000000000000000e+00  0.0000000000000000e+00
  2.6200000000000001e+00  3.9969372183076245e-02  3.0000000000000000e+00  3.0000000000000000e+00  0.0000000000000000e+00
   0  1
geg5c30b          10    1   90
   3   4   1
 -1.0000000000000000e+01  1.0000000000000000e+01 -1.0000000000000000e+01  1.0000000000000000e+01
  0.0000000000000000e+00  0.0000000000000000e+00  0.0000000000000000e+00
   0  0
dl4bg6b          143    1   91
   0   0   0
 -1.0000000000000000e+01  1.0000000000000000e+01 -1.0000000000000000e+01  1.0000000000000000e+01
  2.1779999999999999e-01
gsg6c30b          11    1   92
   3   4   1
 -1.0000000000000000e+01  1.0000000000000000e+01 -1.0000000000000000e+01  1.0000000000000000e+01
  0.0000000000000000e+00  0.0000000000000000e+00  0.0000000000000000e+00
   0  0
dl4ag6b          144    1   93
   0   0   0
 -1.0000000000000000e+01  1.0000000000000000e+01 -1.0000000000000000e+01  1.0000000000000000e+01
  3.7319999999999998e-01
ql3              726    1   94
   1   4   4
 -1.0000000000000000e+01  1.0000000000000000e+01 -1.0000000000000000e+01  1.0000000000000000e+01
  0.0000000000000000e+00  0.0000000000000000e+00  0.0000000000000000e+00  0.0000000000000000e+00
  2.6800000000000002e-01  0.0000000000000000e+00  0.0000000000000000e+00  0.0000000000000000e+00  0.0000000000000000e+00
   1  2
  2 -1.5186826775585600e+00  0.0000000000000000e+00
dbpm05           114    1   95
   0   0   0
 -1.0000000000000000e+01  1.0000000000000000e+01 -1.0000000000000000e+01  1.0000000000000000e+01
  7.8219999999999998e-02
pl2g6c30b        757    1   96
   3   4   0
 -1.0000000000000000e+01  1.0000000000000000e+01 -1.0000000000000000e+01  1.0000000000000000e+01
  0.0000000000000000e+00  0.0000000000000000e+00  0.0000000000000000e+00
   0  0
dl3cg6b           60    1   97
   0   0   0
 -1.0000000000000000e+01  1.0000000000000000e+01 -1.0000000000000000e+01  1.0000000000000000e+01
  8.7779999999999997e-02
sl3              736    1   98
   1   4   2
 -1.0000000000000000e+01  1.0000000000000000e+01 -1.0000000000000000e+01  1.0000000000000000e+01
  0.0000000000000000e+00  0.0000000000000000e+00  0.0000000000000000e+00  0.0000000000000000e+00
  2.0000000000000001e-01  0.0000000000000000e+00  0.0000000000000000e+00  0.0000000000000000e+00  0.0000000000000000e+00
   1  3
  3 -1.4730430303070230e+01  0.0000000000000000e+00
dl3bg6b          145    1   99
   0   0   0
 -1.0000000000000000e+01  1.0000000000000000e+01 -1.0000000000000000e+01  1.0000000000000000e+01
  1.5750000000000000e-01
dsch             149    3  100
   0   0   0
 -1.0000000000000000e+01  1.0000000000000000e+01 -1.0000000000000000e+01  1.0000000000000000e+01
  1.0000000000000001e-01
cl2yg6c30b       782    1  101
   3   4   1
 -1.0000000000000000e+01  1.0000000000000000e+01 -1.0000000000000000e+01  1.0000000000000000e+01
  0.0000000000000000e+00  0.0000000000000000e+00  0.0000000000000000e+00
   0  0
cl2xg6c30b       769    1  102
   3   4   1
 -1.0000000000000000e+01  1.0000000000000000e+01 -1.0000000000000000e+01  1.0000000000000000e+01
  0.0000000000000000e+00  0.0000000000000000e+00  0.0000000000000000e+00
   0  0
dsch             149    4  103
   0   0   0
 -1.0000000000000000e+01  1.0000000000000000e+01 -1.0000000000000000e+01  1.0000000000000000e+01
  1.0000000000000001e-01
dl3ag6b          146    1  104
   0   0   0
 -1.0000000000000000e+01  1.0000000000000000e+01 -1.0000000000000000e+01  1.0000000000000000e+01
  2.0210000000000000e-01
ql2              727    1  105
   1   4   4
 -1.0000000000000000e+01  1.0000000000000000e+01 -1.0000000000000000e+01  1.0000000000000000e+01
  0.0000000000000000e+00  0.0000000000000000e+00  0.0000000000000000e+00  0.0000000000000000e+00
  4.6000000000000002e-01  0.0000000000000000e+00  0.0000000000000000e+00  0.0000000000000000e+00  0.0000000000000000e+00
   1  2
  2  1.7647735712855499e+00  0.0000000000000000e+00
dl2cg6b          147    1  106
   0   0   0
 -1.0000000000000000e+01  1.0000000000000000e+01 -1.0000000000000000e+01  1.0000000000000000e+01
  2.4399999999999999e-01
sl2              737    1  107
   1   4   2
 -1.0000000000000000e+01  1.0000000000000000e+01 -1.0000000000000000e+01  1.0000000000000000e+01
  0.0000000000000000e+00  0.0000000000000000e+00  0.0000000000000000e+00  0.0000000000000000e+00
  2.0000000000000001e-01  0.0000000000000000e+00  0.0000000000000000e+00  0.0000000000000000e+00  0.0000000000000000e+00
   1  3
  3  1.7838960726555221e+01  0.0000000000000000e+00
dl2bg6b          148    1  108
   0   0   0
 -1.0000000000000000e+01  1.0000000000000000e+01 -1.0000000000000000e+01  1.0000000000000000e+01
  1.3125000000000001e-01
dsch             149    5  109
   0   0   0
 -1.0000000000000000e+01  1.0000000000000000e+01 -1.0000000000000000e+01  1.0000000000000000e+01
  1.0000000000000001e-01
cl1yg6c30b       783    1  110
   3   4   1
 -1.0000000000000000e+01  1.0000000000000000e+01 -1.0000000000000000e+01  1.0000000000000000e+01
  0.0000000000000000e+00  0.0000000000000000e+00  0.0000000000000000e+00
   0  0
cl1xg6c30b       770    1  111
   3   4   1
 -1.0000000000000000e+01  1.0000000000000000e+01 -1.0000000000000000e+01  1.0000000000000000e+01
  0.0000000000000000e+00  0.0000000000000000e+00  0.0000000000000000e+00
   0  0
dsch             149    6  112
   0   0   0
 -1.0000000000000000e+01  1.0000000000000000e+01 -1.0000000000000000e+01  1.0000000000000000e+01
  1.0000000000000001e-01
dl2ag6b          150    1  113
   0   0   0
 -1.0000000000000000e+01  1.0000000000000000e+01 -1.0000000000000000e+01  1.0000000000000000e+01
  1.3475000000000001e-01
ql1              728    1  114
   1   4   4
 -1.0000000000000000e+01  1.0000000000000000e+01 -1.0000000000000000e+01  1.0000000000000000e+01
  0.0000000000000000e+00  0.0000000000000000e+00  0.0000000000000000e+00  0.0000000000000000e+00
  2.6800000000000002e-01  0.0000000000000000e+00  0.0000000000000000e+00  0.0000000000000000e+00  0.0000000000000000e+00
   1  2
  2 -1.6178547356100399e+00  0.0000000000000000e+00
dl1ag6b           61    1  115
   0   0   0
 -1.0000000000000000e+01  1.0000000000000000e+01 -1.0000000000000000e+01  1.0000000000000000e+01
  7.8299999999999995e-02
pl1g6c30b        758    1  116
   3   4   0
 -1.0000000000000000e+01  1.0000000000000000e+01 -1.0000000000000000e+01  1.0000000000000000e+01
  0.0000000000000000e+00  0.0000000000000000e+00  0.0000000000000000e+00
   0  0
dbpm06           115    1  117
   0   0   0
 -1.0000000000000000e+01  1.0000000000000000e+01 -1.0000000000000000e+01  1.0000000000000000e+01
  8.7700000000000000e-02
sl1              738    1  118
   1   4   2
 -1.0000000000000000e+01  1.0000000000000000e+01 -1.0000000000000000e+01  1.0000000000000000e+01
  0.0000000000000000e+00  0.0000000000000000e+00  0.0000000000000000e+00  0.0000000000000000e+00
  2.0000000000000001e-01  0.0000000000000000e+00  0.0000000000000000e+00  0.0000000000000000e+00  0.0000000000000000e+00
   1  3
  3 -6.6358030273641297e+00  0.0000000000000000e+00
geg6c30b          12    1  119
   3   4   1
 -1.0000000000000000e+01  1.0000000000000000e+01 -1.0000000000000000e+01  1.0000000000000000e+01
  0.0000000000000000e+00  0.0000000000000000e+00  0.0000000000000000e+00
   0  0
gsg1c01a          13    1  120
   3   4   1
 -1.0000000000000000e+01  1.0000000000000000e+01 -1.0000000000000000e+01  1.0000000000000000e+01
  0.0000000000000000e+00  0.0000000000000000e+00  0.0000000000000000e+00
   0  0
dl0bg1a          151    1  121
   0   0   0
 -1.0000000000000000e+01  1.0000000000000000e+01 -1.0000000000000000e+01  1.0000000000000000e+01
  4.4651999999999997e-01
dft               27    5  122
   0   0   0
 -1.0000000000000000e+01  1.0000000000000000e+01 -1.0000000000000000e+01  1.0000000000000000e+01
  2.1999999999999999e-02
dft               27    6  123
   0   0   0
 -1.0000000000000000e+01  1.0000000000000000e+01 -1.0000000000000000e+01  1.0000000000000000e+01
  2.1999999999999999e-02
dft2              29    1  124
   0   0   0
 -1.0000000000000000e+01  1.0000000000000000e+01 -1.0000000000000000e+01  1.0000000000000000e+01
  5.0999999999999997e-02
dldk             153    1  125
   0   0   0
 -1.0000000000000000e+01  1.0000000000000000e+01 -1.0000000000000000e+01  1.0000000000000000e+01
  9.5000000000000001e-02
dl01g1c01a        88    1  126
   0   0   0
 -1.0000000000000000e+01  1.0000000000000000e+01 -1.0000000000000000e+01  1.0000000000000000e+01
  2.6634799999999998e+00
pu1g1c01a         89    1  127
   0   0   0
 -1.0000000000000000e+01  1.0000000000000000e+01 -1.0000000000000000e+01  1.0000000000000000e+01
  0.0000000000000000e+00
dl02g1c01a        90    1  128
   0   0   0
 -1.0000000000000000e+01  1.0000000000000000e+01 -1.0000000000000000e+01  1.0000000000000000e+01
  0.0000000000000000e+00
cu1xg1c01id1      91    1  129
   0   0   0
 -1.0000000000000000e+01  1.0000000000000000e+01 -1.0000000000000000e+01  1.0000000000000000e+01
  0.0000000000000000e+00
cu1yg1c01id1      92    1  130
   0   0   0
 -1.0000000000000000e+01  1.0000000000000000e+01 -1.0000000000000000e+01  1.0000000000000000e+01
  0.0000000000000000e+00
idc01h1           93    1  131
   0   0   0
 -1.0000000000000000e+01  1.0000000000000000e+01 -1.0000000000000000e+01  1.0000000000000000e+01
  0.0000000000000000e+00
cu2xg1c01id1      94    1  132
   0   0   0
 -1.0000000000000000e+01  1.0000000000000000e+01 -1.0000000000000000e+01  1.0000000000000000e+01
  0.0000000000000000e+00
cu2yg1c01id1      95    1  133
   0   0   0
 -1.0000000000000000e+01  1.0000000000000000e+01 -1.0000000000000000e+01  1.0000000000000000e+01
  0.0000000000000000e+00
dl03g1c01a        96    1  134
   0   0   0
 -1.0000000000000000e+01  1.0000000000000000e+01 -1.0000000000000000e+01  1.0000000000000000e+01
  0.0000000000000000e+00
pu2g1c01a         97    1  135
   0   0   0
 -1.0000000000000000e+01  1.0000000000000000e+01 -1.0000000000000000e+01  1.0000000000000000e+01
  0.0000000000000000e+00
dl04g1c01a        98    1  136
   0   0   0
 -1.0000000000000000e+01  1.0000000000000000e+01 -1.0000000000000000e+01  1.0000000000000000e+01
  0.0000000000000000e+00
dl05g1c01a        99    1  137
   0   0   0
 -1.0000000000000000e+01  1.0000000000000000e+01 -1.0000000000000000e+01  1.0000000000000000e+01
  2.7976800000000002e+00
pu3g1c01a        100    1  138
   0   0   0
 -1.0000000000000000e+01  1.0000000000000000e+01 -1.0000000000000000e+01  1.0000000000000000e+01
  0.0000000000000000e+00
dl06g1c01a       101    1  139
   0   0   0
 -1.0000000000000000e+01  1.0000000000000000e+01 -1.0000000000000000e+01  1.0000000000000000e+01
  0.0000000000000000e+00
cu1xg1c01id2     102    1  140
   0   0   0
 -1.0000000000000000e+01  1.0000000000000000e+01 -1.0000000000000000e+01  1.0000000000000000e+01
  0.0000000000000000e+00
cu1yg1c01id2     103    1  141
   0   0   0
 -1.0000000000000000e+01  1.0000000000000000e+01 -1.0000000000000000e+01  1.0000000000000000e+01
  0.0000000000000000e+00
idc01h2          104    1  142
   0   0   0
 -1.0000000000000000e+01  1.0000000000000000e+01 -1.0000000000000000e+01  1.0000000000000000e+01
  0.0000000000000000e+00
cu2xg1c01id2     105    1  143
   0   0   0
 -1.0000000000000000e+01  1.0000000000000000e+01 -1.0000000000000000e+01  1.0000000000000000e+01
  0.0000000000000000e+00
cu2yg1c01id2     106    1  144
   0   0   0
 -1.0000000000000000e+01  1.0000000000000000e+01 -1.0000000000000000e+01  1.0000000000000000e+01
  0.0000000000000000e+00
dl07g1c01a       107    1  145
   0   0   0
 -1.0000000000000000e+01  1.0000000000000000e+01 -1.0000000000000000e+01  1.0000000000000000e+01
  0.0000000000000000e+00
pu4g1c01a        108    1  146
   0   0   0
 -1.0000000000000000e+01  1.0000000000000000e+01 -1.0000000000000000e+01  1.0000000000000000e+01
  0.0000000000000000e+00
dl08g1c01a       109    1  147
   0   0   0
 -1.0000000000000000e+01  1.0000000000000000e+01 -1.0000000000000000e+01  1.0000000000000000e+01
  0.0000000000000000e+00
dldk             153    2  148
   0   0   0
 -1.0000000000000000e+01  1.0000000000000000e+01 -1.0000000000000000e+01  1.0000000000000000e+01
  9.5000000000000001e-02
dft2              29    2  149
   0   0   0
 -1.0000000000000000e+01  1.0000000000000000e+01 -1.0000000000000000e+01  1.0000000000000000e+01
  5.0999999999999997e-02
dft               27    7  150
   0   0   0
 -1.0000000000000000e+01  1.0000000000000000e+01 -1.0000000000000000e+01  1.0000000000000000e+01
  2.1999999999999999e-02
dft               27    8  151
   0   0   0
 -1.0000000000000000e+01  1.0000000000000000e+01 -1.0000000000000000e+01  1.0000000000000000e+01
  2.1999999999999999e-02
dl0ag1a          152    1  152
   0   0   0
 -1.0000000000000000e+01  1.0000000000000000e+01 -1.0000000000000000e+01  1.0000000000000000e+01
  3.1231999999999999e-01
geg1c01a          14    1  153
   3   4   1
 -1.0000000000000000e+01  1.0000000000000000e+01 -1.0000000000000000e+01  1.0000000000000000e+01
  0.0000000000000000e+00  0.0000000000000000e+00  0.0000000000000000e+00
   0  0
gsg2c01a          15    1  154
   3   4   1
 -1.0000000000000000e+01  1.0000000000000000e+01 -1.0000000000000000e+01  1.0000000000000000e+01
  0.0000000000000000e+00  0.0000000000000000e+00  0.0000000000000000e+00
   0  0
sl1              738    2  155
   1   4   2
 -1.0000000000000000e+01  1.0000000000000000e+01 -1.0000000000000000e+01  1.0000000000000000e+01
  0.0000000000000000e+00  0.0000000000000000e+00  0.0000000000000000e+00  0.0000000000000000e+00
  2.0000000000000001e-01  0.0000000000000000e+00  0.0000000000000000e+00  0.0000000000000000e+00  0.0000000000000000e+00
   1  3
  3 -6.6358030273641297e+00  0.0000000000000000e+00
dl1ag2a           62    1  156
   0   0   0
 -1.0000000000000000e+01  1.0000000000000000e+01 -1.0000000000000000e+01  1.0000000000000000e+01
  8.9999999999999997e-02
pl1g2c01a        759    1  157
   3   4   0
 -1.0000000000000000e+01  1.0000000000000000e+01 -1.0000000000000000e+01  1.0000000000000000e+01
  0.0000000000000000e+00  0.0000000000000000e+00  0.0000000000000000e+00
   0  0
dbpm07           116    1  158
   0   0   0
 -1.0000000000000000e+01  1.0000000000000000e+01 -1.0000000000000000e+01  1.0000000000000000e+01
  7.5999999999999998e-02
ql1              728    2  159
   1   4   4
 -1.0000000000000000e+01  1.0000000000000000e+01 -1.0000000000000000e+01  1.0000000000000000e+01
  0.0000000000000000e+00  0.0000000000000000e+00  0.0000000000000000e+00  0.0000000000000000e+00
  2.6800000000000002e-01  0.0000000000000000e+00  0.0000000000000000e+00  0.0000000000000000e+00  0.0000000000000000e+00
   1  2
  2 -1.6178547356100399e+00  0.0000000000000000e+00
dl2ag2a          156    1  160
   0   0   0
 -1.0000000000000000e+01  1.0000000000000000e+01 -1.0000000000000000e+01  1.0000000000000000e+01
  1.3475000000000001e-01
dsch             149    7  161
   0   0   0
 -1.0000000000000000e+01  1.0000000000000000e+01 -1.0000000000000000e+01  1.0000000000000000e+01
  1.0000000000000001e-01
cl1xg2c01a       771    1  162
   3   4   1
 -1.0000000000000000e+01  1.0000000000000000e+01 -1.0000000000000000e+01  1.0000000000000000e+01
  0.0000000000000000e+00  0.0000000000000000e+00  0.0000000000000000e+00
   0  0
cl1yg2c01a       784    1  163
   3   4   1
 -1.0000000000000000e+01  1.0000000000000000e+01 -1.0000000000000000e+01  1.0000000000000000e+01
  0.0000000000000000e+00  0.0000000000000000e+00  0.0000000000000000e+00
   0  0
dsch             149    8  164
   0   0   0
 -1.0000000000000000e+01  1.0000000000000000e+01 -1.0000000000000000e+01  1.0000000000000000e+01
  1.0000000000000001e-01
dl2bg2a          157    1  165
   0   0   0
 -1.0000000000000000e+01  1.0000000000000000e+01 -1.0000000000000000e+01  1.0000000000000000e+01
  1.3125000000000001e-01
sl2              737    2  166
   1   4   2
 -1.0000000000000000e+01  1.0000000000000000e+01 -1.0000000000000000e+01  1.0000000000000000e+01
  0.0000000000000000e+00  0.0000000000000000e+00  0.0000000000000000e+00  0.0000000000000000e+00
  2.0000000000000001e-01  0.0000000000000000e+00  0.0000000000000000e+00  0.0000000000000000e+00  0.0000000000000000e+00
   1  3
  3  1.7838960726555221e+01  0.0000000000000000e+00
dl2cg2a          158    1  167
   0   0   0
 -1.0000000000000000e+01  1.0000000000000000e+01 -1.0000000000000000e+01  1.0000000000000000e+01
  2.4399999999999999e-01
ql2              727    2  168
   1   4   4
 -1.0000000000000000e+01  1.0000000000000000e+01 -1.0000000000000000e+01  1.0000000000000000e+01
  0.0000000000000000e+00  0.0000000000000000e+00  0.0000000000000000e+00  0.0000000000000000e+00
  4.6000000000000002e-01  0.0000000000000000e+00  0.0000000000000000e+00  0.0000000000000000e+00  0.0000000000000000e+00
   1  2
  2  1.7647735712855499e+00  0.0000000000000000e+00
dl3ag2a          159    1  169
   0   0   0
 -1.0000000000000000e+01  1.0000000000000000e+01 -1.0000000000000000e+01  1.0000000000000000e+01
  2.0210000000000000e-01
dsch             149    9  170
   0   0   0
 -1.0000000000000000e+01  1.0000000000000000e+01 -1.0000000000000000e+01  1.0000000000000000e+01
  1.0000000000000001e-01
cl2xg2c01a       772    1  171
   3   4   1
 -1.0000000000000000e+01  1.0000000000000000e+01 -1.0000000000000000e+01  1.0000000000000000e+01
  0.0000000000000000e+00  0.0000000000000000e+00  0.0000000000000000e+00
   0  0
cl2yg2c01a       785    1  172
   3   4   1
 -1.0000000000000000e+01  1.0000000000000000e+01 -1.0000000000000000e+01  1.0000000000000000e+01
  0.0000000000000000e+00  0.0000000000000000e+00  0.0000000000000000e+00
   0  0
dsch             149   10  173
   0   0   0
 -1.0000000000000000e+01  1.0000000000000000e+01 -1.0000000000000000e+01  1.0000000000000000e+01
  1.0000000000000001e-01
dl3bg2a          160    1  174
   0   0   0
 -1.0000000000000000e+01  1.0000000000000000e+01 -1.0000000000000000e+01  1.0000000000000000e+01
  1.5750000000000000e-01
sl3              736    2  175
   1   4   2
 -1.0000000000000000e+01  1.0000000000000000e+01 -1.0000000000000000e+01  1.0000000000000000e+01
  0.0000000000000000e+00  0.0000000000000000e+00  0.0000000000000000e+00  0.0000000000000000e+00
  2.0000000000000001e-01  0.0000000000000000e+00  0.0000000000000000e+00  0.0000000000000000e+00  0.0000000000000000e+00
   1  3
  3 -1.4730430303070230e+01  0.0000000000000000e+00
dl3cg2a           63    1  176
   0   0   0
 -1.0000000000000000e+01  1.0000000000000000e+01 -1.0000000000000000e+01  1.0000000000000000e+01
  9.0079999999999993e-02
pl2g2c01a        760    1  177
   3   4   0
 -1.0000000000000000e+01  1.0000000000000000e+01 -1.0000000000000000e+01  1.0000000000000000e+01
  0.0000000000000000e+00  0.0000000000000000e+00  0.0000000000000000e+00
   0  0
dbpm08           117    1  178
   0   0   0
 -1.0000000000000000e+01  1.0000000000000000e+01 -1.0000000000000000e+01  1.0000000000000000e+01
  7.5920000000000001e-02
ql3              726    2  179
   1   4   4
 -1.0000000000000000e+01  1.0000000000000000e+01 -1.0000000000000000e+01  1.0000000000000000e+01
  0.0000000000000000e+00  0.0000000000000000e+00  0.0000000000000000e+00  0.0000000000000000e+00
  2.6800000000000002e-01  0.0000000000000000e+00  0.0000000000000000e+00  0.0000000000000000e+00  0.0000000000000000e+00
   1  2
  2 -1.5186826775585600e+00  0.0000000000000000e+00
dl4ag2a          161    1  180
   0   0   0
 -1.0000000000000000e+01  1.0000000000000000e+01 -1.0000000000000000e+01  1.0000000000000000e+01
  5.7269999999999999e-01
geg2c01a          16    1  181
   3   4   1
 -1.0000000000000000e+01  1.0000000000000000e+01 -1.0000000000000000e+01  1.0000000000000000e+01
  0.0000000000000000e+00  0.0000000000000000e+00  0.0000000000000000e+00
   0  0
dl4bg3a          162    1  182
   0   0   0
 -1.0000000000000000e+01  1.0000000000000000e+01 -1.0000000000000000e+01  1.0000000000000000e+01
  1.8300000000000000e-02
gsg3c01a          17    1  183
   3   4   1
 -1.0000000000000000e+01  1.0000000000000000e+01 -1.0000000000000000e+01  1.0000000000000000e+01
  0.0000000000000000e+00  0.0000000000000000e+00  0.0000000000000000e+00
   0  0
b1               746    3  184
   1   4   4
 -1.0000000000000000e+01  1.0000000000000000e+01 -1.0000000000000000e+01  1.0000000000000000e+01
  0.0000000000000000e+00  0.0000000000000000e+00  0.0000000000000000e+00  0.0000000000000000e+00
  2.6200000000000001e+00  3.9969372183076245e-02  3.0000000000000000e+00  3.0000000000000000e+00  0.0000000000000000e+00
   0  1
geg3c01a          18    1  185
   3   4   1
 -1.0000000000000000e+01  1.0000000000000000e+01 -1.0000000000000000e+01  1.0000000000000000e+01
  0.0000000000000000e+00  0.0000000000000000e+00  0.0000000000000000e+00
   0  0
gsg4c01a          19    1  186
   3   4   1
 -1.0000000000000000e+01  1.0000000000000000e+01 -1.0000000000000000e+01  1.0000000000000000e+01
  0.0000000000000000e+00  0.0000000000000000e+00  0.0000000000000000e+00
   0  0
dm1ag4a          129    2  187
   0   0   0
 -1.0000000000000000e+01  1.0000000000000000e+01 -1.0000000000000000e+01  1.0000000000000000e+01
  5.0100000000000000e-01
sqm              729    1  188
   1   4   4
 -1.0000000000000000e+01  1.0000000000000000e+01 -1.0000000000000000e+01  1.0000000000000000e+01
  0.0000000000000000e+00  0.0000000000000000e+00  0.0000000000000000e+00  0.0000000000000000e+00
  2.0000000000000001e-01  0.0000000000000000e+00  0.0000000000000000e+00  0.0000000000000000e+00  0.0000000000000000e+00
   0  2
cm1xg4c01a       773    1  189
   3   4   1
 -1.0000000000000000e+01  1.0000000000000000e+01 -1.0000000000000000e+01  1.0000000000000000e+01
  0.0000000000000000e+00  0.0000000000000000e+00  0.0000000000000000e+00
   0  0
cm1yg4c01a       786    1  190
   3   4   1
 -1.0000000000000000e+01  1.0000000000000000e+01 -1.0000000000000000e+01  1.0000000000000000e+01
  0.0000000000000000e+00  0.0000000000000000e+00  0.0000000000000000e+00
   0  0
dm1bg4a          130    2  191
   0   0   0
 -1.0000000000000000e+01  1.0000000000000000e+01 -1.0000000000000000e+01  1.0000000000000000e+01
  2.7550000000000002e-01
qm1              724    3  192
   1   4   4
 -1.0000000000000000e+01  1.0000000000000000e+01 -1.0000000000000000e+01  1.0000000000000000e+01
  0.0000000000000000e+00  0.0000000000000000e+00  0.0000000000000000e+00  0.0000000000000000e+00
  2.4700000000000000e-01  0.0000000000000000e+00  0.0000000000000000e+00  0.0000000000000000e+00  0.0000000000000000e+00
   1  2
  2 -8.1223482277257997e-01  0.0000000000000000e+00
dm2a2g4a         135    1  193
   0   0   0
 -1.0000000000000000e+01  1.0000000000000000e+01 -1.0000000000000000e+01  1.0000000000000000e+01
  2.0150000000000001e-01
sm1a             733    2  194
   1   4   2
 -1.0000000000000000e+01  1.0000000000000000e+01 -1.0000000000000000e+01  1.0000000000000000e+01
  0.0000000000000000e+00  0.0000000000000000e+00  0.0000000000000000e+00  0.0000000000000000e+00
  2.0000000000000001e-01  0.0000000000000000e+00  0.0000000000000000e+00  0.0000000000000000e+00  0.0000000000000000e+00
   1  3
  3 -1.3776788499999999e+01  0.0000000000000000e+00
dft1              28    2  195
   0   0   0
 -1.0000000000000000e+01  1.0000000000000000e+01 -1.0000000000000000e+01  1.0000000000000000e+01
  2.3319999999999999e-01
dft               27    9  196
   0   0   0
 -1.0000000000000000e+01  1.0000000000000000e+01 -1.0000000000000000e+01  1.0000000000000000e+01
  2.1999999999999999e-02
dft               27   10  197
   0   0   0
 -1.0000000000000000e+01  1.0000000000000000e+01 -1.0000000000000000e+01  1.0000000000000000e+01
  2.1999999999999999e-02
dm2b2g4a          64    1  198
   0   0   0
 -1.0000000000000000e+01  1.0000000000000000e+01 -1.0000000000000000e+01  1.0000000000000000e+01
  2.9239999999999999e-01
pm1g4c01a        761    1  199
   3   4   0
 -1.0000000000000000e+01  1.0000000000000000e+01 -1.0000000000000000e+01  1.0000000000000000e+01
  0.0000000000000000e+00  0.0000000000000000e+00  0.0000000000000000e+00
   0  0
dbpm09           118    1  200
   0   0   0
 -1.0000000000000000e+01  1.0000000000000000e+01 -1.0000000000000000e+01  1.0000000000000000e+01
  8.4400000000000003e-02
qm2              725    3  201
   1   4   4
 -1.0000000000000000e+01  1.0000000000000000e+01 -1.0000000000000000e+01  1.0000000000000000e+01
  0.0000000000000000e+00  0.0000000000000000e+00  0.0000000000000000e+00  0.0000000000000000e+00
  2.8199999999999997e-01  0.0000000000000000e+00  0.0000000000000000e+00  0.0000000000000000e+00  0.0000000000000000e+00
   1  2
  2  1.2261546595918300e+00  0.0000000000000000e+00
dm2cg4a          133    2  202
   0   0   0
 -1.0000000000000000e+01  1.0000000000000000e+01 -1.0000000000000000e+01  1.0000000000000000e+01
  1.8400000000000000e-01
sm2              734    2  203
   1   4   2
 -1.0000000000000000e+01  1.0000000000000000e+01 -1.0000000000000000e+01  1.0000000000000000e+01
  0.0000000000000000e+00  0.0000000000000000e+00  0.0000000000000000e+00  0.0000000000000000e+00
  2.5000000000000000e-01  0.0000000000000000e+00  0.0000000000000000e+00  0.0000000000000000e+00  0.0000000000000000e+00
   1  3
  3  1.4165895600000001e+01  0.0000000000000000e+00
dm2cg4b          134    2  204
   0   0   0
 -1.0000000000000000e+01  1.0000000000000000e+01 -1.0000000000000000e+01  1.0000000000000000e+01
  1.8400000000000000e-01
qm2              725    4  205
   1   4   4
 -1.0000000000000000e+01  1.0000000000000000e+01 -1.0000000000000000e+01  1.0000000000000000e+01
  0.0000000000000000e+00  0.0000000000000000e+00  0.0000000000000000e+00  0.0000000000000000e+00
  2.8199999999999997e-01  0.0000000000000000e+00  0.0000000000000000e+00  0.0000000000000000e+00  0.0000000000000000e+00
   1  2
  2  1.2261546595918300e+00  0.0000000000000000e+00
dm2b2g4b1         44    1  206
   0   0   0
 -1.0000000000000000e+01  1.0000000000000000e+01 -1.0000000000000000e+01  1.0000000000000000e+01
  3.2800000000000001e-01
dm2b2g4b2         45    1  207
   0   0   0
 -1.0000000000000000e+01  1.0000000000000000e+01 -1.0000000000000000e+01  1.0000000000000000e+01
  1.7599999999999999e-01
sm1b             735    2  208
   1   4   2
 -1.0000000000000000e+01  1.0000000000000000e+01 -1.0000000000000000e+01  1.0000000000000000e+01
  0.0000000000000000e+00  0.0000000000000000e+00  0.0000000000000000e+00  0.0000000000000000e+00
  2.0000000000000001e-01  0.0000000000000000e+00  0.0000000000000000e+00  0.0000000000000000e+00  0.0000000000000000e+00
   1  3
  3 -1.0957818999999999e+01  0.0000000000000000e+00
dm2a2g4b          65    1  209
   0   0   0
 -1.0000000000000000e+01  1.0000000000000000e+01 -1.0000000000000000e+01  1.0000000000000000e+01
  2.6225999999999999e-01
pm1g4c01b        762    1  210
   3   4   0
 -1.0000000000000000e+01  1.0000000000000000e+01 -1.0000000000000000e+01  1.0000000000000000e+01
  0.0000000000000000e+00  0.0000000000000000e+00  0.0000000000000000e+00
   0  0
dbpm10           119    1  211
   0   0   0
 -1.0000000000000000e+01  1.0000000000000000e+01 -1.0000000000000000e+01  1.0000000000000000e+01
  8.9240000000000000e-02
qm1              724    4  212
   1   4   4
 -1.0000000000000000e+01  1.0000000000000000e+01 -1.0000000000000000e+01  1.0000000000000000e+01
  0.0000000000000000e+00  0.0000000000000000e+00  0.0000000000000000e+00  0.0000000000000000e+00
  2.4700000000000000e-01  0.0000000000000000e+00  0.0000000000000000e+00  0.0000000000000000e+00  0.0000000000000000e+00
   1  2
  2 -8.1223482277257997e-01  0.0000000000000000e+00
dm1eg4b          137    2  213
   0   0   0
 -1.0000000000000000e+01  1.0000000000000000e+01 -1.0000000000000000e+01  1.0000000000000000e+01
  1.1050000000000000e-01
dfch             127    5  214
   0   0   0
 -1.0000000000000000e+01  1.0000000000000000e+01 -1.0000000000000000e+01  1.0000000000000000e+01
  1.4999999999999999e-01
cm1yg4c01b       787    1  215
   3   4   1
 -1.0000000000000000e+01  1.0000000000000000e+01 -1.0000000000000000e+01  1.0000000000000000e+01
  0.0000000000000000e+00  0.0000000000000000e+00  0.0000000000000000e+00
   0  0
cm1xg4c01b       774    1  216
   3   4   1
 -1.0000000000000000e+01  1.0000000000000000e+01 -1.0000000000000000e+01  1.0000000000000000e+01
  0.0000000000000000e+00  0.0000000000000000e+00  0.0000000000000000e+00
   0  0
dfch             127    6  217
   0   0   0
 -1.0000000000000000e+01  1.0000000000000000e+01 -1.0000000000000000e+01  1.0000000000000000e+01
  1.4999999999999999e-01
geg4c01b          20    1  218
   3   4   1
 -1.0000000000000000e+01  1.0000000000000000e+01 -1.0000000000000000e+01  1.0000000000000000e+01
  0.0000000000000000e+00  0.0000000000000000e+00  0.0000000000000000e+00
   0  0
gsg5c01b          21    1  219
   3   4   1
 -1.0000000000000000e+01  1.0000000000000000e+01 -1.0000000000000000e+01  1.0000000000000000e+01
  0.0000000000000000e+00  0.0000000000000000e+00  0.0000000000000000e+00
   0  0
dm1dg5b2         139    1  220
   0   0   0
 -1.0000000000000000e+01  1.0000000000000000e+01 -1.0000000000000000e+01  1.0000000000000000e+01
  1.0000000000000001e-01
dpwg5b1           50    1  221
   0   0   0
 -1.0000000000000000e+01  1.0000000000000000e+01 -1.0000000000000000e+01  1.0000000000000000e+01
  7.7010999999999996e-02
dpwg5b2           51    1  222
   0   0   0
 -1.0000000000000000e+01  1.0000000000000000e+01 -1.0000000000000000e+01  1.0000000000000000e+01
  1.2298900000000000e-01
dm1cg5b2         142    1  223
   0   0   0
 -1.0000000000000000e+01  1.0000000000000000e+01 -1.0000000000000000e+01  1.0000000000000000e+01
  2.6600000000000001e-01
b1               746    4  224
   1   4   4
 -1.0000000000000000e+01  1.0000000000000000e+01 -1.0000000000000000e+01  1.0000000000000000e+01
  0.0000000000000000e+00  0.0000000000000000e+00  0.0000000000000000e+00  0.0000000000000000e+00
  2.6200000000000001e+00  3.9969372183076245e-02  3.0000000000000000e+00  3.0000000000000000e+00  0.0000000000000000e+00
   0  1
geg5c01b          22    1  225
   3   4   1
 -1.0000000000000000e+01  1.0000000000000000e+01 -1.0000000000000000e+01  1.0000000000000000e+01
  0.0000000000000000e+00  0.0000000000000000e+00  0.0000000000000000e+00
   0  0
dh4cg6b          163    1  226
   0   0   0
 -1.0000000000000000e+01  1.0000000000000000e+01 -1.0000000000000000e+01  1.0000000000000000e+01
  2.1634000000000000e-01
gsg6c01b          23    1  227
   3   4   1
 -1.0000000000000000e+01  1.0000000000000000e+01 -1.0000000000000000e+01  1.0000000000000000e+01
  0.0000000000000000e+00  0.0000000000000000e+00  0.0000000000000000e+00
   0  0
dfch             127    7  228
   0   0   0
 -1.0000000000000000e+01  1.0000000000000000e+01 -1.0000000000000000e+01  1.0000000000000000e+01
  1.4999999999999999e-01
ch2yg6c01b       788    1  229
   3   4   1
 -1.0000000000000000e+01  1.0000000000000000e+01 -1.0000000000000000e+01  1.0000000000000000e+01
  0.0000000000000000e+00  0.0000000000000000e+00  0.0000000000000000e+00
   0  0
ch2xg6c01b       775    1  230
   3   4   1
 -1.0000000000000000e+01  1.0000000000000000e+01 -1.0000000000000000e+01  1.0000000000000000e+01
  0.0000000000000000e+00  0.0000000000000000e+00  0.0000000000000000e+00
   0  0
dfch             127    8  231
   0   0   0
 -1.0000000000000000e+01  1.0000000000000000e+01 -1.0000000000000000e+01  1.0000000000000000e+01
  1.4999999999999999e-01
dh4bg6b          164    1  232
   0   0   0
 -1.0000000000000000e+01  1.0000000000000000e+01 -1.0000000000000000e+01  1.0000000000000000e+01
  6.3659999999999994e-02
sh4              732    2  233
   1   4   2
 -1.0000000000000000e+01  1.0000000000000000e+01 -1.0000000000000000e+01  1.0000000000000000e+01
  0.0000000000000000e+00  0.0000000000000000e+00  0.0000000000000000e+00  0.0000000000000000e+00
  2.0000000000000001e-01  0.0000000000000000e+00  0.0000000000000000e+00  0.0000000000000000e+00  0.0000000000000000e+00
   1  3
  3 -7.9104503533397699e+00  0.0000000000000000e+00
dh4ag6b           66    1  234
   0   0   0
 -1.0000000000000000e+01  1.0000000000000000e+01 -1.0000000000000000e+01  1.0000000000000000e+01
  8.9599999999999999e-02
ph2g6c01b        763    1  235
   3   4   0
 -1.0000000000000000e+01  1.0000000000000000e+01 -1.0000000000000000e+01  1.0000000000000000e+01
  0.0000000000000000e+00  0.0000000000000000e+00  0.0000000000000000e+00
   0  0
dbpm11           120    1  236
   0   0   0
 -1.0000000000000000e+01  1.0000000000000000e+01 -1.0000000000000000e+01  1.0000000000000000e+01
  7.6399999999999996e-02
qh3              723    2  237
   1   4   4
 -1.0000000000000000e+01  1.0000000000000000e+01 -1.0000000000000000e+01  1.0000000000000000e+01
  0.0000000000000000e+00  0.0000000000000000e+00  0.0000000000000000e+00  0.0000000000000000e+00
  2.6800000000000002e-01  0.0000000000000000e+00  0.0000000000000000e+00  0.0000000000000000e+00  0.0000000000000000e+00
   1  2
  2 -1.7542500000000001e+00  0.0000000000000000e+00
dh3bg6b          165    1  238
   0   0   0
 -1.0000000000000000e+01  1.0000000000000000e+01 -1.0000000000000000e+01  1.0000000000000000e+01
  1.8600000000000000e-01
sh3              731    2  239
   1   4   2
 -1.0000000000000000e+01  1.0000000000000000e+01 -1.0000000000000000e+01  1.0000000000000000e+01
  0.0000000000000000e+00  0.0000000000000000e+00  0.0000000000000000e+00  0.0000000000000000e+00
  2.0000000000000001e-01  0.0000000000000000e+00  0.0000000000000000e+00  0.0000000000000000e+00  0.0000000000000000e+00
   1  3
  3 -2.9275542057353001e+00  0.0000000000000000e+00
dh3ag6b          166    1  240
   0   0   0
 -1.0000000000000000e+01  1.0000000000000000e+01 -1.0000000000000000e+01  1.0000000000000000e+01
  1.8400000000000000e-01
qh2              722    2  241
   1   4   4
 -1.0000000000000000e+01  1.0000000000000000e+01 -1.0000000000000000e+01  1.0000000000000000e+01
  0.0000000000000000e+00  0.0000000000000000e+00  0.0000000000000000e+00  0.0000000000000000e+00
  4.6000000000000002e-01  0.0000000000000000e+00  0.0000000000000000e+00  0.0000000000000000e+00  0.0000000000000000e+00
   1  2
  2  1.4356199999999999e+00  0.0000000000000000e+00
dh2bg6b          167    1  242
   0   0   0
 -1.0000000000000000e+01  1.0000000000000000e+01 -1.0000000000000000e+01  1.0000000000000000e+01
  4.7849999999999998e-01
dsch             149   11  243
   0   0   0
 -1.0000000000000000e+01  1.0000000000000000e+01 -1.0000000000000000e+01  1.0000000000000000e+01
  1.0000000000000001e-01
ch1yg6c01b       789    1  244
   3   4   1
 -1.0000000000000000e+01  1.0000000000000000e+01 -1.0000000000000000e+01  1.0000000000000000e+01
  0.0000000000000000e+00  0.0000000000000000e+00  0.0000000000000000e+00
   0  0
ch1xg6c01b       776    1  245
   3   4   1
 -1.0000000000000000e+01  1.0000000000000000e+01 -1.0000000000000000e+01  1.0000000000000000e+01
  0.0000000000000000e+00  0.0000000000000000e+00  0.0000000000000000e+00
   0  0
dsch             149   12  246
   0   0   0
 -1.0000000000000000e+01  1.0000000000000000e+01 -1.0000000000000000e+01  1.0000000000000000e+01
  1.0000000000000001e-01
dh2ag6b          168    1  247
   0   0   0
 -1.0000000000000000e+01  1.0000000000000000e+01 -1.0000000000000000e+01  1.0000000000000000e+01
  1.2350000000000000e-01
qh1              720    2  248
   1   4   4
 -1.0000000000000000e+01  1.0000000000000000e+01 -1.0000000000000000e+01  1.0000000000000000e+01
  0.0000000000000000e+00  0.0000000000000000e+00  0.0000000000000000e+00  0.0000000000000000e+00
  2.6800000000000002e-01  0.0000000000000000e+00  0.0000000000000000e+00  0.0000000000000000e+00  0.0000000000000000e+00
   1  2
  2 -6.4195731464840999e-01  0.0000000000000000e+00
dh1ag6b           67    1  249
   0   0   0
 -1.0000000000000000e+01  1.0000000000000000e+01 -1.0000000000000000e+01  1.0000000000000000e+01
  8.0589999999999995e-02
ph1g6c01b        764    1  250
   3   4   0
 -1.0000000000000000e+01  1.0000000000000000e+01 -1.0000000000000000e+01  1.0000000000000000e+01
  0.0000000000000000e+00  0.0000000000000000e+00  0.0000000000000000e+00
   0  0
dbpm12           121    1  251
   0   0   0
 -1.0000000000000000e+01  1.0000000000000000e+01 -1.0000000000000000e+01  1.0000000000000000e+01
  8.5410000000000000e-02
sh1              730    2  252
   1   4   2
 -1.0000000000000000e+01  1.0000000000000000e+01 -1.0000000000000000e+01  1.0000000000000000e+01
  0.0000000000000000e+00  0.0000000000000000e+00  0.0000000000000000e+00  0.0000000000000000e+00
  2.0000000000000001e-01  0.0000000000000000e+00  0.0000000000000000e+00  0.0000000000000000e+00  0.0000000000000000e+00
   1  3
  3  9.9164560498708294e+00  0.0000000000000000e+00
geg6c01b          24    1  253
   3   4   1
 -1.0000000000000000e+01  1.0000000000000000e+01 -1.0000000000000000e+01  1.0000000000000000e+01
  0.0000000000000000e+00  0.0000000000000000e+00  0.0000000000000000e+00
   0  0
gsg1c02a          25    1  254
   3   4   1
 -1.0000000000000000e+01  1.0000000000000000e+01 -1.0000000000000000e+01  1.0000000000000000e+01
  0.0000000000000000e+00  0.0000000000000000e+00  0.0000000000000000e+00
   0  0
dh2g1a            55    1  255
   0   0   0
 -1.0000000000000000e+01  1.0000000000000000e+01 -1.0000000000000000e+01  1.0000000000000000e+01
  4.4090000000000001e-01
dft               27   11  256
   0   0   0
 -1.0000000000000000e+01  1.0000000000000000e+01 -1.0000000000000000e+01  1.0000000000000000e+01
  2.1999999999999999e-02
dft               27   12  257
   0   0   0
 -1.0000000000000000e+01  1.0000000000000000e+01 -1.0000000000000000e+01  1.0000000000000000e+01
  2.1999999999999999e-02
dh01g1c02a        79    1  258
   0   0   0
 -1.0000000000000000e+01  1.0000000000000000e+01 -1.0000000000000000e+01  1.0000000000000000e+01
  2.4150999999999998e+00
pu1g1c02a         80    1  259
   0   0   0
 -1.0000000000000000e+01  1.0000000000000000e+01 -1.0000000000000000e+01  1.0000000000000000e+01
  0.0000000000000000e+00
dh02g1c02a        81    1  260
   0   0   0
 -1.0000000000000000e+01  1.0000000000000000e+01 -1.0000000000000000e+01  1.0000000000000000e+01
  0.0000000000000000e+00
cu1xg1c02id1     777    1  261
   3   4   1
 -1.0000000000000000e+01  1.0000000000000000e+01 -1.0000000000000000e+01  1.0000000000000000e+01
  0.0000000000000000e+00  0.0000000000000000e+00  0.0000000000000000e+00
   0  0
cu1yg1c02id1     790    1  262
   3   4   1
 -1.0000000000000000e+01  1.0000000000000000e+01 -1.0000000000000000e+01  1.0000000000000000e+01
  0.0000000000000000e+00  0.0000000000000000e+00  0.0000000000000000e+00
   0  0
idc02h1           82    1  263
   0   0   0
 -1.0000000000000000e+01  1.0000000000000000e+01 -1.0000000000000000e+01  1.0000000000000000e+01
  1.7500000000000000e+00
cu2xg1c02id1      83    1  264
   0   0   0
 -1.0000000000000000e+01  1.0000000000000000e+01 -1.0000000000000000e+01  1.0000000000000000e+01
  0.0000000000000000e+00
cu2yg1c02id1      84    1  265
   0   0   0
 -1.0000000000000000e+01  1.0000000000000000e+01 -1.0000000000000000e+01  1.0000000000000000e+01
  0.0000000000000000e+00
dh03g1c02a        85    1  266
   0   0   0
 -1.0000000000000000e+01  1.0000000000000000e+01 -1.0000000000000000e+01  1.0000000000000000e+01
 -1.7500000000000000e+00
pu2g1c02a         86    1  267
   0   0   0
 -1.0000000000000000e+01  1.0000000000000000e+01 -1.0000000000000000e+01  1.0000000000000000e+01
  0.0000000000000000e+00
dh04g1c02a        87    1  268
   0   0   0
 -1.0000000000000000e+01  1.0000000000000000e+01 -1.0000000000000000e+01  1.0000000000000000e+01
  1.7500000000000000e+00
cav                1    1  269
   2   0   0
 -1.0000000000000000e+01  1.0000000000000000e+01 -1.0000000000000000e+01  1.0000000000000000e+01
  8.3333333333333339e-04  1.0472530873451690e+01 1320  3.0000000000000000e+09
