
tpsa, NO = 10, NV = 7, INA = 48091
------------------------------------------------------------------

   |I|         a                i  i  i  i  i  i  i
                I                1  2  3  4  5  6  7

    3  9.7658612306393050e-07   3  0  0  0  0  0  0
    3  5.1495929027506479e-06   2  1  0  0  0  0  0
    3  5.1495929027506479e-06   1  2  0  0  0  0  0
    3  9.7658612306393050e-07   0  3  0  0  0  0  0
    3 -1.7462143783268213e-07   1  0  2  0  0  0  0
    3 -1.9372664054321863e-06   0  1  2  0  0  0  0
    3  2.4294992905510004e-06   1  0  1  1  0  0  0
    3  2.4294992905510004e-06   0  1  1  1  0  0  0
    3 -1.9372664054321863e-06   1  0  0  2  0  0  0
    3 -1.7462143783268213e-07   0  1  0  2  0  0  0
    3 -2.4085248976809357e-07   2  0  0  0  1  0  0
    3 -3.5040621942675888e-07   1  1  0  0  1  0  0
    3 -2.4085248976809357e-07   0  2  0  0  1  0  0
    3  3.5584589710205375e-07   0  0  2  0  1  0  0
    3 -2.0374646857853135e-07   0  0  1  1  1  0  0
    3  3.5584589710205375e-07   0  0  0  2  1  0  0
    3  1.4345821999580888e-06   1  0  0  0  2  0  0
    3  1.4345821999580888e-06   0  1  0  0  2  0  0
    3 -7.8008368694295084e-08   0  0  0  0  3  0  0
    4 -1.6651380879980000e-06   4  0  0  0  0  0  0
    4  1.5126994416282870e-08   3  1  0  0  0  0  0
    4  1.4170426256159224e-06   2  2  0  0  0  0  0
    4  1.5126994416282870e-08   1  3  0  0  0  0  0
    4 -1.6651380879980000e-06   0  4  0  0  0  0  0
    4  1.0056767382503718e-07   2  0  2  0  0  0  0
    4 -1.0604438881753295e-06   1  1  2  0  0  0  0
    4 -1.4791219452606831e-08   0  2  2  0  0  0  0
    4  4.2949877291731952e-08   0  0  4  0  0  0  0
    4  1.3391593144157911e-07   2  0  1  1  0  0  0
    4  3.0855830753801919e-06   1  1  1  1  0  0  0
    4  1.3391593144157911e-07   0  2  1  1  0  0  0
    4 -2.1094629013694488e-07   0  0  3  1  0  0  0
    4 -1.4791219452606831e-08   2  0  0  2  0  0  0
    4 -1.0604438881753295e-06   1  1  0  2  0  0  0
    4  1.0056767382503718e-07   0  2  0  2  0  0  0
    4  3.5021001271070591e-07   0  0  2  2  0  0  0
    4 -2.1094629013694488e-07   0  0  1  3  0  0  0
    4  4.2949877291731952e-08   0  0  0  4  0  0  0
    4 -8.8895776968609822e-08   3  0  0  0  1  0  0
    4 -1.6133576668475582e-06   2  1  0  0  1  0  0
    4 -1.6133576668475582e-06   1  2  0  0  1  0  0
    4 -8.8895776968609822e-08   0  3  0  0  1  0  0
    4  5.9852393724488874e-08   1  0  2  0  1  0  0
    4  3.8019275476669341e-07   0  1  2  0  1  0  0
    4 -5.7508671752073743e-07   1  0  1  1  1  0  0
    4 -5.7508671752073743e-07   0  1  1  1  1  0  0
    4  3.8019275476669341e-07   1  0  0  2  1  0  0
    4  5.9852393724488874e-08   0  1  0  2  1  0  0
    4 -6.1964253760065986e-09   2  0  0  0  2  0  0
    4  2.1500639037097382e-06   1  1  0  0  2  0  0
    4 -6.1964253760065986e-09   0  2  0  0  2  0  0
    4 -8.5424275443001821e-08   0  0  2  0  2  0  0
    4  2.4034479971690051e-07   0  0  1  1  2  0  0
    4 -8.5424275443001821e-08   0  0  0  2  2  0  0
    4 -1.5840172820979175e-07   1  0  0  0  3  0  0
    4 -1.5840172820979175e-07   0  1  0  0  3  0  0
    4  5.6934608019640604e-08   0  0  0  0  4  0  0
    5  1.1429292299097624e-06   5  0  0  0  0  0  0
    5 -4.2441940655868599e-06   4  1  0  0  0  0  0
    5  1.8238040338447272e-06   3  2  0  0  0  0  0
    5  1.8238040338447272e-06   2  3  0  0  0  0  0
    5 -4.2441940655868599e-06   1  4  0  0  0  0  0
    5  1.1429292299097624e-06   0  5  0  0  0  0  0
    5  8.6721175211141744e-07   3  0  2  0  0  0  0
    5  4.2525605118308348e-07   2  1  2  0  0  0  0
    5 -2.7852457492198473e-07   1  2  2  0  0  0  0
    5  4.9017841865566686e-07   0  3  2  0  0  0  0
    5 -1.0744720689858504e-07   1  0  4  0  0  0  0
    5  3.3184506031388047e-09   0  1  4  0  0  0  0
    5 -2.0818606231480837e-06   3  0  1  1  0  0  0
    5  3.6520315177104272e-07   2  1  1  1  0  0  0
    5  3.6520315177104272e-07   1  2  1  1  0  0  0
    5 -2.0818606231480837e-06   0  3  1  1  0  0  0
    5  4.0476821241379533e-08   1  0  3  1  0  0  0
    5 -1.7963102066849423e-07   0  1  3  1  0  0  0
    5  4.9017841865566686e-07   3  0  0  2  0  0  0
    5 -2.7852457492198473e-07   2  1  0  2  0  0  0
    5  4.2525605118308348e-07   1  2  0  2  0  0  0
    5  8.6721175211141744e-07   0  3  0  2  0  0  0
    5  3.1853901896251041e-07   1  0  2  2  0  0  0
    5  3.1853901896251041e-07   0  1  2  2  0  0  0
    5 -1.7963102066849423e-07   1  0  1  3  0  0  0
    5  4.0476821241379533e-08   0  1  1  3  0  0  0
    5  3.3184506031388047e-09   1  0  0  4  0  0  0
    5 -1.0744720689858504e-07   0  1  0  4  0  0  0
    5  8.6560427767422232e-07   4  0  0  0  1  0  0
    5  8.7025174761051979e-07   3  1  0  0  1  0  0
    5 -5.3978976549137563e-08   2  2  0  0  1  0  0
    5  8.7025174761051979e-07   1  3  0  0  1  0  0
    5  8.6560427767422232e-07   0  4  0  0  1  0  0
    5 -7.3755104834015184e-08   2  0  2  0  1  0  0
    5  2.8685184601204023e-07   1  1  2  0  1  0  0
    5  5.2704378158035888e-08   0  2  2  0  1  0  0
    5 -9.1640186999054760e-09   0  0  4  0  1  0  0
    5 -8.8278073110241383e-08   2  0  1  1  1  0  0
    5 -9.8340459138690857e-07   1  1  1  1  1  0  0
    5 -8.8278073110241383e-08   0  2  1  1  1  0  0
    5  3.7206620668907207e-08   0  0  3  1  1  0  0
    5  5.2704378158035888e-08   2  0  0  2  1  0  0
    5  2.8685184601204023e-07   1  1  0  2  1  0  0
    5 -7.3755104834015184e-08   0  2  0  2  1  0  0
    5 -6.7734492110404512e-08   0  0  2  2  1  0  0
    5  3.7206620668907207e-08   0  0  1  3  1  0  0
    5 -9.1640186999054760e-09   0  0  0  4  1  0  0
    5 -9.8474391482645462e-07   3  0  0  0  2  0  0
    5  6.0765276650899723e-07   2  1  0  0  2  0  0
    5  6.0765276650899723e-07   1  2  0  0  2  0  0
    5 -9.8474391482645462e-07   0  3  0  0  2  0  0
    5 -1.1998591737252714e-07   1  0  2  0  2  0  0
    5 -6.2315146810137661e-08   0  1  2  0  2  0  0
    5  4.0526359963092657e-07   1  0  1  1  2  0  0
    5  4.0526359963092657e-07   0  1  1  1  2  0  0
    5 -6.2315146810137661e-08   1  0  0  2  2  0  0
    5 -1.1998591737252714e-07   0  1  0  2  2  0  0
    5 -2.6575707096850079e-07   2  0  0  0  3  0  0
    5  1.3740216932760892e-08   1  1  0  0  3  0  0
    5 -2.6575707096850079e-07   0  2  0  0  3  0  0
    5  1.0059959691827632e-08   0  0  2  0  3  0  0
    5 -2.8763708909777513e-08   0  0  1  1  3  0  0
    5  1.0059959691827632e-08   0  0  0  2  3  0  0
    5  9.6857420204746888e-08   1  0  0  0  4  0  0
    5  9.6857420204746888e-08   0  1  0  0  4  0  0
    5  3.3709116866712112e-09   0  0  0  0  5  0  0
    6  3.5899255647353236e-07   6  0  0  0  0  0  0
    6  3.6508514011349225e-06   5  1  0  0  0  0  0
    6 -3.8343529996484439e-06   4  2  0  0  0  0  0
    6  7.5899850029140584e-06   3  3  0  0  0  0  0
    6 -3.8343529996484439e-06   2  4  0  0  0  0  0
    6  3.6508514011349225e-06   1  5  0  0  0  0  0
    6  3.5899255647353236e-07   0  6  0  0  0  0  0
    6 -1.1705033540812378e-06   4  0  2  0  0  0  0
    6  1.4723503172714429e-07   3  1  2  0  0  0  0
    6 -5.7933001496004539e-07   2  2  2  0  0  0  0
    6  5.8960072186120106e-07   1  3  2  0  0  0  0
    6 -1.1188737043962351e-07   0  4  2  0  0  0  0
    6  1.0288187862709760e-07   2  0  4  0  0  0  0
    6 -9.4186275609862808e-08   1  1  4  0  0  0  0
    6  3.3674334937067820e-08   0  2  4  0  0  0  0
    6  3.1606771134515658e-09   0  0  6  0  0  0  0
    6  1.5150538040113869e-06   4  0  1  1  0  0  0
    6 -2.0349950851900220e-06   3  1  1  1  0  0  0
    6  2.8330307438154082e-06   2  2  1  1  0  0  0
    6 -2.0349950851900220e-06   1  3  1  1  0  0  0
    6  1.5150538040113869e-06   0  4  1  1  0  0  0
    6  1.1155065887400869e-07   2  0  3  1  0  0  0
    6  1.9012820344714066e-07   1  1  3  1  0  0  0
    6  1.5358560818516748e-07   0  2  3  1  0  0  0
    6 -1.1448623005814315e-08   0  0  5  1  0  0  0
    6 -1.1188737043962351e-07   4  0  0  2  0  0  0
    6  5.8960072186120106e-07   3  1  0  2  0  0  0
    6 -5.7933001496004539e-07   2  2  0  2  0  0  0
    6  1.4723503172714429e-07   1  3  0  2  0  0  0
    6 -1.1705033540812378e-06   0  4  0  2  0  0  0
    6 -4.8267036122163105e-07   2  0  2  2  0  0  0
    6 -6.7628694729743823e-08   1  1  2  2  0  0  0
    6 -4.8267036122163105e-07   0  2  2  2  0  0  0
    6 -2.1251679490852901e-08   0  0  4  2  0  0  0
    6  1.5358560818516748e-07   2  0  1  3  0  0  0
    6  1.9012820344714066e-07   1  1  1  3  0  0  0
    6  1.1155065887400869e-07   0  2  1  3  0  0  0
    6  6.3831749974964027e-08   0  0  3  3  0  0  0
    6  3.3674334937067820e-08   2  0  0  4  0  0  0
    6 -9.4186275609862808e-08   1  1  0  4  0  0  0
    6  1.0288187862709760e-07   0  2  0  4  0  0  0
    6 -2.1251679490852901e-08   0  0  2  4  0  0  0
    6 -1.1448623005814315e-08   0  0  1  5  0  0  0
    6  3.1606771134515658e-09   0  0  0  6  0  0  0
    6 -8.5011559182922962e-07   5  0  0  0  1  0  0
    6  7.4522387109715009e-07   4  1  0  0  1  0  0
    6  2.9804670050606147e-07   3  2  0  0  1  0  0
    6  2.9804670050606147e-07   2  3  0  0  1  0  0
    6  7.4522387109715009e-07   1  4  0  0  1  0  0
    6 -8.5011559182922962e-07   0  5  0  0  1  0  0
    6 -2.4191359796979444e-07   3  0  2  0  1  0  0
    6 -4.2516575808558961e-07   2  1  2  0  1  0  0
    6 -4.8210863014062309e-08   1  2  2  0  1  0  0
    6 -1.6233390915126260e-07   0  3  2  0  1  0  0
    6  3.1277189133093116e-08   1  0  4  0  1  0  0
    6  1.3667909214456412e-09   0  1  4  0  1  0  0
    6  6.8732481239497461e-07   3  0  1  1  1  0  0
    6  5.7174068672651780e-07   2  1  1  1  1  0  0
    6  5.7174068672651780e-07   1  2  1  1  1  0  0
    6  6.8732481239497461e-07   0  3  1  1  1  0  0
    6 -1.2877478125836224e-08   1  0  3  1  1  0  0
    6  5.1424595746217616e-08   0  1  3  1  1  0  0
    6 -1.6233390915126260e-07   3  0  0  2  1  0  0
    6 -4.8210863014062309e-08   2  1  0  2  1  0  0
    6 -4.2516575808558961e-07   1  2  0  2  1  0  0
    6 -2.4191359796979444e-07   0  3  0  2  1  0  0
    6 -9.3117333514678953e-08   1  0  2  2  1  0  0
    6 -9.3117333514678953e-08   0  1  2  2  1  0  0
    6  5.1424595746217616e-08   1  0  1  3  1  0  0
    6 -1.2877478125836224e-08   0  1  1  3  1  0  0
    6  1.3667909214456412e-09   1  0  0  4  1  0  0
    6  3.1277189133093116e-08   0  1  0  4  1  0  0
    6  4.4351926175519759e-07   4  0  0  0  2  0  0
    6 -1.5772083332360066e-06   3  1  0  0  2  0  0
    6  1.6058976541823437e-06   2  2  0  0  2  0  0
    6 -1.5772083332360066e-06   1  3  0  0  2  0  0
    6  4.4351926175519759e-07   0  4  0  0  2  0  0
    6  1.0647052747789393e-07   2  0  2  0  2  0  0
    6 -2.8755191968270665e-08   1  1  2  0  2  0  0
    6  1.0645798964584076e-07   0  2  2  0  2  0  0
    6 -2.3120920476384968e-09   0  0  4  0  2  0  0
    6 -4.4494076944439610e-07   2  0  1  1  2  0  0
    6  3.5220868657762242e-07   1  1  1  1  2  0  0
    6 -4.4494076944439610e-07   0  2  1  1  2  0  0
    6 -3.9467206045306785e-08   0  0  3  1  2  0  0
    6  1.0645798964584076e-07   2  0  0  2  2  0  0
    6 -2.8755191968270665e-08   1  1  0  2  2  0  0
    6  1.0647052747789393e-07   0  2  0  2  2  0  0
    6  1.0495119704968642e-07   0  0  2  2  2  0  0
    6 -3.9467206045306785e-08   0  0  1  3  2  0  0
    6 -2.3120920476384968e-09   0  0  0  4  2  0  0
    6  2.6176268277648148e-07   3  0  0  0  3  0  0
    6  4.5949053485894114e-07   2  1  0  0  3  0  0
    6  4.5949053485894114e-07   1  2  0  0  3  0  0
    6  2.6176268277648148e-07   0  3  0  0  3  0  0
    6 -9.7936578536631586e-09   1  0  2  0  3  0  0
    6  1.7325690857390552e-08   0  1  2  0  3  0  0
    6 -3.8561421397381235e-08   1  0  1  1  3  0  0
    6 -3.8561421397381235e-08   0  1  1  1  3  0  0
    6  1.7325690857390552e-08   1  0  0  2  3  0  0
    6 -9.7936578536631586e-09   0  1  0  2  3  0  0
    6 -1.5048816266875736e-07   2  0  0  0  4  0  0
    6  9.6561920535856987e-08   1  1  0  0  4  0  0
    6 -1.5048816266875736e-07   0  2  0  0  4  0  0
    6 -1.1484183450171232e-08   0  0  2  0  4  0  0
    6  4.6467874871795634e-08   0  0  1  1  4  0  0
    6 -1.1484183450171232e-08   0  0  0  2  4  0  0
    6  8.6443887813342884e-09   1  0  0  0  5  0  0
    6  8.6443887813342884e-09   0  1  0  0  5  0  0
    6  5.8361345657279873e-09   0  0  0  0  6  0  0
    7 -1.2470852933738979e-06   7  0  0  0  0  0  0
    7  6.9642011656274533e-07   6  1  0  0  0  0  0
    7  4.6977112748191083e-07   5  2  0  0  0  0  0
    7 -3.5520674123629199e-06   4  3  0  0  0  0  0
    7 -3.5520674123629199e-06   3  4  0  0  0  0  0
    7  4.6977112748191083e-07   2  5  0  0  0  0  0
    7  6.9642011656274533e-07   1  6  0  0  0  0  0
    7 -1.2470852933738979e-06   0  7  0  0  0  0  0
    7  9.9492790464698303e-07   5  0  2  0  0  0  0
    7 -2.3545818521149175e-06   4  1  2  0  0  0  0
    7 -8.6655567380556235e-07   3  2  2  0  0  0  0
    7  2.1359800233430958e-06   2  3  2  0  0  0  0
    7 -4.9757191649648899e-07   1  4  2  0  0  0  0
    7 -5.4088349208371748e-07   0  5  2  0  0  0  0
    7  1.9801463077111526e-07   3  0  4  0  0  0  0
    7  2.7944270790080127e-07   2  1  4  0  0  0  0
    7 -1.4616664595092966e-07   1  2  4  0  0  0  0
    7 -7.2090568648610121e-08   0  3  4  0  0  0  0
    7 -1.6852283700960357e-08   1  0  6  0  0  0  0
    7 -6.6122527979836971e-09   0  1  6  0  0  0  0
    7  2.8911996243202080e-07   5  0  1  1  0  0  0
    7  3.2113975310020099e-06   4  1  1  1  0  0  0
    7 -5.0133257052592991e-07   3  2  1  1  0  0  0
    7 -5.0133257052592991e-07   2  3  1  1  0  0  0
    7  3.2113975310020099e-06   1  4  1  1  0  0  0
    7  2.8911996243202080e-07   0  5  1  1  0  0  0
    7 -1.0589601589834271e-06   3  0  3  1  0  0  0
    7 -4.2369835118558801e-07   2  1  3  1  0  0  0
    7  6.8989106682578083e-07   1  2  3  1  0  0  0
    7 -5.8005132007379984e-08   0  3  3  1  0  0  0
    7  4.6998136641998510e-08   1  0  5  1  0  0  0
    7  1.0963705752072072e-08   0  1  5  1  0  0  0
    7 -5.4088349208371748e-07   5  0  0  2  0  0  0
    7 -4.9757191649648899e-07   4  1  0  2  0  0  0
    7  2.1359800233430958e-06   3  2  0  2  0  0  0
    7 -8.6655567380556235e-07   2  3  0  2  0  0  0
    7 -2.3545818521149175e-06   1  4  0  2  0  0  0
    7  9.9492790464698303e-07   0  5  0  2  0  0  0
    7  9.4050907078273447e-07   3  0  2  2  0  0  0
    7 -3.7268433049693396e-07   2  1  2  2  0  0  0
    7 -3.7268433049693396e-07   1  2  2  2  0  0  0
    7  9.4050907078273447e-07   0  3  2  2  0  0  0
    7  1.3784542857552303e-08   1  0  4  2  0  0  0
    7  4.7379460002489143e-08   0  1  4  2  0  0  0
    7 -5.8005132007379984e-08   3  0  1  3  0  0  0
    7  6.8989106682578083e-07   2  1  1  3  0  0  0
    7 -4.2369835118558801e-07   1  2  1  3  0  0  0
    7 -1.0589601589834271e-06   0  3  1  3  0  0  0
    7 -9.5093714284449942e-08   1  0  3  3  0  0  0
    7 -9.5093714284449942e-08   0  1  3  3  0  0  0
    7 -7.2090568648610121e-08   3  0  0  4  0  0  0
    7 -1.4616664595092966e-07   2  1  0  4  0  0  0
    7  2.7944270790080127e-07   1  2  0  4  0  0  0
    7  1.9801463077111526e-07   0  3  0  4  0  0  0
    7  4.7379460002489143e-08   1  0  2  4  0  0  0
    7  1.3784542857552303e-08   0  1  2  4  0  0  0
    7  1.0963705752072072e-08   1  0  1  5  0  0  0
    7  4.6998136641998510e-08   0  1  1  5  0  0  0
    7 -6.6122527979836971e-09   1  0  0  6  0  0  0
    7 -1.6852283700960357e-08   0  1  0  6  0  0  0
    7  2.0650486626397943e-07   6  0  0  0  1  0  0
    7 -4.0898077978938404e-06   5  1  0  0  1  0  0
    7  4.0768591988997602e-07   4  2  0  0  1  0  0
    7 -1.5535982144406900e-06   3  3  0  0  1  0  0
    7  4.0768591988997602e-07   2  4  0  0  1  0  0
    7 -4.0898077978938404e-06   1  5  0  0  1  0  0
    7  2.0650486626397943e-07   0  6  0  0  1  0  0
    7  9.8435237583438059e-07   4  0  2  0  1  0  0
    7  4.5848836274866326e-07   3  1  2  0  1  0  0
    7 -1.9064420523540335e-07   2  2  2  0  1  0  0
    7 -5.4926672411761039e-07   1  3  2  0  1  0  0
    7  2.2762217185207855e-07   0  4  2  0  1  0  0
    7 -6.1712059516110217e-08   2  0  4  0  1  0  0
    7  4.6682675326506731e-08   1  1  4  0  1  0  0
    7 -6.7356207003943184e-09   0  2  4  0  1  0  0
    7 -2.1386111801131420e-09   0  0  6  0  1  0  0
    7 -1.5856654953349454e-06   4  0  1  1  1  0  0
    7  7.0006183980451362e-07   3  1  1  1  1  0  0
    7 -1.7034292843521840e-07   2  2  1  1  1  0  0
    7  7.0006183980451362e-07   1  3  1  1  1  0  0
    7 -1.5856654953349454e-06   0  4  1  1  1  0  0
    7 -9.0854135351767662e-08   2  0  3  1  1  0  0
    7 -2.5472435788413995e-07   1  1  3  1  1  0  0
    7 -1.7488887361275900e-07   0  2  3  1  1  0  0
    7  6.3410269704849383e-09   0  0  5  1  1  0  0
    7  2.2762217185207855e-07   4  0  0  2  1  0  0
    7 -5.4926672411761039e-07   3  1  0  2  1  0  0
    7 -1.9064420523540335e-07   2  2  0  2  1  0  0
    7  4.5848836274866326e-07   1  3  0  2  1  0  0
    7  9.8435237583438059e-07   0  4  0  2  1  0  0
    7  3.8751449649531264e-07   2  0  2  2  1  0  0
    7  3.7689378693711078e-07   1  1  2  2  1  0  0
    7  3.8751449649531264e-07   0  2  2  2  1  0  0
    7  1.1161341718596375e-08   0  0  4  2  1  0  0
    7 -1.7488887361275900e-07   2  0  1  3  1  0  0
    7 -2.5472435788413995e-07   1  1  1  3  1  0  0
    7 -9.0854135351767662e-08   0  2  1  3  1  0  0
    7 -3.2962688831077171e-08   0  0  3  3  1  0  0
    7 -6.7356207003943184e-09   2  0  0  4  1  0  0
    7  4.6682675326506731e-08   1  1  0  4  1  0  0
    7 -6.1712059516110217e-08   0  2  0  4  1  0  0
    7  1.1161341718596375e-08   0  0  2  4  1  0  0
    7  6.3410269704849383e-09   0  0  1  5  1  0  0
    7 -2.1386111801131420e-09   0  0  0  6  1  0  0
    7  1.2927417178974311e-06   5  0  0  0  2  0  0
    7  7.4889829217530923e-07   4  1  0  0  2  0  0
    7  1.5533316119611092e-07   3  2  0  0  2  0  0
    7  1.5533316119611092e-07   2  3  0  0  2  0  0
    7  7.4889829217530923e-07   1  4  0  0  2  0  0
    7  1.2927417178974311e-06   0  5  0  0  2  0  0
    7 -4.9758234999658713e-07   3  0  2  0  2  0  0
    7 -1.2249388015245812e-07   2  1  2  0  2  0  0
    7  2.5680699286389121e-07   1  2  2  0  2  0  0
    7  1.0261443543842534e-07   0  3  2  0  2  0  0
    7  1.0712944922852921e-08   1  0  4  0  2  0  0
    7  1.5685052228480660e-08   0  1  4  0  2  0  0
    7  2.9975547748039678e-07   3  0  1  1  2  0  0
    7 -9.3833921604279204e-08   2  1  1  1  2  0  0
    7 -9.3833921604279204e-08   1  2  1  1  2  0  0
    7  2.9975547748039678e-07   0  3  1  1  2  0  0
    7  3.8050166611494015e-09   1  0  3  1  2  0  0
    7 -1.8108364365487463e-08   0  1  3  1  2  0  0
    7  1.0261443543842534e-07   3  0  0  2  2  0  0
    7  2.5680699286389121e-07   2  1  0  2  2  0  0
    7 -1.2249388015245812e-07   1  2  0  2  2  0  0
    7 -4.9758234999658713e-07   0  3  0  2  2  0  0
    7 -9.3615449211334739e-09   1  0  2  2  2  0  0
    7 -9.3615449211334739e-09   0  1  2  2  2  0  0
    7 -1.8108364365487463e-08   1  0  1  3  2  0  0
    7  3.8050166611494015e-09   0  1  1  3  2  0  0
    7  1.5685052228480660e-08   1  0  0  4  2  0  0
    7  1.0712944922852921e-08   0  1  0  4  2  0  0
    7 -6.1189404057219183e-07   4  0  0  0  3  0  0
    7  2.8440891888418618e-07   3  1  0  0  3  0  0
    7 -1.7643996969019691e-07   2  2  0  0  3  0  0
    7  2.8440891888418618e-07   1  3  0  0  3  0  0
    7 -6.1189404057219183e-07   0  4  0  0  3  0  0
    7 -9.2086006014288020e-08   2  0  2  0  3  0  0
    7 -4.2626907155577568e-08   1  1  2  0  3  0  0
    7 -7.3700119392776112e-08   0  2  2  0  3  0  0
    7  5.9509517939145292e-10   0  0  4  0  3  0  0
    7  2.9394520373500926e-07   2  0  1  1  3  0  0
    7  8.5196594450615997e-08   1  1  1  1  3  0  0
    7  2.9394520373500926e-07   0  2  1  1  3  0  0
    7  1.5705152442457390e-08   0  0  3  1  3  0  0
    7 -7.3700119392776112e-08   2  0  0  2  3  0  0
    7 -4.2626907155577568e-08   1  1  0  2  3  0  0
    7 -9.2086006014288020e-08   0  2  0  2  3  0  0
    7 -3.9070378833230572e-08   0  0  2  2  3  0  0
    7  1.5705152442457390e-08   0  0  1  3  3  0  0
    7  5.9509517939145292e-10   0  0  0  4  3  0  0
    7 -9.7363651306655549e-09   3  0  0  0  4  0  0
    7 -6.0699308257518291e-08   2  1  0  0  4  0  0
    7 -6.0699308257518291e-08   1  2  0  0  4  0  0
    7 -9.7363651306655549e-09   0  3  0  0  4  0  0
    7 -3.3723513742065546e-10   1  0  2  0  4  0  0
    7 -6.3253421609345943e-09   0  1  2  0  4  0  0
    7  5.2117548364214789e-09   1  0  1  1  4  0  0
    7  5.2117548364214789e-09   0  1  1  1  4  0  0
    7 -6.3253421609345943e-09   1  0  0  2  4  0  0
    7 -3.3723513742065546e-10   0  1  0  2  4  0  0
    7  6.3481238927614872e-08   2  0  0  0  5  0  0
    7  8.7133800962397081e-08   1  1  0  0  5  0  0
    7  6.3481238927614872e-08   0  2  0  0  5  0  0
    7  2.3102589498238092e-09   0  0  2  0  5  0  0
    7 -8.2431388191676436e-09   0  0  1  1  5  0  0
    7  2.3102589498238092e-09   0  0  0  2  5  0  0
    7 -4.4833209092568418e-09   1  0  0  0  6  0  0
    7 -4.4833209092568418e-09   0  1  0  0  6  0  0
    7  9.7089353564344175e-10   0  0  0  0  7  0  0
 -403  0.0000000000000000e+00   0  0  0  0  0  0  0
