
tpsa, NO = 12, NV = 7, INA = 16133
------------------------------------------------------------------

   |I|         a                i  i  i  i  i  i  i
                I                1  2  3  4  5  6  7

    0  2.2780966965182095e-01   0  0  0  0  0  0  0
    1  1.5459419782633546e-01   0  0  0  0  1  0  0
    2 -1.6697649611995638e+02   1  1  0  0  0  0  0
    2  2.1383511371031108e+02   0  0  1  1  0  0  0
    2 -1.2996616820605084e+01   0  0  0  0  2  0  0
    3 -9.0511151354341710e+03   1  1  0  0  1  0  0
    3 -4.2678867217399356e+03   0  0  1  1  1  0  0
    3  8.8066294050219284e+01   0  0  0  0  3  0  0
    4  8.5639323534174953e+06   2  2  0  0  0  0  0
    4  9.1947320750948302e+06   1  1  1  1  0  0  0
    4  9.8330606254327961e+05   0  0  2  2  0  0  0
    4  1.5783942411949282e+05   1  1  0  0  2  0  0
    4  1.9846042752162823e+04   0  0  1  1  2  0  0
    4  7.9887353310243554e+02   0  0  0  0  4  0  0
    5 -5.9289836545249578e-09   4  0  0  0  1  0  0
    5  1.0898375137474880e+08   2  2  0  0  1  0  0
    5 -1.1857967309049915e-09   0  4  0  0  1  0  0
    5 -6.3223817808823727e+07   1  1  1  1  1  0  0
    5 -4.0221265031634264e+07   0  0  2  2  1  0  0
    5 -4.9603079924301961e+06   1  1  0  0  3  0  0
    5  4.6975797193871456e+05   0  0  1  1  3  0  0
    5 -4.4019219073222303e+04   0  0  0  0  5  0  0
    6  1.8213837786700669e-06   5  1  0  0  0  0  0
    6  3.0356396311167784e-06   4  2  0  0  0  0  0
    6 -9.3704484565591080e+10   3  3  0  0  0  0  0
    6  1.8213837786700669e-06   2  4  0  0  0  0  0
    6  6.0712792622335566e-07   1  5  0  0  0  0  0
    6  4.5228899894232643e+10   2  2  1  1  0  0  0
    6  8.6976700090447369e+09   1  1  2  2  0  0  0
    6  4.2711595128472382e+10   0  0  3  3  0  0  0
    6 -1.7589867632903137e+09   2  2  0  0  2  0  0
    6 -1.0666902942052988e+07   1  1  1  1  2  0  0
    6 -1.5044494500453405e+09   0  0  2  2  2  0  0
    6  1.4099540637606210e+08   1  1  0  0  4  0  0
    6  3.7427548347157583e+07   0  0  1  1  4  0  0
    6  9.8357816661489126e+05   0  0  0  0  6  0  0
    7  1.9428093639147382e-04   4  2  0  0  1  0  0
    7 -4.5733822921580820e+12   3  3  0  0  1  0  0
    7  1.1656856183488428e-04   2  4  0  0  1  0  0
    7 -7.5890990777919457e-08   0  0  6  0  1  0  0
    7 -4.8570234097868454e-05   4  0  1  1  1  0  0
    7  1.1111918225370081e+12   2  2  1  1  1  0  0
    7 -9.7140468195736905e-06   0  4  1  1  1  0  0
    7  2.4285117048934226e-06   0  0  5  1  1  0  0
    7  7.2855351146802675e-06   2  0  2  2  1  0  0
    7  4.6556409318127698e+11   1  1  2  2  1  0  0
    7  2.4285117048934226e-06   0  2  2  2  1  0  0
    7  7.3941205175412338e+10   0  0  3  3  1  0  0
    7  2.4285117048934226e-06   0  0  1  5  1  0  0
    7 -7.5890990777919457e-08   0  0  0  6  1  0  0
    7 -1.2142558524467114e-05   4  0  0  0  3  0  0
    7 -2.8385312572667169e+11   2  2  0  0  3  0  0
    7 -2.4285117048934226e-06   0  4  0  0  3  0  0
    7 -2.7870138205171368e+10   1  1  1  1  3  0  0
    7 -2.0593269153508511e+10   0  0  2  2  3  0  0
    7 -3.6667861749104238e+09   1  1  0  0  5  0  0
    7 -4.8977411264409935e+08   0  0  1  1  5  0  0
    7 -1.8326836130446922e+07   0  0  0  0  7  0  0
    8  4.7746482927568601e-01   5  3  0  0  0  0  0
    8  8.7037994037745390e+15   4  4  0  0  0  0  0
    8  3.1830988618379069e-01   3  5  0  0  0  0  0
    8 -7.4603879574325939e-03   2  0  6  0  0  0  0
    8 -2.4867959858108648e-03   0  2  6  0  0  0  0
    8 -4.9735919716217296e-03   0  0  8  0  0  0  0
    8 -3.1391953369834736e+16   3  3  1  1  0  0  0
    8  3.9788735772973838e-01   4  0  2  2  0  0  0
    8 -6.3661977236758138e-01   3  1  2  2  0  0  0
    8  3.2758327276787008e+16   2  2  2  2  0  0  0
    8 -3.1830988618379069e-01   1  3  2  2  0  0  0
    8  7.9577471545947673e-02   0  4  2  2  0  0  0
    8 -1.1936620731892150e-01   2  0  4  2  0  0  0
    8  1.5915494309189535e-01   1  1  4  2  0  0  0
    8 -3.9788735772973836e-02   0  2  4  2  0  0  0
    8  3.9788735772973836e-02   0  0  6  2  0  0  0
    8 -1.1012751859797110e+16   1  1  3  3  0  0  0
    8 -1.1936620731892150e-01   2  0  2  4  0  0  0
    8  1.5915494309189535e-01   1  1  2  4  0  0  0
    8 -3.9788735772973836e-02   0  2  2  4  0  0  0
    8  1.1161927864537156e+15   0  0  4  4  0  0  0
    8 -7.4603879574325939e-03   2  0  0  6  0  0  0
    8 -2.4867959858108648e-03   0  2  0  6  0  0  0
    8  3.9788735772973836e-02   0  0  2  6  0  0  0
    8 -4.9735919716217296e-03   0  0  0  8  0  0  0
    8  1.6424169972702682e+15   3  3  0  0  2  0  0
    8  1.9894367886486919e-01   4  0  1  1  2  0  0
    8 -5.7294830715963720e+15   2  2  1  1  2  0  0
    8  3.9788735772973836e-02   0  4  1  1  2  0  0
    8 -1.7904931097838225e-01   2  0  2  2  2  0  0
    8  3.0438747317895065e+15   1  1  2  2  2  0  0
    8 -5.9683103659460751e-02   0  2  2  2  2  0  0
    8 -4.9735919716217296e-03   0  0  4  2  2  0  0
    8 -3.2581633543222044e+14   0  0  3  3  2  0  0
    8 -4.9735919716217296e-03   0  0  2  4  2  0  0
    8  5.2729527483978969e+13   2  2  0  0  4  0  0
    8 -8.5226904240169484e+13   1  1  1  1  4  0  0
    8  1.5223365055400660e+13   0  0  2  2  4  0  0
    8  3.3647116152166003e+11   1  1  0  0  6  0  0
    8 -1.6139227396342480e+11   0  0  1  1  6  0  0
    8  5.9998359633596718e+08   0  0  0  0  8  0  0
    9 -5.3476060878876837e+01   6  2  0  0  1  0  0
    9 -5.1191711681959200e+17   4  4  0  0  1  0  0
    9 -2.2918311805232928e+01   2  6  0  0  1  0  0
    9 -3.9788735772973838e-01   0  0  8  0  1  0  0
    9  2.4766136687622728e+18   3  3  1  1  1  0  0
    9 -2.0371832715762604e+01   3  1  2  2  1  0  0
    9  5.6757986165157261e+17   2  2  2  2  1  0  0
    9 -1.0185916357881302e+01   1  3  2  2  1  0  0
    9  2.5464790894703255e+00   0  0  6  2  1  0  0
    9 -1.0076850092470035e+18   1  1  3  3  1  0  0
    9  2.5464790894703255e+00   0  0  5  3  1  0  0
    9  1.4151011805538059e+17   0  0  4  4  1  0  0
    9  2.5464790894703255e+00   0  0  3  5  1  0  0
    9  2.5464790894703255e+00   0  0  2  6  1  0  0
    9 -3.9788735772973838e-01   0  0  0  8  1  0  0
    9  3.8197186342054881e+00   5  1  0  0  3  0  0
    9 -1.1514801372248141e+17   3  3  0  0  3  0  0
    9  1.2732395447351628e+00   1  5  0  0  3  0  0
    9  3.2340288539587206e+17   2  2  1  1  3  0  0
    9 -1.9098593171027440e+00   2  0  2  2  3  0  0
    9 -8.6261441186879040e+16   1  1  2  2  3  0  0
    9 -6.3661977236758138e-01   0  2  2  2  3  0  0
    9  2.1587608789609795e+15   0  0  3  3  3  0  0
    9 -3.0824678804399135e+15   2  2  0  0  5  0  0
    9  4.9490956570528350e+15   1  1  1  1  5  0  0
    9 -6.3251345978353338e+14   0  0  2  2  5  0  0
    9 -1.9550369991310824e+13   1  1  0  0  7  0  0
    9  1.0383803290710650e+13   0  0  1  1  7  0  0
    9 -2.5232553969971382e+10   0  0  0  0  9  0  0
   10  2.4446199258915126e+03   9  1  0  0  0  0  0
   10 -9.1265810566616474e+03   6  4  0  0  0  0  0
   10 -2.0492322746290772e+20   5  5  0  0  0  0  0
   10 -6.5189864690440336e+03   4  6  0  0  0  0  0
   10  4.8892398517830247e+02   1  9  0  0  0  0  0
   10 -1.0185916357881302e+02   4  0  6  0  0  0  0
   10  1.6297466172610083e+02   3  1  6  0  0  0  0
   10  1.2223099629457562e+02   2  2  6  0  0  0  0
   10  8.1487330863050417e+01   1  3  6  0  0  0  0
   10 -2.0371832715762604e+01   0  4  6  0  0  0  0
   10  1.5278874536821952e+01   2  0  8  0  0  0  0
   10  6.1115498147287809e+01   1  1  8  0  0  0  0
   10  5.0929581789406511e+00   0  2  8  0  0  0  0
   10  4.4003158666047229e+03   8  0  1  1  0  0  0
   10 -1.8253162113323295e+04   6  2  1  1  0  0  0
   10  5.5380726688822152e+20   4  4  1  1  0  0  0
   10 -7.8227837628528396e+03   2  6  1  1  0  0  0
   10  4.8892398517830247e+02   0  8  1  1  0  0  0
   10  3.2594932345220168e+03   4  0  5  1  0  0  0
   10  3.9113918814264198e+03   2  2  5  1  0  0  0
   10  6.5189864690440334e+02   0  4  5  1  0  0  0
   10 -2.2816452641654118e+03   6  0  2  2  0  0  0
   10  3.1291135051411358e+04   5  1  2  2  0  0  0
   10 -9.1695424417550487e+20   3  3  2  2  0  0  0
   10  1.0430378350470453e+04   1  5  2  2  0  0  0
   10 -3.2594932345220167e+02   0  6  2  2  0  0  0
   10  1.6297466172610084e+03   4  0  4  2  0  0  0
   10 -1.9556959407132099e+03   2  2  4  2  0  0  0
   10  3.2594932345220167e+02   0  4  4  2  0  0  0
   10  4.8892398517830252e+03   4  0  3  3  0  0  0
   10 -2.6075945876176133e+03   3  1  3  3  0  0  0
   10  2.1777251474085216e+20   2  2  3  3  0  0  0
   10 -1.3037972938088067e+03   1  3  3  3  0  0  0
   10  9.7784797035660495e+02   0  4  3  3  0  0  0
   10  1.6297466172610084e+03   4  0  2  4  0  0  0
   10 -1.9556959407132099e+03   2  2  2  4  0  0  0
   10  3.2594932345220167e+02   0  4  2  4  0  0  0
   10 -9.7784797035660495e+02   2  0  4  4  0  0  0
   10  5.8297196829940818e+19   1  1  4  4  0  0  0
   10 -3.2594932345220167e+02   0  2  4  4  0  0  0
   10 -1.2732395447351628e+00   0  0  6  4  0  0  0
   10  3.2594932345220168e+03   4  0  1  5  0  0  0
   10  3.9113918814264198e+03   2  2  1  5  0  0  0
   10  6.5189864690440334e+02   0  4  1  5  0  0  0
   10 -7.7030908649900032e+16   0  0  5  5  0  0  0
   10 -1.0185916357881302e+02   4  0  0  6  0  0  0
   10  1.6297466172610083e+02   3  1  0  6  0  0  0
   10  1.2223099629457562e+02   2  2  0  6  0  0  0
   10  8.1487330863050417e+01   1  3  0  6  0  0  0
   10 -2.0371832715762604e+01   0  4  0  6  0  0  0
   10 -1.2732395447351628e+00   0  0  4  6  0  0  0
   10  1.5278874536821952e+01   2  0  0  8  0  0  0
   10  6.1115498147287809e+01   1  1  0  8  0  0  0
   10  5.0929581789406511e+00   0  2  0  8  0  0  0
   10 -1.1408226320827059e+03   6  2  0  0  2  0  0
   10  2.6590036294982767e+19   4  4  0  0  2  0  0
   10 -4.8892398517830247e+02   2  6  0  0  2  0  0
   10 -6.1115498147287809e+01   2  0  6  0  2  0  0
   10 -8.1487330863050417e+01   1  1  6  0  2  0  0
   10 -2.0371832715762604e+01   0  2  6  0  2  0  0
   10 -2.0371832715762604e+01   0  0  8  0  2  0  0
   10 -5.2907740115395150e+19   3  3  1  1  2  0  0
   10  1.6297466172610084e+03   4  0  2  2  2  0  0
   10 -1.0805549788838096e+20   2  2  2  2  2  0  0
   10  3.2594932345220167e+02   0  4  2  2  2  0  0
   10  8.1487330863050417e+01   0  0  6  2  2  0  0
   10 -1.9556959407132099e+03   2  0  3  3  2  0  0
   10  5.4473024302856036e+19   1  1  3  3  2  0  0
   10 -6.5189864690440334e+02   0  2  3  3  2  0  0
   10  8.1487330863050417e+01   0  0  5  3  2  0  0
   10 -5.4195980434416005e+18   0  0  4  4  2  0  0
   10  8.1487330863050417e+01   0  0  3  5  2  0  0
   10 -6.1115498147287809e+01   2  0  0  6  2  0  0
   10 -8.1487330863050417e+01   1  1  0  6  2  0  0
   10 -2.0371832715762604e+01   0  2  0  6  2  0  0
   10  8.1487330863050417e+01   0  0  2  6  2  0  0
   10 -2.0371832715762604e+01   0  0  0  8  2  0  0
   10  5.0244467192800061e+18   3  3  0  0  4  0  0
   10 -1.1317482839973526e+19   2  2  1  1  4  0  0
   10 -1.5278874536821952e+01   2  0  2  2  4  0  0
   10  5.2341774072502835e+17   1  1  2  2  4  0  0
   10 -5.0929581789406511e+00   0  2  2  2  4  0  0
   10  3.1115577130327923e+17   0  0  3  3  4  0  0
   10 -6.3661977236758140e+00   4  0  0  0  6  0  0
   10  5.0929581789406511e+00   3  1  0  0  6  0  0
   10  1.2553932606364691e+17   2  2  0  0  6  0  0
   10  2.5464790894703255e+00   1  3  0  0  6  0  0
   10 -1.2732395447351628e+00   0  4  0  0  6  0  0
   10 -1.7093571028556262e+17   1  1  1  1  6  0  0
   10  1.2936075886774004e+16   0  0  2  2  6  0  0
   10  7.6667087393762025e+14   1  1  0  0  8  0  0
   10 -3.7343673449402038e+14   0  0  1  1  8  0  0
   10  9.1829748019868701e+11   0  0  0  0 10  0  0
 -221  0.0000000000000000e+00   0  0  0  0  0  0  0

tpsa, NO = 12, NV = 7, INA = 16134
------------------------------------------------------------------

   |I|         a                i  i  i  i  i  i  i
                I                1  2  3  4  5  6  7

    0  7.9949975659624625e-02   0  0  0  0  0  0  0
    1  1.1072846358038740e-01   0  0  0  0  1  0  0
    2  2.1383511371031108e+02   1  1  0  0  0  0  0
    2 -2.7713056668925481e+02   0  0  1  1  0  0  0
    2  3.0536947136364976e+00   0  0  0  0  2  0  0
    3 -4.2678867217399356e+03   1  1  0  0  1  0  0
    3 -8.3069327706020954e+02   0  0  1  1  1  0  0
    3 -1.3459681026341691e+01   0  0  0  0  3  0  0
    4  4.5973660375474151e+06   2  2  0  0  0  0  0
    4  1.9666121250865592e+06   1  1  1  1  0  0  0
    4  1.4011035811434651e+06   0  0  2  2  0  0  0
    4  1.9846042752162823e+04   1  1  0  0  2  0  0
    4 -2.0807943257886762e+02   0  0  1  1  2  0  0
    4  5.3380325660219521e+00   0  0  0  0  4  0  0
    5 -3.1611908904411864e+07   2  2  0  0  1  0  0
    5 -7.4112295681561973e-10   0  0  4  0  1  0  0
    5 -8.0442530063268527e+07   1  1  1  1  1  0  0
    5 -1.7463841127874769e+07   0  0  2  2  1  0  0
    5 -1.4822459136312394e-10   0  0  0  4  1  0  0
    5  4.6975797193871456e+05   1  1  0  0  3  0  0
    5 -1.1582198549736405e+05   0  0  1  1  3  0  0
    5 -2.9551594576590528e+03   0  0  0  0  5  0  0
    6  1.5076299964744213e+10   3  3  0  0  0  0  0
    6  8.6976700090447369e+09   2  2  1  1  0  0  0
    6  4.5534594466751672e-07   0  0  5  1  0  0  0
    6 -1.8213837786700669e-06   2  0  2  2  0  0  0
    6  1.2813478538541714e+11   1  1  2  2  0  0  0
    6 -1.8213837786700669e-06   0  2  2  2  0  0  0
    6 -8.6142026377428684e+09   0  0  3  3  0  0  0
    6  1.5178198155583891e-07   0  0  1  5  0  0  0
    6 -5.3334514710264942e+06   2  2  0  0  2  0  0
    6  1.1383648616687918e-07   2  0  1  1  2  0  0
    6 -3.0088989000906811e+09   1  1  1  1  2  0  0
    6  1.1383648616687918e-07   0  2  1  1  2  0  0
    6  1.3334720220380425e+09   0  0  2  2  2  0  0
    6  3.7427548347157583e+07   1  1  0  0  4  0  0
    6 -9.6506142953883931e+06   0  0  1  1  4  0  0
    6  8.3457077283709514e+04   0  0  0  0  6  0  0
    7 -1.2142558524467113e-06   6  0  0  0  1  0  0
    7 -9.7140468195736905e-06   5  1  0  0  1  0  0
    7  3.7039727417900269e+11   3  3  0  0  1  0  0
    7 -9.7140468195736905e-06   1  5  0  0  1  0  0
    7 -1.2142558524467113e-06   0  6  0  0  1  0  0
    7  1.2142558524467114e-05   1  1  4  0  1  0  0
    7 -1.2142558524467113e-06   4  0  1  1  1  0  0
    7  4.8570234097868453e-06   3  1  1  1  1  0  0
    7  4.6556409318127698e+11   2  2  1  1  1  0  0
    7  4.8570234097868453e-06   1  3  1  1  1  0  0
    7 -1.2142558524467113e-06   0  4  1  1  1  0  0
    7  4.3713210688081605e-05   0  0  5  1  1  0  0
    7  3.6427675573401337e-06   2  0  2  2  1  0  0
    7  2.2182361552623700e+11   1  1  2  2  1  0  0
    7  3.6427675573401337e-06   0  2  2  2  1  0  0
    7 -5.2700587632059528e+11   0  0  3  3  1  0  0
    7  2.4285117048934226e-06   1  1  0  4  1  0  0
    7  1.4571070229360535e-05   0  0  1  5  1  0  0
    7 -1.3935069102585684e+10   2  2  0  0  3  0  0
    7 -4.1186538307017021e+10   1  1  1  1  3  0  0
    7  1.5178198155583891e-07   0  0  3  1  3  0  0
    7  3.8214819953973436e+09   0  0  2  2  3  0  0
    7  7.5890990777919457e-08   0  0  1  3  3  0  0
    7 -4.8977411264409935e+08   1  1  0  0  5  0  0
    7 -1.0913721052235916e+08   0  0  1  1  5  0  0
    7 -1.4578664831728474e+06   0  0  0  0  7  0  0
    8  4.9735919716217296e-03   8  0  0  0  0  0  0
    8 -7.8479883424586840e+15   4  4  0  0  0  0  0
    8  4.9735919716217296e-03   0  8  0  0  0  0  0
    8  1.5915494309189535e-01   5  1  1  1  0  0  0
    8 -3.1830988618379069e-01   4  2  1  1  0  0  0
    8  2.1838884851191336e+16   3  3  1  1  0  0  0
    8 -3.1830988618379069e-01   2  4  1  1  0  0  0
    8  1.5915494309189535e-01   1  5  1  1  0  0  0
    8 -1.1936620731892150e-01   4  0  3  1  0  0  0
    8 -1.5915494309189535e-01   3  1  3  1  0  0  0
    8  3.1830988618379069e-01   2  2  3  1  0  0  0
    8 -1.5915494309189535e-01   1  3  3  1  0  0  0
    8 -1.1936620731892150e-01   0  4  3  1  0  0  0
    8  2.3873241463784300e-01   1  1  5  1  0  0  0
    8 -1.6519127789695664e+16   2  2  2  2  0  0  0
    8 -5.9683103659460751e-02   4  0  1  3  0  0  0
    8 -7.9577471545947673e-02   3  1  1  3  0  0  0
    8  1.5915494309189535e-01   2  2  1  3  0  0  0
    8 -7.9577471545947673e-02   1  3  1  3  0  0  0
    8 -5.9683103659460751e-02   0  4  1  3  0  0  0
    8  3.9788735772973836e-02   2  0  3  3  0  0  0
    8  4.4647711458148625e+15   1  1  3  3  0  0  0
    8  3.9788735772973836e-02   0  2  3  3  0  0  0
    8 -3.2670414634879381e+14   0  0  4  4  0  0  0
    8  7.9577471545947673e-02   1  1  1  5  0  0  0
    8  3.9788735772973836e-02   5  1  0  0  2  0  0
    8 -1.9098276905321238e+15   3  3  0  0  2  0  0
    8  3.9788735772973836e-02   1  5  0  0  2  0  0
    8 -4.9735919716217297e-02   4  0  1  1  2  0  0
    8 -1.1936620731892150e-01   3  1  1  1  2  0  0
    8  3.0438747317895065e+15   2  2  1  1  2  0  0
    8 -1.1936620731892150e-01   1  3  1  1  2  0  0
    8 -4.9735919716217297e-02   0  4  1  1  2  0  0
    8 -9.9471839432434591e-03   2  0  3  1  2  0  0
    8 -1.9894367886486918e-02   1  1  3  1  2  0  0
    8 -9.9471839432434591e-03   0  2  3  1  2  0  0
    8 -3.7301939787162969e-03   0  0  5  1  2  0  0
    8 -9.7744900629666125e+14   1  1  2  2  2  0  0
    8 -3.1084949822635811e-03   0  0  4  2  2  0  0
    8 -4.9735919716217296e-03   2  0  1  3  2  0  0
    8 -9.9471839432434591e-03   1  1  1  3  2  0  0
    8 -4.9735919716217296e-03   0  2  1  3  2  0  0
    8  9.3538028342589609e+13   0  0  3  3  2  0  0
    8 -1.8650969893581485e-03   0  0  2  4  2  0  0
    8 -1.2433979929054324e-03   0  0  1  5  2  0  0
    8 -4.2613452120084742e+13   2  2  0  0  4  0  0
    8  9.7140468195736909e-05   0  0  4  0  4  0  0
    8  3.0446730110801320e+13   1  1  1  1  4  0  0
    8 -2.4045217704919312e+12   0  0  2  2  4  0  0
    8  1.9428093639147381e-05   0  0  0  4  4  0  0
    8 -1.6139227396342480e+11   1  1  0  0  6  0  0
    8  3.1835292485885899e+10   0  0  1  1  6  0  0
    8 -6.8018415884050742e+07   0  0  0  0  8  0  0
    9 -2.8647889756541161e+00   8  0  0  0  1  0  0
    9  6.1915341719056819e+17   4  4  0  0  1  0  0
    9 -2.8647889756541161e+00   0  8  0  0  1  0  0
    9  8.9524655489191127e-02   0  0  8  0  1  0  0
    9 -1.5915494309189535e+00   6  0  1  1  1  0  0
    9 -1.0185916357881302e+01   4  2  1  1  1  0  0
    9  3.7838657443438170e+17   3  3  1  1  1  0  0
    9 -1.0185916357881302e+01   2  4  1  1  1  0  0
    9 -1.5915494309189535e+00   0  6  1  1  1  0  0
    9  1.5278874536821952e+01   1  1  5  1  1  0  0
    9  3.1830988618379069e-01   0  0  7  1  1  0  0
    9 -1.5115275138705052e+18   2  2  2  2  1  0  0
    9  6.3661977236758140e+00   2  0  4  2  1  0  0
    9  1.2732395447351628e+01   1  1  4  2  1  0  0
    9  6.3661977236758140e+00   0  2  4  2  1  0  0
    9  5.6604047222152237e+17   1  1  3  3  1  0  0
    9  3.8197186342054881e+00   2  0  2  4  1  0  0
    9  7.6394372684109761e+00   1  1  2  4  1  0  0
    9  3.8197186342054881e+00   0  2  2  4  1  0  0
    9 -3.8845858350680024e+16   0  0  4  4  1  0  0
    9  5.0929581789406511e+00   1  1  1  5  1  0  0
    9  7.9577471545947673e-02   0  0  1  7  1  0  0
    9  9.9471839432434591e-03   0  0  0  8  1  0  0
    9  1.0780096179862403e+17   3  3  0  0  3  0  0
    9 -3.1830988618379069e-01   4  0  1  1  3  0  0
    9 -1.2732395447351628e+00   3  1  1  1  3  0  0
    9 -8.6261441186879040e+16   2  2  1  1  3  0  0
    9 -1.2732395447351628e+00   1  3  1  1  3  0  0
    9 -3.1830988618379069e-01   0  4  1  1  3  0  0
    9  2.9841551829730376e-02   0  0  5  1  3  0  0
    9  6.4762826368829390e+15   1  1  2  2  3  0  0
    9 -8.5657826806619625e+14   0  0  3  3  3  0  0
    9  9.9471839432434591e-03   0  0  1  5  3  0  0
    9  2.4745478285264175e+15   2  2  0  0  5  0  0
    9  1.9894367886486918e-02   2  0  1  1  5  0  0
    9 -1.2650269195670668e+15   1  1  1  1  5  0  0
    9  1.9894367886486918e-02   0  2  1  1  5  0  0
    9  7.3873786527634062e+13   0  0  2  2  5  0  0
    9  1.0383803290710650e+13   1  1  0  0  7  0  0
    9 -1.5532470483635090e+12   0  0  1  1  7  0  0
    9  5.6081890645194159e+09   0  0  0  0  9  0  0
   10  4.8892398517830247e+02   9  1  0  0  0  0  0
   10 -2.6075945876176133e+03   7  3  0  0  0  0  0
   10  1.1076145337764430e+20   5  5  0  0  0  0  0
   10 -2.6075945876176133e+03   3  7  0  0  0  0  0
   10  4.8892398517830247e+02   1  9  0  0  0  0  0
   10  3.2594932345220168e+03   5  1  4  0  0  0  0
   10  6.5189864690440336e+03   3  3  4  0  0  0  0
   10  3.2594932345220168e+03   1  5  4  0  0  0  0
   10  3.5014087480216975e+00   0  0 10  0  0  0  0
   10 -1.8742086098501595e+03   8  0  1  1  0  0  0
   10 -6.5189864690440334e+02   7  1  1  1  0  0  0
   10  1.0430378350470453e+04   6  2  1  1  0  0  0
   10 -4.5847712208775243e+20   4  4  1  1  0  0  0
   10  1.0430378350470453e+04   2  6  1  1  0  0  0
   10 -6.5189864690440334e+02   1  7  1  1  0  0  0
   10 -1.8742086098501595e+03   0  8  1  1  0  0  0
   10  1.3037972938088067e+03   5  1  3  1  0  0  0
   10 -2.6075945876176133e+03   3  3  3  1  0  0  0
   10  1.3037972938088067e+03   1  5  3  1  0  0  0
   10 -5.0929581789406512e+01   0  0  9  1  0  0  0
   10  1.2223099629457562e+02   6  0  2  2  0  0  0
   10  2.9335439110698148e+03   5  1  2  2  0  0  0
   10 -1.9556959407132099e+03   4  2  2  2  0  0  0
   10  2.1777251474085216e+20   3  3  2  2  0  0  0
   10 -1.9556959407132099e+03   2  4  2  2  0  0  0
   10  2.9335439110698148e+03   1  5  2  2  0  0  0
   10  1.2223099629457562e+02   0  6  2  2  0  0  0
   10  6.5189864690440334e+02   5  1  1  3  0  0  0
   10 -1.3037972938088067e+03   3  3  1  3  0  0  0
   10  6.5189864690440334e+02   1  5  1  3  0  0  0
   10  3.2594932345220167e+02   4  0  3  3  0  0  0
   10 -1.3037972938088067e+03   3  1  3  3  0  0  0
   10  1.1659439365988164e+20   2  2  3  3  0  0  0
   10 -1.3037972938088067e+03   1  3  3  3  0  0  0
   10  3.2594932345220167e+02   0  4  3  3  0  0  0
   10 -3.8197186342054881e+00   2  0  5  3  0  0  0
   10 -7.6394372684109761e+00   1  1  5  3  0  0  0
   10 -3.8197186342054881e+00   0  2  5  3  0  0  0
   10 -1.6297466172610083e+02   0  0  7  3  0  0  0
   10  6.5189864690440334e+02   5  1  0  4  0  0  0
   10  1.3037972938088067e+03   3  3  0  4  0  0  0
   10  6.5189864690440334e+02   1  5  0  4  0  0  0
   10  6.3661977236758140e+00   2  0  4  4  0  0  0
   10 -3.8515454324950016e+17   1  1  4  4  0  0  0
   10  6.3661977236758140e+00   0  2  4  4  0  0  0
   10 -1.4260282901033824e+02   0  0  6  4  0  0  0
   10 -2.5464790894703255e+00   2  0  3  5  0  0  0
   10 -5.0929581789406511e+00   1  1  3  5  0  0  0
   10 -2.5464790894703255e+00   0  2  3  5  0  0  0
   10 -4.8273803133813238e+18   0  0  5  5  0  0  0
   10 -1.0185916357881302e+02   0  0  4  6  0  0  0
   10 -8.1487330863050417e+01   0  0  3  7  0  0  0
   10 -1.0185916357881302e+01   0  0  1  9  0  0  0
   10  3.1830988618379069e-01   0  0  0 10  0  0  0
   10 -1.3226935028848787e+19   4  4  0  0  2  0  0
   10  8.1487330863050417e+01   6  0  1  1  2  0  0
   10  6.5189864690440334e+02   5  1  1  1  2  0  0
   10 -7.2036998592253977e+19   3  3  1  1  2  0  0
   10  6.5189864690440334e+02   1  5  1  1  2  0  0
   10  8.1487330863050417e+01   0  6  1  1  2  0  0
   10  4.8892398517830247e+02   1  1  5  1  2  0  0
   10  4.8892398517830247e+02   4  0  2  2  2  0  0
   10 -1.9556959407132099e+03   3  1  2  2  2  0  0
   10  8.1709536454284067e+19   2  2  2  2  2  0  0
   10 -1.9556959407132099e+03   1  3  2  2  2  0  0
   10  4.8892398517830247e+02   0  4  2  2  2  0  0
   10  2.0371832715762605e+02   2  0  4  2  2  0  0
   10  4.0743665431525210e+02   1  1  4  2  2  0  0
   10  2.0371832715762605e+02   0  2  4  2  2  0  0
   10  7.1301414505169120e+01   0  0  6  2  2  0  0
   10 -3.2594932345220167e+02   2  0  3  3  2  0  0
   10 -2.1678392173766402e+19   1  1  3  3  2  0  0
   10 -3.2594932345220167e+02   0  2  3  3  2  0  0
   10  1.2223099629457562e+02   2  0  2  4  2  0  0
   10  2.4446199258915124e+02   1  1  2  4  2  0  0
   10  1.2223099629457562e+02   0  2  2  4  2  0  0
   10  2.0939350904650112e+18   0  0  4  4  2  0  0
   10  1.6297466172610083e+02   1  1  1  5  2  0  0
   10  3.0557749073643905e+01   0  0  2  6  2  0  0
   10  1.0185916357881302e+01   6  0  0  0  4  0  0
   10 -3.7724942799911752e+18   3  3  0  0  4  0  0
   10  1.0185916357881302e+01   0  6  0  0  4  0  0
   10 -2.5464790894703255e+00   4  0  1  1  4  0  0
   10 -1.0185916357881302e+01   3  1  1  1  4  0  0
   10  5.2341774072502835e+17   2  2  1  1  4  0  0
   10 -1.0185916357881302e+01   1  3  1  1  4  0  0
   10 -2.5464790894703255e+00   0  4  1  1  4  0  0
   10  9.3346731390983770e+17   1  1  2  2  4  0  0
   10 -6.6748763389609408e+16   0  0  3  3  4  0  0
   10 -8.5467855142781312e+16   2  2  0  0  6  0  0
   10  1.2433979929054324e-02   0  0  4  0  6  0  0
   10  2.5872151773548008e+16   1  1  1  1  6  0  0
   10 -3.0072652461350725e+14   0  0  2  2  6  0  0
   10  2.4867959858108648e-03   0  0  0  4  6  0  0
   10 -3.7343673449402038e+14   1  1  0  0  8  0  0
   10  4.1612070164464859e+13   0  0  1  1  8  0  0
   10 -2.2285068085440607e+11   0  0  0  0 10  0  0
 -255  0.0000000000000000e+00   0  0  0  0  0  0  0
