    1  1.02360e+00 -4.04372e-01 -1.40139e+00 -8.78975e-01  6.05634e-01 -3.76232e-01  1.36824e+00 -2.58140e+00  6.97404e-01 -3.65332e-01  1.28620e+00 -2.55169e+00  3.50682e+00
    2  8.40024e-01 -7.86494e-01  7.36504e-01  1.45656e+00  6.62106e-01 -7.52500e-01  1.33200e+00  1.10264e+00  6.97662e-01 -6.82143e-01  1.28658e+00  1.17562e+00  3.50800e+00
    3  5.85980e-01 -1.05693e+00  1.95319e-01 -1.54986e+00  7.30236e-01 -1.06457e+00  1.22011e+00 -1.44543e+00  6.97801e-01 -9.99370e-01  1.28696e+00 -1.38065e+00  3.50874e+00
    4  2.52557e-01 -1.16964e+00 -1.07705e+00  1.14818e+00  7.15925e-01 -1.35813e+00  1.23918e+00  2.32424e+00  6.97415e-01 -1.31711e+00  1.28735e+00  2.34571e+00  3.50907e+00
    5 -1.29266e-01 -1.15422e+00  1.58079e+00 -3.69032e-01  6.74472e-01 -1.68233e+00  1.31755e+00 -2.29340e-01  6.96926e-01 -1.63482e+00  1.28649e+00 -2.11450e-01  3.50677e+00
    6 -5.13035e-01 -1.06740e+00 -1.51182e+00 -5.48281e-01  7.01269e-01 -2.01884e+00  1.29310e+00 -2.79368e+00  6.96712e-01 -1.95107e+00  1.28507e+00 -2.76747e+00  3.50389e+00
    7 -8.51525e-01 -9.08394e-01  8.95836e-01  1.29242e+00  7.75137e-01 -2.32389e+00  1.23644e+00  9.64686e-01  6.96289e-01 -2.26656e+00  1.28504e+00  9.60221e-01  3.50520e+00
    8 -1.08617e+00 -6.23698e-01  2.54397e-02 -1.60996e+00  7.84382e-01 -2.62035e+00  1.29631e+00 -1.55500e+00  6.96646e-01 -2.58285e+00  1.28557e+00 -1.59548e+00  3.50581e+00
    9 -1.19124e+00 -2.22488e-01 -9.17622e-01  1.39669e+00  7.34280e-01 -2.95695e+00  1.39638e+00  2.15208e+00  6.97354e-01 -2.89974e+00  1.28661e+00  2.13159e+00  3.50800e+00
   10 -1.18977e+00  1.91912e-01  1.48033e+00 -7.14534e-01  7.26196e-01  2.98167e+00  1.35097e+00 -4.49701e-01  6.98075e-01  3.06586e+00  1.28726e+00 -4.25086e-01  3.50989e+00
   11 -1.12136e+00  5.27946e-01 -1.52269e+00 -2.26705e-01  7.68090e-01  2.70157e+00  1.18499e+00 -2.99379e+00  6.98407e-01  2.74845e+00  1.28733e+00 -2.98168e+00  3.50932e+00
   12 -9.75839e-01  7.74144e-01  1.04349e+00  1.11536e+00  7.75780e-01  2.47094e+00  1.16645e+00  8.18678e-01  6.97585e-01  2.43107e+00  1.28680e+00  7.45013e-01  3.50652e+00
   13 -7.03452e-01  9.67412e-01 -2.38639e-01 -1.62353e+00  7.15365e-01  2.19951e+00  1.34639e+00 -1.71674e+00  6.97027e-01  2.11377e+00  1.28618e+00 -1.81114e+00  3.50422e+00
   14 -3.24611e-01  1.12106e+00 -6.25322e-01  1.56059e+00  6.81078e-01  1.85264e+00  1.41324e+00  1.95190e+00  6.97445e-01  1.79721e+00  1.28568e+00  1.91614e+00  3.50388e+00
   15  6.18800e-02  1.19774e+00  1.29107e+00 -9.68241e-01  7.19209e-01  1.51918e+00  1.30218e+00 -6.43471e-01  6.97694e-01  1.48149e+00  1.28519e+00 -6.38837e-01  3.50424e+00
   16  3.81425e-01  1.14585e+00 -1.54802e+00  5.61084e-02  7.29229e-01  1.24946e+00  1.19976e+00  3.10536e+00  6.97840e-01  1.16529e+00  1.28630e+00  3.08916e+00  3.50658e+00
   17  6.37150e-01  9.42894e-01  1.32112e+00  8.73274e-01  6.47504e-01  9.76540e-01  1.25398e+00  5.84076e-01  6.98207e-01  8.47565e-01  1.28745e+00  5.32829e-01  3.50860e+00
   18  8.66999e-01  6.22752e-01 -6.99949e-01 -1.49561e+00  5.69753e-01  6.22892e-01  1.36339e+00 -2.00852e+00  6.98557e-01  5.29601e-01  1.28727e+00 -2.02364e+00  3.50745e+00
   19  1.05816e+00  2.56186e-01 -1.40929e-01  1.60684e+00  5.92667e-01  2.37535e-01  1.30090e+00  1.65828e+00  6.98659e-01  2.12334e-01  1.28699e+00  1.70339e+00  3.50762e+00
   20  1.13454e+00 -1.07192e-01  9.75090e-01 -1.20869e+00  6.49339e-01 -9.42010e-02  1.20587e+00 -8.91963e-01  6.98390e-01 -1.04431e-01  1.28654e+00 -8.52463e-01  3.50687e+00
   21  1.04818e+00 -4.56379e-01 -1.52732e+00  4.39911e-01  6.53478e-01 -4.10649e-01  1.26311e+00  2.86116e+00  6.97669e-01 -4.20942e-01  1.28618e+00  2.87487e+00  3.50591e+00
   22  8.21454e-01 -7.88211e-01  1.58046e+00  4.72138e-01  6.48032e-01 -7.64749e-01  1.36039e+00  2.90295e-01  6.97357e-01 -7.37540e-01  1.28588e+00  3.19118e-01  3.50562e+00
   23  5.10793e-01 -1.06984e+00 -1.08968e+00 -1.22675e+00  7.02735e-01 -1.12535e+00  1.34616e+00 -2.29709e+00  6.97769e-01 -1.05377e+00  1.28600e+00 -2.23647e+00  3.50780e+00
   24  1.63684e-01 -1.22595e+00  2.10840e-01  1.56688e+00  7.64879e-01 -1.43807e+00  1.24978e+00  1.43704e+00  6.98015e-01 -1.37035e+00  1.28696e+00  1.49072e+00  3.50975e+00
   25 -2.00861e-01 -1.19835e+00  7.46554e-01 -1.39640e+00  7.38195e-01 -1.73687e+00  1.25364e+00 -1.07983e+00  6.97850e-01 -1.68792e+00  1.28761e+00 -1.06597e+00  3.51048e+00
   26 -5.56377e-01 -1.02010e+00 -1.43165e+00  7.71270e-01  6.75085e-01 -2.07011e+00  1.32223e+00  2.64744e+00  6.97633e-01 -2.00610e+00  1.28761e+00  2.65968e+00  3.50995e+00
   27 -8.70772e-01 -7.82811e-01  1.59618e+00  1.23111e-01  6.85519e-01 -2.40934e+00  1.28147e+00  7.69763e-02  6.97608e-01 -2.32329e+00  1.28622e+00  1.02899e-01  3.50594e+00
   28 -1.11795e+00 -5.27474e-01 -1.18453e+00 -9.95971e-01  7.64026e-01 -2.70074e+00  1.19753e+00 -2.44246e+00  6.97090e-01 -2.63938e+00  1.28557e+00 -2.45291e+00  3.50525e+00
   29 -1.24317e+00 -2.13910e-01  3.66996e-01  1.54719e+00  7.95617e-01 -2.97119e+00  1.26423e+00  1.33790e+00  6.97021e-01 -2.95536e+00  1.28548e+00  1.27470e+00  3.50710e+00
   30 -1.21168e+00  1.78054e-01  5.55051e-01 -1.58077e+00  7.49932e-01  2.99569e+00  1.40345e+00 -1.23312e+00  6.97189e-01  3.01175e+00  1.28598e+00 -1.28092e+00  3.50740e+00
   31 -1.06260e+00  5.75301e-01 -1.27663e+00  1.07960e+00  7.30045e-01  2.64537e+00  1.39766e+00  2.43962e+00  6.97672e-01  2.69503e+00  1.28629e+00  2.44626e+00  3.50769e+00
   32 -8.65167e-01  8.82482e-01  1.55789e+00 -2.02666e-01  7.63644e-01  2.34629e+00  1.23404e+00 -1.29364e-01  6.98431e-01  2.37812e+00  1.28710e+00 -1.09711e-01  3.50936e+00
   33 -6.36972e-01  1.06083e+00 -1.30822e+00 -7.63821e-01  7.65545e-01  2.11154e+00  1.14744e+00 -2.61312e+00  6.98319e-01  2.06014e+00  1.28781e+00 -2.66642e+00  3.50986e+00
   34 -3.30357e-01  1.13102e+00  6.45255e-01  1.47363e+00  6.94176e-01  1.85498e+00  1.29396e+00  1.15808e+00  6.98111e-01  1.74180e+00  1.28714e+00  1.06003e+00  3.50646e+00
   35  6.32999e-02  1.13157e+00  1.99543e-01 -1.66059e+00  6.42226e-01  1.51491e+00  1.39869e+00 -1.45121e+00  6.98029e-01  1.42494e+00  1.28619e+00 -1.49601e+00  3.50531e+00
   36  4.58388e-01  1.06704e+00 -9.86147e-01  1.28353e+00  6.74347e-01  1.16505e+00  1.30997e+00  2.22591e+00  6.97762e-01  1.10911e+00  1.28524e+00  2.23204e+00  3.50418e+00
   37  7.59738e-01  9.05003e-01  1.48180e+00 -4.96364e-01  6.98116e-01  8.72437e-01  1.22106e+00 -3.23226e-01  6.97529e-01  7.93349e-01  1.28546e+00 -3.22863e-01  3.50495e+00
   38  9.41773e-01  6.17330e-01 -1.52272e+00 -4.45050e-01  6.34016e-01  5.80230e-01  1.25837e+00 -2.85724e+00  6.97900e-01  4.76741e-01  1.28658e+00 -2.87847e+00  3.50784e+00
   39  1.03775e+00  2.24296e-01  1.09544e+00  1.22920e+00  5.63620e-01  2.12862e-01  1.35547e+00  8.42873e-01  6.98255e-01  1.59415e-01  1.28700e+00  8.48510e-01  3.50772e+00
   40  1.07224e+00 -1.97096e-01 -3.21291e-01 -1.59047e+00  5.94277e-01 -1.81787e-01  1.31641e+00 -1.77012e+00  6.98359e-01 -1.57849e-01  1.28715e+00 -1.70768e+00  3.50696e+00
   41  1.00768e+00 -5.65862e-01 -5.87159e-01  1.43558e+00  6.67809e-01 -5.11668e-01  1.20282e+00  1.95904e+00  6.98263e-01 -4.75091e-01  1.28694e+00  2.01932e+00  3.50708e+00
   42  8.02786e-01 -8.48892e-01  1.33358e+00 -8.33941e-01  6.82542e-01 -8.13305e-01  1.23695e+00 -5.58843e-01  6.97533e-01 -7.92309e-01  1.28684e+00 -5.37084e-01  3.50713e+00
   43  4.80744e-01 -1.05516e+00 -1.63419e+00 -4.11337e-02  6.72239e-01 -1.14329e+00  1.33613e+00 -3.11643e+00  6.97170e-01 -1.10935e+00  1.28592e+00 -3.09338e+00  3.50493e+00
   44  9.71628e-02 -1.19130e+00  1.35657e+00  9.11784e-01  7.14323e-01 -1.48942e+00  1.33582e+00  5.91772e-01  6.97573e-01 -1.42522e+00  1.28538e+00  6.34249e-01  3.50438e+00
   45 -2.88867e-01 -1.21349e+00 -5.91389e-01 -1.47626e+00  7.78006e-01 -1.80449e+00  1.26454e+00 -1.95182e+00  6.97763e-01 -1.74092e+00  1.28629e+00 -1.92135e+00  3.50698e+00
   46 -6.33100e-01 -1.05959e+00 -3.78870e-01  1.55262e+00  7.61777e-01 -2.10937e+00  1.27709e+00  1.81014e+00  6.97862e-01 -2.05800e+00  1.28713e+00  1.80556e+00  3.50826e+00
   47 -9.10912e-01 -7.52934e-01  1.19993e+00 -1.12375e+00  6.98335e-01 -2.45086e+00  1.35132e+00 -7.52623e-01  6.98176e-01 -2.37592e+00  1.28789e+00 -7.51556e-01  3.51047e+00
   48 -1.11020e+00 -4.01394e-01 -1.58519e+00  3.15271e-01  6.96832e-01 -2.79467e+00  1.30611e+00  2.94527e+00  6.98364e-01 -2.69366e+00  1.28739e+00  2.97441e+00  3.50846e+00
   49 -1.23154e+00 -8.05060e-02  1.40310e+00  6.21199e-01  7.61589e-01 -3.07632e+00  1.17729e+00  4.16794e-01  6.98064e-01 -3.01060e+00  1.28657e+00  4.18067e-01  3.50601e+00
   50 -1.23976e+00  2.25433e-01 -7.37751e-01 -1.36961e+00  7.93917e-01  2.96172e+00  1.21005e+00 -2.06489e+00  6.97630e-01  2.95629e+00  1.28601e+00 -2.13777e+00  3.50706e+00
   51 -1.09029e+00  5.54856e-01 -1.55931e-01  1.65522e+00  7.48296e-01  2.67084e+00  1.38203e+00  1.66472e+00  6.97113e-01  2.64011e+00  1.28597e+00  1.58969e+00  3.50735e+00
   52 -8.18160e-01  8.77554e-01  9.83564e-01 -1.37069e+00  7.19744e-01  2.32118e+00  1.42309e+00 -9.48376e-01  6.97140e-01  2.32348e+00  1.28566e+00 -9.66216e-01  3.50568e+00
   53 -5.12760e-01  1.11507e+00 -1.48118e+00  6.16531e-01  7.53155e-01  2.00181e+00  1.28700e+00  2.74716e+00  6.97714e-01  2.00726e+00  1.28586e+00  2.76171e+00  3.50663e+00
   54 -2.21791e-01  1.21199e+00  1.48388e+00  3.57484e-01  7.59053e-01  1.75179e+00  1.16485e+00  2.36407e-01  6.98162e-01  1.69004e+00  1.28746e+00  2.05667e-01  3.51044e+00
   55  8.48511e-02  1.16459e+00 -1.01533e+00 -1.21553e+00  6.81729e-01  1.49807e+00  1.25420e+00 -2.26669e+00  6.98445e-01  1.37144e+00  1.28784e+00 -2.35128e+00  3.51016e+00
   56  4.38130e-01  1.01450e+00  2.52149e-01  1.64299e+00  6.10583e-01  1.16312e+00  1.38150e+00  1.41852e+00  6.98325e-01  1.05355e+00  1.28690e+00  1.37547e+00  3.50793e+00
   57  7.84112e-01  8.03200e-01  5.90942e-01 -1.50895e+00  6.29981e-01  7.97424e-01  1.31308e+00 -1.19753e+00  6.97866e-01  7.36824e-01  1.28583e+00 -1.18020e+00  3.50605e+00
   58  1.02413e+00  5.33557e-01 -1.28136e+00  8.97749e-01  6.66758e-01  4.80297e-01  1.22392e+00  2.53045e+00  6.97362e-01  4.20711e-01  1.28536e+00  2.54778e+00  3.50471e+00
   59  1.11100e+00  1.89493e-01  1.59121e+00 -1.18440e-02  6.35118e-01  1.68934e-01  1.26605e+00 -7.44328e-03  6.97305e-01  1.04694e-01  1.28565e+00 -7.55189e-03  3.50580e+00
   60  1.06655e+00 -2.18458e-01 -1.39954e+00 -8.71855e-01  5.92626e-01 -2.02032e-01  1.35941e+00 -2.58446e+00  6.97495e-01 -2.11862e-01  1.28632e+00 -2.56333e+00  3.50712e+00
   61  9.36921e-01 -6.26326e-01  7.50350e-01  1.45570e+00  6.35053e-01 -5.89267e-01  1.34105e+00  1.09486e+00  6.97706e-01 -5.28812e-01  1.28666e+00  1.16391e+00  3.50744e+00
   62  7.30694e-01 -9.42755e-01  1.68198e-01 -1.55501e+00  7.11351e-01 -9.11447e-01  1.22318e+00 -1.46305e+00  6.97839e-01 -8.46068e-01  1.28693e+00 -1.39234e+00  3.50797e+00
   63  4.28940e-01 -1.11570e+00 -1.05229e+00  1.15955e+00  7.14392e-01 -1.20376e+00  1.22594e+00  2.30774e+00  6.97447e-01 -1.16372e+00  1.28723e+00  2.33416e+00  3.50849e+00
   64  5.60714e-02 -1.16317e+00  1.57428e+00 -3.85852e-01  6.78054e-01 -1.52263e+00  1.31362e+00 -2.40359e-01  6.96924e-01 -1.48134e+00  1.28646e+00 -2.22882e-01  3.50640e+00
   65 -3.38157e-01 -1.13260e+00 -1.52934e+00 -5.30466e-01  6.98564e-01 -1.86094e+00  1.31014e+00 -2.80772e+00  6.96802e-01 -1.79758e+00  1.28508e+00 -2.77888e+00  3.50356e+00
   66 -7.03580e-01 -1.02247e+00  9.29866e-01  1.27794e+00  7.70235e-01 -2.17350e+00  1.24890e+00  9.41769e-01  6.96491e-01 -2.11294e+00  1.28511e+00  9.48866e-01  3.50502e+00
   67 -9.82227e-01 -7.77198e-01 -8.94298e-03 -1.60245e+00  7.84403e-01 -2.47220e+00  1.28397e+00 -1.57638e+00  6.96762e-01 -2.42929e+00  1.28576e+00 -1.60692e+00  3.50578e+00
   68 -1.14363e+00 -3.97661e-01 -8.95516e-01  1.40068e+00  7.33017e-01 -2.80695e+00  1.38193e+00  2.13964e+00  6.97472e-01 -2.74638e+00  1.28679e+00  2.12003e+00  3.50820e+00
   69 -1.19867e+00  1.56650e-02  1.47516e+00 -7.31193e-01  7.18523e-01  3.12852e+00  1.35536e+00 -4.60179e-01  6.98073e-01 -3.06410e+00  1.28740e+00 -4.36834e-01  3.50995e+00
   70 -1.17918e+00  3.65534e-01 -1.53353e+00 -2.01913e-01  7.62040e-01  2.84100e+00  1.19624e+00 -3.01068e+00  6.98347e-01  2.90160e+00  1.28725e+00 -2.99351e+00  3.50895e+00
   71 -1.07744e+00  6.37028e-01  1.06234e+00  1.09213e+00  7.83340e-01  2.60764e+00  1.16065e+00  7.99223e-01  6.97622e-01  2.58452e+00  1.28663e+00  7.33311e-01  3.50653e+00
   72 -8.43149e-01  8.67840e-01 -2.54901e-01 -1.61400e+00  7.32023e-01  2.34176e+00  1.33498e+00 -1.72743e+00  6.96896e-01  2.26749e+00  1.28607e+00 -1.82274e+00  3.50482e+00
   73 -4.89177e-01  1.06925e+00 -6.16517e-01  1.56963e+00  6.91291e-01  1.99987e+00  1.42192e+00  1.94506e+00  6.97215e-01  1.95077e+00  1.28572e+00  1.90447e+00  3.50414e+00
   74 -1.10073e-01  1.19809e+00  1.28817e+00 -9.89392e-01  7.23764e-01  1.66241e+00  1.31914e+00 -6.54959e-01  6.97594e-01  1.63490e+00  1.28519e+00 -6.50625e-01  3.50443e+00
   75  2.17148e-01  1.19853e+00 -1.54618e+00  7.81072e-02  7.41812e-01  1.39156e+00  1.19839e+00  3.09112e+00  6.97805e-01  1.31869e+00  1.28633e+00  3.07735e+00  3.50690e+00
   76  4.93526e-01  1.04538e+00  1.31618e+00  8.60523e-01  6.68194e-01  1.12971e+00  1.23642e+00  5.79044e-01  6.98158e-01  1.00085e+00  1.28757e+00  5.20942e-01  3.50916e+00
   77  7.57987e-01  7.68151e-01 -6.94097e-01 -1.49646e+00  5.82300e-01  7.92058e-01  1.36058e+00 -2.00509e+00  6.98480e-01  6.82691e-01  1.28729e+00 -2.03562e+00  3.50765e+00
   78  9.97964e-01  4.31986e-01 -1.40402e-01  1.61747e+00  5.91272e-01  4.08516e-01  1.31796e+00  1.65738e+00  6.98548e-01  3.65363e-01  1.28686e+00  1.69143e+00  3.50765e+00
   79  1.13315e+00  8.13898e-02  9.66016e-01 -1.22249e+00  6.45328e-01  7.17029e-02  1.21384e+00 -9.02059e-01  6.98280e-01  4.86641e-02  1.28633e+00 -8.64323e-01  3.50653e+00
   80  1.10604e+00 -2.75769e-01 -1.51725e+00  4.53993e-01  6.49682e-01 -2.44349e-01  1.25407e+00  2.85085e+00  6.97678e-01 -2.67666e-01  1.28600e+00  2.86316e+00  3.50559e+00
   81  9.30778e-01 -6.35765e-01  1.58102e+00  4.59230e-01  6.35272e-01 -5.99257e-01  1.35526e+00  2.82686e-01  6.97328e-01 -5.84143e-01  1.28593e+00  3.07486e-01  3.50575e+00
   82  6.60900e-01 -9.62574e-01 -1.10894e+00 -1.21814e+00  6.81669e-01 -9.69123e-01  1.35680e+00 -2.30930e+00  6.97657e-01 -9.00558e-01  1.28606e+00 -2.24817e+00  3.50786e+00
   83  3.41236e-01 -1.17805e+00  2.44894e-01  1.56482e+00  7.52120e-01 -1.28885e+00  1.25432e+00  1.41556e+00  6.97909e-01 -1.21723e+00  1.28690e+00  1.47902e+00  3.50983e+00
   84 -1.54279e-02 -1.21731e+00  7.14275e-01 -1.40189e+00  7.41045e-01 -1.58347e+00  1.23775e+00 -1.09957e+00  6.97786e-01 -1.53477e+00  1.28747e+00 -1.07762e+00  3.51029e+00
   85 -3.85529e-01 -1.09981e+00 -1.41725e+00  7.84247e-01  6.79106e-01 -1.90795e+00  1.31182e+00  2.63617e+00  6.97389e-01 -1.85290e+00  1.28749e+00  2.64810e+00  3.50968e+00
   86 -7.30989e-01 -9.07736e-01  1.60545e+00  1.05877e-01  6.79164e-01 -2.24875e+00  1.29434e+00  6.58529e-02  6.97288e-01 -2.17011e+00  1.28600e+00  9.13120e-02  3.50579e+00
   87 -1.02093e+00 -6.83747e-01 -1.21155e+00 -9.78654e-01  7.54904e-01 -2.55147e+00  1.21281e+00 -2.46213e+00  6.96785e-01 -2.48604e+00  1.28530e+00 -2.46443e+00  3.50500e+00
   88 -1.20042e+00 -3.89179e-01  3.97770e-01  1.53481e+00  7.96237e-01 -2.82808e+00  1.25693e+00  1.31721e+00  6.96704e-01 -2.80201e+00  1.28533e+00  1.26317e+00  3.50655e+00
   89 -1.22884e+00  1.10649e-03  5.32289e-01 -1.58045e+00  7.55027e-01  3.14069e+00  1.39058e+00 -1.24593e+00  6.97109e-01 -3.11816e+00  1.28593e+00 -1.29245e+00  3.50718e+00
   90 -1.13327e+00  4.15340e-01 -1.26683e+00  1.09469e+00  7.28401e-01  2.79030e+00  1.40160e+00  2.42896e+00  6.97679e-01  2.84818e+00  1.28651e+00  2.43461e+00  3.50822e+00
   91 -9.76274e-01  7.52117e-01  1.56153e+00 -2.28803e-01  7.59396e-01  2.48517e+00  1.24536e+00 -1.45490e-01  6.98485e-01  2.53109e+00  1.28720e+00 -1.21553e-01  3.50965e+00
   92 -7.79000e-01  9.68624e-01 -1.31956e+00 -7.37114e-01  7.72537e-01  2.24811e+00  1.14229e+00 -2.63217e+00  6.98236e-01  2.21330e+00  1.28764e+00 -2.67822e+00  3.50925e+00
   93 -4.95200e-01  1.08518e+00  6.54941e-01  1.45916e+00  7.11423e-01  1.99890e+00  1.27904e+00  1.14890e+00  6.97799e-01  1.89511e+00  1.28694e+00  1.04831e+00  3.50564e+00
   94 -1.10102e-01  1.13833e+00  1.95420e-01 -1.66403e+00  6.53956e-01  1.66722e+00  1.40359e+00 -1.45389e+00  6.97867e-01  1.57822e+00  1.28616e+00 -1.50775e+00  3.50460e+00
   95  2.94843e-01  1.12792e+00 -9.84395e-01  1.29896e+00  6.79565e-01  1.31511e+00  1.32817e+00  2.21929e+00  6.97817e-01  1.26243e+00  1.28525e+00  2.22024e+00  3.50402e+00
   96  6.21887e-01  1.01657e+00  1.47763e+00 -5.13632e-01  7.10079e-01  1.02178e+00  1.22360e+00 -3.34541e-01  6.97666e-01  9.46711e-01  1.28551e+00 -3.34610e-01  3.50487e+00
   97  8.41364e-01  7.71194e-01 -1.51463e+00 -4.33825e-01  6.51317e-01  7.41911e-01  1.24116e+00 -2.86264e+00  6.97999e-01  6.29984e-01  1.28674e+00 -2.89025e+00  3.50782e+00
   98  9.84933e-01  4.06177e-01  1.08863e+00  1.22779e+00  5.67537e-01  3.91142e-01  1.34628e+00  8.45402e-01  6.98392e-01  3.12452e-01  1.28714e+00  8.36633e-01  3.50775e+00
   99  1.07612e+00 -6.62536e-03 -3.24642e-01 -1.59742e+00  5.79035e-01 -6.15666e-03  1.32857e+00 -1.77130e+00  6.98535e-01 -4.86642e-03  1.28721e+00 -1.71958e+00  3.50721e+00
  100  1.07290e+00 -3.88720e-01 -5.72275e-01  1.44678e+00  6.51106e-01 -3.47598e-01  1.21034e+00  1.94746e+00  6.98454e-01 -3.22024e-01  1.28693e+00  2.00747e+00  3.50714e+00
  101  9.23064e-01 -7.05683e-01  1.31823e+00 -8.48095e-01  6.75018e-01 -6.52717e-01  1.22850e+00 -5.71692e-01  6.97742e-01 -6.39041e-01  1.28676e+00 -5.48759e-01  3.50706e+00
  102  6.39897e-01 -9.60602e-01 -1.63258e+00 -2.46023e-02  6.66112e-01 -9.83157e-01  1.33296e+00 -3.12652e+00  6.97244e-01 -9.56024e-01  1.28600e+00 -3.10493e+00  3.50529e+00
  103  2.77449e-01 -1.15334e+00  1.37649e+00  8.96850e-01  7.03587e-01 -1.33472e+00  1.34953e+00  5.77462e-01  6.97656e-01 -1.27211e+00  1.28551e+00  6.22650e-01  3.50498e+00
  104 -1.04862e-01 -1.23734e+00 -6.27814e-01 -1.46689e+00  7.71001e-01 -1.65534e+00  1.27296e+00 -1.97520e+00  6.97960e-01 -1.58792e+00  1.28642e+00 -1.93295e+00  3.50773e+00
  105 -4.65351e-01 -1.14503e+00 -3.42485e-01  1.55099e+00  7.63822e-01 -1.95682e+00  1.26143e+00  1.78813e+00  6.97997e-01 -1.90497e+00  1.28725e+00  1.79392e+00  3.50882e+00
  106 -7.79079e-01 -8.87104e-01  1.17896e+00 -1.13154e+00  6.96959e-01 -2.29145e+00  1.33517e+00 -7.64880e-01  6.98099e-01 -2.22298e+00  1.28797e+00 -7.63258e-01  3.51077e+00
  107 -1.02556e+00 -5.64085e-01 -1.58558e+00  3.31387e-01  6.84986e-01 -2.63873e+00  1.31193e+00  2.93556e+00  6.98303e-01 -2.54074e+00  1.28732e+00  2.96263e+00  3.50828e+00
  108 -1.19804e+00 -2.55267e-01  1.42181e+00  6.00815e-01  7.50226e-01 -2.93166e+00  1.19126e+00  3.99812e-01  6.97976e-01 -2.85754e+00  1.28641e+00  4.06335e-01  3.50556e+00
  109 -1.26103e+00  5.16908e-02 -7.63875e-01 -1.35184e+00  7.96439e-01  3.10062e+00  1.20549e+00 -2.08513e+00  6.97601e-01  3.10941e+00  1.28593e+00 -2.14945e+00  3.50702e+00
  110 -1.16600e+00  3.97855e-01 -1.33874e-01  1.64988e+00  7.58924e-01  2.81277e+00  1.37001e+00  1.65176e+00  6.97257e-01  2.79341e+00  1.28592e+00  1.57812e+00  3.50781e+00
  111 -9.38210e-01  7.52955e-01  9.71316e-01 -1.38288e+00  7.23590e-01  2.46530e+00  1.42790e+00 -9.58469e-01  6.97185e-01  2.47687e+00  1.28582e+00 -9.77805e-01  3.50626e+00
  112 -6.61618e-01  1.03229e+00 -1.47940e+00  6.41705e-01  7.51685e-01  2.14076e+00  1.30021e+00  2.73233e+00  6.97823e-01  2.16048e+00  1.28603e+00  2.74996e+00  3.50704e+00
  113 -3.86811e-01  1.17601e+00  1.48810e+00  3.30290e-01  7.66308e-01  1.88857e+00  1.16176e+00  2.18414e-01  6.98269e-01  1.84323e+00  1.28753e+00  1.93858e-01  3.51049e+00
  114 -8.54711e-02  1.17929e+00 -1.01811e+00 -1.19877e+00  6.99014e-01  1.64315e+00  1.23679e+00 -2.27488e+00  6.98479e-01  1.52460e+00  1.28787e+00 -2.36312e+00  3.51008e+00
  115  2.77428e-01  1.08159e+00  2.51214e-01  1.64278e+00  6.23403e-01  1.31971e+00  1.38092e+00  1.41905e+00  6.98336e-01  1.20677e+00  1.28688e+00  1.36363e+00  3.50761e+00
  116  6.50870e-01  9.19911e-01  5.90895e-01 -1.52063e+00  6.34935e-01  9.55031e-01  1.33073e+00 -1.20017e+00  6.97844e-01  8.90198e-01  1.28573e+00 -1.19200e+00  3.50576e+00
  117  9.33207e-01  6.91427e-01 -1.27605e+00  9.12508e-01  6.74474e-01  6.37661e-01  1.23048e+00  2.52080e+00  6.97325e-01  5.74216e-01  1.28524e+00  2.53611e+00  3.50450e+00
  118  1.07090e+00  3.73883e-01  1.58232e+00 -2.38688e-02  6.43307e-01  3.35899e-01  1.25215e+00 -1.50836e-02  6.97336e-01  2.58187e-01  1.28568e+00 -1.91613e-02  3.50608e+00
  119  1.08111e+00 -2.74876e-02 -1.39502e+00 -8.65504e-01  5.84782e-01 -2.54198e-02  1.34758e+00 -2.58629e+00  6.97649e-01 -5.84482e-02  1.28646e+00 -2.57498e+00  3.50753e+00
  120  1.00763e+00 -4.51140e-01  7.59693e-01  1.45606e+00  6.09423e-01 -4.20959e-01  1.34863e+00  1.08990e+00  6.97822e-01 -3.75515e-01  1.28677e+00  1.15218e+00  3.50712e+00
  121  8.54814e-01 -8.05024e-01  1.44766e-01 -1.56111e+00  6.89385e-01 -7.55410e-01  1.22900e+00 -1.47833e+00  6.97937e-01 -6.92791e-01  1.28694e+00 -1.40406e+00  3.50729e+00
  122  5.93587e-01 -1.03246e+00 -1.02849e+00  1.17119e+00  7.09158e-01 -1.04902e+00  1.21474e+00  2.29141e+00  6.97530e-01 -1.01034e+00  1.28713e+00  2.32258e+00  3.50800e+00
  123  2.39608e-01 -1.14137e+00  1.56648e+00 -4.02675e-01  6.80072e-01 -1.36387e+00  1.30800e+00 -2.51610e-01  6.96973e-01 -1.32788e+00  1.28645e+00 -2.34319e-01  3.50618e+00
  124 -1.56057e-01 -1.16945e+00 -1.54524e+00 -5.12611e-01  6.95989e-01 -1.70346e+00  1.32527e+00 -2.82128e+00  6.96972e-01 -1.64415e+00  1.28516e+00 -2.79030e+00  3.50339e+00
  125 -5.40192e-01 -1.11308e+00  9.63848e-01  1.26365e+00  7.65381e-01 -2.02262e+00  1.26291e+00  9.19185e-01  6.96833e-01 -1.95945e+00  1.28526e+00  9.37483e-01  3.50496e+00
  126 -8.55620e-01 -9.14469e-01 -4.50678e-02 -1.59498e+00  7.84170e-01 -2.32296e+00  1.27299e+00 -1.59904e+00  6.97010e-01 -2.27581e+00  1.28603e+00 -1.61837e+00  3.50599e+00
  127 -1.06905e+00 -5.65446e-01 -8.71405e-01  1.40393e+00  7.31299e-01 -2.65508e+00  1.36518e+00  2.12629e+00  6.97640e-01 -2.59309e+00  1.28702e+00  2.10846e+00  3.50851e+00
  128 -1.18035e+00 -1.61521e-01  1.46881e+00 -7.46444e-01  7.09663e-01 -3.00560e+00  1.35729e+00 -4.70184e-01  6.98140e-01 -2.91089e+00  1.28754e+00 -4.48584e-01  3.50992e+00
  129 -1.21219e+00  1.95221e-01 -1.54439e+00 -1.78495e-01  7.53754e-01  2.98191e+00  1.20850e+00 -3.02653e+00  6.98300e-01  3.05477e+00  1.28718e+00 -3.00532e+00  3.50844e+00
  130 -1.15782e+00  4.85725e-01  1.08266e+00  1.06913e+00  7.88239e-01  2.74438e+00  1.15760e+00  7.79110e-01  6.97720e-01  2.73789e+00  1.28651e+00  7.21607e-01  3.50655e+00
  131 -9.66722e-01  7.48640e-01 -2.73600e-01 -1.60332e+00  7.47507e-01  2.48265e+00  1.32274e+00 -1.73981e+00  6.96932e-01  2.42118e+00  1.28600e+00 -1.83433e+00  3.50570e+00
  132 -6.44227e-01  9.94138e-01 -6.05517e-01  1.57756e+00  7.01670e-01  2.14578e+00  1.42767e+00  1.93729e+00  6.97034e-01  2.10439e+00  1.28577e+00  1.89284e+00  3.50465e+00
  133 -2.79623e-01  1.17321e+00  1.28453e+00 -1.01091e+00  7.27307e-01  1.80477e+00  1.33597e+00 -6.66758e-01  6.97491e-01  1.78835e+00  1.28522e+00 -6.62387e-01  3.50470e+00
  134  4.81859e-02  1.22542e+00 -1.54546e+00  1.02109e-01  7.51985e-01  1.53149e+00  1.19944e+00  3.07562e+00  6.97787e-01  1.47211e+00  1.28637e+00  3.06556e+00  3.50732e+00
  135  3.37996e-01  1.12337e+00  1.31312e+00  8.45138e-01  6.88105e-01  1.27854e+00  1.21927e+00  5.71871e-01  6.98151e-01  1.15418e+00  1.28768e+00  5.09072e-01  3.50989e+00
  136  6.30188e-01  8.93091e-01 -6.88880e-01 -1.49544e+00  5.97374e-01  9.56305e-01  1.35545e+00 -2.00247e+00  6.98413e-01  8.35866e-01  1.28732e+00 -2.04758e+00  3.50800e+00
  137  9.13291e-01  5.94396e-01 -1.41284e-01  1.62759e+00  5.93703e-01  5.76958e-01  1.33450e+00  1.65739e+00  6.98394e-01  5.18488e-01  1.28671e+00  1.67948e+00  3.50760e+00
  138  1.10374e+00  2.66200e-01  9.58890e-01 -1.23646e+00  6.44556e-01  2.36660e-01  1.22416e+00 -9.11168e-01  6.98079e-01  2.01851e-01  1.28608e+00 -8.76158e-01  3.50611e+00
  139  1.13554e+00 -8.81606e-02 -1.50740e+00  4.67796e-01  6.48614e-01 -7.74820e-02  1.24554e+00  2.84068e+00  6.97597e-01 -1.14347e-01  1.28579e+00  2.85147e+00  3.50530e+00
  140  1.01479e+00 -4.66493e-01  1.57912e+00  4.47312e-01  6.23710e-01 -4.30885e-01  1.34686e+00  2.76035e-01  6.97311e-01 -4.30687e-01  1.28596e+00  2.95863e-01  3.50585e+00
  141  7.91585e-01 -8.30978e-01 -1.12421e+00 -1.21078e+00  6.58565e-01 -8.09672e-01  1.36492e+00 -2.31914e+00  6.97565e-01 -7.47251e-01  1.28614e+00 -2.25986e+00  3.50768e+00
  142  5.07865e-01 -1.10088e+00  2.76052e-01  1.56390e+00  7.34934e-01 -1.13856e+00  1.26099e+00  1.39608e+00  6.97814e-01 -1.06402e+00  1.28685e+00  1.46733e+00  3.50951e+00
  143  1.69428e-01 -1.20564e+00  6.82325e-01 -1.40816e+00  7.41142e-01 -1.43118e+00  1.22424e+00 -1.11958e+00  6.97733e-01 -1.38154e+00  1.28733e+00 -1.08925e+00  3.50992e+00
  144 -2.05379e-01 -1.15204e+00 -1.40166e+00  7.97693e-01  6.84689e-01 -1.74722e+00  1.30049e+00  2.62420e+00  6.97225e-01 -1.69958e+00  1.28736e+00  2.63656e+00  3.50923e+00
  145 -5.74196e-01 -1.01121e+00  1.61377e+00  8.85168e-02  6.76121e-01 -2.08723e+00  1.30604e+00  5.47960e-02  6.97024e-01 -2.01679e+00  1.28583e+00  7.97930e-02  3.50555e+00
  146 -9.01055e-01 -8.25523e-01 -1.23903e+00 -9.61719e-01  7.46695e-01 -2.39991e+00  1.23005e+00 -2.48154e+00  6.96558e-01 -2.33258e+00  1.28508e+00 -2.47589e+00  3.50472e+00
  147 -1.13101e+00 -5.57868e-01  4.30258e-01  1.52261e+00  7.95196e-01 -2.68336e+00  1.25173e+00  1.29540e+00  6.96441e-01 -2.64851e+00  1.28524e+00  1.25170e+00  3.50606e+00
  148 -1.21893e+00 -1.77859e-01  5.07744e-01 -1.57930e+00  7.58712e-01 -2.99670e+00  1.37600e+00 -1.25973e+00  6.97019e-01 -2.96481e+00  1.28591e+00 -1.30396e+00  3.50689e+00
  149 -1.17993e+00  2.45825e-01 -1.25594e+00  1.10826e+00  7.26332e-01  2.93619e+00  1.40282e+00  2.41858e+00  6.97659e-01  3.00138e+00  1.28671e+00  2.42297e+00  3.50865e+00
  150 -1.06791e+00  6.06440e-01  1.56518e+00 -2.53759e-01  7.54098e-01  2.62513e+00  1.25710e+00 -1.60728e-01  6.98472e-01  2.68409e+00  1.28728e+00 -1.33396e-01  3.50989e+00
  151 -9.06385e-01  8.56504e-01 -1.33255e+00 -7.10304e-01  7.77566e-01  2.38448e+00  1.14011e+00 -2.65186e+00  6.98166e-01  2.36651e+00  1.28745e+00 -2.69002e+00  3.50876e+00
  152 -6.51411e-01  1.01603e+00  6.67384e-01  1.44336e+00  7.28329e-01  2.14091e+00  1.26435e+00  1.13769e+00  6.97483e-01  2.04856e+00  1.28673e+00  1.03662e+00  3.50512e+00
  153 -2.82291e-01  1.12009e+00  1.88975e-01 -1.66641e+00  6.67150e-01  1.81768e+00  1.40631e+00 -1.45788e+00  6.97614e-01  1.73160e+00  1.28611e+00 -1.51946e+00  3.50407e+00
  154  1.24774e-01  1.16380e+00 -9.81989e-01  1.31480e+00  6.85002e-01  1.46399e+00  1.34650e+00  2.21229e+00  6.97797e-01  1.41575e+00  1.28526e+00  2.20843e+00  3.50390e+00
  155  4.70353e-01  1.10489e+00  1.47442e+00 -5.32514e-01  7.21004e-01  1.16833e+00  1.22874e+00 -3.46591e-01  6.97744e-01  1.10005e+00  1.28554e+00 -3.46391e-01  3.50484e+00
  156  7.21043e-01  9.06022e-01 -1.50765e+00 -4.20920e-01  6.70389e-01  8.98601e-01  1.22509e+00 -2.86933e+00  6.98036e-01  7.83231e-01  1.28687e+00 -2.90207e+00  3.50781e+00
  157  9.07345e-01  5.76193e-01  1.08110e+00  1.22565e+00  5.77636e-01  5.65781e-01  1.33549e+00  8.47981e-01  6.98443e-01  4.65475e-01  1.28727e+00  8.24713e-01  3.50773e+00
  158  1.05228e+00  1.81590e-01 -3.25050e-01 -1.60475e+00  5.70132e-01  1.70885e-01  1.34044e+00 -1.77065e+00  6.98646e-01  1.48066e-01  1.28723e+00 -1.73153e+00  3.50744e+00
  159  1.11029e+00 -2.03076e-01 -5.60601e-01  1.45863e+00  6.36995e-01 -1.80904e-01  1.22094e+00  1.93773e+00  6.98587e-01 -1.69022e-01  1.28689e+00  1.99557e+00  3.50724e+00
  160  1.01920e+00 -5.43936e-01  1.30400e+00 -8.62148e-01  6.67317e-01 -4.90234e-01  1.22186e+00 -5.84179e-01  6.97934e-01 -4.85843e-01  1.28665e+00 -5.60493e-01  3.50691e+00
  161  7.81750e-01 -8.40248e-01 -1.62940e+00 -8.83518e-03  6.58575e-01 -8.21448e-01  1.32752e+00 -3.13617e+00  6.97315e-01 -8.02700e-01  1.28605e+00 -3.11653e+00  3.50553e+00
  162  4.48885e-01 -1.08587e+00  1.39355e+00  8.82783e-01  6.90307e-01 -1.17880e+00  1.36064e+00  5.64673e-01  6.97644e-01 -1.11898e+00  1.28563e+00  6.11013e-01  3.50560e+00
  163  7.97523e-02 -1.23109e+00 -6.62529e-01 -1.45841e+00  7.60976e-01 -1.50611e+00  1.28295e+00 -1.99721e+00  6.98015e-01 -1.43493e+00  1.28648e+00 -1.94460e+00  3.50846e+00
  164 -2.87115e-01 -1.20347e+00 -3.05545e-01  1.55004e+00  7.65392e-01 -1.80499e+00  1.24799e+00  1.76542e+00  6.98057e-01 -1.75198e+00  1.28729e+00  1.78225e+00  3.50935e+00
  165 -6.28305e-01 -1.00104e+00  1.15647e+00 -1.13947e+00  6.98422e-01 -2.13130e+00  1.31791e+00 -7.77992e-01  6.97944e-01 -2.07001e+00  1.28798e+00 -7.74942e-01  3.51093e+00
  166 -9.16662e-01 -7.14556e-01 -1.58500e+00  3.46933e-01  6.75430e-01 -2.47946e+00  1.31630e+00  2.92611e+00  6.98119e-01 -2.38783e+00  1.28720e+00  2.95089e+00  3.50821e+00
  167 -1.13785e+00 -4.25384e-01  1.44073e+00  5.81499e-01  7.37829e-01 -2.78383e+00  1.20692e+00  3.83619e-01  6.97809e-01 -2.70449e+00  1.28619e+00  3.94633e-01  3.50524e+00
  168 -1.25562e+00 -1.25020e-01 -7.91281e-01 -1.33459e+00  7.96106e-01 -3.04235e+00  1.20363e+00 -2.10598e+00  6.97422e-01 -3.02066e+00  1.28579e+00 -2.16111e+00  3.50677e+00
  169 -1.21779e+00  2.30223e-01 -1.10149e-01  1.64364e+00  7.68007e-01  2.95475e+00  1.35684e+00  1.63771e+00  6.97304e-01  2.94661e+00  1.28583e+00  1.56654e+00  3.50789e+00
  170 -1.03941e+00  6.11487e-01  9.57696e-01 -1.39351e+00  7.27145e-01  2.60982e+00  1.42953e+00 -9.68676e-01  6.97252e-01  2.63016e+00  1.28598e+00 -9.89377e-01  3.50680e+00
  171 -7.97413e-01  9.28393e-01 -1.47729e+00  6.66087e-01  7.48890e-01  2.28044e+00  1.31303e+00  2.71800e+00  6.97948e-01  2.31362e+00  1.28623e+00  2.73821e+00  3.50752e+00
  172 -5.44651e-01  1.11603e+00  1.49369e+00  3.02281e-01  7.71079e-01  2.02482e+00  1.16124e+00  1.99675e-01  6.98367e-01  1.99634e+00  1.28757e+00  1.82039e-01  3.51036e+00
  173 -2.55508e-01  1.16846e+00 -1.02338e+00 -1.17995e+00  7.15291e-01  1.78608e+00  1.21980e+00 -2.28525e+00  6.98430e-01  1.67772e+00  1.28783e+00 -2.37493e+00  3.50958e+00
  174  1.09152e-01  1.12348e+00  2.52145e-01  1.64079e+00  6.37064e-01  1.47394e+00  1.37788e+00  1.41832e+00  6.98311e-01  1.35995e+00  1.28684e+00  1.35181e+00  3.50699e+00
  175  5.02426e-01  1.01398e+00  5.90770e-01 -1.53185e+00  6.40298e-01  1.11076e+00  1.34779e+00 -1.20272e+00  6.97879e-01  1.04354e+00  1.28567e+00 -1.20379e+00  3.50542e+00
  176  8.20680e-01  8.31722e-01 -1.27182e+00  9.27786e-01  6.82638e-01  7.92081e-01  1.23916e+00  2.51135e+00  6.97396e-01  7.27699e-01  1.28519e+00  2.52443e+00  3.50433e+00
  177  1.00468e+00  5.48437e-01  1.57377e+00 -3.62659e-02  6.55084e-01  4.99676e-01  1.23903e+00 -2.30399e-02  6.97428e-01  4.11647e-01  1.28577e+00 -3.07969e-02  3.50627e+00
  178  1.06747e+00  1.63402e-01 -1.38844e+00 -8.59605e-01  5.83100e-01  1.51895e-01  1.33335e+00 -2.58724e+00  6.97841e-01  9.48761e-02  1.28663e+00 -2.58668e+00  3.50793e+00
  179  1.05077e+00 -2.65714e-01  7.64805e-01  1.45751e+00  5.87364e-01 -2.47682e-01  1.35463e+00  1.08756e+00  6.98001e-01 -2.22291e-01  1.28689e+00  1.14041e+00  3.50706e+00
  180  9.55311e-01 -6.47512e-01  1.25328e-01 -1.56817e+00  6.65945e-01 -5.95672e-01  1.23743e+00 -1.49105e+00  6.98087e-01 -5.39571e-01  1.28697e+00 -1.41581e+00  3.50688e+00
  181  7.42192e-01 -9.22112e-01 -1.00617e+00  1.18304e+00  7.00570e-01 -8.93085e-01  1.20598e+00  2.27558e+00  6.97670e-01 -8.56995e-01  1.28705e+00  2.31096e+00  3.50765e+00
  182  4.16635e-01 -1.08909e+00  1.55760e+00 -4.19301e-01  6.79848e-01 -1.20542e+00  1.30096e+00 -2.62964e-01  6.97055e-01 -1.17444e+00  1.28647e+00 -2.45784e-01  3.50613e+00
  183  2.88086e-02 -1.17649e+00 -1.55918e+00 -4.94887e-01  6.92480e-01 -1.54631e+00  1.33799e+00 -2.83425e+00  6.97151e-01 -1.49081e+00  1.28529e+00 -2.80175e+00  3.50346e+00
  184 -3.65296e-01 -1.17744e+00  9.97204e-01  1.24961e+00  7.59905e-01 -1.87163e+00  1.27797e+00  8.97270e-01  6.97224e-01 -1.80612e+00  1.28544e+00  9.26046e-01  3.50510e+00
  185 -7.09342e-01 -1.03180e+00 -8.25889e-02 -1.58768e+00  7.83892e-01 -2.17307e+00  1.26378e+00 -1.62277e+00  6.97337e-01 -2.12246e+00  1.28632e+00 -1.62985e+00  3.50641e+00
  186 -9.68928e-01 -7.21830e-01 -8.45281e-01  1.40666e+00  7.29930e-01 -2.50131e+00  1.34660e+00  2.11189e+00  6.97806e-01 -2.43991e+00  1.28727e+00  2.09685e+00  3.50893e+00
  187 -1.13462e+00 -3.35878e-01  1.46116e+00 -7.60450e-01  7.00087e-01 -2.85378e+00  1.35663e+00 -4.79869e-01  6.98247e-01 -2.75776e+00  1.28766e+00 -4.60340e-01  3.50989e+00
  188 -1.21901e+00  2.03965e-02 -1.55510e+00 -1.56513e-01  7.43197e-01  3.12486e+00  1.22142e+00 -3.04129e+00  6.98281e-01 -3.07527e+00  1.28711e+00 -3.01711e+00  3.50784e+00
  189 -1.21488e+00  3.23181e-01  1.10419e+00  1.04666e+00  7.90188e-01  2.88160e+00  1.15736e+00  7.58658e-01  6.97819e-01  2.89117e+00  1.28643e+00  7.09897e-01  3.50649e+00
  190 -1.07149e+00  6.12035e-01 -2.94477e-01 -1.59165e+00  7.61335e-01  2.62262e+00  1.31003e+00 -1.75374e+00  6.97098e-01  2.57476e+00  1.28596e+00 -1.84593e+00  3.50663e+00
  191 -7.86649e-01  8.97107e-01 -5.92383e-01  1.58414e+00  7.11809e-01  2.29069e+00  1.43021e+00  1.92864e+00  6.96946e-01  2.25802e+00  1.28584e+00  1.88125e+00  3.50536e+00
  192 -4.43376e-01  1.12377e+00  1.27996e+00 -1.03234e+00  7.29726e-01  1.94659e+00  1.35201e+00 -6.78719e-01  6.97416e-01  1.94180e+00  1.28529e+00 -6.74117e-01  3.50503e+00
  193 -1.21864e-01  1.22647e+00 -1.54570e+00  1.27776e-01  7.59537e-01  1.66983e+00  1.20275e+00  3.05911e+00  6.97812e-01  1.62550e+00  1.28643e+00  3.05377e+00  3.50774e+00
  194  1.74102e-01  1.17586e+00  1.31210e+00  8.27100e-01  7.06478e-01  1.42380e+00  1.20285e+00  5.62448e-01  6.98197e-01  1.30751e+00  1.28779e+00  4.97221e-01  3.51062e+00
  195  4.86674e-01  9.95292e-01 -6.84852e-01 -1.49224e+00  6.13729e-01  1.11601e+00  1.34790e+00 -2.00106e+00  6.98395e-01  9.89094e-01  1.28736e+00 -2.05951e+00  3.50841e+00
  196  8.06429e-01  7.39779e-01 -1.42972e-01  1.63689e+00  5.98801e-01  7.42319e-01  1.34992e+00  1.65792e+00  6.98249e-01  6.71707e-01  1.28656e+00  1.66757e+00  3.50751e+00
  197  1.04748e+00  4.42506e-01  9.53486e-01 -1.25051e+00  6.46518e-01  3.99705e-01  1.23646e+00 -9.19358e-01  6.97851e-01  3.55150e-01  1.28583e+00 -8.87957e-01  3.50568e+00
  198  1.13637e+00  1.01321e-01 -1.49795e+00  4.81430e-01  6.50800e-01  8.89268e-02  1.23781e+00  2.83063e+00  6.97456e-01  3.90422e-02  1.28560e+00  2.83981e+00  3.50509e+00
  199  1.07158e+00 -2.84967e-01  1.57497e+00  4.36291e-01  6.14744e-01 -2.59916e-01  1.33544e+00  2.70238e-01  6.97317e-01 -2.77191e-01  1.28597e+00  2.84252e-01  3.50605e+00
  200  8.99513e-01 -6.78429e-01 -1.13533e+00 -1.20469e+00  6.34695e-01 -6.46195e-01  1.37012e+00 -2.32656e+00  6.97520e-01 -5.93872e-01  1.28624e+00 -2.27154e+00  3.50742e+00
  201  6.59155e-01 -9.96308e-01  3.03689e-01  1.56412e+00  7.13557e-01 -9.86312e-01  1.26935e+00  1.37902e+00  6.97762e-01 -9.10746e-01  1.28682e+00  1.45563e+00  3.50886e+00
  202  3.48872e-01 -1.16327e+00  6.51316e-01 -1.41515e+00  7.37453e-01 -1.27943e+00  1.21342e+00 -1.13945e+00  6.97703e-01 -1.22826e+00  1.28720e+00 -1.10088e+00  3.50937e+00
  203 -2.03913e-02 -1.17479e+00 -1.38504e+00  8.11565e-01  6.90270e-01 -1.58815e+00  1.28848e+00  2.61157e+00  6.97145e-01 -1.54619e+00  1.28724e+00  2.62506e+00  3.50869e+00
  204 -4.04075e-01 -1.09000e+00  1.62088e+00  7.09087e-02  6.75689e-01 -1.92580e+00  1.31613e+00  4.37193e-02  6.96871e-01 -1.86336e+00  1.28574e+00  6.83304e-02  3.50522e+00
  205 -7.61021e-01 -9.48996e-01 -1.26664e+00 -9.44975e-01  7.39873e-01 -2.24671e+00  1.24867e+00 -2.50062e+00  6.96475e-01 -2.17904e+00  1.28493e+00 -2.48729e+00  3.50439e+00
  206 -1.03619e+00 -7.15902e-01  4.64404e-01  1.51059e+00  7.93105e-01 -2.53700e+00  1.24878e+00  1.27254e+00  6.96320e-01 -2.49489e+00  1.28523e+00  1.24029e+00  3.50572e+00
  207 -1.18151e+00 -3.54896e-01  4.81254e-01 -1.57746e+00  7.60956e-01 -2.84979e+00  1.35999e+00 -1.27468e+00  6.96980e-01 -2.81138e+00  1.28595e+00 -1.31545e+00  3.50665e+00
  208 -1.20086e+00  7.01700e-02 -1.24379e+00  1.12040e+00  7.23492e-01  3.08323e+00  1.40115e+00  2.40834e+00  6.97654e-01 -3.12854e+00  1.28690e+00  2.41133e+00  3.50896e+00
  209 -1.13773e+00  4.48255e-01  1.56867e+00 -2.77359e-01  7.47679e-01  2.76628e+00  1.26883e+00 -1.75003e-01  6.98408e-01  2.83714e+00  1.28734e+00 -1.45230e-01  3.51001e+00
  210 -1.01640e+00  7.26635e-01 -1.34694e+00 -6.83747e-01  7.80530e-01  2.52093e+00  1.14087e+00 -2.67186e+00  6.98127e-01  2.51975e+00  1.28726e+00 -2.70181e+00  3.50837e+00
  211 -7.95760e-01  9.24947e-01  6.82479e-01  1.42646e+00  7.44381e-01  2.28126e+00  1.25028e+00  1.12454e+00  6.97250e-01  2.20213e+00  1.28652e+00  1.02496e+00  3.50502e+00
  212 -4.49657e-01  1.07741e+00  1.80011e-01 -1.66766e+00  6.81499e-01  1.96617e+00  1.40674e+00 -1.46327e+00  6.97316e-01  1.88510e+00  1.28606e+00 -1.53112e+00  3.50389e+00
  213 -4.81033e-02  1.17441e+00 -9.78551e-01  1.33091e+00  6.90774e-01  1.61173e+00  1.36444e+00  2.20479e+00  6.97696e-01  1.56912e+00  1.28528e+00  2.19664e+00  3.50388e+00
  214  3.08705e-01  1.16864e+00  1.47198e+00 -5.53099e-01  7.30510e-01  1.31254e+00  1.23633e+00 -3.59429e-01  6.97751e-01  1.25341e+00  1.28554e+00 -3.58190e-01  3.50491e+00
  215  5.83906e-01  1.01916e+00 -1.50208e+00 -4.05916e-01  6.89822e-01  1.05052e+00  1.21051e+00 -2.87766e+00  6.98019e-01  9.36517e-01  1.28697e+00 -2.91391e+00  3.50794e+00
  216  8.07225e-01  7.30344e-01  1.07363e+00  1.22221e+00  5.92507e-01  7.35438e-01  1.32323e+00  8.50026e-01  6.98417e-01  6.18543e-01  1.28737e+00  8.12769e-01  3.50781e+00
  217  1.00178e+00  3.62608e-01 -3.23248e-01 -1.61203e+00  5.67527e-01  3.47292e-01  1.35156e+00 -1.76869e+00  6.98668e-01  3.01000e-01  1.28722e+00 -1.74351e+00  3.50759e+00
  218  1.11936e+00 -1.40984e-02 -5.51889e-01  1.47099e+00  6.26585e-01 -1.25944e-02  1.23420e+00  1.92973e+00  6.98622e-01 -1.60414e-02  1.28681e+00  1.98365e+00  3.50729e+00
  219  1.08893e+00 -3.68200e-01  1.29103e+00 -8.76170e-01  6.60665e-01 -3.26063e-01  1.21722e+00 -5.96259e-01  6.98057e-01 -3.32693e-01  1.28649e+00 -5.72268e-01  3.50665e+00
  220  9.02600e-01 -6.97298e-01 -1.62479e+00  6.13709e-03  6.50455e-01 -6.57774e-01  1.32000e+00  3.13782e+00  6.97379e-01 -6.49365e-01  1.28604e+00 -3.12815e+00  3.50560e+00
  221  6.06947e-01 -9.90453e-01  1.40749e+00  8.69739e-01  6.74691e-01 -1.02102e+00  1.36874e+00  5.53504e-01  6.97574e-01 -9.65795e-01  1.28574e+00  5.99355e-01  3.50609e+00
  222  2.60172e-01 -1.19459e+00 -6.94890e-01 -1.45095e+00  7.47366e-01 -1.35635e+00  1.29406e+00 -2.01744e+00  6.97964e-01 -1.28191e+00  1.28648e+00 -1.95629e+00  3.50899e+00
  223 -1.02933e-01 -1.23292e+00 -2.68628e-01  1.54995e+00  7.65344e-01 -1.65409e+00  1.23725e+00  1.74241e+00  6.98044e-01 -1.59896e+00  1.28726e+00  1.77057e+00  3.50976e+00
  224 -4.62297e-01 -1.09137e+00  1.13266e+00 -1.14778e+00  7.02405e-01 -1.97147e+00  1.30015e+00 -7.92027e-01  6.97768e-01 -1.91696e+00  1.28791e+00 -7.86598e-01  3.51091e+00
  225 -7.85956e-01 -8.48960e-01 -1.58340e+00  3.62251e-01  6.69230e-01 -2.31768e+00  1.31920e+00  2.91668e+00  6.97831e-01 -2.23485e+00  1.28706e+00  2.93919e+00  3.50818e+00
  226 -1.05204e+00 -5.86964e-01  1.45980e+00  5.63016e-01  7.25662e-01 -2.63268e+00  1.22400e+00  3.68102e-01  6.97560e-01 -2.55141e+00  1.28593e+00  3.82977e-01  3.50501e+00
  227 -1.22314e+00 -3.00872e-01 -8.19969e-01 -1.31793e+00  7.93297e-01 -2.90040e+00  1.20464e+00 -2.12736e+00  6.97125e-01 -2.86748e+00  1.28561e+00 -2.17273e+00  3.50642e+00
  228 -1.24403e+00  5.54204e-02 -8.47742e-02  1.63672e+00  7.75346e-01  3.09707e+00  1.34302e+00  1.62255e+00  6.97222e-01  3.09979e+00  1.28571e+00  1.55496e+00  3.50762e+00
  229 -1.11940e+00  4.55912e-01  9.42758e-01 -1.40262e+00  7.30460e-01  2.75482e+00  1.42807e+00 -9.79013e-01  6.97300e-01  2.78340e+00  1.28612e+00 -1.00094e+00  3.50722e+00
  230 -9.17448e-01  8.05430e-01 -1.47479e+00  6.89366e-01  7.45214e-01  2.42112e+00  1.32511e+00  2.70434e+00  6.98057e-01  2.46668e+00  1.28645e+00  2.72645e+00  3.50807e+00
  231 -6.92244e-01  1.03345e+00  1.50051e+00  2.73946e-01  7.73615e-01  2.16099e+00  1.16329e+00  1.80580e-01  6.98443e-01  2.14940e+00  1.28757e+00  1.70207e-01  3.51016e+00
  232 -4.21747e-01  1.13278e+00 -1.03118e+00 -1.15944e+00  7.30526e-01  1.92721e+00  1.20382e+00 -2.29771e+00  6.98285e-01  1.83087e+00  1.28771e+00 -2.38672e+00  3.50883e+00
  233 -6.30217e-02  1.13997e+00  2.55295e-01  1.63711e+00  6.51752e-01  1.62602e+00  1.37265e+00  1.41610e+00  6.98196e-01  1.51314e+00  1.28677e+00  1.34004e+00  3.50613e+00
  234  3.42245e-01  1.08410e+00  5.90097e-01 -1.54268e+00  6.46200e-01  1.26500e+00  1.36404e+00 -1.20545e+00  6.97920e-01  1.19685e+00  1.28566e+00 -1.21559e+00  3.50503e+00
  235  6.89509e-01  9.51728e-01 -1.26852e+00  9.43798e-01  6.90605e-01  9.43829e-01  1.24995e+00  2.50193e+00  6.97531e-01  8.81123e-01  1.28517e+00  2.51271e+00  3.50420e+00
  236  9.14468e-01  7.09030e-01  1.56595e+00 -4.94460e-02  6.69487e-01  6.59527e-01  1.22732e+00 -3.15653e-02  6.97563e-01  5.65053e-01  1.28588e+00 -4.24744e-02  3.50633e+00
  237  1.02654e+00  3.49190e-01 -1.38052e+00 -8.53740e-01  5.87856e-01  3.27885e-01  1.31736e+00 -2.58774e+00  6.98029e-01  2.48105e-01  1.28682e+00 -2.59843e+00  3.50819e+00
  238  1.06578e+00 -7.51228e-02  7.66175e-01  1.45983e+00  5.70762e-01 -7.03701e-02  1.35907e+00  1.08748e+00  6.98210e-01 -6.91675e-02  1.28701e+00  1.12860e+00  3.50716e+00
  239  1.02991e+00 -4.74597e-01  1.09979e-01 -1.57620e+00  6.42978e-01 -4.31811e-01  1.24824e+00 -1.50113e+00  6.98272e-01 -3.86433e-01  1.28703e+00 -1.42762e+00  3.50679e+00
  240  8.70933e-01 -7.87715e-01 -9.85745e-01  1.19512e+00  6.89509e-01 -7.35268e-01  1.20001e+00  2.26048e+00  6.97862e-01 -7.03714e-01  1.28699e+00  2.29928e+00  3.50744e+00
  241  5.82544e-01 -1.00753e+00  1.54788e+00 -4.35564e-01  6.77237e-01 -1.04657e+00  1.29282e+00 -2.74302e-01  6.97166e-01 -1.02103e+00  1.28648e+00 -2.57293e-01  3.50622e+00
  242  2.11807e-01 -1.15311e+00 -1.57095e+00 -4.77517e-01  6.87264e-01 -1.38914e+00  1.34795e+00 -2.84650e+00  6.97286e-01 -1.33753e+00  1.28543e+00 -2.81325e+00  3.50379e+00
  243 -1.83179e-01 -1.21342e+00  1.02933e+00  1.23598e+00  7.52977e-01 -1.72063e+00  1.29359e+00  8.76367e-01  6.97564e-01 -1.65294e+00  1.28561e+00  9.14539e-01  3.50546e+00
  244 -5.46960e-01 -1.12586e+00 -1.21035e-01 -1.58075e+00  7.83367e-01 -2.02303e+00  1.25671e+00 -1.64722e+00  6.97665e-01 -1.96927e+00  1.28659e+00 -1.64139e+00  3.50702e+00
  245 -8.45507e-01 -8.62885e-01 -8.17243e-01  1.40915e+00  7.29726e-01 -2.34602e+00  1.32679e+00  2.09635e+00  6.97927e-01 -2.28682e+00  1.28748e+00  2.08522e+00  3.50939e+00
  246 -1.06204e+00 -5.03543e-01  1.45213e+00 -7.73449e-01  6.90746e-01 -2.69886e+00  1.35345e+00 -4.89410e-01  6.98326e-01 -2.60474e+00  1.28776e+00 -4.72103e-01  3.50992e+00
  247 -1.19886e+00 -1.55370e-01 -1.56554e+00 -1.35937e-01  7.30707e-01 -3.01271e+00  1.23470e+00 -3.05498e+00  6.98278e-01 -2.92217e+00  1.28703e+00 -3.02890e+00  3.50726e+00
  248 -1.24690e+00  1.52630e-01  1.12670e+00  1.02495e+00  7.89027e-01  3.01979e+00  1.15999e+00  7.38141e-01  6.97865e-01  3.04435e+00  1.28635e+00  6.98184e-01  3.50630e+00
  249 -1.15504e+00  4.60645e-01 -3.17274e-01 -1.57921e+00  7.73154e-01  2.76211e+00  1.29728e+00 -1.76906e+00  6.97306e-01  2.72817e+00  1.28592e+00 -1.85755e+00  3.50738e+00
  250 -9.13562e-01  7.79939e-01 -5.77259e-01  1.58925e+00  7.21450e-01  2.43494e+00  1.42947e+00  1.91921e+00  6.96962e-01  2.41159e+00  1.28592e+00  1.86969e+00  3.50612e+00
  251 -5.98143e-01  1.05084e+00  1.27438e+00 -1.05323e+00  7.31015e-01  2.08827e+00  1.36667e+00 -6.90674e-01  6.97393e-01  2.09521e+00  1.28541e+00 -6.85821e-01  3.50542e+00
  252 -2.89524e-01  1.20209e+00 -1.54671e+00  1.54648e-01  7.64418e-01  1.80715e+00  1.20811e+00  3.04194e+00  6.97887e-01  1.77884e+00  1.28652e+00  3.04199e+00  3.50810e+00
  253  5.45092e-03  1.20240e+00  1.31320e+00  8.06571e-01  7.22901e-01  1.56626e+00  1.18752e+00  5.50798e-01  6.98279e-01  1.46079e+00  1.28789e+00  4.85387e-01  3.51113e+00
  254  3.30776e-01  1.07318e+00 -6.82467e-01 -1.48669e+00  6.30561e-01  1.27181e+00  1.33800e+00 -2.00115e+00  6.98426e-01  1.14232e+00  1.28741e+00 -2.07141e+00  3.50871e+00
  255  6.80089e-01  8.65204e-01 -1.44890e-01  1.64514e+00  6.05550e-01  9.04622e-01  1.36373e+00  1.65864e+00  6.98155e-01  8.24987e-01  1.28644e+00  1.65569e+00  3.50738e+00
  256  9.66160e-01  6.06065e-01  9.49544e-01 -1.26457e+00  6.50390e-01  5.60246e-01  1.25039e+00 -9.26732e-01  6.97671e-01  5.08544e-01  1.28561e+00 -8.99723e-01  3.50528e+00
  257  1.10899e+00  2.87631e-01 -1.48908e+00  4.95040e-01  6.56290e-01  2.53772e-01  1.23122e+00  2.82064e+00  6.97315e-01  1.92504e-01  1.28544e+00  2.82817e+00  3.50500e+00
  258  1.10006e+00 -9.61209e-02  1.56890e+00  4.26008e-01  6.09684e-01 -8.71566e-02  1.32146e+00  2.65140e-01  6.97357e-01 -1.23684e-01  1.28600e+00  2.72647e-01  3.50640e+00
  259  9.82087e-01 -5.08945e-01 -1.14228e+00 -1.19983e+00  6.11760e-01 -4.78123e-01  1.37220e+00 -2.33163e+00  6.97546e-01 -4.40462e-01  1.28637e+00 -2.28322e+00  3.50724e+00
  260  7.91165e-01 -8.66997e-01  3.27288e-01  1.56552e+00  6.88813e-01 -8.31099e-01  1.27898e+00  1.36470e+00  6.97767e-01 -7.57447e-01  1.28683e+00  1.44392e+00  3.50807e+00
  261  5.18172e-01 -1.09107e+00  6.21891e-01 -1.42279e+00  7.29463e-01 -1.12741e+00  1.20555e+00 -1.15873e+00  6.97714e-01 -1.07493e+00  1.28709e+00 -1.11251e+00  3.50870e+00
  262  1.64770e-01 -1.16689e+00 -1.36762e+00  8.25739e-01  6.94393e-01 -1.43052e+00  1.27611e+00  2.59840e+00  6.97133e-01 -1.39275e+00  1.28714e+00  2.61358e+00  3.50816e+00
  263 -2.24677e-01 -1.14144e+00  1.62652e+00  5.30538e-02  6.76679e-01 -1.76515e+00  1.32419e+00  3.26064e-02  6.96837e-01 -1.70989e+00  1.28571e+00  5.69026e-02  3.50488e+00
  264 -6.04062e-01 -1.05063e+00 -1.29395e+00 -9.28291e-01  7.34355e-01 -2.09260e+00  1.26801e+00 -2.51928e+00  6.96561e-01 -2.02547e+00  1.28489e+00 -2.49867e+00  3.50405e+00
  265 -9.17989e-01 -8.59273e-01  5.00021e-01  1.49874e+00  7.90527e-01 -2.38922e+00  1.24813e+00  1.24878e+00  6.96389e-01 -2.34124e+00  1.28533e+00  1.22891e+00  3.50555e+00
  266 -1.11689e+00 -5.25952e-01  4.52693e-01 -1.57507e+00  7.62029e-01 -2.70149e+00  1.34289e+00 -1.29093e+00  6.97032e-01 -2.65792e+00  1.28608e+00 -1.32695e+00  3.50658e+00
  267 -1.19482e+00 -1.07997e-01 -1.23020e+00  1.13119e+00  7.19626e-01 -3.05145e+00  1.39648e+00  2.39810e+00  6.97706e-01 -2.97524e+00  1.28709e+00  2.39970e+00  3.50921e+00
  268 -1.18365e+00  2.80630e-01  1.57178e+00 -2.99491e-01  7.39895e-01  2.90880e+00  1.28009e+00 -1.88286e-01  6.98329e-01  2.99026e+00  1.28739e+00 -1.57051e-01  3.50995e+00
  269 -1.10650e+00  5.81504e-01 -1.36243e+00 -6.57760e-01  7.81241e-01  2.65773e+00  1.14444e+00 -2.69181e+00  6.98114e-01  2.67300e+00  1.28709e+00 -2.71359e+00  3.50803e+00
  270 -9.25220e-01  8.13642e-01  7.00031e-01  1.40868e+00  7.59023e-01  2.42027e+00  1.23721e+00  1.10960e+00  6.97161e-01  2.35576e+00  1.28634e+00  1.01332e+00  3.50530e+00
  271 -6.08738e-01  1.01113e+00  1.68449e-01 -1.66767e+00  6.96473e-01  2.11271e+00  1.40475e+00 -1.47013e+00  6.97047e-01  2.03874e+00  1.28602e+00 -1.54275e+00  3.50413e+00
  272 -2.20123e-01  1.15982e+00 -9.73769e-01  1.34703e+00  6.96817e-01  1.75836e+00  1.38135e+00  2.19673e+00  6.97539e-01  1.72255e+00  1.28531e+00  2.18487e+00  3.50398e+00
  273  1.40604e-01  1.20704e+00  1.47009e+00 -5.75313e-01  7.38352e-01  1.45483e+00  1.24608e+00 -3.73023e-01  6.97707e-01  1.40680e+00  1.28554e+00 -3.69989e-01  3.50510e+00
  274  4.33303e-01  1.10864e+00 -1.49814e+00 -3.88527e-01  7.08417e-01  1.19821e+00  1.19769e+00 -2.88784e+00  6.97980e-01  1.08986e+00  1.28704e+00 -2.92575e+00  3.50829e+00
  275  6.87222e-01  8.65272e-01  1.06689e+00  1.21694e+00  6.10485e-01  8.99586e-01  1.30960e+00  8.51003e-01  6.98353e-01  7.71691e-01  1.28747e+00  8.00824e-01  3.50811e+00
  276  9.26249e-01  5.31892e-01 -3.19991e-01 -1.61878e+00  5.70423e-01  5.21266e-01  1.36142e+00 -1.76596e+00  6.98608e-01  4.53991e-01  1.28716e+00 -1.75550e+00  3.50768e+00
  277  1.10033e+00  1.73066e-01 -5.45785e-01  1.48368e+00  6.20341e-01  1.56007e-01  1.24960e+00  1.92329e+00  6.98546e-01  1.36972e-01  1.28666e+00  1.97172e+00  3.50722e+00
  278  1.13076e+00 -1.83404e-01  1.27941e+00 -8.90214e-01  6.56125e-01 -1.60795e-01  1.21468e+00 -6.07903e-01  6.98066e-01 -1.79549e-01  1.28629e+00 -5.84059e-01  3.50628e+00
  279  9.99369e-01 -5.35612e-01 -1.61889e+00  2.03406e-02  6.42809e-01 -4.91993e-01  1.31060e+00  3.12903e+00  6.97420e-01 -4.96009e-01  1.28599e+00 -3.13980e+00  3.50552e+00
  280  7.47457e-01 -8.69428e-01  1.41812e+00  8.57818e-01  6.57299e-01 -8.60691e-01  1.37346e+00  5.44013e-01  6.97484e-01 -8.12517e-01  1.28585e+00  5.87693e-01  3.50638e+00
  281  4.31631e-01 -1.12850e+00 -7.24280e-01 -1.44462e+00  7.29903e-01 -1.20548e+00  1.30576e+00 -2.03553e+00  6.97860e-01 -1.12881e+00  1.28647e+00 -1.96799e+00  3.50920e+00
  282  8.24408e-02 -1.23214e+00 -2.32371e-01  1.55080e+00  7.62477e-01 -1.50399e+00  1.22948e+00  1.71953e+00  6.97978e-01 -1.44588e+00  1.28719e+00  1.75888e+00  3.50996e+00
  283 -2.85171e-01 -1.15520e+00  1.10775e+00 -1.15664e+00  7.07905e-01 -1.81282e+00  1.28246e+00 -8.06983e-01  6.97619e-01 -1.76381e+00  1.28779e+00 -7.98220e-01  3.51069e+00
  284 -6.36497e-01 -9.63586e-01 -1.58069e+00  3.77640e-01  6.66813e-01 -2.15455e+00  1.32060e+00  2.90708e+00  6.97505e-01 -2.08175e+00  1.28691e+00  2.92756e+00  3.50808e+00
  285 -9.42378e-01 -7.36090e-01  1.47887e+00  5.45081e-01  7.14952e-01 -2.47848e+00  1.24209e+00  3.53130e-01  6.97261e-01 -2.39824e+00  1.28565e+00  3.71382e-01  3.50483e+00
  286 -1.16388e+00 -4.71910e-01 -8.49943e-01 -1.30184e+00  7.88654e-01 -2.75639e+00  1.20860e+00 -2.14919e+00  6.96781e-01 -2.71418e+00  1.28540e+00 -2.18428e+00  3.50605e+00
  287 -1.24357e+00 -1.22839e-01 -5.76807e-02  1.62933e+00  7.80781e-01 -3.04313e+00  1.32903e+00  1.60618e+00  6.97033e-01 -3.03016e+00  1.28557e+00  1.54340e+00  3.50712e+00
  288 -1.17605e+00  2.89319e-01  9.26482e-01 -1.41028e+00  7.33405e-01  2.90037e+00  1.42363e+00 -9.89551e-01  6.97306e-01  2.93663e+00  1.28622e+00 -1.01249e+00  3.50751e+00
  289 -1.01916e+00  6.65797e-01 -1.47181e+00  7.11330e-01  7.40990e-01  2.56292e+00  1.33611e+00  2.69139e+00  6.98116e-01  2.61971e+00  1.28667e+00  2.71468e+00  3.50865e+00
  290 -8.26687e-01  9.30035e-01  1.50840e+00  2.45727e-01  7.74189e-01  2.29743e+00  1.16782e+00  1.61487e-01  6.98491e-01  2.30244e+00  1.28754e+00  1.58362e-01  3.50997e+00
  291 -5.80802e-01  1.07325e+00 -1.04149e+00 -1.13759e+00  7.44601e-01  2.06683e+00  1.18941e+00 -2.31212e+00  6.98075e-01  1.98409e+00  1.28753e+00 -2.39849e+00  3.50802e+00
  292 -2.35406e-01  1.13124e+00  2.60945e-01  1.63186e+00  6.67555e-01  1.77596e+00  1.36553e+00  1.41223e+00  6.97965e-01  1.66638e+00  1.28666e+00  1.32830e+00  3.50522e+00
  293  1.73959e-01  1.12945e+00  5.88416e-01 -1.55314e+00  6.52957e-01  1.41798e+00  1.37925e+00 -1.20865e+00  6.97915e-01  1.35013e+00  1.28568e+00 -1.22738e+00  3.50459e+00
  294  5.42971e-01  1.04937e+00 -1.26589e+00  9.60742e-01  6.97997e-01  1.09331e+00  1.26275e+00  2.49239e+00  6.97667e-01  1.03449e+00  1.28518e+00  2.50095e+00  3.50410e+00
  295  8.02856e-01  8.52128e-01  1.55914e+00 -6.38421e-02  6.85350e-01  8.15161e-01  1.21750e+00 -4.09240e-02  6.97701e-01  7.18407e-01  1.28600e+00 -5.41997e-02  3.50627e+00
  296  9.59852e-01  5.25165e-01 -1.37199e+00 -8.47406e-01  5.98557e-01  5.00638e-01  1.30023e+00 -2.58830e+00  6.98171e-01  4.01262e-01  1.28700e+00 -2.61023e+00  3.50828e+00
  297  1.05282e+00  1.15459e-01  7.64470e-01  1.46270e+00  5.60877e-01  1.09230e-01  1.36195e+00  1.08920e+00  6.98403e-01  8.38593e-02  1.28712e+00  1.11673e+00  3.50729e+00
  298  1.07712e+00 -2.91114e-01  9.85927e-02 -1.58513e+00  6.22466e-01 -2.63964e-01  1.26118e+00 -1.50868e+00  6.98461e-01 -2.33383e-01  1.28709e+00 -1.43948e+00  3.50695e+00
  299  9.76599e-01 -6.33044e-01 -9.67547e-01  1.20750e+00  6.77245e-01 -5.75118e-01  1.19710e+00  2.24632e+00  6.98082e-01 -5.50517e-01  1.28692e+00  2.28753e+00  3.50733e+00
  300  7.32987e-01 -8.98823e-01  1.53759e+00 -4.51364e-01  6.72577e-01 -8.86678e-01  1.28396e+00 -2.85531e-01  6.97308e-01 -8.67672e-01  1.28648e+00 -2.68857e-01  3.50633e+00
  301  3.88249e-01 -1.09963e+00 -1.58037e+00 -4.60727e-01  6.79961e-01 -1.23139e+00  1.35492e+00 -2.85792e+00  6.97358e-01 -1.18429e+00  1.28557e+00 -2.82480e+00  3.50431e+00
  302  1.60834e-03 -1.21968e+00  1.05966e+00  1.22293e+00  7.43815e-01 -1.56948e+00  1.30921e+00  8.56803e-01  6.97785e-01 -1.49988e+00  1.28575e+00  9.02964e-01  3.50601e+00
  303 -3.72506e-01 -1.19383e+00 -1.59842e-01 -1.57437e+00  7.81989e-01 -1.87325e+00  1.25210e+00 -1.67198e+00  6.97922e-01 -1.81621e+00  1.28679e+00 -1.65298e+00  3.50776e+00
  304 -7.01738e-01 -9.84864e-01 -7.87492e-01  1.41168e+00  7.31196e-01 -2.18988e+00  1.30649e+00  2.07964e+00  6.97981e-01 -2.13380e+00  1.28763e+00  2.07356e+00  3.50982e+00
  305 -9.64032e-01 -6.60612e-01  1.44170e+00 -7.85743e-01  6.82883e-01 -2.54083e+00  1.34794e+00 -4.99005e-01  6.98307e-01 -2.45181e+00  1.28781e+00 -4.83862e-01  3.51003e+00
  306 -1.15168e+00 -3.28363e-01 -1.57564e+00 -1.16626e-01  7.17096e-01 -2.86385e+00  1.24813e+00 -3.06771e+00  6.98250e-01 -2.76915e+00  1.28691e+00 -3.04068e+00  3.50678e+00
  307 -1.25265e+00 -2.24473e-02  1.15008e+00  1.00416e+00  7.84824e-01 -3.12367e+00  1.16551e+00  7.17763e-01  6.97823e-01 -3.08572e+00  1.28624e+00  6.86474e-01  3.50602e+00
  308 -1.21529e+00  2.97462e-01 -3.41782e-01 -1.56625e+00  7.82709e-01  2.90155e+00  1.28498e+00 -1.78565e+00  6.97452e-01  2.88142e+00  1.28587e+00 -1.86918e+00  3.50779e+00
  309 -1.02232e+00  6.44837e-01 -5.60317e-01  1.59284e+00  7.30473e-01  2.57886e+00  1.42555e+00  1.90905e+00  6.97052e-01  2.56505e+00  1.28598e+00  1.85814e+00  3.50681e+00
  310 -7.40944e-01  9.55850e-01  1.26776e+00 -1.07318e+00  7.31324e-01  2.23021e+00  1.37946e+00 -7.02470e-01  6.97423e-01  2.24856e+00  1.28559e+00 -6.97502e-01  3.50589e+00
  311 -4.51486e-01  1.15310e+00 -1.54835e+00  1.82206e-01  7.66736e-01  1.94399e+00  1.21530e+00  3.02445e+00  6.98005e-01  1.93208e+00  1.28663e+00  3.03021e+00  3.50839e+00
  312 -1.64366e-01  1.20308e+00  1.31643e+00  7.83861e-01  7.37213e-01  1.70658e+00  1.17371e+00  5.37063e-01  6.98359e-01  1.61400e+00  1.28795e+00  4.73564e-01  3.51129e+00
  313  1.66007e-01  1.12581e+00 -6.82090e-01 -1.47879e+00  6.47506e-01  1.42440e+00  1.32604e+00 -2.00296e+00  6.98469e-01  1.29552e+00  1.28744e+00 -2.08327e+00  3.50871e+00
  314  5.37333e-01  9.68452e-01 -1.46498e-01  1.65220e+00  6.13313e-01  1.06425e+00  1.37561e+00  1.65923e+00  6.98123e-01  9.78282e-01  1.28636e+00  1.64384e+00  3.50714e+00
  315  8.62083e-01  7.53251e-01  9.46772e-01 -1.27865e+00  6.55287e-01  7.18126e-01  1.26566e+00 -9.33437e-01  6.97587e-01  6.61987e-01  1.28544e+00 -9.11469e-01  3.50495e+00
  316  1.05459e+00  4.66008e-01 -1.48099e+00  5.08824e-01  6.64661e-01  4.16086e-01  1.22612e+00  2.81066e+00  6.97236e-01  3.46015e-01  1.28535e+00  2.81655e+00  3.50497e+00
  317  1.09999e+00  9.49350e-02  1.56134e+00  4.16231e-01  6.09498e-01  8.60918e-02  1.30552e+00  2.60527e-01  6.97441e-01  2.97996e-02  1.28607e+00  2.61037e-01  3.50685e+00
  318  1.03752e+00 -3.27080e-01 -1.14527e+00 -1.19611e+00  5.91717e-01 -3.05389e-01  1.37117e+00 -2.33448e+00  6.97651e-01 -2.87072e-01  1.28651e+00 -2.29490e+00  3.50725e+00
  319  9.00589e-01 -7.16368e-01  3.46503e-01  1.56810e+00  6.62122e-01 -6.71957e-01  1.28949e+00  1.35332e+00  6.97835e-01 -6.04158e-01  1.28688e+00  1.43220e+00  3.50738e+00
  320  6.72873e-01 -9.90849e-01  5.94671e-01 -1.43107e+00  7.17270e-01 -9.74244e-01  1.20079e+00 -1.17696e+00  6.97779e-01 -9.21603e-01  1.28702e+00 -1.12416e+00  3.50803e+00
  321  3.45356e-01 -1.12816e+00 -1.34973e+00  8.40053e-01  6.96006e-01 -1.27373e+00  1.26372e+00  2.58487e+00  6.97170e-01 -1.23930e+00  1.28706e+00  2.60210e+00  3.50772e+00
  322 -4.03495e-02 -1.16356e+00  1.63051e+00  3.50664e-02  6.77755e-01 -1.60546e+00  1.32990e+00  2.15030e-02  6.96889e-01 -1.55642e+00  1.28574e+00  4.54843e-02  3.50464e+00
  323 -4.33873e-01 -1.12732e+00 -1.32046e+00 -9.11633e-01  7.29545e-01 -1.93819e+00  1.28735e+00 -2.53735e+00  6.96789e-01 -1.87197e+00  1.28494e+00 -2.51007e+00  3.50377e+00
  324 -7.79094e-01 -9.84157e-01  5.36777e-01  1.48708e+00  7.87776e-01 -2.24042e+00  1.24977e+00  1.22439e+00  6.96640e-01 -2.18766e+00  1.28552e+00  1.21753e+00  3.50558e+00
  325 -1.02618e+00 -6.86951e-01  4.22029e-01 -1.57229e+00  7.62471e-01 -2.55168e+00  1.32510e+00 -1.30856e+00  6.97180e-01 -2.50449e+00  1.28630e+00 -1.33844e+00  3.50671e+00
  326 -1.16123e+00 -2.84882e-01 -1.21499e+00  1.14077e+00  7.14804e-01 -2.90102e+00  1.38878e+00  2.38769e+00  6.97828e-01 -2.82196e+00  1.28729e+00  2.38805e+00  3.50944e+00
  327 -1.20399e+00  1.06865e-01  1.57431e+00 -3.20108e-01  7.30504e-01  3.05307e+00  1.29047e+00 -2.00597e-01  6.98281e-01 -3.13975e+00  1.28743e+00 -1.68858e-01  3.50970e+00
  328 -1.17440e+00  4.23900e-01 -1.37877e+00 -6.32623e-01  7.79452e-01  2.79520e+00  1.15060e+00 -2.71142e+00  6.98119e-01  2.82624e+00  1.28695e+00 -2.72537e+00  3.50764e+00
  329 -1.03699e+00  6.84197e-01  7.19779e-01  1.39026e+00  7.71737e-01  2.55837e+00  1.22545e+00  1.09307e+00  6.97223e-01  2.50935e+00  1.28622e+00  1.00168e+00  3.50581e+00
  330 -7.56270e-01  9.22475e-01  1.54329e-01 -1.66635e+00  7.11452e-01  2.25751e+00  1.40026e+00 -1.47844e+00  6.96880e-01  2.19244e+00  1.28599e+00 -1.55433e+00  3.50478e+00
  331 -3.87740e-01  1.12048e+00 -9.67419e-01  1.36281e+00  7.02907e-01  1.90395e+00  1.39657e+00  2.18812e+00  6.97363e-01  1.87604e+00  1.28536e+00  2.17315e+00  3.50422e+00
  332 -3.02899e-02  1.21975e+00  1.46848e+00 -5.98911e-01  7.44357e-01  1.59562e+00  1.25757e+00 -3.87249e-01  6.97648e-01  1.56022e+00  1.28554e+00 -3.81777e-01  3.50538e+00
  333  2.72758e-01  1.17311e+00 -1.49591e+00 -3.68645e-01  7.25286e-01  1.34235e+00  1.18682e+00 -2.89997e+00  6.97955e-01  1.24324e+00  1.28711e+00 -2.93758e+00  3.50882e+00
  334  5.50319e-01  9.78324e-01  1.06144e+00  1.20940e+00  6.29985e-01  1.05840e+00  1.29466e+00  8.50463e-01  6.98302e-01  9.24920e-01  1.28758e+00  7.88893e-01  3.50867e+00
  335  8.27786e-01  6.85474e-01 -3.16008e-01 -1.62453e+00  5.77552e-01  6.91630e-01  1.36948e+00 -1.76292e+00  6.98504e-01  6.07072e-01  1.28709e+00 -1.76748e+00  3.50779e+00
  336  1.05411e+00  3.53501e-01 -5.41871e-01  1.49646e+00  6.18051e-01  3.23570e-01  1.26651e+00  1.91821e+00  6.98381e-01  2.90066e-01  1.28648e+00  1.95980e+00  3.50704e+00
  337  1.14402e+00  5.33078e-03  1.26916e+00 -9.04312e-01  6.54400e-01  4.65968e-03  1.21427e+00 -6.19085e-01  6.97954e-01 -2.63573e-02  1.28605e+00 -5.95839e-01  3.50585e+00
  338  1.06972e+00 -3.59604e-01 -1.61184e+00  3.38455e-02  6.36809e-01 -3.24298e-01  1.29959e+00  3.12060e+00  6.97422e-01 -3.42623e-01  1.28589e+00  3.13174e+00  3.50540e+00
  339  8.66747e-01 -7.25873e-01  1.42533e+00  8.47068e-01  6.39071e-01 -6.97174e-01  1.37455e+00  5.36215e-01  6.97407e-01 -6.59146e-01  1.28596e+00  5.76038e-01  3.50650e+00
  340  5.89571e-01 -1.03431e+00 -7.50132e-01 -1.43951e+00  7.08699e-01 -1.05272e+00  1.31744e+00 -2.05118e+00  6.97751e-01 -9.75610e-01  1.28646e+00 -1.97969e+00  3.50902e+00
  341  2.64153e-01 -1.20074e+00 -1.97454e-01  1.55262e+00  7.55778e-01 -1.35425e+00  1.22481e+00  1.69729e+00  6.97893e-01 -1.29272e+00  1.28710e+00  1.74720e+00  3.50986e+00
  342 -1.01367e-01 -1.19024e+00  1.08205e+00 -1.16611e+00  7.13479e-01 -1.65576e+00  1.26533e+00 -8.22772e-01  6.97518e-01 -1.61058e+00  1.28764e+00 -8.09811e-01  3.51028e+00
  343 -4.71829e-01 -1.05500e+00 -1.57676e+00  3.93306e-01  6.67820e-01 -1.99135e+00  1.32043e+00  2.89714e+00  6.97220e-01 -1.92850e+00  1.28677e+00  2.91600e+00  3.50784e+00
  344 -8.11273e-01 -8.68898e-01  1.49773e+00  5.27407e-01  7.06574e-01 -2.32191e+00  1.26067e+00  3.38578e-01  6.96980e-01 -2.24494e+00  1.28540e+00  3.59853e-01  3.50462e+00
  345 -1.07884e+00 -6.34115e-01 -8.81145e-01 -1.28625e+00  7.82994e-01 -2.61021e+00  1.21543e+00 -2.17142e+00  6.96476e-01 -2.56072e+00  1.28520e+00 -2.19576e+00  3.50570e+00
  346 -1.21581e+00 -3.00651e-01 -2.87535e-02  1.62162e+00  7.84291e-01 -2.89917e+00  1.31524e+00  1.58853e+00  6.96811e-01 -2.87680e+00  1.28547e+00  1.53188e+00  3.50655e+00
  347 -1.20753e+00  1.15086e-01  9.08773e-01 -1.41661e+00  7.35686e-01  3.04657e+00  1.41633e+00 -1.00041e+00  6.97281e-01  3.08989e+00  1.28631e+00 -1.02403e+00  3.50767e+00
  348 -1.10014e+00  5.12200e-01 -1.46825e+00  7.31847e-01  7.36327e-01  2.70586e+00  1.34569e+00  2.67919e+00  6.98115e-01  2.77275e+00  1.28687e+00  2.70292e+00  3.50917e+00
  349 -9.45230e-01  8.07827e-01  1.51716e+00  2.18005e-01  7.73023e-01  2.43441e+00  1.17465e+00  1.42716e-01  6.98504e-01  2.45547e+00  1.28749e+00  1.46512e-01  3.50982e+00
  350 -7.29444e-01  9.91216e-01 -1.05420e+00 -1.11478e+00  7.57299e-01  2.20522e+00  1.17703e+00 -2.32827e+00  6.97863e-01  2.13740e+00  1.28730e+00 -2.41023e+00  3.50735e+00
  351 -4.04367e-01  1.09779e+00  2.69291e-01  1.62515e+00  6.84328e-01  1.92372e+00  1.35682e+00  1.40659e+00  6.97644e-01  1.81974e+00  1.28651e+00  1.31660e+00  3.50448e+00
  352  1.28108e-03  1.14966e+00  5.85304e-01 -1.56322e+00  6.60856e-01  1.56968e+00  1.39312e+00 -1.21253e+00  6.97828e-01  1.50344e+00  1.28569e+00 -1.23915e+00  3.50419e+00
  353  3.84567e-01  1.12315e+00 -1.26363e+00  9.78746e-01  7.04684e-01  1.24091e+00  1.27736e+00  2.48256e+00  6.97751e-01  1.18782e+00  1.28518e+00  2.48916e+00  3.50405e+00
  354  6.72827e-01  9.74844e-01  1.55356e+00 -7.98585e-02  7.01508e-01  9.66685e-01  1.20997e+00 -5.13582e-02  6.97799e-01  8.71732e-01  1.28610e+00 -6.59676e-02  3.50619e+00
  355  8.69504e-01  6.87088e-01 -1.36357e+00 -8.40047e-01  6.14063e-01  6.68741e-01  1.28250e+00 -2.58945e+00  6.98239e-01  5.54395e-01  1.28717e+00 -2.62207e+00  3.50828e+00
  356  1.01275e+00  3.00971e-01  7.60474e-01  1.46566e+00  5.58119e-01  2.88870e-01  1.36324e+00  1.09217e+00  6.98534e-01  2.36824e-01  1.28720e+00  1.10480e+00  3.50736e+00
  357  1.09622e+00 -1.02174e-01  9.08493e-02 -1.59484e+00  6.06066e-01 -9.29372e-02  1.27588e+00 -1.51389e+00  6.98612e-01 -8.04060e-02  1.28712e+00 -1.45139e+00  3.50724e+00
  358  1.05669e+00 -4.62474e-01 -9.51750e-01  1.22021e+00  6.65237e-01 -4.12547e-01  1.19737e+00  2.23321e+00  6.98282e-01 -3.97403e-01  1.28684e+00  2.27573e+00  3.50726e+00
  359  8.64037e-01 -7.65909e-01  1.52700e+00 -4.66668e-01  6.66588e-01 -7.25268e-01  1.27476e+00 -2.96596e-01  6.97468e-01 -7.14356e-01  1.28644e+00 -2.80479e-01  3.50636e+00
  360  5.53530e-01 -1.01724e+00 -1.58737e+00 -4.44711e-01  6.70585e-01 -1.07246e+00  1.35875e+00 -2.86844e+00  6.97379e-01 -1.03105e+00  1.28570e+00 -2.83638e+00  3.50486e+00
  361  1.84350e-01 -1.19570e+00  1.08763e+00  1.21065e+00  7.31843e-01 -1.41782e+00  1.32431e+00  8.38872e-01  6.97869e-01 -1.34686e+00  1.28584e+00  8.91332e-01  3.50665e+00
  362 -1.90375e-01 -1.23349e+00 -1.98381e-01 -1.56875e+00  7.78872e-01 -1.72393e+00  1.25017e+00 -1.69659e+00  6.98062e-01 -1.66322e+00  1.28691e+00 -1.66462e+00  3.50854e+00
  363 -5.41162e-01 -1.08431e+00 -7.56320e-01  1.41454e+00  7.34296e-01 -2.03371e+00  1.28647e+00  2.06180e+00  6.97978e-01 -1.98080e+00  1.28769e+00  2.06190e+00  3.51015e+00
  364 -8.42758e-01 -8.03201e-01  1.42987e+00 -7.97667e-01  6.77686e-01 -2.38022e+00  1.34040e+00 -5.08857e-01  6.98161e-01 -2.29891e+00  1.28782e+00 -4.95600e-01  3.51016e+00
  365 -1.07814e+00 -4.94762e-01 -1.58534e+00 -9.83434e-02  7.03589e-01 -2.71136e+00  1.26148e+00 -3.07964e+00  6.98147e-01 -2.61618e+00  1.28674e+00 -3.05244e+00  3.50646e+00
  366 -1.23149e+00 -1.98378e-01  1.17425e+00  9.84352e-01  7.77967e-01 -2.98188e+00  1.17391e+00  6.97650e-01  6.97678e-01 -2.93263e+00  1.28608e+00  6.74783e-01  3.50570e+00
  367 -1.25053e+00  1.25805e-01 -3.67875e-01 -1.55304e+00  7.89823e-01  3.04133e+00  1.27363e+00 -1.80338e+00  6.97459e-01  3.03456e+00  1.28578e+00 -1.88083e+00  3.50782e+00
  368 -1.11049e+00  4.94411e-01 -5.41712e-01  1.59499e+00  7.38819e-01  2.72272e+00  1.41872e+00  1.89821e+00  6.97155e-01  2.71839e+00  1.28601e+00  1.84660e+00  3.50729e+00
  369 -8.68995e-01  8.40673e-01  1.26013e+00 -1.09189e+00  7.30941e-01  2.37276e+00  1.39007e+00 -7.13991e-01  6.97492e-01  2.40183e+00  1.28580e+00 -7.09168e-01  3.50643e+00
  370 -6.04635e-01  1.08071e+00 -1.55049e+00  2.09933e-01  7.66759e-01  2.08089e+00  1.22405e+00  3.00701e+00  6.98148e-01  2.08523e+00  1.28676e+00  3.01842e+00  3.50865e+00
  371 -3.31845e-01  1.17842e+00  1.32177e+00  7.59381e-01  7.49399e-01  1.84529e+00  1.16186e+00  5.21473e-01  6.98402e-01  1.76715e+00  1.28797e+00  4.61746e-01  3.51108e+00
  372 -4.01394e-03  1.15282e+00 -6.84014e-01 -1.46866e+00  6.64504e-01  1.57428e+00  1.31242e+00 -2.00666e+00  6.98463e-01  1.44867e+00  1.28743e+00 -2.09510e+00  3.50832e+00
  373  3.81498e-01  1.04798e+00 -1.47285e-01  1.65804e+00  6.21899e-01  1.22168e+00  1.38540e+00  1.65939e+00  6.98128e-01  1.13156e+00  1.28632e+00  1.63202e+00  3.50674e+00
  374  7.38016e-01  8.81113e-01  9.44841e-01 -1.29280e+00  6.60513e-01  8.73548e-01  1.28203e+00 -9.39665e-01  6.97604e-01  8.15424e-01  1.28533e+00 -9.23214e-01  3.50468e+00
  375  9.75021e-01  6.32143e-01 -1.47384e+00  5.23038e-01  6.75136e-01  5.75206e-01  1.22289e+00  2.80058e+00  6.97256e-01  4.99530e-01  1.28533e+00  2.80491e+00  3.50495e+00
  376  1.07193e+00  2.83125e-01  1.55283e+00  4.06639e-01  6.14601e-01  2.58229e-01  1.28832e+00  2.56119e-01  6.97566e-01  1.83230e-01  1.28618e+00  2.49402e-01  3.50729e+00
  377  1.06486e+00 -1.37772e-01 -1.14472e+00 -1.19335e+00  5.76459e-01 -1.28665e-01  1.36723e+00 -2.33540e+00  6.97827e-01 -1.33750e-01  1.28666e+00 -2.30662e+00  3.50743e+00
  378  9.84860e-01 -5.48505e-01  3.61201e-01  1.57184e+00  6.35403e-01 -5.08153e-01  1.30058e+00  1.34492e+00  6.97966e-01 -4.50915e-01  1.28696e+00  1.42045e+00  3.50695e+00
  379  8.08963e-01 -8.65312e-01  5.70195e-01 -1.43997e+00  7.01594e-01 -8.19041e-01  1.19931e+00 -1.19376e+00  6.97903e-01 -7.68308e-01  1.28697e+00 -1.13585e+00  3.50748e+00
  380  5.16670e-01 -1.05938e+00 -1.33176e+00  8.54359e-01  6.94616e-01 -1.11703e+00  1.25176e+00  2.57120e+00  6.97255e-01 -1.08587e+00  1.28700e+00  2.59059e+00  3.50743e+00
  381  1.44344e-01 -1.15529e+00  1.63275e+00  1.71390e-02  6.77766e-01 -1.44650e+00  1.33309e+00  1.04966e-02  6.96979e-01 -1.40298e+00  1.28581e+00  3.40518e-02  3.50460e+00
  382 -2.54531e-01 -1.17656e+00 -1.34567e+00 -8.95066e-01  7.24535e-01 -1.78385e+00  1.30599e+00 -2.55464e+00  6.97082e-01 -1.71859e+00  1.28506e+00 -2.52149e+00  3.50366e+00
  383 -6.22802e-01 -1.08705e+00  5.74208e-01  1.47566e+00  7.84777e-01 -2.09107e+00  1.25364e+00  1.19970e+00  6.97014e-01 -2.03421e+00  1.28576e+00  1.20612e+00  3.50581e+00
  384 -9.11311e-01 -8.33884e-01  3.89350e-01 -1.56931e+00  7.62925e-01 -2.40053e+00  1.30716e+00 -1.32760e+00  6.97396e-01 -2.35115e+00  1.28657e+00 -1.34997e+00  3.50704e+00
  385 -1.10028e+00 -4.56578e-01 -1.19805e+00  1.14934e+00  7.09541e-01 -2.74825e+00  1.37816e+00  2.37694e+00  6.97985e-01 -2.66876e+00  1.28750e+00  2.37639e+00  3.50973e+00
  386 -1.19756e+00 -6.95416e-02  1.57612e+00 -3.39238e-01  7.19497e-01 -3.08359e+00  1.29962e+00 -2.12001e-01  6.98290e-01 -2.98659e+00  1.28746e+00 -1.80659e-01  3.50933e+00
  387 -1.21814e+00  2.56893e-01 -1.39568e+00 -6.08559e-01  7.74930e-01  2.93375e+00  1.15914e+00 -2.73042e+00  6.98126e-01  2.97944e+00  1.28684e+00 -2.73713e+00  3.50716e+00
  388 -1.12853e+00  5.39065e-01  7.41429e-01  1.37148e+00  7.82085e-01  2.69597e+00  1.21533e+00  1.07519e+00  6.97384e-01  2.66284e+00  1.28615e+00  9.90025e-01  3.50637e+00
  389 -8.89216e-01  8.13042e-01  1.37799e-01 -1.66364e+00  7.25871e-01  2.40091e+00  1.39334e+00 -1.48816e+00  6.96856e-01  2.34615e+00  1.28598e+00 -1.56590e+00  3.50568e+00
  390 -5.47588e-01  1.05720e+00 -9.59385e-01  1.37788e+00  7.08764e-01  2.04871e+00  1.40949e+00  2.17902e+00  6.97213e-01  2.02957e+00  1.28544e+00  2.16147e+00  3.50461e+00
  391 -2.00401e-01  1.20692e+00  1.46693e+00 -6.23505e-01  7.48407e-01  1.73534e+00  1.27032e+00 -4.01905e-01  6.97610e-01  1.71364e+00  1.28558e+00 -3.93548e-01  3.50571e+00
  392  1.05884e-01  1.21181e+00 -1.49536e+00 -3.46356e-01  7.39847e-01  1.48364e+00  1.17804e+00 -2.91399e+00  6.97971e-01  1.39663e+00  1.28719e+00 -2.94939e+00  3.50941e+00
  393  3.99776e-01  1.06756e+00  1.05770e+00  1.19933e+00  6.49749e-01  1.21248e+00  1.27857e+00  8.48065e-01  6.98303e-01  1.07819e+00  1.28769e+00  7.76986e-01  3.50937e+00
  394  7.08936e-01  8.20054e-01 -3.11971e-01 -1.62887e+00  5.87539e-01  8.57945e-01  1.37527e+00 -1.76003e+00  6.98405e-01  7.60242e-01  1.28703e+00 -1.77943e+00  3.50792e+00
  395  9.82203e-01  5.22714e-01 -5.39692e-01  1.50908e+00  6.18976e-01  4.89063e-01  1.28430e+00  1.91425e+00  6.98181e-01  4.43267e-01  1.28626e+00  1.94791e+00  3.50678e+00
  396  1.12881e+00  1.92887e-01  1.26029e+00 -9.18485e-01  6.55706e-01  1.69242e-01  1.21597e+00 -6.29789e-01  6.97756e-01  1.26924e-01  1.28580e+00 -6.07589e-01  3.50542e+00
  397  1.11213e+00 -1.74103e-01 -1.60388e+00  4.67611e-02  6.33577e-01 -1.55288e-01  1.28731e+00  3.11245e+00  6.97386e-01 -1.89195e-01  1.28577e+00  3.12010e+00  3.50535e+00
  398  9.61811e-01 -5.63532e-01  1.42911e+00  8.37480e-01  6.21325e-01 -5.29993e-01  1.37187e+00  5.30072e-01  6.97369e-01 -5.05701e-01  1.28607e+00  5.64396e-01  3.50658e+00
  399  7.29823e-01 -9.14344e-01 -7.71967e-01 -1.43564e+00  6.84334e-01 -8.97158e-01  1.32850e+00 -2.06416e+00  6.97673e-01 -8.22337e-01  1.28648e+00 -1.99140e+00  3.50854e+00
  400  4.37397e-01 -1.13926e+00 -1.64580e-01  1.55542e+00  7.44618e-01 -1.20422e+00  1.22322e+00  1.67621e+00  6.97826e-01 -1.13948e+00  1.28701e+00  1.73553e+00  3.50943e+00
  401  8.44509e-02 -1.19500e+00  1.05593e+00 -1.17618e+00  7.17584e-01 -1.50024e+00  1.24919e+00 -8.39216e-01  6.97466e-01 -1.45727e+00  1.28749e+00 -8.21379e-01  3.50974e+00
  402 -2.95894e-01 -1.12020e+00 -1.57151e+00  4.09340e-01  6.71200e-01 -1.82904e+00  1.31860e+00  2.88678e+00  6.97030e-01 -1.77513e+00  1.28666e+00  2.90451e+00  3.50746e+00
  403 -6.61718e-01 -9.81692e-01  1.51605e+00  5.09761e-01  7.00795e-01 -2.16390e+00  1.27914e+00  3.24366e-01  6.96789e-01 -2.09153e+00  1.28522e+00  3.48384e-01  3.50432e+00
  404 -9.69738e-01 -7.83477e-01 -9.13419e-01 -1.27102e+00  7.77114e-01 -2.46204e+00  1.22492e+00 -2.19393e+00  6.96295e-01 -2.40714e+00  1.28506e+00 -2.20717e+00  3.50538e+00
  405 -1.16083e+00 -4.73979e-01  2.11384e-03  1.61370e+00  7.86086e-01 -2.75394e+00  1.30201e+00  1.56949e+00  6.96642e-01 -2.72332e+00  1.28544e+00  1.52040e+00  3.50606e+00
  406 -1.21242e+00 -6.31677e-02  8.89472e-01 -1.42175e+00  7.36975e-01 -3.08954e+00  1.40627e+00 -1.01175e+00  6.97267e-01 -3.03996e+00  1.28641e+00 -1.03556e+00  3.50774e+00
  407 -1.15815e+00  3.47624e-01 -1.46398e+00  7.50851e-01  7.31078e-01  2.84999e+00  1.35350e+00  2.66769e+00  6.98070e-01  2.92586e+00  1.28706e+00  2.69117e+00  3.50958e+00
  408 -1.04527e+00  6.69197e-01  1.52657e+00  1.91095e-01  7.70208e-01  2.57213e+00  1.18346e+00  1.24532e-01  6.98481e-01  2.60852e+00  1.28742e+00  1.34664e-01  3.50967e+00
  409 -8.64618e-01  8.88312e-01 -1.06913e+00 -1.09133e+00  7.68330e-01  2.34268e+00  1.16702e+00 -2.34592e+00  6.97709e-01  2.29080e+00  1.28707e+00 -2.42196e+00  3.50693e+00
  410 -5.66386e-01  1.04045e+00  2.80424e-01  1.61706e+00  7.01665e-01  2.06930e+00  1.34676e+00  1.39909e+00  6.97304e-01  1.97324e+00  1.28635e+00  1.30495e+00  3.50413e+00
  411 -1.72069e-01  1.14471e+00  5.80401e-01 -1.57281e+00  6.69986e-01  1.72000e+00  1.40529e+00 -1.21728e+00  6.97656e-01  1.65681e+00  1.28571e+00 -1.25090e+00  3.50392e+00
  412  2.17938e-01  1.17211e+00 -1.26142e+00  9.97821e-01  7.10668e-01  1.38696e+00  1.29342e+00  2.47235e+00  6.97757e-01  1.34116e+00  1.28518e+00  2.47736e+00  3.50407e+00
  413  5.27655e-01  1.07494e+00  1.54929e+00 -9.78127e-02  7.16954e-01  1.11448e+00  1.20494e+00 -6.30501e-02  6.97837e-01  1.02506e+00  1.28616e+00 -7.77639e-02  3.50619e+00
  414  7.58026e-01  8.31313e-01 -1.35589e+00 -8.31108e-01  6.32842e-01  8.31477e-01  1.26459e+00 -2.59170e+00  6.98233e-01  7.07556e-01  1.28731e+00 -2.63395e+00  3.50834e+00
  415  9.47010e-01  4.76663e-01  7.55014e-01  1.46822e+00  5.62017e-01  4.66312e-01  1.36285e+00  1.09582e+00  6.98578e-01  3.89782e-01  1.28725e+00  1.09284e+00  3.50739e+00
  416  1.08722e+00  8.70325e-02  8.62738e-02 -1.60506e+00  5.94808e-01  7.98804e-02  1.29183e+00 -1.51710e+00  6.98686e-01  7.25346e-02  1.28710e+00 -1.46334e+00  3.50750e+00
  417  1.10946e+00 -2.80826e-01 -9.38396e-01  1.23330e+00  6.54887e-01 -2.47911e-01  1.20081e+00  2.22122e+00  6.98411e-01 -2.44349e-01  1.28673e+00  2.26388e+00  3.50714e+00
  418  9.72335e-01 -6.12443e-01  1.51632e+00 -4.81505e-01  6.60261e-01 -5.62092e-01  1.26553e+00 -3.07478e-01  6.97617e-01 -5.61081e-01  1.28636e+00 -2.92153e-01  3.50624e+00
  419  7.03292e-01 -9.07970e-01 -1.59190e+00 -4.29608e-01  6.59514e-01 -9.11751e-01  1.35936e+00 -2.87800e+00  6.97369e-01 -8.77771e-01  1.28581e+00 -2.84800e+00  3.50531e+00
  420  3.60290e-01 -1.14181e+00  1.11277e+00  1.19933e+00  7.16769e-01 -1.26514e+00  1.33832e+00  8.22819e-01  6.97841e-01 -1.19381e+00  1.28590e+00  8.79661e-01  3.50722e+00
  421 -5.22404e-03 -1.24341e+00 -2.35981e-01 -1.56405e+00  7.73044e-01 -1.57500e+00  1.25097e+00 -1.72054e+00  6.98080e-01 -1.51023e+00  1.28694e+00 -1.67629e+00  3.50924e+00
  422 -3.67793e-01 -1.15821e+00 -7.24091e-01  1.41795e+00  7.38356e-01 -1.87828e+00  1.26745e+00  2.04293e+00  6.97937e-01 -1.82778e+00  1.28766e+00  2.05023e+00  3.51035e+00
  423 -7.01068e-01 -9.27529e-01  1.41667e+00 -8.09552e-01  6.75903e-01 -2.21803e+00  1.33117e+00 -5.19160e-01  6.97918e-01 -2.14596e+00  1.28777e+00 -5.07299e-01  3.51023e+00
  424 -9.79679e-01 -6.50688e-01 -1.59455e+00 -8.07831e-02  6.91583e-01 -2.55531e+00  1.27455e+00 -3.09097e+00  6.97937e-01 -2.46322e+00  1.28654e+00 -3.06415e+00  3.50628e+00
  425 -1.18343e+00 -3.71338e-01  1.19919e+00  9.65492e-01  7.69199e-01 -2.83754e+00  1.18511e+00  6.77856e-01  6.97439e-01 -2.77950e+00  1.28587e+00  6.63129e-01  3.50541e+00
  426 -1.25947e+00 -5.07355e-02 -3.95521e-01 -1.53979e+00  7.94416e-01 -3.10133e+00  1.26369e+00 -1.82223e+00  6.97302e-01 -3.09550e+00  1.28564e+00 -1.89246e+00  3.50753e+00
  427 -1.17591e+00  3.31640e-01 -5.21534e-01  1.59583e+00  7.46379e-01  2.86671e+00  1.40934e+00  1.88666e+00  6.97210e-01  2.87163e+00  1.28599e+00  1.83506e+00  3.50749e+00
  428 -9.79674e-01  7.07532e-01  1.25151e+00 -1.10917e+00  7.30182e-01  2.51611e+00  1.39826e+00 -7.25173e-01  6.97567e-01  2.55502e+00  1.28603e+00 -7.20823e-01  3.50702e+00
  429 -7.46038e-01  9.86505e-01 -1.55301e+00  2.37360e-01  7.64882e-01  2.21828e+00  1.23408e+00  2.98993e+00  6.98291e-01  2.23829e+00  1.28690e+00  3.00661e+00  3.50891e+00
  430 -4.93615e-01  1.12932e+00  1.32914e+00  7.33590e-01  7.59508e-01  1.98286e+00  1.15238e+00  5.04323e-01  6.98394e-01  1.92027e+00  1.28792e+00  4.49931e-01  3.51060e+00
  431 -1.75634e-01  1.15428e+00 -6.88462e-01 -1.45650e+00  6.81602e-01  1.72180e+00  1.29768e+00 -2.01235e+00  6.98354e-01  1.60180e+00  1.28735e+00 -2.10690e+00  3.50759e+00
  432  2.16128e-01  1.10282e+00 -1.46777e-01  1.66270e+00  6.31462e-01  1.37727e+00  1.39306e+00  1.65884e+00  6.98120e-01  1.28480e+00  1.28629e+00  1.62022e+00  3.50614e+00
  433  5.97074e-01  9.87370e-01  9.43387e-01 -1.30713e+00  6.65698e-01  1.02692e+00  1.29928e+00 -9.45638e-01  6.97688e-01  9.68818e-01  1.28528e+00 -9.34973e-01  3.50445e+00
  434  8.72655e-01  7.82304e-01 -1.46775e+00  5.37987e-01  6.86763e-01  7.30858e-01  1.22185e+00  2.79026e+00  6.97366e-01  6.53007e-01  1.28535e+00  2.79325e+00  3.50490e+00
  435  1.01714e+00  4.63611e-01  1.54395e+00  3.96827e-01  6.24757e-01  4.27665e-01  1.27062e+00  2.51576e-01  6.97717e-01  3.36592e-01  1.28634e+00  2.37726e-01  3.50759e+00
  436  1.06396e+00  5.38468e-02 -1.14121e+00 -1.19126e+00  5.67459e-01  5.05665e-02  1.36072e+00 -2.33474e+00  6.98038e-01  1.94702e-02  1.28683e+00 -2.31838e+00  3.50765e+00
  437  1.04220e+00 -3.68020e-01  3.71488e-01  1.57669e+00  6.10814e-01 -3.39449e-01  1.31198e+00  1.33940e+00  6.98145e-01 -2.97750e-01  1.28705e+00  1.40865e+00  3.50684e+00
  438  9.23029e-01 -7.17927e-01  5.48866e-01 -1.44953e+00  6.83700e-01 -6.61054e-01  1.20119e+00 -1.20883e+00  6.98077e-01 -6.15077e-01  1.28695e+00 -1.14759e+00  3.50714e+00
  439  6.74227e-01 -9.62309e-01 -1.31414e+00  8.68559e-01  6.90310e-01 -9.59645e-01  1.24068e+00  2.55757e+00  6.97391e-01 -9.32482e-01  1.28694e+00  2.57903e+00  3.50728e+00
  440  3.24726e-01 -1.11645e+00  1.63323e+00 -5.03960e-04  6.75959e-01 -1.28775e+00  1.33372e+00 -3.08566e-04  6.97072e-01 -1.24959e+00  1.28589e+00  2.25876e-02  3.50476e+00
  441 -7.04158e-02 -1.19657e+00 -1.36909e+00 -8.78741e-01  7.18374e-01 -1.62958e+00  1.32330e+00 -2.57097e+00  6.97355e-01 -1.56533e+00  1.28521e+00 -2.53298e+00  3.50382e+00
  442 -4.52907e-01 -1.16490e+00  6.11749e-01  1.46460e+00  7.81060e-01 -1.94161e+00  1.25965e+00  1.17513e+00  6.97413e-01 -1.88093e+00  1.28601e+00  1.19465e+00  3.50624e+00
  443 -7.74957e-01 -9.62908e-01  3.54881e-01 -1.56634e+00  7.63875e-01 -2.24846e+00  1.28968e+00 -1.34799e+00  6.97634e-01 -2.19792e+00  1.28684e+00 -1.36152e+00  3.50752e+00
  444 -1.01300e+00 -6.19125e-01 -1.17933e+00  1.15715e+00  7.04746e-01 -2.59299e+00  1.36490e+00  2.36569e+00  6.98111e-01 -2.51568e+00  1.28770e+00  2.36470e+00  3.51007e+00
  445 -1.16388e+00 -2.44928e-01  1.57708e+00 -3.56995e-01  7.07300e-01 -2.93418e+00  1.30732e+00 -2.22613e-01  6.98339e-01 -2.83348e+00  1.28747e+00 -1.92456e-01  3.50896e+00
  446 -1.23619e+00  8.38020e-02 -1.41300e+00 -5.85720e-01  7.67597e-01  3.07391e+00  1.16982e+00 -2.74863e+00  6.98124e-01  3.13261e+00  1.28674e+00 -2.74889e+00  3.50662e+00
  447 -1.19760e+00  3.81061e-01  7.64709e-01  1.35261e+00  7.89725e-01  2.83353e+00  1.20717e+00  1.05624e+00  6.97558e-01  2.81618e+00  1.28610e+00  9.78357e-01  3.50677e+00
  448 -1.00479e+00  6.84847e-01  1.19071e-01 -1.65958e+00  7.39306e-01  2.54333e+00  1.38419e+00 -1.49917e+00  6.96963e-01  2.49976e+00  1.28598e+00 -1.57746e+00  3.50663e+00
  449 -6.96518e-01  9.71197e-01 -9.49655e-01  1.39189e+00  7.14180e-01  2.19296e+00  1.41960e+00  2.16953e+00  6.97124e-01  2.18310e+00  1.28555e+00  2.14983e+00  3.50513e+00
  450 -3.66306e-01  1.16908e+00  1.46523e+00 -6.48615e-01  7.50463e-01  1.87444e+00  1.28380e+00 -4.16743e-01  6.97616e-01  1.86703e+00  1.28565e+00 -4.05302e-01  3.50606e+00
  451 -6.37091e-02  1.22455e+00 -1.49644e+00 -3.21927e-01  7.51785e-01  1.62278e+00  1.17149e+00 -2.92969e+00  6.98035e-01  1.54998e+00  1.28727e+00 -2.96120e+00  3.50990e+00
  452  2.39048e-01  1.13171e+00  1.05599e+00  1.18662e+00  6.68952e-01  1.36263e+00  1.26159e+00  8.43579e-01  6.98358e-01  1.23146e+00  1.28779e+00  7.65105e-01  3.51001e+00
  453  5.72606e-01  9.33059e-01 -3.08481e-01 -1.63151e+00  5.99238e-01  1.02037e+00  1.37850e+00 -1.75767e+00  6.98350e-01  9.13470e-01  1.28699e+00 -1.79135e+00  3.50804e+00
  454  8.86688e-01  6.76785e-01 -5.38779e-01  1.52134e+00  6.22127e-01  6.51942e-01  1.30238e+00  1.91116e+00  6.98007e-01  5.96563e-01  1.28606e+00  1.93606e+00  3.50650e+00
  455  1.08599e+00  3.74364e-01  1.25276e+00 -9.32764e-01  6.59757e-01  3.31965e-01  1.21973e+00 -6.40015e-01  6.97543e-01  2.80309e-01  1.28556e+00 -6.19302e-01  3.50504e+00
  456  1.12593e+00  1.58241e-02 -1.59527e+00  5.92399e-02  6.33982e-01  1.40533e-02  1.27420e+00  3.10447e+00  6.97331e-01 -3.57272e-02  1.28566e+00  3.10848e+00  3.50545e+00
  457  1.03042e+00 -3.86731e-01  1.42961e+00  8.28988e-01  6.05660e-01 -3.59046e-01  1.36550e+00  5.25487e-01  6.97389e-01 -3.52216e-01  1.28617e+00  5.52765e-01  3.50675e+00
  458  8.48775e-01 -7.71647e-01 -7.89443e-01 -1.43306e+00  6.57929e-01 -7.37837e-01  1.33843e+00 -2.07432e+00  6.97647e-01 -6.69012e-01  1.28653e+00 -2.00310e+00  3.50794e+00
  459  5.97577e-01 -1.04913e+00 -1.34432e-01  1.55919e+00  7.28887e-01 -1.05304e+00  1.22457e+00  1.65680e+00  6.97802e-01 -9.86197e-01  1.28695e+00  1.72385e+00  3.50874e+00
  460  2.67494e-01 -1.16889e+00  1.02986e+00 -1.18674e+00  7.18925e-01 -1.34583e+00  1.23448e+00 -8.56054e-01  6.97455e-01 -1.30392e+00  1.28735e+00 -8.32937e-01  3.50913e+00
  461 -1.12964e-01 -1.15683e+00 -1.56489e+00  4.25709e-01  6.75510e-01 -1.66814e+00  1.31506e+00  2.87598e+00  6.96944e-01 -1.62168e+00  1.28659e+00  2.89305e+00  3.50703e+00
  462 -4.97189e-01 -1.07109e+00  1.53348e+00  4.92002e-01  6.97221e-01 -2.00539e+00  1.29681e+00  3.10465e-01  6.96733e-01 -1.93804e+00  1.28513e+00  3.36957e-01  3.50396e+00
  463 -8.38986e-01 -9.16094e-01 -9.46473e-01 -1.25605e+00  7.71563e-01 -2.31229e+00  1.23674e+00 -2.21655e+00  6.96298e-01 -2.25351e+00  1.28501e+00 -2.21854e+00  3.50510e+00
  464 -1.07946e+00 -6.38729e-01  3.49598e-02  1.60565e+00  7.86605e-01 -2.60729e+00  1.28967e+00  1.54903e+00  6.96598e-01 -2.56975e+00  1.28552e+00  1.50895e+00  3.50577e+00
  465 -1.18989e+00 -2.41624e-01  8.68398e-01 -1.42584e+00  7.37105e-01 -2.94125e+00  1.39357e+00 -1.02375e+00  6.97308e-01 -2.88658e+00  1.28653e+00 -1.04710e+00  3.50783e+00
  466 -1.19127e+00  1.75312e-01 -1.45881e+00  7.68329e-01  7.24932e-01  2.99548e+00  1.35922e+00  2.65683e+00  6.98027e-01  3.07905e+00  1.28723e+00  2.67943e+00  3.50982e+00
  467 -1.12439e+00  5.16806e-01  1.53638e+00  1.65256e-01  7.65666e-01  2.71076e+00  1.19388e+00  1.07150e-01  6.98427e-01  2.76162e+00  1.28734e+00  1.22825e-01  3.50946e+00
  468 -9.83459e-01  7.66512e-01 -1.08604e+00 -1.06759e+00  7.77366e-01  2.47954e+00  1.15962e+00 -2.36476e+00  6.97651e-01  2.44424e+00  1.28686e+00 -2.43368e+00  3.50673e+00
  469 -7.18107e-01  9.60349e-01  2.94325e-01  1.60766e+00  7.18974e-01  2.21286e+00  1.33560e+00  1.38972e+00  6.97035e-01  2.12689e+00  1.28620e+00  1.29333e+00  3.50427e+00
  470 -3.42441e-01  1.11493e+00  5.73435e-01 -1.58172e+00  6.80169e-01  1.86879e+00  1.41533e+00 -1.22299e+00  6.97425e-01  1.81028e+00  1.28573e+00 -1.26261e+00  3.50388e+00
  471  4.67798e-02  1.19571e+00 -1.25891e+00  1.01783e+00  7.15960e-01  1.53169e+00  1.31042e+00  2.46169e+00  6.97693e-01  1.49453e+00  1.28518e+00  2.46555e+00  3.50417e+00
  472  3.70828e-01  1.15079e+00  1.54631e+00 -1.17882e-01  7.30910e-01  1.25906e+00  1.20248e+00 -7.60874e-02  6.97824e-01  1.17842e+00  1.28619e+00 -8.95716e-02  3.50634e+00
  473  6.28324e-01  9.54853e-01 -1.34945e+00 -8.20102e-01  6.53268e-01  9.88795e-01  1.24680e+00 -2.59551e+00  6.98184e-01  8.60782e-01  1.28743e+00 -2.64584e+00  3.50862e+00
  474  8.57570e-01  6.38271e-01  7.48901e-01  1.46981e+00  5.71408e-01  6.39829e-01  1.36059e+00  1.09956e+00  6.98542e-01  5.42792e-01  1.28729e+00  1.08086e+00  3.50745e+00
  475  1.05081e+00  2.71443e-01  8.42896e-02 -1.61548e+00  5.88938e-01  2.52793e-01  1.30844e+00 -1.51867e+00  6.98665e-01  2.25491e-01  1.28703e+00 -1.47531e+00  3.50765e+00
  476  1.13397e+00 -9.31908e-02 -9.27415e-01  1.24675e+00  6.47281e-01 -8.19970e-02  1.20724e+00  2.21036e+00  6.98426e-01 -9.13082e-02  1.28657e+00  2.25200e+00  3.50693e+00
  477  1.05521e+00 -4.42683e-01  1.50571e+00 -4.95936e-01  6.54719e-01 -3.97221e-01  1.25656e+00 -3.18179e-01  6.97713e-01 -4.07828e-01  1.28622e+00 -3.03859e-01  3.50599e+00
  478  8.33593e-01 -7.74622e-01 -1.59398e+00 -4.15494e-01  6.47458e-01 -7.48746e-01  1.35670e+00 -2.88660e+00  6.97348e-01 -7.24435e-01  1.28589e+00 -2.85962e+00  3.50557e+00
  479  5.24785e-01 -1.05917e+00  1.13461e+00  1.18910e+00  6.98619e-01 -1.11078e+00  1.35065e+00  8.08842e-01  6.97749e-01 -1.04068e+00  1.28595e+00  8.67970e-01  3.50758e+00
  480  1.78135e-01 -1.22293e+00 -2.71950e-01 -1.56038e+00  7.63645e-01 -1.42615e+00  1.25437e+00 -1.74335e+00  6.98011e-01 -1.35719e+00  1.28691e+00 -1.68798e+00  3.50971e+00
  481 -1.86006e-01 -1.20408e+00 -6.91238e-01  1.42210e+00  7.42209e-01 -1.72406e+00  1.25008e+00  2.02324e+00  6.97879e-01 -1.67471e+00  1.28757e+00  2.03857e+00  3.51040e+00
  482 -5.42368e-01 -1.03003e+00  1.40215e+00 -8.21673e-01  6.77567e-01 -2.05546e+00  1.32058e+00 -5.30070e-01  6.97644e-01 -1.99289e+00  1.28767e+00 -5.18944e-01  3.51014e+00
  483 -8.58431e-01 -7.92262e-01 -1.60316e+00 -6.36112e-02  6.82292e-01 -2.39626e+00  1.28709e+00 -3.10193e+00  6.97639e-01 -2.31018e+00  1.28631e+00 -3.07581e+00  3.50617e+00
  484 -1.10918e+00 -5.37407e-01  1.22483e+00  9.47435e-01  7.59538e-01 -2.69041e+00  1.19892e+00  6.58387e-01  6.97139e-01 -2.62630e+00  1.28560e+00  6.51532e-01  3.50516e+00
  485 -1.24137e+00 -2.28356e-01 -4.24755e-01 -1.52666e+00  7.96573e-01 -2.95967e+00  1.25556e+00 -1.84216e+00  6.97020e-01 -2.94229e+00  1.28548e+00 -1.90405e+00  3.50705e+00
  486 -1.21669e+00  1.59828e-01 -4.99786e-01  1.59555e+00  7.52945e-01  3.01098e+00  1.39779e+00  1.87435e+00  6.97185e-01  3.02486e+00  1.28594e+00  1.82353e+00  3.50741e+00
  487 -1.07052e+00  5.59013e-01  1.24191e+00 -1.12492e+00  7.29251e-01  2.66035e+00  1.40389e+00 -7.36010e-01  6.97616e-01  2.70817e+00  1.28626e+00 -7.32469e-01  3.50760e+00
  488 -8.72923e-01  8.72398e-01 -1.55577e+00  2.64096e-01  7.61536e-01  2.35650e+00  1.24508e+00  2.97344e+00  6.98402e-01  2.39129e+00  1.28703e+00  2.99478e+00  3.50923e+00
  489 -6.46466e-01  1.05702e+00  1.33843e+00  7.06947e-01  7.67604e-01  2.11970e+00  1.14558e+00  4.85946e-01  6.98345e-01  2.07339e+00  1.28781e+00  4.38118e-01  3.51000e+00
  490 -3.45239e-01  1.13065e+00 -6.95586e-01 -1.44255e+00  6.98779e-01  1.86715e+00  1.28239e+00 -2.02010e+00  6.98129e-01  1.75499e+00  1.28721e+00 -2.11866e+00  3.50669e+00
  491  4.48903e-02  1.13251e+00 -1.44544e-01  1.66622e+00  6.42295e-01  1.53118e+00  1.39859e+00  1.65733e+00  6.98045e-01  1.43803e+00  1.28626e+00  1.60844e+00  3.50539e+00
  492  4.42649e-01  1.07037e+00  9.42008e-01 -1.32174e+00  6.70810e-01  1.17866e+00  1.31718e+00 -9.51594e-01  6.97780e-01  1.12216e+00  1.28527e+00 -9.46754e-01  3.50424e+00
  493  7.50306e-01  9.13393e-01 -1.46274e+00  5.53992e-01  6.98623e-01  8.83113e-01  1.22326e+00  2.77955e+00  6.97521e-01  8.06424e-01  1.28540e+00  2.78155e+00  3.50481e+00
  494  9.37491e-01  6.31969e-01  1.53527e+00  3.86321e-01  6.39137e-01  5.93136e-01  1.25315e+00  2.46513e-01  6.97860e-01  4.89888e-01  1.28650e+00  2.26000e-01  3.50770e+00
  495  1.03541e+00  2.42657e-01 -1.13548e+00 -1.18944e+00  5.65479e-01  2.30203e-01  1.35204e+00 -2.33299e+00  6.98235e-01  1.72588e-01  1.28699e+00 -2.33019e+00  3.50780e+00
  496  1.07165e+00 -1.79902e-01  3.77699e-01  1.58250e+00  5.90396e-01 -1.66324e-01  1.32348e+00  1.33651e+00  6.98345e-01 -1.44680e-01  1.28714e+00  1.39681e+00  3.50698e+00
  497  1.01235e+00 -5.52826e-01  5.30914e-01 -1.45980e+00  6.65236e-01 -4.99829e-01  1.20644e+00 -1.22198e+00  6.98278e-01 -4.61929e-01  1.28695e+00 -1.15938e+00  3.50704e+00
  498  8.13921e-01 -8.39585e-01 -1.29726e+00  8.82623e-01  6.83685e-01 -8.00918e-01  1.23095e+00  2.54416e+00  6.97576e-01 -7.79151e-01  1.28688e+00  2.56742e+00  3.50720e+00
  499  4.96133e-01 -1.04784e+00  1.63203e+00 -1.76543e-02  6.72059e-01 -1.12859e+00  1.33191e+00 -1.08170e-02  6.97158e-01 -1.09624e+00  1.28598e+00  1.10808e-02  3.50508e+00
  500  1.13879e-01 -1.18644e+00 -1.39031e+00 -8.62859e-01  7.10300e-01 -1.47511e+00  1.33874e+00 -2.58615e+00  6.97542e-01 -1.41217e+00  1.28536e+00 -2.54452e+00  3.50423e+00
