    1  1.52035e+00 -6.53318e-01 -1.90814e+00 -1.17066e+00  1.36915e+00 -4.05858e-01  2.50573e+00 -2.59130e+00  1.61941e+00 -4.00426e-01  2.30297e+00 -2.55550e+00  6.40704e+00
    2  1.23026e+00 -1.26044e+00  1.05189e+00  1.93620e+00  1.55112e+00 -7.97516e-01  2.42767e+00  1.07313e+00  1.62228e+00 -7.28032e-01  2.30733e+00  1.16701e+00  6.42264e+00
    3  8.16325e-01 -1.67433e+00  2.01129e-01 -2.06800e+00  1.73488e+00 -1.11715e+00  2.15853e+00 -1.47384e+00  1.62546e+00 -1.05811e+00  2.31392e+00 -1.39646e+00  6.43575e+00
    4  2.46886e-01 -1.81099e+00 -1.40484e+00  1.58028e+00  1.67032e+00 -1.43530e+00  2.23544e+00  2.29749e+00  1.62256e+00 -1.39086e+00  2.31732e+00  2.31945e+00  6.43971e+00
    5 -3.75517e-01 -1.71101e+00  2.09709e+00 -5.89592e-01  1.53429e+00 -1.78684e+00  2.37270e+00 -2.74073e-01  1.61657e+00 -1.72258e+00  2.30696e+00 -2.49493e-01  6.41295e+00
    6 -9.47255e-01 -1.50611e+00 -2.02754e+00 -6.29563e-01  1.58282e+00 -2.13223e+00  2.25364e+00 -2.84053e+00  1.61403e+00 -2.04643e+00  2.29028e+00 -2.81123e+00  6.37639e+00
    7 -1.43514e+00 -1.21915e+00  1.21505e+00  1.66569e+00  1.77298e+00 -2.43739e+00  2.12545e+00  9.40572e-01  1.60793e+00 -2.36616e+00  2.28819e+00  9.13872e-01  6.38452e+00
    8 -1.75352e+00 -7.33326e-01  1.60929e-03 -2.17549e+00  1.80631e+00 -2.74549e+00  2.36638e+00 -1.57006e+00  1.61264e+00 -2.68934e+00  2.29315e+00 -1.64468e+00  6.39747e+00
    9 -1.84552e+00 -5.66715e-02 -1.16889e+00  1.99324e+00  1.70458e+00 -3.11089e+00  2.66965e+00  2.10118e+00  1.62194e+00 -3.01479e+00  2.30502e+00  2.07830e+00  6.42398e+00
   10 -1.75495e+00  6.07136e-01  1.92474e+00 -1.15698e+00  1.72424e+00  2.80853e+00  2.52161e+00 -5.41235e-01  1.63189e+00  2.93870e+00  2.31416e+00 -4.85592e-01  6.44948e+00
   11 -1.58097e+00  1.10181e+00 -2.01880e+00 -9.59526e-02  1.85672e+00  2.53293e+00  2.04239e+00 -3.09410e+00  1.63792e+00  2.60860e+00  2.32026e+00 -3.04975e+00  6.45432e+00
   12 -1.32054e+00  1.42169e+00  1.41979e+00  1.37654e+00  1.88252e+00  2.31932e+00  1.95533e+00  7.69932e-01  1.62800e+00  2.27499e+00  2.31807e+00  6.67317e-01  6.42494e+00
   13 -8.63826e-01  1.62922e+00 -4.01600e-01 -2.19278e+00  1.70028e+00  2.05832e+00  2.48478e+00 -1.75194e+00  1.62394e+00  1.94103e+00  2.30966e+00 -1.89736e+00  6.38638e+00
   14 -2.37183e-01  1.76379e+00 -6.97754e-01  2.20019e+00  1.58360e+00  1.70447e+00  2.66385e+00  1.87790e+00  1.62863e+00  1.61516e+00  2.30058e+00  1.82484e+00  6.38202e+00
   15  3.72310e-01  1.79256e+00  1.59476e+00 -1.45845e+00  1.67594e+00  1.36601e+00  2.33518e+00 -7.40782e-01  1.62736e+00  1.29398e+00  2.29342e+00 -7.30111e-01  6.38189e+00
   16  8.34316e-01  1.63947e+00 -2.01750e+00  2.60896e-01  1.69197e+00  1.10006e+00  2.06919e+00  3.01299e+00  1.62770e+00  9.70341e-01  2.30253e+00  2.99731e+00  6.40057e+00
   17  1.16210e+00  1.24729e+00  1.83816e+00  1.01307e+00  1.45311e+00  8.20738e-01  2.20257e+00  5.03715e-01  1.63403e+00  6.39781e-01  2.31799e+00  4.35357e-01  6.43382e+00
   18  1.42563e+00  6.56494e-01 -1.14796e+00 -1.92538e+00  1.23170e+00  4.31547e-01  2.51246e+00 -2.10844e+00  1.64031e+00  3.07044e-01  2.32003e+00 -2.12900e+00  6.43220e+00
   19  1.62405e+00  5.13019e-03  1.13173e-01  2.17338e+00  1.31878e+00  3.15888e-03  2.36820e+00  1.51877e+00  1.64297e+00 -2.30355e-02  2.31975e+00  1.59132e+00  6.43076e+00
   20  1.62848e+00 -5.95499e-01  1.04265e+00 -1.76356e+00  1.50328e+00 -3.50573e-01  2.09863e+00 -1.03686e+00  1.64083e+00 -3.51915e-01  2.31584e+00 -9.70829e-01  6.42658e+00
   21  1.35680e+00 -1.10665e+00 -1.93069e+00  8.52824e-01  1.53279e+00 -6.84201e-01  2.22743e+00  2.72565e+00  1.63184e+00 -6.79716e-01  2.31213e+00  2.75001e+00  6.42046e+00
   22  8.84841e-01 -1.51728e+00  2.18401e+00  3.42928e-01  1.54253e+00 -1.04284e+00  2.44375e+00  1.55746e-01  1.63005e+00 -1.00665e+00  2.30393e+00  1.88607e-01  6.40263e+00
   23  3.16658e-01 -1.81120e+00 -1.65972e+00 -1.44094e+00  1.69036e+00 -1.39771e+00  2.41548e+00 -2.42664e+00  1.63783e+00 -1.32856e+00  2.30236e+00 -2.36965e+00  6.41108e+00
   24 -2.73700e-01 -1.89563e+00  5.21749e-01  2.04974e+00  1.83416e+00 -1.71419e+00  2.23682e+00  1.32155e+00  1.64150e+00 -1.65132e+00  2.31619e+00  1.35366e+00  6.43860e+00
   25 -8.47570e-01 -1.65319e+00  7.88420e-01 -2.01526e+00  1.72570e+00 -2.04454e+00  2.34143e+00 -1.19788e+00  1.64078e+00 -1.98104e+00  2.32515e+00 -1.21103e+00  6.45706e+00
   26 -1.34136e+00 -1.14773e+00 -1.77321e+00  1.36882e+00  1.55827e+00 -2.43383e+00  2.50896e+00  2.48420e+00  1.64241e+00 -2.31430e+00  2.32954e+00  2.50221e+00  6.47040e+00
   27 -1.68434e+00 -6.01931e-01  2.12574e+00 -2.66290e-01  1.59966e+00 -2.79837e+00  2.29483e+00 -1.24620e-01  1.64153e+00 -2.64500e+00  2.31929e+00 -6.60552e-02  6.43201e+00
   28 -1.89007e+00 -1.31285e-01 -1.73052e+00 -9.74298e-01  1.79480e+00 -3.07224e+00  1.97197e+00 -2.62882e+00  1.63549e+00 -2.97178e+00  2.30977e+00 -2.62854e+00  6.40650e+00
   29 -1.90789e+00  3.42804e-01  7.52056e-01  1.94667e+00  1.87878e+00  2.96381e+00  2.17756e+00  1.20213e+00  1.62952e+00  2.98803e+00  2.30293e+00  1.09517e+00  6.42435e+00
   30 -1.66122e+00  8.90398e-01  4.33093e-01 -2.26837e+00  1.77623e+00  2.64957e+00  2.66653e+00 -1.38214e+00  1.62018e+00  2.66454e+00  2.30237e+00 -1.46459e+00  6.42169e+00
   31 -1.23526e+00  1.41171e+00 -1.45737e+00  1.79845e+00  1.75940e+00  2.28963e+00  2.67917e+00  2.25182e+00  1.61933e+00  2.33771e+00  2.29756e+00  2.25783e+00  6.40132e+00
   32 -7.93745e-01  1.76799e+00  1.99778e+00 -7.07909e-01  1.87791e+00  1.99278e+00  2.24612e+00 -3.40543e-01  1.62637e+00  2.01244e+00  2.30352e+00 -2.99204e-01  6.41998e+00
   33 -3.80691e-01  1.89501e+00 -1.86446e+00 -6.49992e-01  1.86799e+00  1.76905e+00  1.94935e+00 -2.80615e+00  1.63197e+00  1.67975e+00  2.32388e+00 -2.86265e+00  6.46888e+00
   34  9.86232e-02  1.79612e+00  1.16660e+00  1.79923e+00  1.61789e+00  1.51594e+00  2.29908e+00  9.95554e-01  1.63494e+00  1.34033e+00  2.32649e+00  8.51420e-01  6.46131e+00
   35  6.77856e-01  1.54267e+00 -1.80064e-01 -2.28797e+00  1.41966e+00  1.15679e+00  2.63361e+00 -1.64933e+00  1.63053e+00  1.00569e+00  2.31176e+00 -1.71343e+00  6.42826e+00
   36  1.22725e+00  1.20181e+00 -8.72032e-01  1.99513e+00  1.47524e+00  7.74927e-01  2.37050e+00  1.98285e+00  1.62361e+00  6.77750e-01  2.29798e+00  2.01076e+00  6.39857e+00
   37  1.57566e+00  7.65348e-01  1.73986e+00 -1.11503e+00  1.53423e+00  4.52167e-01  2.13520e+00 -5.69931e-01  1.61849e+00  3.53510e-01  2.29319e+00 -5.46358e-01  6.38439e+00
   38  1.66997e+00  2.00156e-01 -2.12396e+00 -7.91607e-02  1.41443e+00  1.19287e-01  2.25873e+00 -3.10434e+00  1.61836e+00  3.01121e-02  2.29673e+00 -3.10432e+00  6.39572e+00
   39  1.56423e+00 -4.63646e-01  1.85960e+00  1.23891e+00  1.33089e+00 -2.88156e-01  2.49650e+00  5.87695e-01  1.61912e+00 -2.96171e-01  2.30360e+00  6.18381e-01  6.40814e+00
   40  1.33634e+00 -1.10265e+00 -9.91044e-01 -1.96873e+00  1.50082e+00 -6.89878e-01  2.42904e+00 -2.03715e+00  1.62120e+00 -6.24442e-01  2.30786e+00 -1.94278e+00  6.41587e+00
   41  9.74833e-01 -1.56588e+00 -2.54114e-01  2.05762e+00  1.70114e+00 -1.01396e+00  2.14918e+00  1.69367e+00  1.62371e+00 -9.54971e-01  2.31274e+00  1.77687e+00  6.42619e+00
   42  4.34355e-01 -1.77113e+00  1.44201e+00 -1.53375e+00  1.66278e+00 -1.33030e+00  2.21589e+00 -8.16215e-01  1.61995e+00 -1.28761e+00  2.31485e+00 -7.89998e-01  6.42942e+00
   43 -1.86071e-01 -1.74799e+00 -2.11349e+00  5.19706e-01  1.54505e+00 -1.67685e+00  2.36848e+00  2.90048e+00  1.61359e+00 -1.61858e+00  2.30373e+00  2.92514e+00  6.40148e+00
   44 -7.77113e-01 -1.60834e+00  2.01660e+00  7.00607e-01  1.59534e+00 -2.02089e+00  2.27875e+00  3.34375e-01  1.61125e+00 -1.94162e+00  2.28767e+00  3.64088e-01  6.36866e+00
   45 -1.29815e+00 -1.36622e+00 -1.17664e+00 -1.70864e+00  1.77588e+00 -2.33065e+00  2.15196e+00 -2.17386e+00  1.60598e+00 -2.26081e+00  2.28710e+00 -2.19371e+00  6.37989e+00
   46 -1.66705e+00 -9.04411e-01 -5.79208e-02  2.17342e+00  1.79851e+00 -2.64451e+00  2.36356e+00  1.59744e+00  1.61088e+00 -2.58468e+00  2.29353e+00  1.53037e+00  6.39180e+00
   47 -1.82549e+00 -2.33727e-01  1.22227e+00 -1.95339e+00  1.69353e+00 -3.01425e+00  2.65484e+00 -1.01168e+00  1.62085e+00 -2.91152e+00  2.30606e+00 -1.03076e+00  6.42322e+00
   48 -1.79778e+00  4.37341e-01 -1.95343e+00  1.09719e+00  1.71165e+00  2.90296e+00  2.50986e+00  2.62983e+00  1.63053e+00  3.04067e+00  2.31549e+00  2.68732e+00  6.45114e+00
   49 -1.67130e+00  9.48268e-01  2.01241e+00  1.56537e-01  1.84622e+00  2.62550e+00  2.03715e+00  7.76294e-02  1.63607e+00  2.71017e+00  2.31894e+00  1.22506e-01  6.44974e+00
   50 -1.44572e+00  1.29890e+00 -1.37970e+00 -1.42016e+00  1.88862e+00  2.40964e+00  1.96022e+00 -2.34174e+00  1.62496e+00  2.37810e+00  2.31426e+00 -2.44292e+00  6.41627e+00
   51 -1.01394e+00  1.55700e+00  3.37611e-01  2.20775e+00  1.72616e+00  2.14803e+00  2.49408e+00  1.41905e+00  1.61872e+00  2.04520e+00  2.30651e+00  1.27633e+00  6.38103e+00
   52 -4.02756e-01  1.75138e+00  7.68333e-01 -2.18333e+00  1.61478e+00  1.79683e+00  2.67864e+00 -1.23242e+00  1.62510e+00  1.71882e+00  2.29913e+00 -1.28489e+00  6.37715e+00
   53  2.01688e-01  1.83584e+00 -1.64459e+00  1.41144e+00  1.70550e+00  1.46137e+00  2.34843e+00  2.43234e+00  1.62576e+00  1.39751e+00  2.29278e+00  2.44321e+00  6.38052e+00
   54  6.73364e-01  1.73153e+00  2.02008e+00 -1.90702e-01  1.72581e+00  1.19991e+00  2.05855e+00 -9.41239e-02  1.62670e+00  1.07332e+00  2.30357e+00 -1.12857e-01  6.40222e+00
   55  1.03233e+00  1.38259e+00 -1.78804e+00 -1.08766e+00  1.48863e+00  9.29436e-01  2.19005e+00 -2.59509e+00  1.63283e+00  7.41272e-01  2.31961e+00 -2.67573e+00  6.43520e+00
   56  1.34811e+00  8.28337e-01  1.06558e+00  1.97705e+00  1.25177e+00  5.50971e-01  2.52210e+00  1.07646e+00  1.63981e+00  4.07184e-01  2.32059e+00  1.04250e+00  6.43166e+00
   57  1.60885e+00  2.00164e-01 -2.86643e-02 -2.18296e+00  1.31423e+00  1.23778e-01  2.38307e+00 -1.58393e+00  1.64335e+00  7.67897e-02  2.31915e+00 -1.52035e+00  6.43228e+00
   58  1.67691e+00 -4.00928e-01 -1.10453e+00  1.72969e+00  1.48638e+00 -2.34682e-01  2.10590e+00  2.13909e+00  1.64153e+00 -2.51527e-01  2.31473e+00  2.20116e+00  6.42594e+00
   59  1.46405e+00 -9.41969e-01  1.95790e+00 -7.88563e-01  1.51538e+00 -5.71720e-01  2.22761e+00 -3.82882e-01  1.63307e+00 -5.78514e-01  2.31110e+00 -3.60446e-01  6.41892e+00
   60  1.03620e+00 -1.40627e+00 -2.17652e+00 -4.12980e-01  1.52566e+00 -9.35767e-01  2.45389e+00 -2.95408e+00  1.63050e+00 -9.05359e-01  2.30473e+00 -2.92137e+00  6.40687e+00
   61  4.96039e-01 -1.76272e+00  1.62836e+00  1.48978e+00  1.67662e+00 -1.29648e+00  2.43551e+00  7.40983e-01  1.63798e+00 -1.22824e+00  2.30388e+00  8.03312e-01  6.42032e+00
   62 -8.34364e-02 -1.91088e+00 -4.79941e-01 -2.05985e+00  1.82920e+00 -1.61443e+00  2.23666e+00 -1.79971e+00  1.64231e+00 -1.55191e+00  2.31781e+00 -1.75696e+00  6.44773e+00
   63 -6.72113e-01 -1.73233e+00 -8.30778e-01  1.98490e+00  1.72635e+00 -1.94090e+00  2.31501e+00  1.96719e+00  1.64145e+00 -1.88192e+00  2.32657e+00  1.96107e+00  6.46381e+00
   64 -1.20412e+00 -1.28087e+00  1.80308e+00 -1.30747e+00  1.54528e+00 -2.32532e+00  2.48029e+00 -6.27392e-01  1.64179e+00 -2.21547e+00  2.32970e+00 -6.09375e-01  6.47188e+00
   65 -1.59757e+00 -7.71257e-01 -2.12963e+00  1.91572e-01  1.57353e+00 -2.69182e+00  2.28602e+00  3.05188e+00  1.64153e+00 -2.54536e+00  2.31736e+00  3.10591e+00  6.42726e+00
   66 -1.85713e+00 -3.17724e-01  1.70294e+00  1.03612e+00  1.77493e+00 -2.97215e+00  1.98677e+00  5.46595e-01  1.63491e+00 -2.87097e+00  2.30798e+00  5.44122e-01  6.40363e+00
   67 -1.92783e+00  1.62350e-01 -7.00902e-01 -1.97215e+00  1.87144e+00  3.05758e+00  2.19032e+00 -1.91227e+00  1.63022e+00  3.08933e+00  2.30229e+00 -2.01486e+00  6.42632e+00
   68 -1.73247e+00  7.38501e-01 -4.91785e-01  2.25457e+00  1.77342e+00  2.73865e+00  2.66247e+00  1.78556e+00  1.62316e+00  2.76694e+00  2.30278e+00  1.70921e+00  6.42706e+00
   69 -1.35162e+00  1.29815e+00  1.50363e+00 -1.75822e+00  1.75605e+00  2.37637e+00  2.67613e+00 -8.63291e-01  1.62181e+00  2.44061e+00  2.29962e+00 -8.51494e-01  6.40874e+00
   70 -9.43129e-01  1.69237e+00 -2.01270e+00  6.54379e-01  1.87680e+00  2.07921e+00  2.23960e+00  2.82725e+00  1.62931e+00  2.11466e+00  2.30675e+00  2.87389e+00  6.42785e+00
   71 -5.49016e-01  1.85946e+00  1.83748e+00  7.04161e-01  1.87951e+00  1.85789e+00  1.93610e+00  3.65958e-01  1.63423e+00  1.78123e+00  2.32578e+00  3.09678e-01  6.47152e+00
   72 -7.00054e-02  1.80973e+00 -1.10230e+00 -1.83825e+00  1.64001e+00  1.60946e+00  2.29712e+00 -2.11096e+00  1.63668e+00  1.44196e+00  2.32628e+00 -2.25941e+00  6.45724e+00
   73  5.27177e-01  1.61450e+00  9.60245e-02  2.29562e+00  1.44226e+00  1.25518e+00  2.63954e+00  1.52899e+00  1.63135e+00  1.10871e+00  2.31070e+00  1.45941e+00  6.42463e+00
   74  1.10509e+00  1.33114e+00  9.48682e-01 -1.96494e+00  1.49658e+00  8.77917e-01  2.38049e+00 -1.12100e+00  1.62304e+00  7.81997e-01  2.29614e+00 -1.09885e+00  6.39459e+00
   75  1.49122e+00  9.40074e-01 -1.77870e+00  1.05117e+00  1.55374e+00  5.62476e-01  2.13437e+00  2.60784e+00  1.61758e+00  4.58377e-01  2.29209e+00  2.62791e+00  6.38324e+00
   76  1.63428e+00  3.98606e-01  2.11011e+00  1.60016e-01  1.41487e+00  2.39233e-01  2.23908e+00  7.56883e-02  1.61888e+00  1.34870e-01  2.29750e+00  7.00969e-02  6.40044e+00
   77  1.58789e+00 -2.67823e-01 -1.80541e+00 -1.30804e+00  1.29656e+00 -1.67094e-01  2.48522e+00 -2.51461e+00  1.62073e+00 -1.91794e-01  2.30518e+00 -2.49078e+00  6.41193e+00
   78  1.42506e+00 -9.31480e-01  9.24973e-01  2.00092e+00  1.44922e+00 -5.78932e-01  2.42964e+00  1.13778e+00  1.62211e+00 -5.20597e-01  2.30917e+00  1.23079e+00  6.41196e+00
   79  1.12113e+00 -1.43874e+00  3.10429e-01 -2.04590e+00  1.66345e+00 -9.08840e-01  2.14104e+00 -1.42021e+00  1.62383e+00 -8.51407e-01  2.31239e+00 -1.33276e+00  6.41888e+00
   80  6.16940e-01 -1.70923e+00 -1.47996e+00  1.48573e+00  1.65105e+00 -1.22440e+00  2.19884e+00  2.35425e+00  1.61900e+00 -1.18374e+00  2.31329e+00  2.38410e+00  6.42184e+00
   81  5.79818e-03 -1.76291e+00  2.12888e+00 -4.49519e-01  1.55393e+00 -1.56751e+00  2.36709e+00 -2.08096e-01  1.61276e+00 -1.51396e+00  2.30175e+00 -1.82991e-01  6.39319e+00
   82 -5.98553e-01 -1.69163e+00 -2.00453e+00 -7.70170e-01  1.60994e+00 -1.91088e+00  2.30565e+00 -2.77477e+00  1.61140e+00 -1.83627e+00  2.28679e+00 -2.74342e+00  6.36382e+00
   83 -1.14760e+00 -1.49931e+00  1.13829e+00  1.74900e+00  1.78246e+00 -2.22409e+00  2.17735e+00  9.93845e-01  1.60731e+00 -2.15508e+00  2.28805e+00  9.82174e-01  6.37855e+00
   84 -1.56331e+00 -1.06776e+00  1.13116e-01 -2.16884e+00  1.79203e+00 -2.54236e+00  2.35834e+00 -1.51869e+00  1.61187e+00 -2.47969e+00  2.29574e+00 -1.57758e+00  6.39076e+00
   85 -1.78717e+00 -4.09640e-01 -1.27403e+00  1.91138e+00  1.68090e+00 -2.91627e+00  2.63825e+00  2.15872e+00  1.62153e+00 -2.80789e+00  2.30827e+00  2.14336e+00  6.42531e+00
   86 -1.82383e+00  2.63045e-01  1.98045e+00 -1.03549e+00  1.69777e+00  2.99835e+00  2.49720e+00 -4.81765e-01  1.62990e+00 -3.14004e+00  2.31694e+00 -4.22945e-01  6.45201e+00
   87 -1.74748e+00  7.85923e-01 -2.00474e+00 -2.18209e-01  1.83567e+00  2.71895e+00  2.03330e+00 -3.03317e+00  1.63454e+00  2.81229e+00  2.31760e+00 -2.98825e+00  6.44433e+00
   88 -1.55957e+00  1.16422e+00  1.33958e+00  1.46325e+00  1.89383e+00  2.50034e+00  1.96778e+00  8.29494e-01  1.62318e+00  2.48180e+00  2.31100e+00  7.30276e-01  6.41067e+00
   89 -1.15628e+00  1.47117e+00 -2.75171e-01 -2.22105e+00  1.75066e+00  2.23692e+00  2.50440e+00 -1.69406e+00  1.61470e+00  2.15018e+00  2.30400e+00 -1.83292e+00  6.38047e+00
   90 -5.65146e-01  1.72421e+00 -8.36088e-01  2.16543e+00  1.64615e+00  1.88753e+00  2.69408e+00  1.93927e+00  1.62152e+00  1.82310e+00  2.29792e+00  1.88876e+00  6.37500e+00
   91  2.93827e-02  1.86299e+00  1.69120e+00 -1.36501e+00  1.73580e+00  1.55503e+00  2.36170e+00 -6.79073e-01  1.62389e+00  1.50143e+00  2.29223e+00 -6.66544e-01  6.38049e+00
   92  5.06018e-01  1.80658e+00 -2.02023e+00  1.22714e-01  1.75989e+00  1.29770e+00  2.04819e+00  3.08092e+00  1.62546e+00  1.17663e+00  2.30467e+00  3.06017e+00  6.40599e+00
   93  8.92147e-01  1.50213e+00  1.73678e+00  1.15914e+00  1.52616e+00  1.03486e+00  2.18000e+00  5.88515e-01  1.63128e+00  8.43134e-01  2.32104e+00  4.96318e-01  6.43867e+00
   94  1.25683e+00  9.88760e-01 -9.82595e-01 -2.02563e+00  1.27863e+00  6.66585e-01  2.53433e+00 -2.02244e+00  1.63838e+00  5.07671e-01  2.32068e+00 -2.06925e+00  6.43155e+00
   95  1.57681e+00  3.90630e-01 -5.66371e-02  2.19009e+00  1.31945e+00  2.42846e-01  2.39984e+00  1.59665e+00  1.64237e+00  1.76844e-01  2.31776e+00  1.65114e+00  6.43206e+00
   96  1.70655e+00 -2.02746e-01  1.16652e+00 -1.69400e+00  1.47671e+00 -1.18250e-01  2.11520e+00 -9.67751e-01  1.64081e+00 -1.51005e-01  2.31285e+00 -9.10033e-01  6.42314e+00
   97  1.55323e+00 -7.65687e-01 -1.98331e+00  7.22964e-01  1.49940e+00 -4.58004e-01  2.22810e+00  2.79204e+00  1.63313e+00 -4.77218e-01  2.30936e+00  2.81224e+00  6.41523e+00
   98  1.17355e+00 -1.27771e+00  2.16578e+00  4.83384e-01  1.50489e+00 -8.27865e-01  2.46213e+00  2.19593e-01  1.62981e+00 -8.03859e-01  2.30499e+00  2.51757e-01  6.40894e+00
   99  6.67995e-01 -1.69359e+00 -1.59428e+00 -1.53771e+00  1.65723e+00 -1.19511e+00  2.45315e+00 -2.37425e+00  1.63649e+00 -1.12769e+00  2.30473e+00 -2.30703e+00  6.42704e+00
  100  1.06714e-01 -1.90504e+00  4.37356e-01  2.06875e+00  1.82029e+00 -1.51484e+00  2.23551e+00  1.36245e+00  1.64117e+00 -1.45232e+00  2.31827e+00  1.41550e+00  6.45413e+00
  101 -4.89845e-01 -1.79348e+00  8.72194e-01 -1.95375e+00  1.72826e+00 -1.83742e+00  2.28894e+00 -1.15092e+00  1.64062e+00 -1.78266e+00  2.32670e+00 -1.15005e+00  6.46752e+00
  102 -1.05389e+00 -1.40189e+00 -1.83169e+00  1.24528e+00  1.53799e+00 -2.21542e+00  2.45291e+00  2.54452e+00  1.63955e+00 -2.11642e+00  2.32869e+00  2.56239e+00  6.47083e+00
  103 -1.49353e+00 -9.34340e-01  2.13252e+00 -1.15856e-01  1.55181e+00 -2.58257e+00  2.28052e+00 -5.42750e-02  1.63990e+00 -2.44569e+00  2.31462e+00 -5.06185e-03  6.42260e+00
  104 -1.80535e+00 -5.02786e-01 -1.67441e+00 -1.09822e+00  1.75604e+00 -2.86998e+00  2.00488e+00 -2.56109e+00  1.63309e+00 -2.77013e+00  2.30554e+00 -2.56618e+00  6.40136e+00
  105 -1.93023e+00 -2.14044e-02  6.48696e-01  1.99634e+00  1.86312e+00 -3.13050e+00  2.20309e+00  1.25662e+00  1.62944e+00 -3.09263e+00  2.30117e+00  1.15841e+00  6.42604e+00
  106 -1.78966e+00  5.78316e-01  5.50804e-01 -2.23829e+00  1.76867e+00  2.82904e+00  2.65667e+00 -1.32951e+00  1.62549e+00  2.86885e+00  2.30302e+00 -1.40017e+00  6.43011e+00
  107 -1.45761e+00  1.17214e+00 -1.54870e+00  1.71540e+00  1.74927e+00  2.46433e+00  2.67054e+00  2.30517e+00  1.62476e+00  2.54297e+00  2.30206e+00  2.32232e+00  6.41665e+00
  108 -1.08506e+00  1.60156e+00  2.02584e+00 -5.99561e-01  1.87117e+00  2.16626e+00  2.23174e+00 -2.87744e-01  1.63265e+00  2.21636e+00  2.31014e+00 -2.36360e-01  6.43588e+00
  109 -7.13164e-01  1.80746e+00 -1.80956e+00 -7.57332e-01  1.88775e+00  1.94661e+00  1.92404e+00 -2.74523e+00  1.63620e+00  1.88241e+00  2.32715e+00 -2.80122e+00  6.47140e+00
  110 -2.39301e-01  1.80698e+00  1.03830e+00  1.87438e+00  1.66122e+00  1.70246e+00  2.29569e+00  1.06493e+00  1.63788e+00  1.54341e+00  2.32558e+00  9.13115e-01  6.44994e+00
  111  3.70067e-01  1.67090e+00 -1.29414e-02 -2.29990e+00  1.46443e+00  1.35284e+00  2.64486e+00 -1.57642e+00  1.63282e+00  1.21162e+00  2.30996e+00 -1.65075e+00  6.41978e+00
  112  9.71098e-01  1.44667e+00 -1.02388e+00  1.93196e+00  1.51794e+00  9.79616e-01  2.39039e+00  2.05813e+00  1.62404e+00  8.86242e-01  2.29527e+00  2.07486e+00  6.39213e+00
  113  1.39035e+00  1.10420e+00  1.81496e+00 -9.85306e-01  1.57617e+00  6.71186e-01  2.13245e+00 -4.97361e-01  1.61865e+00  5.63217e-01  2.29226e+00 -4.80946e-01  6.38440e+00
  114  1.57907e+00  5.92157e-01 -2.09207e+00 -2.42090e-01  1.42206e+00  3.58773e-01  2.21769e+00 -3.02639e+00  1.62117e+00  2.39360e-01  2.29965e+00 -3.03876e+00  6.40706e+00
  115  1.59157e+00 -6.91229e-02  1.74613e+00  1.37756e+00  1.26894e+00 -4.34034e-02  2.47332e+00  6.67951e-01  1.62408e+00 -8.79030e-02  2.30767e+00  6.83081e-01  6.41782e+00
  116  1.49556e+00 -7.49680e-01 -8.54155e-01 -2.03262e+00  1.39936e+00 -4.64663e-01  2.43056e+00 -1.96862e+00  1.62495e+00 -4.17105e-01  2.31123e+00 -1.87893e+00  6.41173e+00
  117  1.25318e+00 -1.29481e+00 -3.69846e-01  2.03291e+00  1.62350e+00 -8.01736e-01  2.13476e+00  1.75076e+00  1.62586e+00 -7.48003e-01  2.31291e+00  1.84074e+00  6.41509e+00
  118  7.91842e-01 -1.62614e+00  1.51858e+00 -1.43637e+00  1.63568e+00 -1.11765e+00  2.18462e+00 -7.57586e-01  1.61994e+00 -1.07985e+00  2.31272e+00 -7.24938e-01  6.41792e+00
  119  1.97200e-01 -1.75512e+00 -2.14303e+00  3.79340e-01  1.55966e+00 -1.45891e+00  2.36824e+00  2.96640e+00  1.61408e+00 -1.40941e+00  2.30115e+00  2.99212e+00  6.38927e+00
  120 -4.14136e-01 -1.75410e+00  1.99122e+00  8.37762e-01  1.62419e+00 -1.80265e+00  2.33340e+00  3.98247e-01  1.61442e+00 -1.73121e+00  2.28770e+00  4.32210e-01  6.36311e+00
  121 -9.85609e-01 -1.61596e+00 -1.10024e+00 -1.78643e+00  1.79138e+00 -2.11848e+00  2.20092e+00 -2.12281e+00  1.61187e+00 -2.04984e+00  2.29100e+00 -2.12528e+00  6.38146e+00
  122 -1.44360e+00 -1.22089e+00 -1.66563e-01  2.16174e+00  1.78727e+00 -2.43958e+00  2.35044e+00  1.64769e+00  1.61563e+00 -2.37516e+00  2.29973e+00  1.59746e+00  6.39491e+00
  123 -1.73047e+00 -5.82079e-01  1.32351e+00 -1.86743e+00  1.66668e+00 -2.81711e+00  2.61948e+00 -9.54232e-01  1.62424e+00 -2.70459e+00  2.31169e+00 -9.65991e-01  6.43077e+00
  124 -1.83190e+00  8.62973e-02 -2.00544e+00  9.72163e-01  1.68165e+00  3.09452e+00  2.48345e+00  2.69021e+00  1.63057e+00 -3.03755e+00  2.31863e+00  2.74977e+00  6.45246e+00
  125 -1.80793e+00  6.16503e-01  1.99571e+00  2.80711e-01  1.82435e+00  2.81296e+00  2.03083e+00  1.39740e-01  1.63381e+00  2.91455e+00  2.31652e+00  1.84184e-01  6.43855e+00
  126 -1.66046e+00  1.01891e+00 -1.29945e+00 -1.50555e+00  1.89766e+00  2.59121e+00  1.97762e+00 -2.28285e+00  1.62299e+00  2.58554e+00  2.30859e+00 -2.37967e+00  6.40834e+00
  127 -1.28908e+00  1.37229e+00  2.14447e-01  2.23245e+00  1.77246e+00  2.32494e+00  2.51490e+00  1.47503e+00  1.61256e+00  2.25543e+00  2.30235e+00  1.34105e+00  6.38467e+00
  128 -7.22333e-01  1.68221e+00  9.00706e-01 -2.14634e+00  1.67580e+00  1.97638e+00  2.70903e+00 -1.17347e+00  1.61849e+00  1.92767e+00  2.29716e+00 -1.22072e+00  6.37591e+00
  129 -1.42338e-01  1.87359e+00 -1.73434e+00  1.31928e+00  1.76531e+00  1.64662e+00  2.37422e+00  2.49129e+00  1.62228e+00  1.60545e+00  2.29205e+00  2.50688e+00  6.38231e+00
  130  3.34572e-01  1.86392e+00  2.01805e+00 -5.74397e-02  1.79306e+00  1.39319e+00  2.03792e+00 -2.84553e-02  1.62459e+00  1.28000e+00  2.30610e+00 -5.00902e-02  6.41235e+00
  131  7.43439e-01  1.60470e+00 -1.68488e+00 -1.22673e+00  1.56388e+00  1.13695e+00  2.17185e+00 -2.51227e+00  1.63007e+00  9.45166e-01  2.32249e+00 -2.61494e+00  6.44469e+00
  132  1.15297e+00  1.13582e+00  8.99737e-01  2.07036e+00  1.30972e+00  7.77906e-01  2.54796e+00  1.16084e+00  1.63653e+00  6.08456e-01  2.32045e+00  1.10210e+00  6.43249e+00
  133  1.52842e+00  5.73935e-01  1.41966e-01 -2.19428e+00  1.33274e+00  3.59216e-01  2.41750e+00 -1.50619e+00  1.64023e+00  2.77167e-01  2.31567e+00 -1.46058e+00  6.43026e+00
  134  1.71712e+00 -3.76620e-03 -1.22793e+00  1.65637e+00  1.47426e+00 -2.19332e-03  2.12569e+00  2.20873e+00  1.63869e+00 -5.03033e-02  2.31024e+00  2.26197e+00  6.41832e+00
  135  1.62305e+00 -5.80274e-01  2.00631e+00 -6.56162e-01  1.48551e+00 -3.43358e-01  2.22792e+00 -3.16084e-01  1.63198e+00 -3.75805e-01  2.30698e+00 -2.98288e-01  6.40989e+00
  136  1.29477e+00 -1.13336e+00 -2.15137e+00 -5.54016e-01  1.48047e+00 -7.19020e-01  2.46766e+00 -2.88955e+00  1.62819e+00 -7.02126e-01  2.30474e+00 -2.85839e+00  6.40894e+00
  137  8.29954e-01 -1.60477e+00  1.55719e+00  1.58476e+00  1.63206e+00 -1.09350e+00  2.46815e+00  7.94173e-01  1.63383e+00 -1.02684e+00  2.30508e+00  8.65705e-01  6.43054e+00
  138  2.94188e-01 -1.87812e+00 -3.93786e-01 -2.07658e+00  1.80695e+00 -1.41542e+00  2.23363e+00 -1.75820e+00  1.63857e+00 -1.35243e+00  2.31782e+00 -1.69533e+00  6.45702e+00
  139 -3.03001e-01 -1.83545e+00 -9.12800e-01  1.92208e+00  1.73035e+00 -1.73440e+00  2.26380e+00  2.01416e+00  1.63856e+00 -1.68318e+00  2.32576e+00  2.02200e+00  6.46789e+00
  140 -8.92596e-01 -1.50886e+00  1.85916e+00 -1.18276e+00  1.53669e+00 -2.10500e+00  2.42770e+00 -5.66600e-01  1.63602e+00 -2.01703e+00  2.32661e+00 -5.48858e-01  6.46691e+00
  141 -1.37363e+00 -1.08901e+00 -2.13461e+00  3.98525e-02  1.53641e+00 -2.47126e+00  2.27907e+00  3.12293e+00  1.63653e+00 -2.34585e+00  2.31110e+00 -3.11579e+00  6.41744e+00
  142 -1.73524e+00 -6.84267e-01  1.64535e+00  1.15995e+00  1.73964e+00 -2.76598e+00  2.02633e+00  6.14067e-01  1.62981e+00 -2.66917e+00  2.30237e+00  6.06904e-01  6.39900e+00
  143 -1.91473e+00 -2.06396e-01 -5.95870e-01 -2.01898e+00  1.85439e+00 -3.03421e+00  2.21567e+00 -1.85778e+00  1.62705e+00 -2.99139e+00  2.29948e+00 -1.95144e+00  6.42320e+00
  144 -1.83201e+00  4.11608e-01 -6.09917e-01  2.21969e+00  1.76283e+00  2.92059e+00  2.64951e+00  1.83895e+00  1.62662e+00  2.97030e+00  2.30294e+00  1.77356e+00  6.43059e+00
  145 -1.55228e+00  1.03510e+00  1.59257e+00 -1.67030e+00  1.74050e+00  2.55348e+00  2.66309e+00 -8.09214e-01  1.62757e+00  2.64463e+00  2.30463e+00 -7.87266e-01  6.42450e+00
  146 -1.21839e+00  1.49670e+00 -2.03735e+00  5.43648e-01  1.86229e+00  2.25405e+00  2.22317e+00  2.88083e+00  1.63585e+00  2.31739e+00  2.31336e+00  2.93627e+00  6.44351e+00
  147 -8.71654e-01  1.73983e+00  1.78103e+00  8.09516e-01  1.89340e+00  2.03524e+00  1.91369e+00  4.26607e-01  1.63745e+00  1.98319e+00  2.32771e+00  3.70906e-01  6.46859e+00
  148 -4.07457e-01  1.78847e+00 -9.75060e-01 -1.90785e+00  1.68232e+00  1.79480e+00  2.29531e+00 -2.04327e+00  1.63792e+00  1.64460e+00  2.32423e+00 -2.19752e+00  6.43993e+00
  149  2.08414e-01  1.71203e+00 -6.85734e-02  2.30135e+00  1.48725e+00  1.44966e+00  2.65046e+00  1.60058e+00  1.63422e+00  1.31414e+00  2.30934e+00  1.52227e+00  6.41360e+00
  150  8.27056e-01  1.54771e+00  1.09697e+00 -1.89696e+00  1.53972e+00  1.08003e+00  2.40091e+00 -1.04650e+00  1.62600e+00  9.90034e-01  2.29510e+00 -1.03474e+00  6.39060e+00
  151  1.27468e+00  1.25591e+00 -1.84834e+00  9.18330e-01  1.60106e+00  7.77980e-01  2.12984e+00  2.68048e+00  1.62109e+00  6.67508e-01  2.29338e+00  2.69314e+00  6.38683e+00
  152  1.50571e+00  7.77947e-01  2.07021e+00  3.24515e-01  1.43618e+00  4.76891e-01  2.19554e+00  1.55489e-01  1.62459e+00  3.43065e-01  2.30278e+00  1.35171e-01  6.41401e+00
  153  1.57595e+00  1.29128e-01 -1.68254e+00 -1.44685e+00  1.25015e+00  8.17539e-02  2.46217e+00 -2.43137e+00  1.62846e+00  1.49915e-02  2.31075e+00 -2.42670e+00  6.42439e+00
  154  1.54744e+00 -5.60286e-01  7.79303e-01  2.06357e+00  1.35424e+00 -3.47390e-01  2.43281e+00  1.20971e+00  1.62916e+00 -3.14500e-01  2.31373e+00  1.29414e+00  6.41479e+00
  155  1.36934e+00 -1.13641e+00  4.31934e-01 -2.01873e+00  1.58326e+00 -6.92709e-01  2.13092e+00 -1.36001e+00  1.62934e+00 -6.45290e-01  2.31405e+00 -1.26926e+00  6.41494e+00
  156  9.56427e-01 -1.52322e+00 -1.55762e+00  1.38585e+00  1.61747e+00 -1.01012e+00  2.17339e+00  2.41448e+00  1.62246e+00 -9.76485e-01  2.31296e+00  2.44894e+00  6.41751e+00
  157  3.85206e-01 -1.72467e+00  2.15573e+00 -3.09437e-01  1.56144e+00 -1.35105e+00  2.37147e+00 -1.42568e-01  1.61704e+00 -1.30551e+00  2.30174e+00 -1.16239e-01  6.38975e+00
  158 -2.26521e-01 -1.79450e+00 -1.97653e+00 -9.03040e-01  1.63577e+00 -1.69636e+00  2.36107e+00 -2.71303e+00  1.61944e+00 -1.62712e+00  2.29002e+00 -2.67578e+00  6.36678e+00
  159 -8.14451e-01 -1.71413e+00  1.06263e+00  1.82072e+00  1.80078e+00 -2.01436e+00  2.22210e+00  1.04250e+00  1.61871e+00 -1.94581e+00  2.29544e+00  1.04991e+00  6.38852e+00
  160 -1.30950e+00 -1.36153e+00  2.17784e-01 -2.15219e+00  1.78428e+00 -2.33672e+00  2.33967e+00 -1.46995e+00  1.62142e+00 -2.27177e+00  2.30495e+00 -1.51122e+00  6.40356e+00
  161 -1.65572e+00 -7.48857e-01 -1.37020e+00  1.82174e+00  1.65110e+00 -2.71684e+00  2.59810e+00  2.21566e+00  1.62851e+00 -2.60224e+00  2.31599e+00  2.20729e+00  6.43908e+00
  162 -1.82114e+00 -9.09336e-02  2.02815e+00 -9.07404e-01  1.66242e+00 -3.09170e+00  2.46838e+00 -4.20694e-01  1.63263e+00 -2.93556e+00  2.32045e+00 -3.61075e-01  6.45252e+00
  163 -1.85130e+00  4.41710e-01 -1.98522e+00 -3.43880e-01  1.81120e+00  2.90738e+00  2.02968e+00 -2.97007e+00  1.63399e+00  3.01656e+00  2.31576e+00 -2.92672e+00  6.43255e+00
  164 -1.74694e+00  8.64285e-01  1.25922e+00  1.54688e+00  1.89940e+00  2.68216e+00  1.98922e+00  8.87554e-01  1.62424e+00  2.68883e+00  2.30706e+00  7.93414e-01  6.40870e+00
  165 -1.41081e+00  1.26098e+00 -1.55402e-01 -2.24165e+00  1.79023e+00  2.41222e+00  2.52456e+00 -1.64001e+00  1.61246e+00  2.36038e+00  2.30155e+00 -1.76833e+00  6.39255e+00
  166 -8.72554e-01  1.62539e+00 -9.62088e-01  2.12573e+00  1.70161e+00  2.06347e+00  2.72216e+00  1.99580e+00  1.61638e+00  2.03216e+00  2.29689e+00  1.95291e+00  6.37951e+00
  167 -3.11430e-01  1.86736e+00  1.77393e+00 -1.27408e+00  1.79200e+00  1.73605e+00  2.38505e+00 -6.22853e-01  1.62124e+00  1.70929e+00  2.29238e+00 -6.02983e-01  6.38588e+00
  168  1.61167e-01  1.90308e+00 -2.01366e+00 -4.92776e-03  1.82384e+00  1.48631e+00  2.02742e+00 -3.13915e+00  1.62443e+00  1.38312e+00  2.30798e+00  3.12263e+00  6.42086e+00
  169  5.87973e-01  1.68945e+00  1.63269e+00  1.28994e+00  1.59999e+00  1.23588e+00  2.16482e+00  6.68658e-01  1.62962e+00  1.04712e+00  2.32402e+00  5.56803e-01  6.45258e+00
  170  1.03769e+00  1.26804e+00 -8.17483e-01 -2.11066e+00  1.34237e+00  8.84971e-01  2.56158e+00 -1.94032e+00  1.63469e+00  7.09465e-01  2.31999e+00 -2.00981e+00  6.43438e+00
  171  1.46428e+00  7.47882e-01 -2.26789e-01  2.19507e+00  1.35173e+00  4.72210e-01  2.43489e+00  1.67375e+00  1.63720e+00  3.77819e-01  2.31301e+00  1.71089e+00  6.42708e+00
  172  1.70855e+00  1.93415e-01  1.28822e+00 -1.61658e+00  1.47827e+00  1.12724e-01  2.13642e+00 -8.97960e-01  1.63529e+00  5.06859e-02  2.30700e+00 -8.49147e-01  6.41182e+00
  173  1.67262e+00 -3.88179e-01 -2.02638e+00  5.88138e-01  1.47417e+00 -2.28042e-01  2.22606e+00  2.85911e+00  1.62966e+00 -2.74184e-01  2.30408e+00  2.87439e+00  6.40369e+00
  174  1.39814e+00 -9.75044e-01  2.13279e+00  6.24864e-01  1.45276e+00 -6.08968e-01  2.46963e+00  2.85004e-01  1.62588e+00 -6.00105e-01  2.30407e+00  3.14596e-01  6.40736e+00
  175  9.79628e-01 -1.49732e+00 -1.51666e+00 -1.63098e+00  1.60081e+00 -9.91435e-01  2.48018e+00 -2.31989e+00  1.63043e+00 -9.25630e-01  2.30511e+00 -2.24483e+00  6.43050e+00
  176  4.76565e-01 -1.83028e+00  3.48870e-01  2.08336e+00  1.78853e+00 -1.31607e+00  2.23106e+00  1.40488e+00  1.63503e+00 -1.25216e+00  2.31674e+00  1.47697e+00  6.45587e+00
  177 -1.13711e-01 -1.85722e+00  9.52813e-01 -1.88994e+00  1.73110e+00 -1.63195e+00  2.23987e+00 -1.10383e+00  1.63551e+00 -1.58336e+00  2.32396e+00 -1.08911e+00  6.46475e+00
  178 -7.22083e-01 -1.59989e+00 -1.88557e+00  1.12018e+00  1.54052e+00 -1.99476e+00  2.40509e+00  2.60554e+00  1.63154e+00 -1.91715e+00  2.32360e+00  2.62332e+00  6.45982e+00
  179 -1.23935e+00 -1.23314e+00  2.13601e+00  3.58933e-02  1.52832e+00 -2.35871e+00  2.28192e+00  1.68023e-02  1.63161e+00 -2.24557e+00  2.30693e+00  5.69631e-02  6.41100e+00
  180 -1.64746e+00 -8.60072e-01 -1.61602e+00 -1.22073e+00  1.72692e+00 -2.66045e+00  2.05085e+00 -2.49465e+00  1.62510e+00 -2.56788e+00  2.29854e+00 -2.50294e+00  6.39567e+00
  181 -1.88107e+00 -3.90701e-01  5.42804e-01  2.03980e+00  1.84554e+00 -2.93680e+00  2.22770e+00  1.31072e+00  1.62318e+00 -2.88990e+00  2.29725e+00  1.22204e+00  6.41769e+00
  182 -1.85872e+00  2.40040e-01  6.68879e-01 -2.19885e+00  1.75624e+00  3.01316e+00  2.64117e+00 -1.27550e+00  1.62624e+00  3.07152e+00  2.30248e+00 -1.33599e+00  6.42846e+00
  183 -1.63468e+00  8.88429e-01 -1.63523e+00  1.62312e+00  1.73074e+00  2.64376e+00  2.65425e+00  2.35991e+00  1.62952e+00  2.74568e+00  2.30704e+00  2.38606e+00  6.43152e+00
  184 -1.34213e+00  1.37887e+00  2.04738e+00 -4.86743e-01  1.85130e+00  2.34269e+00  2.21435e+00 -2.33406e-01  1.63825e+00  2.41781e+00  2.31600e+00 -1.74634e-01  6.44990e+00
  185 -1.02323e+00  1.65740e+00 -1.75212e+00 -8.60798e-01  1.89698e+00  2.12389e+00  1.90545e+00 -2.68494e+00  1.63758e+00  2.08369e+00  2.32724e+00 -2.74033e+00  6.46322e+00
  186 -5.72886e-01  1.75476e+00  9.12907e-01  1.93891e+00  1.70369e+00  1.88636e+00  2.29639e+00  1.13075e+00  1.63634e+00  1.74567e+00  2.32205e+00  9.75006e-01  6.42802e+00
  187  4.39720e-02  1.73815e+00  1.48077e-01 -2.30045e+00  1.51154e+00  1.54550e+00  2.65700e+00 -1.50652e+00  1.63474e+00  1.41623e+00  2.30856e+00 -1.58799e+00  6.40609e+00
  188  6.74713e-01  1.63389e+00 -1.16751e+00  1.86064e+00  1.56241e+00  1.17918e+00  2.41253e+00  2.13118e+00  1.62802e+00  1.09321e+00  2.29521e+00  2.13858e+00  6.38911e+00
  189  1.14586e+00  1.39386e+00  1.87869e+00 -8.51031e-01  1.62793e+00  8.82736e-01  2.12686e+00 -4.25340e-01  1.62391e+00  7.71028e-01  2.29493e+00 -4.16350e-01  6.38924e+00
  190  1.41566e+00  9.53638e-01 -2.04492e+00 -4.06520e-01  1.45676e+00  5.92812e-01  2.17348e+00 -2.94536e+00  1.62812e+00  4.45783e-01  2.30627e+00 -2.97463e+00  6.41974e+00
  191  1.54201e+00  3.23984e-01  1.61542e+00  1.51533e+00  1.24138e+00  2.07092e-01  2.45292e+00  7.53439e-01  1.63288e+00  1.16705e-01  2.31394e+00  7.46093e-01  6.42994e+00
  192  1.58075e+00 -3.66193e-01 -7.01101e-01 -2.09352e+00  1.31644e+00 -2.27642e-01  2.43719e+00 -1.89395e+00  1.63384e+00 -2.13021e-01  2.31626e+00 -1.81651e+00  6.41979e+00
  193  1.46850e+00 -9.65881e-01 -4.96283e-01  2.00337e+00  1.54471e+00 -5.81791e-01  2.12989e+00  1.81363e+00  1.63348e+00 -5.43533e-01  2.31541e+00  1.90344e+00  6.41752e+00
  194  1.10855e+00 -1.40205e+00  1.59687e+00 -1.33426e+00  1.59731e+00 -9.01776e-01  2.16511e+00 -6.96043e-01  1.62593e+00 -8.73962e-01  2.31359e+00 -6.60805e-01  6.41946e+00
  195  5.67225e-01 -1.67213e+00 -2.16677e+00  2.39847e-01  1.55889e+00 -1.24376e+00  2.37620e+00  3.03135e+00  1.62078e+00 -1.20256e+00  2.30305e+00  3.05809e+00  6.39353e+00
  196 -3.81276e-02 -1.81227e+00  1.96023e+00  9.65990e-01  1.64290e+00 -1.59183e+00  2.38783e+00  4.57866e-01  1.62516e+00 -1.52434e+00  2.29309e+00  4.98788e-01  6.37410e+00
  197 -6.36209e-01 -1.79239e+00 -1.02539e+00 -1.85193e+00  1.80870e+00 -1.91188e+00  2.24053e+00 -2.07647e+00  1.62635e+00 -1.84336e+00  2.30050e+00 -2.05884e+00  6.39873e+00
  198 -1.16264e+00 -1.48790e+00 -2.66655e-01  2.14030e+00  1.78279e+00 -2.23409e+00  2.32599e+00  1.69475e+00  1.62799e+00 -2.16985e+00  2.31058e+00  1.66256e+00  6.41506e+00
  199 -1.56356e+00 -9.08202e-01  1.41391e+00 -1.77441e+00  1.63478e+00 -2.61537e+00  2.57384e+00 -8.97988e-01  1.63333e+00 -2.50116e+00  2.32057e+00 -9.03273e-01  6.44891e+00
  200 -1.79113e+00 -2.67033e-01 -2.04846e+00  8.41194e-01  1.63973e+00 -2.99360e+00  2.45189e+00  2.75194e+00  1.63561e+00 -2.83441e+00  2.32210e+00  2.81084e+00  6.45196e+00
  201 -1.87654e+00  2.62965e-01  1.97315e+00  4.07790e-01  1.79528e+00  3.00237e+00  2.02981e+00  2.03800e-01  1.63486e+00  3.11807e+00  2.31515e+00  2.45371e-01  6.42636e+00
  202 -1.81789e+00  7.01476e-01 -1.21860e+00 -1.58722e+00  1.89839e+00  2.77332e+00  2.00213e+00 -2.22557e+00  1.62637e+00  2.79140e+00  2.30620e+00 -2.31690e+00  6.41067e+00
  203 -1.52034e+00  1.13783e+00  9.76816e-02  2.24844e+00  1.80304e+00  2.49911e+00  2.53251e+00  1.52738e+00  1.61410e+00  2.46467e+00  2.30139e+00  1.40526e+00  6.40242e+00
  204 -1.01453e+00  1.55381e+00  1.02048e+00 -2.10314e+00  1.72181e+00  2.14923e+00  2.73228e+00 -1.11905e+00  1.61531e+00  2.13634e+00  2.29707e+00 -1.15674e+00  6.38497e+00
  205 -4.76351e-01  1.84416e+00 -1.81008e+00  1.22895e+00  1.81392e+00  1.82357e+00  2.39335e+00  2.54514e+00  1.62087e+00  1.81277e+00  2.29325e+00  2.57021e+00  6.39076e+00
  206 -1.24957e-02  1.92391e+00  2.00714e+00  6.46372e-02  1.85078e+00  1.57729e+00  2.01639e+00  3.21925e-02  1.62506e+00  1.48584e+00  2.31025e+00  1.19567e-02  6.43046e+00
  207  4.27210e-01  1.75604e+00 -1.58029e+00 -1.34870e+00  1.63309e+00  1.33215e+00  2.15816e+00 -2.43510e+00  1.63005e+00  1.14887e+00  2.32554e+00 -2.55477e+00  6.46079e+00
  208  9.11974e-01  1.38452e+00  7.35934e-01  2.14622e+00  1.37430e+00  9.88336e-01  2.57392e+00  1.24046e+00  1.63316e+00  8.10712e-01  2.31931e+00  1.16149e+00  6.43650e+00
  209  1.38496e+00  9.10889e-01  3.10939e-01 -2.19207e+00  1.37392e+00  5.81769e-01  2.45093e+00 -1.42989e+00  1.63365e+00  4.78966e-01  2.30992e+00 -1.40068e+00  6.42275e+00
  210  1.68098e+00  3.86667e-01 -1.34714e+00  1.57424e+00  1.48760e+00  2.26093e-01  2.14652e+00  2.27861e+00  1.63095e+00  1.52197e-01  2.30333e+00  2.32312e+00  6.40427e+00
  211  1.70141e+00 -1.91612e-01  2.04313e+00 -5.18618e-01  1.46575e+00 -1.12147e-01  2.22167e+00 -2.48585e-01  1.62643e+00 -1.72131e-01  2.30093e+00 -2.35934e-01  6.39761e+00
  212  1.48242e+00 -8.04498e-01 -2.10954e+00 -6.96159e-01  1.42239e+00 -4.97215e-01  2.46740e+00 -2.82284e+00  1.62322e+00 -4.97645e-01  2.30315e+00 -2.79552e+00  6.40511e+00
  213  1.11519e+00 -1.37225e+00  1.47210e+00  1.67655e+00  1.56336e+00 -8.88375e-01  2.48895e+00  8.50238e-01  1.62678e+00 -8.23902e-01  2.30497e+00  9.27860e-01  6.42726e+00
  214  6.51774e-01 -1.76179e+00 -3.02006e-01 -2.08908e+00  1.76436e+00 -1.21646e+00  2.22774e+00 -1.71437e+00  1.63109e+00 -1.15132e+00  2.31526e+00 -1.63386e+00  6.45065e+00
  215  7.61693e-02 -1.85798e+00 -9.92639e-01  1.85716e+00  1.72895e+00 -1.52982e+00  2.21718e+00  2.06166e+00  1.63176e+00 -1.48298e+00  2.32157e+00  2.08315e+00  6.45827e+00
  216 -5.43940e-01 -1.67329e+00  1.91104e+00 -1.05751e+00  1.54788e+00 -1.88509e+00  2.38520e+00 -5.05424e-01  1.62656e+00 -1.81654e+00  2.31989e+00 -4.87325e-01  6.44971e+00
  217 -1.09202e+00 -1.36476e+00 -2.13672e+00 -1.11140e-01  1.52754e+00 -2.24563e+00  2.28895e+00 -3.08963e+00  1.62571e+00 -2.14449e+00  2.30235e+00 -3.05302e+00  6.40277e+00
  218 -1.54275e+00 -1.02833e+00  1.58652e+00  1.28019e+00  1.71878e+00 -2.55367e+00  2.07796e+00  6.78944e-01  1.61940e+00 -2.46588e+00  2.29435e+00  6.70816e-01  6.39087e+00
  219 -1.82914e+00 -5.72662e-01 -4.89710e-01 -2.05857e+00  1.83685e+00 -2.83818e+00  2.23877e+00 -1.80434e+00  1.61831e+00 -2.78781e+00  2.29477e+00 -1.88739e+00  6.40995e+00
  220 -1.86907e+00  6.50382e-02 -7.27547e-01  2.17576e+00  1.74882e+00  3.10681e+00  2.63163e+00  1.89350e+00  1.62442e+00 -3.11027e+00  2.30172e+00  1.83767e+00  6.42410e+00
  221 -1.70392e+00  7.33308e-01  1.67672e+00 -1.57389e+00  1.72053e+00  2.73519e+00  2.64427e+00 -7.53775e-01  1.63017e+00  2.84649e+00  2.30906e+00 -7.23996e-01  6.43704e+00
  222 -1.45540e+00  1.24904e+00 -2.05604e+00  4.28745e-01  1.83915e+00  2.43235e+00  2.20556e+00  2.93601e+00  1.63936e+00  2.51792e+00  2.31778e+00  2.99740e+00  6.45428e+00
  223 -1.16693e+00  1.56081e+00  1.72291e+00  9.11429e-01  1.89893e+00  2.21279e+00  1.89956e+00  4.86582e-01  1.63644e+00  2.18423e+00  2.32563e+00  4.31553e-01  6.45564e+00
  224 -7.34334e-01  1.70631e+00 -8.51927e-01 -1.96790e+00  1.72537e+00  1.97720e+00  2.29921e+00 -1.97935e+00  1.63298e+00  1.84699e+00  2.31904e+00 -2.13557e+00  6.41531e+00
  225 -1.21780e-01  1.74951e+00 -2.25405e-01  2.29762e+00  1.53781e+00  1.64029e+00  2.66494e+00  1.66859e+00  1.63377e+00  1.51819e+00  2.30738e+00  1.58489e+00  6.39757e+00
  226  5.15608e-01  1.70506e+00  1.23529e+00 -1.82348e+00  1.58654e+00  1.27714e+00  2.42550e+00 -9.75376e-01  1.62924e+00  1.19595e+00  2.29518e+00 -9.71514e-01  6.38699e+00
  227  1.00541e+00  1.51720e+00 -1.90601e+00  7.83960e-01  1.65638e+00  9.85562e-01  2.12373e+00  2.75138e+00  1.62610e+00  8.73930e-01  2.29640e+00  2.75698e+00  6.39073e+00
  228  1.31035e+00  1.11752e+00  2.01661e+00  4.87574e-01  1.48294e+00  7.06137e-01  2.15223e+00  2.37226e-01  1.63078e+00  5.47702e-01  2.30954e+00  1.98246e-01  6.42344e+00
  229  1.49083e+00  5.13069e-01 -1.54539e+00 -1.58259e+00  1.24291e+00  3.31453e-01  2.44641e+00 -2.34430e+00  1.63636e+00  2.17440e-01  2.31676e+00 -2.36485e+00  6.43332e+00
  230  1.59589e+00 -1.69920e-01  6.20057e-01  2.12225e+00  1.28786e+00 -1.06074e-01  2.44420e+00  1.28654e+00  1.63806e+00 -1.12541e-01  2.31835e+00  1.35551e+00  6.42506e+00
  231  1.55010e+00 -7.85365e-01  5.62630e-01 -1.98675e+00  1.50980e+00 -4.68958e-01  2.13187e+00 -1.29483e+00  1.63745e+00 -4.42656e-01  2.31653e+00 -1.20748e+00  6.42132e+00
  232  1.24660e+00 -1.26423e+00 -1.63617e+00  1.28150e+00  1.57615e+00 -7.92418e-01  2.15964e+00  2.47716e+00  1.62956e+00 -7.72246e-01  2.31415e+00  2.51219e+00  6.42213e+00
  233  7.41122e-01 -1.59838e+00  2.17595e+00 -1.70325e-01  1.55204e+00 -1.13663e+00  2.38189e+00 -7.81169e-02  1.62443e+00 -1.10050e+00  2.30455e+00 -5.12671e-02  6.39891e+00
  234  1.48986e-01 -1.80744e+00 -1.94205e+00 -1.02694e+00  1.64452e+00 -1.48855e+00  2.41308e+00 -2.65518e+00  1.63028e+00 -1.42273e+00  2.29624e+00 -2.61046e+00  6.38370e+00
  235 -4.52650e-01 -1.84991e+00  9.88180e-01  1.88037e+00  1.81353e+00 -1.81077e+00  2.25614e+00  1.08694e+00  1.63326e+00 -1.74234e+00  2.30534e+00  1.11487e+00  6.41064e+00
  236 -1.00444e+00 -1.59871e+00  3.13426e-01 -2.12629e+00  1.78239e+00 -2.13175e+00  2.30966e+00 -1.42445e+00  1.63408e+00 -2.06926e+00  2.31577e+00 -1.44751e+00  6.42749e+00
  237 -1.45479e+00 -1.05878e+00 -1.45483e+00  1.72543e+00  1.61871e+00 -2.51246e+00  2.54681e+00  2.27131e+00  1.63759e+00 -2.40124e+00  2.32475e+00  2.26880e+00  6.45867e+00
  238 -1.74179e+00 -4.40778e-01  2.06647e+00 -7.73329e-01  1.61405e+00 -2.89374e+00  2.43417e+00 -3.58092e-01  1.63876e+00 -2.73411e+00  2.32322e+00 -3.00755e-01  6.45058e+00
  239 -1.88300e+00  8.13643e-02 -1.95942e+00 -4.72730e-01  1.77615e+00  3.09841e+00  2.03139e+00 -2.90486e+00  1.63604e+00 -3.06410e+00  2.31448e+00 -2.86583e+00  6.42009e+00
  240 -1.87250e+00  5.31416e-01  1.17718e+00  1.62677e+00  1.89432e+00  2.86506e+00  2.01606e+00  9.44388e-01  1.62866e+00  2.89327e+00  2.30570e+00  8.55819e-01  6.41319e+00
  241 -1.61691e+00  1.00340e+00 -4.06493e-02 -2.25272e+00  1.81061e+00  2.58619e+00  2.53820e+00 -1.58884e+00  1.61689e+00  2.56821e+00  2.30158e+00 -1.70448e+00  6.41250e+00
  242 -1.14748e+00  1.46767e+00 -1.07643e+00  2.07809e+00  1.73537e+00  2.23436e+00  2.73859e+00  2.04873e+00  1.61529e+00  2.24018e+00  2.29761e+00  2.01680e+00  6.39144e+00
  243 -6.36092e-01  1.80406e+00  1.84312e+00 -1.18319e+00  1.82963e+00  1.90978e+00  2.39851e+00 -5.70694e-01  1.62124e+00  1.91593e+00  2.29468e+00 -5.39814e-01  6.39650e+00
  244 -1.85196e-01  1.92648e+00 -1.99856e+00 -1.22310e-01  1.87281e+00  1.66663e+00  2.00461e+00 -3.08047e+00  1.62638e+00  1.58818e+00  2.31279e+00 -3.09883e+00  6.43991e+00
  245  2.62278e-01  1.80445e+00  1.52756e+00  1.40334e+00  1.66241e+00  1.42646e+00  2.15140e+00  7.43040e-01  1.63122e+00  1.25045e+00  2.32690e+00  6.16856e-01  6.46758e+00
  246  7.76633e-01  1.48488e+00 -6.54884e-01 -2.17701e+00  1.40401e+00  1.08890e+00  2.58413e+00 -1.86300e+00  1.63219e+00  9.12301e-01  2.31847e+00 -1.95019e+00  6.43796e+00
  247  1.29102e+00  1.06193e+00 -3.94556e-01  2.18500e+00  1.39722e+00  6.88341e-01  2.46495e+00  1.74945e+00  1.63011e+00  5.80835e-01  2.30668e+00  1.77126e+00  6.41767e+00
  248  1.63470e+00  5.74317e-01  1.40468e+00 -1.52895e+00  1.50104e+00  3.37858e-01  2.15540e+00 -8.27733e-01  1.62631e+00  2.54524e-01  2.29958e+00 -7.87402e-01  6.39658e+00
  249  1.70922e+00  7.44977e-03 -2.05634e+00  4.47145e-01  1.46074e+00  4.35855e-03  2.21423e+00  2.92748e+00  1.62285e+00 -6.93577e-02  2.29794e+00  2.93729e+00  6.39277e+00
  250  1.54679e+00 -6.23413e-01  2.08112e+00  7.68324e-01  1.39059e+00 -3.83122e-01  2.46070e+00  3.53665e-01  1.62074e+00 -3.94543e-01  2.30228e+00  3.77794e-01  6.40341e+00
  251  1.23524e+00 -1.23062e+00 -1.42280e+00 -1.72176e+00  1.52011e+00 -7.83524e-01  2.49441e+00 -2.26141e+00  1.62344e+00 -7.21463e-01  2.30488e+00 -2.18242e+00  6.42193e+00
  252  8.18041e-01 -1.67301e+00  2.52413e-01  2.09372e+00  1.73408e+00 -1.11602e+00  2.22368e+00  1.45082e+00  1.62734e+00 -1.04971e+00  2.31372e+00  1.53872e+00  6.44219e+00
  253  2.64963e-01 -1.83714e+00  1.03285e+00 -1.82340e+00  1.72264e+00 -1.42756e+00  2.19578e+00 -1.05542e+00  1.62779e+00 -1.38175e+00  2.31891e+00 -1.02742e+00  6.44925e+00
  254 -3.59584e-01 -1.72750e+00 -1.93574e+00  9.94460e-01  1.55677e+00 -1.77602e+00  2.36801e+00  2.66702e+00  1.62163e+00 -1.71491e+00  2.31586e+00  2.68577e+00  6.43737e+00
  255 -9.32843e-01 -1.48198e+00  2.13662e+00  1.85883e-01  1.53324e+00 -2.13259e+00  2.29984e+00  8.67801e-02  1.61973e+00 -2.04225e+00  2.29779e+00  1.20797e-01  6.39297e+00
  256 -1.42190e+00 -1.18730e+00 -1.55676e+00 -1.33814e+00  1.71574e+00 -2.44587e+00  2.10706e+00 -2.43157e+00  1.61367e+00 -2.36280e+00  2.29034e+00 -2.43802e+00  6.38482e+00
  257 -1.75892e+00 -7.50767e-01  4.36668e-01  2.07517e+00  1.82873e+00 -2.73817e+00  2.24850e+00  1.36340e+00  1.61334e+00 -2.68475e+00  2.29252e+00  1.28685e+00  6.40110e+00
  258 -1.86230e+00 -1.12104e-01  7.85840e-01 -2.15035e+00  1.74037e+00 -3.08147e+00  2.62078e+00 -1.22043e+00  1.62176e+00 -3.00824e+00  2.30097e+00 -1.27166e+00  6.41862e+00
  259 -1.75902e+00  5.70806e-01 -1.71710e+00  1.52251e+00  1.70999e+00  2.82781e+00  2.63323e+00  2.41619e+00  1.62955e+00  2.94753e+00  2.31069e+00  2.44910e+00  6.44084e+00
  260 -1.55738e+00  1.10802e+00  2.06338e+00 -3.69403e-01  1.82657e+00  2.52322e+00  2.19700e+00 -1.77151e-01  1.63907e+00  2.61819e+00  2.31864e+00 -1.13800e-01  6.45624e+00
  261 -1.30195e+00  1.45060e+00 -1.69336e+00 -9.61772e-01  1.89966e+00  2.30224e+00  1.89623e+00 -2.62506e+00  1.63424e+00  2.28522e+00  2.32305e+00 -2.67961e+00  6.44661e+00
  262 -8.90748e-01  1.64345e+00  7.92031e-01  1.99517e+00  1.74717e+00  2.06748e+00  2.30400e+00  1.19290e+00  1.62825e+00  1.94904e+00  2.31538e+00  1.03727e+00  6.40328e+00
  263 -2.87550e-01  1.74632e+00  3.00588e-01 -2.29317e+00  1.56617e+00  1.73399e+00  2.67449e+00 -1.44046e+00  1.63116e+00  1.62048e+00  2.30576e+00 -1.52528e+00  6.38890e+00
  264  3.51133e-01  1.76119e+00 -1.30028e+00  1.78580e+00  1.61255e+00  1.37400e+00  2.43990e+00  2.20015e+00  1.62922e+00  1.29865e+00  2.29478e+00  2.20152e+00  6.38412e+00
  265  8.54715e-01  1.62539e+00  1.93041e+00 -7.17468e-01  1.68621e+00  1.08668e+00  2.12062e+00 -3.55845e-01  1.62708e+00  9.76618e-01  2.29747e+00 -3.53075e-01  6.39116e+00
  266  1.19112e+00  1.26831e+00 -1.98564e+00 -5.67318e-01  1.51368e+00  8.16774e-01  2.13230e+00 -2.86330e+00  1.63199e+00  6.49267e-01  2.31225e+00 -2.91239e+00  6.42536e+00
  267  1.42348e+00  6.94447e-01  1.47294e+00  1.64830e+00  1.25428e+00  4.53881e-01  2.44323e+00  8.41521e-01  1.63831e+00  3.17658e-01  2.31891e+00  8.07009e-01  6.43434e+00
  268  1.59336e+00  2.63182e-02 -5.36542e-01 -2.14951e+00  1.26974e+00  1.65159e-02  2.45413e+00 -1.81541e+00  1.64111e+00 -1.26769e-02  2.31970e+00 -1.75600e+00  6.42933e+00
  269  1.61382e+00 -5.96852e-01 -6.30802e-01  1.96874e+00  1.48032e+00 -3.54237e-01  2.13691e+00  1.88087e+00  1.64055e+00 -3.42344e-01  2.31707e+00  1.96449e+00  6.42487e+00
  270  1.36937e+00 -1.11130e+00  1.67541e+00 -1.22739e+00  1.55507e+00 -6.81738e-01  2.15674e+00 -6.32264e-01  1.63269e+00 -6.71065e-01  2.31426e+00 -5.98321e-01  6.42400e+00
  271  9.05060e-01 -1.50442e+00 -2.18311e+00  1.00472e-01  1.54120e+00 -1.02920e+00  2.38803e+00  3.09560e+00  1.62731e+00 -9.98984e-01  2.30582e+00  3.12219e+00  6.40418e+00
  272  3.32964e-01 -1.78035e+00  1.92162e+00  1.08643e+00  1.64025e+00 -1.38591e+00  2.43647e+00  5.14566e-01  1.63388e+00 -1.32187e+00  2.29896e+00  5.63013e-01  6.39408e+00
  273 -2.65361e-01 -1.88628e+00 -9.50525e-01 -1.90651e+00  1.81423e+00 -1.71056e+00  2.26914e+00 -2.03330e+00  1.63830e+00 -1.64228e+00  2.30930e+00 -1.99514e+00  6.42279e+00
  274 -8.36268e-01 -1.69295e+00 -3.58582e-01  2.11041e+00  1.78271e+00 -2.02961e+00  2.29120e+00  1.73910e+00  1.63872e+00 -1.96960e+00  2.31989e+00  1.72512e+00  6.43922e+00
  275 -1.33033e+00 -1.19948e+00  1.49337e+00 -1.67479e+00  1.60427e+00 -2.40787e+00  2.51754e+00 -8.42598e-01  1.64045e+00 -2.30209e+00  2.32800e+00 -8.42632e-01  6.46702e+00
  276 -1.67334e+00 -6.11119e-01 -2.08246e+00  7.03589e-01  1.58677e+00 -2.79143e+00  2.41583e+00  2.81577e+00  1.64130e+00 -2.63445e+00  2.32356e+00  2.87073e+00  6.44838e+00
  277 -1.87028e+00 -1.02111e-01  1.94400e+00  5.39015e-01  1.75419e+00 -3.08705e+00  2.03484e+00  2.70476e-01  1.63709e+00 -2.96340e+00  2.31350e+00  3.06212e-01  6.41410e+00
  278 -1.91015e+00  3.55003e-01 -1.13453e+00 -1.66577e+00  1.88735e+00  2.95784e+00  2.03097e+00 -2.16871e+00  1.63051e+00  2.99469e+00  2.30525e+00 -2.25464e+00  6.41547e+00
  279 -1.70000e+00  8.58333e-01 -1.64123e-02  2.25451e+00  1.81338e+00  2.67403e+00  2.54153e+00  1.57808e+00  1.62019e+00  2.67111e+00  2.30189e+00  1.46895e+00  6.42137e+00
  280 -1.27087e+00  1.36728e+00  1.13063e+00 -2.05021e+00  1.74229e+00  2.31966e+00  2.74085e+00 -1.06682e+00  1.61630e+00  2.34374e+00  2.29849e+00 -1.09273e+00  6.39833e+00
  281 -7.89959e-01  1.74727e+00 -1.87348e+00  1.13609e+00  1.83849e+00  1.99540e+00  2.40032e+00  2.59647e+00  1.62241e+00  2.01887e+00  2.29669e+00  2.63342e+00  6.40293e+00
  282 -3.55986e-01  1.91105e+00  1.98803e+00  1.78708e-01  1.88941e+00  1.75496e+00  1.99211e+00  8.96509e-02  1.62827e+00  1.69026e+00  2.31548e+00  7.35797e-02  6.44829e+00
  283  9.41706e-02  1.83491e+00 -1.47431e+00 -1.45440e+00  1.68789e+00  1.51952e+00  2.14444e+00 -2.36299e+00  1.63292e+00  1.35196e+00  2.32798e+00 -2.49454e+00  6.47156e+00
  284  6.32495e-01  1.56903e+00  5.74050e-01  2.20327e+00  1.43096e+00  1.18761e+00  2.59197e+00  1.31592e+00  1.63200e+00  1.01432e+00  2.31756e+00  1.22168e+00  6.43798e+00
  285  1.18312e+00  1.20031e+00  4.77836e-01 -2.17377e+00  1.42025e+00  7.92611e-01  2.47679e+00 -1.35442e+00  1.62722e+00  6.83572e-01  2.30363e+00 -1.33948e+00  6.41242e+00
  286  1.57016e+00  7.54894e-01 -1.46087e+00  1.48037e+00  1.51763e+00  4.48150e-01  2.16282e+00  2.34957e+00  1.62221e+00  3.57859e-01  2.29620e+00  2.38580e+00  6.38986e+00
  287  1.69611e+00  2.07022e-01  2.06588e+00 -3.73302e-01  1.45982e+00  1.21457e-01  2.20360e+00 -1.78770e-01  1.61973e+00  3.43176e-02  2.29564e+00 -1.72178e-01  6.39022e+00
  288  1.59071e+00 -4.33663e-01 -2.04719e+00 -8.41773e-01  1.35921e+00 -2.66154e-01  2.44979e+00 -2.75148e+00  1.61910e+00 -2.90710e-01  2.30187e+00 -2.73170e+00  6.40353e+00
  289  1.33860e+00 -1.07366e+00  1.36814e+00  1.76691e+00  1.47230e+00 -6.76010e-01  2.49689e+00  9.11916e-01  1.62111e+00 -6.18225e-01  2.30513e+00  9.90818e-01  6.41625e+00
  290  9.73682e-01 -1.56451e+00 -1.99336e-01 -2.09725e+00  1.69787e+00 -1.01410e+00  2.21909e+00 -1.66556e+00  1.62448e+00 -9.47197e-01  2.31246e+00 -1.57152e+00  6.43213e+00
  291  4.50899e-01 -1.79436e+00 -1.07405e+00  1.78833e+00  1.71152e+00 -1.32461e+00  2.17584e+00  2.11165e+00  1.62426e+00 -1.27948e+00  2.31640e+00  2.14569e+00  6.43915e+00
  292 -1.70570e-01 -1.76112e+00  1.95980e+00 -9.30720e-01  1.56532e+00 -1.66735e+00  2.35352e+00 -4.43372e-01  1.61745e+00 -1.61212e+00  2.31201e+00 -4.23651e-01  6.42442e+00
  293 -7.63171e-01 -1.58286e+00 -2.13557e+00 -2.60150e-01  1.54393e+00 -2.02006e+00  2.31417e+00 -3.02037e+00  1.61485e+00 -1.93871e+00  2.29386e+00 -2.98784e+00  6.38270e+00
  294 -1.28589e+00 -1.33505e+00  1.52664e+00  1.39440e+00  1.71793e+00 -2.33744e+00  2.13749e+00  7.40158e-01  1.60920e+00 -2.25847e+00  2.28721e+00  7.37019e-01  6.37860e+00
  295 -1.67065e+00 -9.23355e-01 -3.83779e-01 -2.08945e+00  1.82183e+00 -2.63669e+00  2.25654e+00 -1.75245e+00  1.60949e+00 -2.58057e+00  2.29121e+00 -1.82151e+00  6.39297e+00
  296 -1.83779e+00 -2.89952e-01 -8.43592e-01  2.12257e+00  1.73077e+00 -2.98511e+00  2.60848e+00  1.94909e+00  1.61928e+00 -2.90529e+00  2.30077e+00  1.90251e+00  6.41373e+00
  297 -1.79892e+00  4.02100e-01  1.75633e+00 -1.46888e+00  1.69890e+00  2.92168e+00  2.62115e+00 -6.96507e-01  1.62824e+00  3.04921e+00  2.31210e+00 -6.60885e-01  6.44330e+00
  298 -1.64706e+00  9.56719e-01 -2.06941e+00  3.08496e-01  1.81406e+00  2.61536e+00  2.18880e+00  2.99361e+00  1.63772e+00  2.71903e+00  2.31874e+00  3.05832e+00  6.45589e+00
  299 -1.42735e+00  1.32738e+00  1.66336e+00  1.01213e+00  1.89964e+00  2.39247e+00  1.89560e+00  5.46635e-01  1.63156e+00  2.38699e+00  2.31985e+00  4.92703e-01  6.43722e+00
  300 -1.04102e+00  1.56645e+00 -7.33104e-01 -2.02096e+00  1.76875e+00  2.15735e+00  2.31087e+00 -1.91878e+00  1.62297e+00  2.05214e+00  2.31149e+00 -2.07269e+00  6.39365e+00
  301 -4.51987e-01  1.72869e+00 -3.73657e-01  2.28730e+00  1.59632e+00  1.82653e+00  2.68567e+00  1.73273e+00  1.62729e+00  1.72350e+00  2.30389e+00  1.64800e+00  6.38138e+00
  302  1.82770e-01  1.80217e+00  1.36247e+00 -1.74782e+00  1.64062e+00  1.46973e+00  2.45560e+00 -9.08665e-01  1.62797e+00  1.40170e+00  2.29401e+00 -9.08516e-01  6.38103e+00
  303  6.95250e-01  1.71791e+00 -1.95198e+00  6.51875e-01  1.71729e+00  1.18624e+00  2.11759e+00  2.81928e+00  1.62680e+00  1.07951e+00  2.29814e+00  2.82005e+00  6.39123e+00
  304  1.05930e+00  1.40489e+00  1.95236e+00  6.45365e-01  1.54791e+00  9.24731e-01  2.11409e+00  3.19250e-01  1.63173e+00  7.50939e-01  2.31437e+00  2.60029e-01  6.42673e+00
  305  1.34101e+00  8.66327e-01 -1.39857e+00 -1.71209e+00  1.27441e+00  5.73577e-01  2.44363e+00 -2.25575e+00  1.63863e+00  4.17853e-01  2.32034e+00 -2.30450e+00  6.43381e+00
  306  1.57372e+00  2.20343e-01  4.50969e-01  2.17499e+00  1.26257e+00  1.39110e-01  2.46698e+00  1.36635e+00  1.64268e+00  8.70097e-02  2.32019e+00  1.41550e+00  6.43199e+00
  307  1.65947e+00 -4.02417e-01  7.00552e-01 -1.94912e+00  1.45790e+00 -2.37904e-01  2.14492e+00 -1.22575e+00  1.64239e+00 -2.42232e-01  2.31684e+00 -1.14685e+00  6.42706e+00
  308  1.47569e+00 -9.44901e-01 -1.71439e+00  1.17174e+00  1.53525e+00 -5.69533e-01  2.15605e+00  2.54204e+00  1.63490e+00 -5.70097e-01  2.31370e+00  2.57420e+00  6.42406e+00
  309  1.05722e+00 -1.39140e+00  2.18799e+00 -2.99395e-02  1.52684e+00 -9.21037e-01  2.39411e+00 -1.36827e-02  1.62912e+00 -8.97648e-01  2.30659e+00  1.22644e-02  6.40806e+00
  310  5.11853e-01 -1.73157e+00 -1.89863e+00 -1.14494e+00  1.63016e+00 -1.28338e+00  2.45784e+00 -2.59894e+00  1.63561e+00 -1.22128e+00  2.30102e+00 -2.54697e+00  6.40392e+00
  311 -7.60574e-02 -1.90129e+00  9.11965e-01  1.93082e+00  1.81034e+00 -1.61078e+00  2.27987e+00  1.12954e+00  1.64097e+00 -1.54265e+00  2.31206e+00  1.17771e+00  6.43399e+00
  312 -6.59569e-01 -1.76969e+00  4.02632e-01 -2.09299e+00  1.78342e+00 -1.92755e+00  2.27136e+00 -1.38075e+00  1.64148e+00 -1.87036e+00  2.32263e+00 -1.38570e+00  6.44918e+00
  313 -1.19139e+00 -1.32911e+00 -1.53004e+00  1.62264e+00  1.59298e+00 -2.30161e+00  2.48699e+00  2.32683e+00  1.64153e+00 -2.20324e+00  2.33002e+00  2.32902e+00  6.47308e+00
  314 -1.58639e+00 -7.76856e-01  2.09676e+00 -6.31966e-01  1.56007e+00 -2.68622e+00  2.39788e+00 -2.92743e-01  1.64262e+00 -2.53512e+00  2.32296e+00 -2.40876e-01  6.44554e+00
  315 -1.83826e+00 -2.86269e-01 -1.92704e+00 -6.06744e-01  1.73057e+00 -2.98710e+00  2.04081e+00 -2.83656e+00  1.63759e+00 -2.86284e+00  2.31204e+00 -2.80473e+00  6.40885e+00
  316 -1.93032e+00  1.73383e-01  1.09044e+00  1.70436e+00  1.87810e+00  3.05201e+00  2.04696e+00  1.00163e+00  1.63147e+00  3.09590e+00  2.30462e+00  9.18209e-01  6.41711e+00
  317 -1.76909e+00  7.03556e-01  7.40554e-02 -2.25388e+00  1.81234e+00  2.76308e+00  2.54273e+00 -1.53795e+00  1.62340e+00  2.77349e+00  2.30212e+00 -1.64072e+00  6.42811e+00
  318 -1.38421e+00  1.25329e+00 -1.18367e+00  2.01932e+00  1.74340e+00  2.40579e+00  2.73936e+00  2.10099e+00  1.61824e+00  2.44704e+00  2.29971e+00  2.08111e+00  6.40538e+00
  319 -9.37278e-01  1.67423e+00  1.90156e+00 -1.08718e+00  1.84078e+00  2.08115e+00  2.39895e+00 -5.19372e-01  1.62444e+00  2.12162e+00  2.29927e+00 -4.76427e-01  6.41012e+00
  320 -5.23892e-01  1.87802e+00 -1.97570e+00 -2.34458e-01  1.90072e+00  1.84284e+00  1.97917e+00 -3.02347e+00  1.63061e+00  1.79217e+00  2.31820e+00 -3.03712e+00  6.45511e+00
  321 -7.59696e-02  1.84781e+00  1.42050e+00  1.50243e+00  1.71009e+00  1.61189e+00  2.13756e+00  8.13423e-01  1.63485e+00  1.45345e+00  2.32867e+00  6.77518e-01  6.47196e+00
  322  4.80624e-01  1.63706e+00 -4.93337e-01 -2.22534e+00  1.45548e+00  1.28523e+00  2.59777e+00 -1.78896e+00  1.63264e+00  1.11672e+00  2.31671e+00 -1.88918e+00  6.43613e+00
  323  1.06214e+00  1.32540e+00 -5.60771e-01  2.15853e+00  1.44242e+00  8.95221e-01  2.48686e+00  1.82497e+00  1.62557e+00  7.87090e-01  2.30116e+00  1.83349e+00  6.40763e+00
  324  1.48807e+00  9.26869e-01  1.51563e+00 -1.42849e+00  1.53672e+00  5.57064e-01  2.16886e+00 -7.55807e-01  1.61950e+00  4.62115e-01  2.29367e+00 -7.23637e-01  6.38512e+00
  325  1.66241e+00  4.04840e-01 -2.07168e+00  2.96980e-01  1.46375e+00  2.38876e-01  2.19002e+00  2.99921e+00  1.61793e+00  1.38796e-01  2.29451e+00  3.00202e+00  6.39060e+00
  326  1.61394e+00 -2.37594e-01  2.00763e+00  9.16661e-01  1.33062e+00 -1.46164e-01  2.43543e+00  4.28319e-01  1.61896e+00 -1.86317e-01  2.30233e+00  4.42324e-01  6.40634e+00
  327  1.42425e+00 -9.03157e-01 -1.30782e+00 -1.81215e+00  1.42209e+00 -5.65137e-01  2.49715e+00 -2.19593e+00  1.62042e+00 -5.14365e-01  2.30600e+00 -2.11880e+00  6.41212e+00
  328  1.11693e+00 -1.43728e+00  1.42289e-01  2.09968e+00  1.65665e+00 -9.10170e-01  2.21445e+00  1.50313e+00  1.62314e+00 -8.43935e-01  2.31183e+00  1.60178e+00  6.42267e+00
  329  6.31852e-01 -1.72972e+00  1.11666e+00 -1.75171e+00  1.69559e+00 -1.22056e+00  2.15771e+00 -1.00328e+00  1.62194e+00 -1.17626e+00  2.31446e+00 -9.63893e-01  6.42983e+00
  330  2.10917e-02 -1.77297e+00 -1.98329e+00  8.66126e-01  1.57194e+00 -1.55890e+00  2.34180e+00  2.72984e+00  1.61473e+00 -1.50830e+00  2.30889e+00  2.75074e+00  6.41290e+00
  331 -5.84742e-01 -1.66535e+00  2.13340e+00  3.33799e-01  1.55765e+00 -1.90847e+00  2.33142e+00  1.55205e-01  1.61210e+00 -1.83406e+00  2.29113e+00  1.87343e-01  6.37372e+00
  332 -1.13609e+00 -1.46936e+00 -1.49611e+00 -1.44868e+00  1.72486e+00 -2.22897e+00  2.16852e+00 -2.37230e+00  1.60727e+00 -2.15313e+00  2.28569e+00 -2.37054e+00  6.37389e+00
  333 -1.56496e+00 -1.08838e+00  3.31316e-01  2.10126e+00  1.81684e+00 -2.53391e+00  2.26253e+00  1.41441e+00  1.60794e+00 -2.47549e+00  2.29146e+00  1.35381e+00  6.38762e+00
  334 -1.79506e+00 -4.66692e-01  9.00404e-01 -2.09244e+00  1.72003e+00 -2.88724e+00  2.59451e+00 -1.16443e+00  1.61812e+00 -2.80155e+00  2.30167e+00 -1.20623e+00  6.41134e+00
  335 -1.82243e+00  2.28720e-01 -1.79422e+00  1.41304e+00  1.68678e+00  3.01674e+00  2.60795e+00  2.47449e+00  1.62715e+00 -3.13157e+00  2.31365e+00  2.51242e+00  6.44520e+00
  336 -1.72312e+00  7.96362e-01  2.07406e+00 -2.45987e-01  1.80167e+00  2.70867e+00  2.18111e+00 -1.18051e-01  1.63596e+00  2.82057e+00  2.31842e+00 -5.25416e-02  6.45369e+00
  337 -1.54191e+00  1.19199e+00 -1.63288e+00 -1.06261e+00  1.89916e+00  2.48349e+00  1.89772e+00 -2.56469e+00  1.62918e+00  2.48955e+00  2.31658e+00 -2.61782e+00  6.42872e+00
  338 -1.18379e+00  1.47573e+00  6.75146e-01  2.04537e+00  1.78956e+00  2.24686e+00  2.31967e+00  1.25197e+00  1.61826e+00  2.15631e+00  2.30788e+00  1.10091e+00  6.38799e+00
  339 -6.13479e-01  1.69663e+00  4.44488e-01 -2.28008e+00  1.62745e+00  1.91776e+00  2.69816e+00 -1.37827e+00  1.62289e+00  1.82739e+00  2.30207e+00 -1.46160e+00  6.37640e+00
  340  1.23051e-02  1.82776e+00 -1.42170e+00  1.70975e+00  1.67043e+00  1.56406e+00  2.47223e+00  2.26447e+00  1.62592e+00  1.50529e+00  2.29308e+00  2.26482e+00  6.37864e+00
  341  5.28818e-01  1.79416e+00  1.97078e+00 -5.87590e-01  1.74933e+00  1.28417e+00  2.11461e+00 -2.89760e-01  1.62568e+00  1.18280e+00  2.29861e+00 -2.89940e-01  6.39210e+00
  342  9.16507e-01  1.52608e+00 -1.91716e+00 -7.21143e-01  1.58445e+00  1.02996e+00  2.09778e+00 -2.78181e+00  1.63053e+00  8.52979e-01  2.31609e+00 -2.85076e+00  6.42918e+00
  343  1.24457e+00  1.02686e+00  1.32290e+00  1.77337e+00  1.30170e+00  6.89840e-01  2.44745e+00  9.29873e-01  1.63769e+00  5.18348e-01  2.32121e+00  8.67113e-01  6.43316e+00
  344  1.53754e+00  4.09790e-01 -3.63940e-01 -2.19828e+00  1.26597e+00  2.60469e-01  2.48243e+00 -1.73487e+00  1.64278e+00  1.86832e-01  2.31986e+00 -1.69626e+00  6.43308e+00
  345  1.68686e+00 -2.04459e-01 -7.71410e-01  1.92770e+00  1.44365e+00 -1.20618e-01  2.15556e+00  1.95145e+00  1.64282e+00 -1.42060e-01  2.31580e+00  2.02498e+00  6.42729e+00
  346  1.56442e+00 -7.67050e-01  1.75271e+00 -1.11453e+00  1.51788e+00 -4.55866e-01  2.15709e+00 -5.66389e-01  1.63595e+00 -4.69122e-01  2.31239e+00 -5.36519e-01  6.42191e+00
  347  1.19563e+00 -1.26075e+00 -2.19028e+00 -4.14026e-02  1.50950e+00 -8.11902e-01  2.39953e+00 -3.12269e+00  1.62979e+00 -7.96230e-01  2.30677e+00 -3.09777e+00  6.40989e+00
  348  6.83403e-01 -1.66188e+00  1.87278e+00  1.20279e+00  1.61445e+00 -1.18065e+00  2.47701e+00  5.70907e-01  1.63556e+00 -1.12060e+00  2.30241e+00  6.26094e-01  6.41215e+00
  349  1.13159e-01 -1.89490e+00 -8.72162e-01 -1.95367e+00  1.80173e+00 -1.51115e+00  2.28875e+00 -1.99067e+00  1.64135e+00 -1.44301e+00  2.31362e+00 -1.93279e+00  6.44326e+00
  350 -4.76154e-01 -1.82796e+00 -4.45943e-01  2.07438e+00  1.78409e+00 -1.82562e+00  2.25096e+00  1.78255e+00  1.64234e+00 -1.77117e+00  2.32397e+00  1.78655e+00  6.45673e+00
  351 -1.03949e+00 -1.44623e+00  1.56521e+00 -1.56930e+00  1.58607e+00 -2.19400e+00  2.45629e+00 -7.86703e-01  1.64091e+00 -2.10434e+00  2.33074e+00 -7.82459e-01  6.47636e+00
  352 -1.48194e+00 -9.36417e-01 -2.10971e+00  5.58791e-01  1.53651e+00 -2.57806e+00  2.38157e+00  2.88267e+00  1.64232e+00 -2.43586e+00  2.32142e+00  2.93091e+00  6.44217e+00
  353 -1.78711e+00 -4.69484e-01  1.90881e+00  6.75648e-01  1.70709e+00 -2.88469e+00  2.05004e+00  3.40200e-01  1.63714e+00 -2.76232e+00  2.30996e+00  3.67758e-01  6.40463e+00
  354 -1.93256e+00 -1.18550e-02 -1.04499e+00 -1.74246e+00  1.86747e+00 -3.13546e+00  2.06409e+00 -2.11101e+00  1.63122e+00 -3.08614e+00  2.30359e+00 -2.19195e+00  6.41780e+00
  355 -1.82356e+00  5.40430e-01 -1.32496e-01  2.25096e+00  1.80871e+00  2.85348e+00  2.54219e+00  1.62959e+00  1.62598e+00  2.87545e+00  2.30216e+00  1.53289e+00  6.43219e+00
  356 -1.48687e+00  1.12673e+00  1.23589e+00 -1.98549e+00  1.74015e+00  2.49313e+00  2.73479e+00 -1.01402e+00  1.62089e+00  2.54994e+00  2.30126e+00 -1.02811e+00  6.41246e+00
  357 -1.07721e+00  1.58573e+00 -1.92768e+00  1.03629e+00  1.83746e+00  2.16750e+00  2.39493e+00  2.64833e+00  1.62729e+00  2.22405e+00  2.30238e+00  2.69694e+00  6.41817e+00
  358 -6.87723e-01  1.82803e+00  1.96178e+00  2.89891e-01  1.90732e+00  1.93063e+00  1.96631e+00  1.46708e-01  1.63321e+00  1.89382e+00  2.32079e+00  1.35379e-01  6.46017e+00
  359 -2.46685e-01  1.84364e+00 -1.36629e+00 -1.54782e+00  1.72993e+00  1.70381e+00  2.13124e+00 -2.29398e+00  1.63661e+00  1.55486e+00  2.32888e+00 -2.43339e+00  6.46862e+00
  360  3.22475e-01  1.68910e+00  4.12978e-01  2.24364e+00  1.47852e+00  1.38215e+00  2.60223e+00  1.38877e+00  1.63395e+00  1.21927e+00  2.31597e+00  1.28351e+00  6.43226e+00
  361  9.29387e-01  1.43660e+00  6.43009e-01 -2.13971e+00  1.46379e+00  9.96579e-01  2.49591e+00 -1.27887e+00  1.62546e+00  8.91038e-01  2.29951e+00 -1.27634e+00  6.40368e+00
  362  1.38952e+00  1.08856e+00 -1.56866e+00  1.37370e+00  1.55786e+00  6.64543e-01  2.17387e+00  2.42236e+00  1.61871e+00  5.66892e-01  2.29229e+00  2.45047e+00  6.38288e+00
  363  1.60885e+00  5.98272e-01  2.07372e+00 -2.18524e-01  1.47317e+00  3.56017e-01  2.17403e+00 -1.04990e-01  1.61802e+00  2.43656e-01  2.29484e+00 -1.06703e-01  6.39386e+00
  364  1.61656e+00 -3.81376e-02 -1.96266e+00 -9.92746e-01  1.30737e+00 -2.35874e-02  2.41880e+00 -2.67330e+00  1.62064e+00 -8.18300e-02  2.30390e+00 -2.66670e+00  6.41184e+00
  365  1.49138e+00 -7.21533e-01  1.24200e+00  1.85742e+00  1.37241e+00 -4.50607e-01  2.49630e+00  9.81408e-01  1.62174e+00 -4.10352e-01  2.30766e+00  1.05491e+00  6.41092e+00
  366  1.24594e+00 -1.29297e+00 -8.12099e-02 -2.10103e+00  1.61207e+00 -8.03919e-01  2.21046e+00 -1.60943e+00  1.62373e+00 -7.40354e-01  2.31204e+00 -1.50791e+00  6.41583e+00
  367  8.05315e-01 -1.64388e+00 -1.16082e+00  1.71353e+00  1.67543e+00 -1.11527e+00  2.14185e+00  2.16622e+00  1.62137e+00 -1.07251e+00  2.31339e+00  2.21000e+00  6.42301e+00
  368  2.12821e-01 -1.76233e+00  2.00615e+00 -8.00761e-01  1.57556e+00 -1.45062e+00  2.33292e+00 -3.79777e-01  1.61395e+00 -1.40392e+00  2.30690e+00 -3.57658e-01  6.40470e+00
  369 -3.99848e-01 -1.72753e+00 -2.12994e+00 -4.06465e-01  1.57212e+00 -1.79825e+00  2.35093e+00 -2.95303e+00  1.61209e+00 -1.72892e+00  2.29002e+00 -2.92030e+00  6.36785e+00
  370 -9.74398e-01 -1.58779e+00  1.46525e+00  1.50056e+00  1.73527e+00 -2.12121e+00  2.19932e+00  7.97302e-01  1.60861e+00 -2.04743e+00  2.28618e+00  8.05364e-01  6.37232e+00
  371 -1.44303e+00 -1.24344e+00 -2.79748e-01 -2.11045e+00  1.81423e+00 -2.43035e+00  2.26612e+00 -1.70258e+00  1.60943e+00 -2.37015e+00  2.29366e+00 -1.75385e+00  6.38665e+00
  372 -1.73406e+00 -6.40102e-01 -9.55643e-01  2.06007e+00  1.70835e+00 -2.78797e+00  2.57857e+00  2.00514e+00  1.61905e+00 -2.69753e+00  2.30406e+00  1.96825e+00  6.41293e+00
  373 -1.82840e+00  5.26034e-02  1.83038e+00 -1.35520e+00  1.67290e+00  3.11283e+00  2.59343e+00 -6.37326e-01  1.62716e+00 -3.02874e+00  2.31560e+00 -5.97494e-01  6.44728e+00
  374 -1.78406e+00  6.28554e-01 -2.07721e+00  1.82059e-01  1.78897e+00  2.80286e+00  2.17398e+00  3.05417e+00  1.63455e+00  2.92265e+00  2.31803e+00  3.11989e+00  6.45018e+00
  375 -1.64409e+00  1.04563e+00  1.60191e+00  1.11307e+00  1.89819e+00  2.57513e+00  1.90252e+00  6.07253e-01  1.62775e+00  2.59263e+00  2.31370e+00  5.55062e-01  6.42200e+00
  376 -1.31740e+00  1.37188e+00 -6.18274e-01 -2.06826e+00  1.80879e+00  2.33594e+00  2.32998e+00 -1.86128e+00  1.61509e+00  2.26120e+00  2.30500e+00 -2.00844e+00  6.38718e+00
  377 -7.70142e-01  1.65018e+00 -5.12802e-01  2.27145e+00  1.65811e+00  2.00745e+00  2.71124e+00  1.79283e+00  1.61881e+00  1.93198e+00  2.30064e+00  1.71220e+00  6.37496e+00
  378 -1.58154e-01  1.83761e+00  1.47767e+00 -1.67172e+00  1.70092e+00  1.65665e+00  2.48907e+00 -8.46936e-01  1.62365e+00  1.60930e+00  2.29228e+00 -8.44892e-01  6.37782e+00
  379  3.57591e-01  1.85347e+00 -1.98679e+00  5.25095e-01  1.78161e+00  1.38021e+00  2.11153e+00  2.88321e+00  1.62435e+00  1.28642e+00  2.29921e+00  2.88329e+00  6.39485e+00
  380  7.64626e-01  1.63071e+00  1.88049e+00  7.93916e-01  1.62194e+00  1.13234e+00  2.08327e+00  3.99484e-01  1.62912e+00  9.55355e-01  2.31772e+00  3.21583e-01  6.43402e+00
  381  1.13550e+00  1.17416e+00 -1.24664e+00 -1.83140e+00  1.33400e+00  8.02135e-01  2.45407e+00 -2.16845e+00  1.63608e+00  6.19216e-01  2.32173e+00 -2.24452e+00  6.43370e+00
  382  1.48547e+00  5.92141e-01  2.76230e-01  2.21882e+00  1.27863e+00  3.79318e-01  2.49974e+00  1.44694e+00  1.64161e+00  2.86920e-01  2.31881e+00  1.47513e+00  6.43295e+00
  383  1.69583e+00 -5.71014e-03  8.42695e-01 -1.90429e+00  1.43794e+00 -3.36715e-03  2.16823e+00 -1.15418e+00  1.64181e+00 -4.17185e-02  2.31397e+00 -1.08638e+00  6.42536e+00
  384  1.63440e+00 -5.80151e-01 -1.78982e+00  1.05581e+00  1.50392e+00 -3.41088e-01  2.15910e+00  2.60864e+00  1.63573e+00 -3.68060e-01  2.31035e+00  2.63593e+00  6.41765e+00
  385  1.31826e+00 -1.11423e+00  2.18956e+00  1.13466e-01  1.48966e+00 -7.01720e-01  2.40352e+00  5.17751e-02  1.62940e+00 -6.94637e-01  2.30636e+00  7.53078e-02  6.40957e+00
  386  8.45121e-01 -1.57232e+00 -1.84381e+00 -1.26007e+00  1.59321e+00 -1.07760e+00  2.49371e+00 -2.54209e+00  1.63406e+00 -1.01968e+00  2.30324e+00 -2.48413e+00  6.41796e+00
  387  2.99801e-01 -1.86727e+00  8.30896e-01  1.97528e+00  1.78829e+00 -1.41160e+00  2.29606e+00  1.17262e+00  1.63985e+00 -1.34315e+00  2.31416e+00  1.23977e+00  6.44968e+00
  388 -2.88203e-01 -1.86682e+00  4.88719e-01 -2.05490e+00  1.78403e+00 -1.72397e+00  2.23073e+00 -1.33730e+00  1.64152e+00 -1.67185e+00  2.32410e+00 -1.32444e+00  6.46142e+00
  389 -8.76543e-01 -1.54915e+00 -1.59911e+00  1.51524e+00  1.58410e+00 -2.08571e+00  2.42655e+00  2.38312e+00  1.63885e+00 -2.00521e+00  2.33020e+00  2.38935e+00  6.47656e+00
  390 -1.36140e+00 -1.08785e+00  2.12160e+00 -4.84672e-01  1.51841e+00 -2.46742e+00  2.36804e+00 -2.24593e-01  1.64028e+00 -2.33651e+00  2.31897e+00 -1.80257e-01  6.43811e+00
  391 -1.71738e+00 -6.49714e-01 -1.88969e+00 -7.45125e-01  1.68575e+00 -2.77992e+00  2.06308e+00 -2.76600e+00  1.63537e+00 -2.66178e+00  2.30719e+00 -2.74270e+00  6.40121e+00
  392 -1.91656e+00 -1.98724e-01  9.98527e-01  1.77975e+00  1.85634e+00 -3.03827e+00  2.08228e+00  1.05951e+00  1.62956e+00 -2.98496e+00  2.30201e+00  9.81213e-01  6.41720e+00
  393 -1.86271e+00  3.70688e-01  1.91609e-01 -2.24584e+00  1.80356e+00  2.94515e+00  2.54025e+00 -1.48569e+00  1.62744e+00  2.97702e+00  2.30186e+00 -1.57667e+00  6.43332e+00
  394 -1.57802e+00  9.88962e-01 -1.28737e+00  1.94897e+00  1.73409e+00  2.58176e+00  2.72791e+00  2.15454e+00  1.62375e+00  2.65226e+00  2.30304e+00  2.14581e+00  6.41930e+00
  395 -1.20874e+00  1.48283e+00  1.95202e+00 -9.83585e-01  1.82992e+00  2.25471e+00  2.38892e+00 -4.66746e-01  1.63062e+00  2.32593e+00  2.30582e+00 -4.13026e-01  6.42688e+00
  396 -8.46104e-01  1.76188e+00 -1.94658e+00 -3.45061e-01  1.91005e+00  2.01850e+00  1.95412e+00 -2.96615e+00  1.63573e+00  1.99507e+00  2.32299e+00 -2.97542e+00  6.46333e+00
  397 -4.16262e-01  1.82301e+00  1.31207e+00  1.59078e+00  1.74833e+00  1.79529e+00  2.12606e+00  8.81119e-01  1.63771e+00  1.65606e+00  2.32845e+00  7.38991e-01  6.46185e+00
  398  1.59845e-01  1.72540e+00 -3.33481e-01 -2.25858e+00  1.50127e+00  1.47842e+00  2.60621e+00 -1.71739e+00  1.63542e+00  1.32164e+00  2.31527e+00 -1.82681e+00  6.42638e+00
  399  7.86530e-01  1.53334e+00 -7.23929e-01  2.11795e+00  1.48489e+00  1.09684e+00  2.50488e+00  1.90015e+00  1.62667e+00  9.94923e-01  2.29868e+00  1.89714e+00  6.40050e+00
  400  1.27598e+00  1.23829e+00  1.61949e+00 -1.31673e+00  1.58075e+00  7.70409e-01  2.17827e+00 -6.82649e-01  1.61980e+00  6.71614e-01  2.29207e+00 -6.58543e-01  6.38287e+00
  401  1.53661e+00  7.84536e-01 -2.07206e+00  1.38679e-01  1.48833e+00  4.72063e-01  2.15632e+00  3.07476e+00  1.61995e+00  3.48296e-01  2.29657e+00  3.06769e+00  6.39907e+00
  402  1.59914e+00  1.61398e-01  1.91282e+00  1.06943e+00  1.29166e+00  1.00587e-01  2.40128e+00  5.09794e-01  1.62396e+00  2.21460e-02  2.30653e+00  5.07264e-01  6.41906e+00
  403  1.53952e+00 -5.31801e-01 -1.17125e+00 -1.90244e+00  1.32646e+00 -3.32601e-01  2.49556e+00 -2.12265e+00  1.62493e+00 -3.06805e-01  2.31004e+00 -2.05473e+00  6.41296e+00
  404  1.35907e+00 -1.13380e+00  1.64292e-02  2.10132e+00  1.56628e+00 -6.95279e-01  2.20791e+00  1.56298e+00  1.62620e+00 -6.37044e-01  2.31308e+00  1.66548e+00  6.41280e+00
  405  9.68658e-01 -1.53810e+00  1.20640e+00 -1.67390e+00  1.65202e+00 -1.00877e+00  2.12867e+00 -9.46302e-01  1.62270e+00 -9.68826e-01  2.31324e+00 -8.99304e-01  6.41960e+00
  406  4.01674e-01 -1.72909e+00 -2.02819e+00  7.34873e-01  1.57555e+00 -1.34254e+00  2.32679e+00  2.79398e+00  1.61513e+00 -1.29959e+00  2.30617e+00  2.81717e+00  6.40083e+00
  407 -2.11193e-01 -1.76790e+00  2.12500e+00  4.77692e-01  1.58504e+00 -1.68969e+00  2.37191e+00  2.21120e-01  1.61470e+00 -1.62405e+00  2.29056e+00  2.55200e-01  6.36627e+00
  408 -8.03115e-01 -1.68803e+00 -1.43416e+00 -1.54959e+00  1.74721e+00 -2.01487e+00  2.22902e+00 -2.31753e+00  1.61310e+00 -1.94224e+00  2.28864e+00 -2.30208e+00  6.37487e+00
  409 -1.30650e+00 -1.38602e+00  2.29605e-01  2.11689e+00  1.81401e+00 -2.32667e+00  2.26697e+00  1.46276e+00  1.61388e+00 -2.26537e+00  2.29767e+00  1.42145e+00  6.39067e+00
  410 -1.65517e+00 -8.07789e-01  1.00860e+00 -2.02565e+00  1.69606e+00 -2.68756e+00  2.56027e+00 -1.10882e+00  1.62219e+00 -2.59395e+00  2.30792e+00 -1.14076e+00  6.41892e+00
  411 -1.81594e+00 -1.24098e-01 -1.86436e+00  1.29565e+00  1.65651e+00 -3.07336e+00  2.57727e+00  2.53426e+00  1.62877e+00 -2.92607e+00  2.31803e+00  2.57549e+00  6.44992e+00
  412 -1.82836e+00  4.55135e-01  2.07874e+00 -1.16978e-01  1.77502e+00  2.89762e+00  2.16742e+00 -5.62140e-02  1.63401e+00  3.02483e+00  2.31780e+00  9.08483e-03  6.44575e+00
  413 -1.73230e+00  8.89749e-01 -1.57044e+00 -1.16327e+00  1.89627e+00  2.66711e+00  1.90973e+00 -2.50405e+00  1.62758e+00  2.69572e+00  2.31152e+00 -2.55521e+00  6.41739e+00
  414 -1.44017e+00  1.25568e+00  5.62593e-01  2.08939e+00  1.82542e+00  2.42452e+00  2.34103e+00  1.30777e+00  1.61399e+00  2.36621e+00  2.30308e+00  1.16540e+00  6.39108e+00
  415 -9.20052e-01  1.58944e+00  5.78330e-01 -2.26121e+00  1.68642e+00  2.09552e+00  2.72377e+00 -1.32040e+00  1.61570e+00  2.03685e+00  2.29978e+00 -1.39714e+00  6.37723e+00
  416 -3.26410e-01  1.83141e+00 -1.53009e+00  1.63373e+00  1.73030e+00  1.74717e+00  2.50513e+00  2.32345e+00  1.62166e+00  1.71343e+00  2.29184e+00  2.32859e+00  6.37896e+00
  417  1.83895e-01  1.89525e+00  2.00001e+00 -4.64758e-01  1.81289e+00  1.47407e+00  2.10802e+00 -2.28326e-01  1.62340e+00  1.39007e+00  2.30020e+00 -2.26744e-01  6.39992e+00
  418  6.05707e-01  1.71778e+00 -1.84273e+00 -8.62989e-01  1.65883e+00  1.23180e+00  2.07020e+00 -2.70361e+00  1.62816e+00  1.05782e+00  2.31950e+00 -2.78940e+00  6.44156e+00
  419  1.01519e+00  1.30655e+00  1.17047e+00  1.88540e+00  1.36884e+00  9.10238e-01  2.46236e+00  1.01522e+00  1.63440e+00  7.20350e-01  2.32206e+00  9.26938e-01  6.43600e+00
  420  1.41824e+00  7.64997e-01 -1.88598e-01 -2.23606e+00  1.29831e+00  4.94668e-01  2.51778e+00 -1.65494e+00  1.63948e+00  3.87294e-01  2.31717e+00 -1.63671e+00  6.43195e+00
  421  1.68638e+00  1.91032e-01 -9.13694e-01  1.87865e+00  1.44019e+00  1.12798e-01  2.18207e+00  2.02347e+00  1.63946e+00  5.88416e-02  2.31140e+00  2.08546e+00  6.42133e+00
  422  1.68471e+00 -3.86836e-01  1.82509e+00 -9.95667e-01  1.49394e+00 -2.25704e-01  2.16115e+00 -4.99416e-01  1.63418e+00 -2.66875e-01  2.30763e+00 -4.74816e-01  6.41173e+00
  423  1.42324e+00 -9.53870e-01 -2.18532e+00 -1.86100e-01  1.46774e+00 -5.90451e-01  2.40513e+00 -3.05664e+00  1.62806e+00 -5.92850e-01  2.30540e+00 -3.03488e+00  6.40746e+00
  424  9.94548e-01 -1.46411e+00  1.81139e+00  1.31676e+00  1.56637e+00 -9.74108e-01  2.50750e+00  6.28575e-01  1.63152e+00 -9.18462e-01  2.30364e+00  6.88716e-01  6.42086e+00
  425  4.81253e-01 -1.81873e+00 -7.87929e-01 -1.99574e+00  1.76969e+00 -1.31212e+00  2.30191e+00 -1.94682e+00  1.63702e+00 -1.24298e+00  2.31393e+00 -1.87097e+00  6.45246e+00
  426 -9.80594e-02 -1.88541e+00 -5.31118e-01  2.03474e+00  1.78220e+00 -1.62276e+00  2.21112e+00  1.82612e+00  1.63935e+00 -1.57230e+00  2.32323e+00  1.84770e+00  6.46283e+00
  427 -7.04568e-01 -1.63609e+00  1.63185e+00 -1.46086e+00  1.58661e+00 -1.97743e+00  2.39852e+00 -7.30164e-01  1.63569e+00 -1.90576e+00  2.32853e+00 -7.21907e-01  6.47340e+00
  428 -1.22639e+00 -1.22903e+00 -2.13258e+00  4.10262e-01  1.50728e+00 -2.35512e+00  2.35810e+00  2.95154e+00  1.63655e+00 -2.23689e+00  2.31570e+00  2.99201e+00  6.43280e+00
  429 -1.62987e+00 -8.24750e-01  1.87002e+00  8.14462e-01  1.66834e+00 -2.67314e+00  2.08016e+00  4.10762e-01  1.63204e+00 -2.56113e+00  2.30368e+00  4.30247e-01  6.39786e+00
  430 -1.88217e+00 -3.85099e-01 -9.51500e-01 -1.81580e+00  1.84542e+00 -2.93977e+00  2.10125e+00 -2.05347e+00  1.62640e+00 -2.88368e+00  2.29981e+00 -2.12867e+00  6.41482e+00
  431 -1.88586e+00  1.96198e-01 -2.51080e-01  2.23856e+00  1.79748e+00  3.03793e+00  2.53709e+00  1.68249e+00  1.62738e+00  3.07829e+00  2.30114e+00  1.59691e+00  6.43135e+00
  432 -1.65675e+00  8.41542e-01  1.33803e+00 -1.91008e+00  1.72651e+00  2.67161e+00  2.71936e+00 -9.59727e-01  1.62617e+00  2.75393e+00  2.30483e+00 -9.63619e-01  6.42539e+00
  433 -1.33081e+00  1.36676e+00 -1.97472e+00  9.29300e-01  1.81954e+00  2.34287e+00  2.38157e+00  2.70174e+00  1.63383e+00  2.42709e+00  2.30923e+00  2.75989e+00  6.43562e+00
  434 -9.97683e-01  1.68050e+00  1.93037e+00  3.99913e-01  1.90973e+00  2.10656e+00  1.94313e+00  2.04279e-01  1.63771e+00  2.09582e+00  2.32451e+00  1.96733e-01  6.46436e+00
  435 -5.82987e-01  1.78661e+00 -1.25826e+00 -1.63148e+00  1.76593e+00  1.88621e+00  2.12247e+00 -2.22775e+00  1.63761e+00  1.75701e+00  2.32720e+00 -2.37183e+00  6.45221e+00
  436 -5.38235e-03  1.74628e+00  2.55405e-01  2.27062e+00  1.52477e+00  1.57388e+00  2.61048e+00  1.45878e+00  1.63631e+00  1.42365e+00  2.31441e+00  1.34608e+00  6.41861e+00
  437  6.35408e-01  1.61527e+00  8.02875e-01 -2.09394e+00  1.50642e+00  1.19601e+00  2.51459e+00 -1.20466e+00  1.62855e+00  1.09835e+00  2.29840e+00 -1.21266e+00  6.39760e+00
  438  1.14916e+00  1.37464e+00 -1.66770e+00  1.25845e+00  1.60510e+00  8.74501e-01  2.18247e+00  2.49515e+00  1.62212e+00  7.75794e-01  2.29269e+00  2.51541e+00  6.38417e+00
  439  1.44714e+00  9.61086e-01  2.06685e+00 -5.83399e-02  1.50895e+00  5.86244e-01  2.13764e+00 -2.82190e-02  1.62307e+00  4.52210e-01  2.29928e+00 -4.14601e-02  6.40477e+00
  440  1.56264e+00  3.57771e-01 -1.85880e+00 -1.14599e+00  1.28493e+00  2.25073e-01  2.38422e+00 -2.58911e+00  1.62819e+00  1.25128e-01  2.30983e+00 -2.60243e+00  6.42634e+00
  441  1.56867e+00 -3.37152e-01  1.09635e+00  1.94684e+00  1.28720e+00 -2.11708e-01  2.49609e+00  1.05792e+00  1.62936e+00 -2.04235e-01  2.31284e+00  1.11838e+00  6.41743e+00
  442  1.45508e+00 -9.62341e-01  5.15274e-02 -2.10054e+00  1.52167e+00 -5.84325e-01  2.20745e+00 -1.54627e+00  1.63002e+00 -5.34518e-01  2.31466e+00 -1.44467e+00  6.41358e+00
  443  1.11952e+00 -1.41410e+00 -1.25311e+00  1.63298e+00  1.62651e+00 -9.01145e-01  2.11846e+00  2.22533e+00  1.62557e+00 -8.65746e-01  2.31377e+00  2.27427e+00  6.41946e+00
  444  5.84757e-01 -1.67375e+00  2.04919e+00 -6.68687e-01  1.57169e+00 -1.23468e+00  2.32316e+00 -3.15423e-01  1.61785e+00 -1.19589e+00  2.30649e+00 -2.91478e-01  6.40111e+00
  445 -2.15356e-02 -1.78564e+00 -2.11838e+00 -5.47167e-01  1.59449e+00 -1.58286e+00  2.39347e+00 -2.88882e+00  1.61908e+00 -1.52009e+00  2.29241e+00 -2.85290e+00  6.36914e+00
  446 -6.24629e-01 -1.76824e+00  1.40286e+00  1.59553e+00  1.75842e+00 -1.91036e+00  2.25686e+00  8.49567e-01  1.61972e+00 -1.83828e+00  2.29254e+00  8.73114e-01  6.38152e+00
  447 -1.15727e+00 -1.51393e+00 -1.81255e-01 -2.12059e+00  1.81562e+00 -2.22346e+00  2.26488e+00 -1.65606e+00  1.62042e+00 -2.16183e+00  2.30292e+00 -1.68701e+00  6.39903e+00
  448 -1.55918e+00 -9.67556e-01 -1.05877e+00  1.98934e+00  1.68361e+00 -2.58620e+00  2.53924e+00  2.05989e+00  1.62688e+00 -2.49144e+00  2.31279e+00  2.03286e+00  6.42851e+00
  449 -1.78454e+00 -2.99363e-01  1.89582e+00 -1.23458e+00  1.63709e+00 -2.97539e+00  2.55916e+00 -5.77229e-01  1.63183e+00 -2.82410e+00  2.32073e+00 -5.35184e-01  6.45296e+00
  450 -1.85477e+00  2.77873e-01 -2.07850e+00  5.08958e-02  1.75869e+00  2.99288e+00  2.16138e+00  3.11711e+00  1.63448e+00  3.12672e+00  2.31771e+00 -3.10193e+00  6.44056e+00
  451 -1.80512e+00  7.25795e-01  1.53836e+00  1.21305e+00  1.89261e+00  2.75930e+00  1.91901e+00  6.67710e-01  1.62851e+00  2.79839e+00  2.31006e+00  6.17561e-01  6.41457e+00
  452 -1.55063e+00  1.12800e+00 -5.08012e-01 -2.10851e+00  1.83842e+00  2.51268e+00  2.35195e+00 -1.80722e+00  1.61493e+00  2.47078e+00  2.30210e+00 -1.94413e+00  6.39848e+00
  453 -1.06156e+00  1.51458e+00 -6.41033e-01  2.24901e+00  1.71044e+00  2.18212e+00  2.73448e+00  1.84846e+00  1.61390e+00  2.14161e+00  2.29948e+00  1.77660e+00  6.38255e+00
  454 -4.90538e-01  1.80893e+00  1.57888e+00 -1.59552e+00  1.75643e+00  1.83560e+00  2.51927e+00 -7.90642e-01  1.62024e+00  1.81738e+00  2.29188e+00 -7.81202e-01  6.38192e+00
  455  9.85227e-03  1.91912e+00 -2.01046e+00  4.06628e-01  1.84155e+00  1.56566e+00  2.10366e+00  2.94203e+00  1.62314e+00  1.49345e+00  2.30171e+00  2.94622e+00  6.40697e+00
  456  4.41661e-01  1.78664e+00  1.80415e+00  9.27973e-01  1.69357e+00  1.32845e+00  2.05804e+00  4.75066e-01  1.62801e+00  1.16011e+00  2.32145e+00  3.82608e-01  6.45097e+00
  457  8.84968e-01  1.42281e+00 -1.09480e+00 -1.93480e+00  1.40378e+00  1.01437e+00  2.47103e+00 -2.08572e+00  1.63307e+00  8.21621e-01  2.32227e+00 -2.18489e+00  6.43968e+00
  458  1.33659e+00  9.26415e-01  1.01536e-01  2.24948e+00  1.32236e+00  6.06092e-01  2.53524e+00  1.52569e+00  1.63669e+00  4.87992e-01  2.31502e+00  1.53463e+00  6.43021e+00
  459  1.65869e+00  3.83281e-01  9.83893e-01 -1.85045e+00  1.44907e+00  2.27089e-01  2.19610e+00 -1.08211e+00  1.63594e+00  1.59729e-01  2.30820e+00 -1.02583e+00  6.41548e+00
  460  1.71473e+00 -1.89641e-01 -1.85799e+00  9.34009e-01  1.48812e+00 -1.10148e-01  2.16225e+00  2.67579e+00  1.63136e+00 -1.65455e-01  2.30439e+00  2.69769e+00  6.40483e+00
  461  1.50913e+00 -7.81698e-01  2.17707e+00  2.59301e-01  1.44426e+00 -4.77927e-01  2.40343e+00  1.18547e-01  1.62594e+00 -4.90803e-01  2.30399e+00  1.38101e-01  6.40430e+00
  462  1.12957e+00 -1.33853e+00 -1.77507e+00 -1.37291e+00  1.53379e+00 -8.69858e-01  2.51788e+00 -2.48326e+00  1.62834e+00 -8.16885e-01  2.30373e+00 -2.42168e+00  6.42079e+00
  463  6.55108e-01 -1.74976e+00  7.42859e-01  2.01511e+00  1.74542e+00 -1.21255e+00  2.30626e+00  1.21761e+00  1.63337e+00 -1.14241e+00  2.31318e+00  1.30141e+00  6.45110e+00
  464  9.20654e-02 -1.88312e+00  5.73426e-01 -2.01390e+00  1.77732e+00 -1.52195e+00  2.19231e+00 -1.29340e+00  1.63613e+00 -1.47239e+00  2.32160e+00 -1.26334e+00  6.46065e+00
  465 -5.25469e-01 -1.70540e+00 -1.66355e+00  1.40632e+00  1.59225e+00 -1.86969e+00  2.37258e+00  2.43979e+00  1.63172e+00 -1.80586e+00  2.32591e+00  2.45020e+00  6.46677e+00
  466 -1.07854e+00 -1.35788e+00  2.14273e+00 -3.36012e-01  1.50354e+00 -2.24204e+00  2.35209e+00 -1.55548e-01  1.63145e+00 -2.13677e+00  2.31171e+00 -1.18598e-01  6.42560e+00
  467 -1.52555e+00 -9.92485e-01 -1.84999e+00 -8.83072e-01  1.65617e+00 -2.56481e+00  2.10114e+00 -2.69624e+00  1.62720e+00 -2.46010e+00  2.29952e+00 -2.67971e+00  6.39367e+00
  468 -1.82942e+00 -5.69011e-01  9.04273e-01  1.85024e+00  1.83527e+00 -2.84004e+00  2.12056e+00  1.11620e+00  1.62187e+00 -2.78206e+00  2.29706e+00  1.04482e+00  6.41031e+00
  469 -1.89233e+00  1.86872e-02  3.10609e-01 -2.22910e+00  1.79064e+00  3.13172e+00  2.53269e+00 -1.43235e+00  1.62569e+00 -3.10365e+00  2.29997e+00 -1.51270e+00  6.42644e+00
  470 -1.72216e+00  6.85916e-01 -1.38779e+00  1.86899e+00  1.71816e+00  2.76256e+00  2.70954e+00  2.20950e+00  1.62753e+00  2.85509e+00  2.30640e+00  2.20991e+00  6.43013e+00
  471 -1.44245e+00  1.23870e+00  1.99588e+00 -8.73577e-01  1.80752e+00  2.43204e+00  2.37333e+00 -4.12571e-01  1.63623e+00  2.52763e+00  2.31223e+00 -3.50735e-01  6.44345e+00
  472 -1.14132e+00  1.58479e+00 -1.91335e+00 -4.54491e-01  1.90708e+00  2.19493e+00  1.93374e+00 -2.90838e+00  1.63869e+00  2.19619e+00  2.32505e+00 -2.91454e+00  6.46302e+00
  473 -7.45395e-01  1.73507e+00  1.20513e+00  1.67013e+00  1.78304e+00  1.97656e+00  2.12084e+00  9.45733e-01  1.63595e+00  1.85788e+00  2.32499e+00  8.00494e-01  6.44048e+00
  474 -1.71504e-01  1.75213e+00 -1.79136e-01 -2.28017e+00  1.54969e+00  1.66837e+00  2.61563e+00 -1.64920e+00  1.63590e+00  1.52536e+00  2.31314e+00 -1.76427e+00  6.40928e+00
  475  4.77763e-01  1.68225e+00 -8.79386e-01  2.06830e+00  1.52912e+00  1.29408e+00  2.52560e+00  1.97281e+00  1.63021e+00  1.20121e+00  2.29828e+00  1.96049e+00  6.39430e+00
  476  1.01073e+00  1.49661e+00  1.71302e+00 -1.19962e+00  1.63071e+00  9.76807e-01  2.18675e+00 -6.10924e-01  1.62466e+00  8.79253e-01  2.29366e+00 -5.94185e-01  6.38557e+00
  477  1.34201e+00  1.12592e+00 -2.05834e+00 -2.17162e-02  1.53435e+00  6.98063e-01  2.11862e+00 -3.13104e+00  1.62633e+00  5.55213e-01  2.30235e+00  3.13206e+00  6.40953e+00
  478  1.50826e+00  5.48209e-01  1.80131e+00  1.22179e+00  1.28769e+00  3.48625e-01  2.36874e+00  5.95999e-01  1.63228e+00  2.26973e-01  2.31326e+00  5.70462e-01  6.43204e+00
  479  1.57925e+00 -1.40531e-01 -1.01804e+00 -1.99026e+00  1.25689e+00 -8.87523e-02  2.49877e+00 -2.04361e+00  1.63405e+00 -1.02834e-01  2.31560e+00 -1.99226e+00  6.42278e+00
  480  1.53329e+00 -7.81116e-01 -1.22178e-01  2.09863e+00  1.48056e+00 -4.71168e-01  2.20958e+00  1.62895e+00  1.63437e+00 -4.33001e-01  2.31634e+00  1.72788e+00  6.41707e+00
  481  1.25610e+00 -1.27373e+00  1.30070e+00 -1.59085e+00  1.60009e+00 -7.92369e-01  2.11131e+00 -8.85409e-01  1.62925e+00 -7.63540e-01  2.31458e+00 -8.35794e-01  6.42147e+00
  482  7.59579e-01 -1.59727e+00 -2.06896e+00  6.02230e-01  1.56411e+00 -1.12690e+00  2.32163e+00  2.85834e+00  1.62136e+00 -1.09307e+00  2.30740e+00  2.88259e+00  6.40426e+00
  483  1.66645e-01 -1.78058e+00  2.10986e+00  6.14899e-01  1.59912e+00 -1.47748e+00  2.41481e+00  2.83586e-01  1.62405e+00 -1.41732e+00  2.29497e+00  3.21595e-01  6.37557e+00
  484 -4.41099e-01 -1.82729e+00 -1.37120e+00 -1.63843e+00  1.76679e+00 -1.80766e+00  2.28232e+00 -2.26763e+00  1.62697e+00 -1.73584e+00  2.29706e+00 -2.23561e+00  6.39135e+00
  485 -9.97100e-01 -1.62547e+00  1.34734e-01  2.12168e+00  1.81817e+00 -2.12103e+00  2.25985e+00  1.50738e+00  1.62767e+00 -2.05982e+00  2.30854e+00  1.48697e+00  6.41023e+00
  486 -1.44707e+00 -1.11765e+00  1.10598e+00 -1.95126e+00  1.67158e+00 -2.48394e+00  2.51530e+00 -1.05514e+00  1.63202e+00 -2.39026e+00  2.31797e+00 -1.07739e+00  6.44005e+00
  487 -1.73409e+00 -4.71555e-01 -1.92465e+00  1.17199e+00  1.61471e+00 -2.87608e+00  2.53891e+00  2.59463e+00  1.63563e+00 -2.72314e+00  2.32330e+00  2.63681e+00  6.45585e+00
  488 -1.86242e+00  9.82139e-02  2.07641e+00  1.62790e-02  1.73913e+00  3.08891e+00  2.15587e+00  7.83982e-03  1.63574e+00 -3.05513e+00  2.31758e+00  7.00035e-02  6.43470e+00
  489 -1.86144e+00  5.54994e-01 -1.50543e+00 -1.26245e+00  1.88649e+00  2.85183e+00  1.93006e+00 -2.44375e+00  1.63006e+00  2.90043e+00  2.30914e+00 -2.49305e+00  6.41290e+00
  490 -1.64769e+00  9.89594e-01  4.54148e-01  2.12550e+00  1.84709e+00  2.60074e+00  2.36201e+00  1.36030e+00  1.61739e+00  2.57458e+00  2.30179e+00  1.22929e+00  6.40764e+00
  491 -1.19350e+00  1.42581e+00  7.01234e-01 -2.23446e+00  1.72869e+00  2.26773e+00  2.74226e+00 -1.26670e+00  1.61345e+00  2.24597e+00  2.29964e+00 -1.33296e+00  6.38980e+00
  492 -6.49132e-01  1.77011e+00 -1.62419e+00  1.55658e+00  1.77733e+00  1.92229e+00  2.53048e+00  2.37745e+00  1.61951e+00  1.92102e+00  2.29243e+00  2.39210e+00  6.38622e+00
  493 -1.62898e-01  1.92496e+00  2.01825e+00 -3.50330e-01  1.86599e+00  1.65522e+00  2.09803e+00 -1.71869e-01  1.62364e+00  1.59643e+00  2.30370e+00 -1.64193e-01  6.41520e+00
  494  2.74032e-01  1.83704e+00 -1.76480e+00 -9.88932e-01  1.72491e+00  1.42272e+00  2.04626e+00 -2.63083e+00  1.62873e+00  1.26209e+00  2.32349e+00 -2.72874e+00  6.46067e+00
  495  7.45949e-01  1.52229e+00  1.01970e+00  1.97938e+00  1.43691e+00  1.11517e+00  2.47888e+00  1.09509e+00  1.63234e+00  9.22997e-01  2.32233e+00  9.86452e-01  6.44364e+00
  496  1.24122e+00  1.07508e+00 -1.51521e-02 -2.25870e+00  1.34821e+00  7.13796e-01  2.55099e+00 -1.57750e+00  1.63362e+00  5.89153e-01  2.31252e+00 -1.57710e+00  6.42773e+00
  497  1.61305e+00  5.69086e-01 -1.05309e+00  1.81930e+00  1.46289e+00  3.39169e-01  2.20944e+00  2.09551e+00  1.63163e+00  2.61171e-01  2.30457e+00  2.14627e+00  6.40837e+00
  498  1.72419e+00  9.21898e-03  1.88821e+00 -8.70515e-01  1.48646e+00  5.34679e-03  2.16157e+00 -4.31985e-01  1.62757e+00 -6.35483e-02  2.30088e+00 -4.12784e-01  6.39786e+00
  499  1.57493e+00 -5.99637e-01 -2.16432e+00 -3.33328e-01  1.41999e+00 -3.63792e-01  2.39769e+00 -2.98878e+00  1.62335e+00 -3.88318e-01  2.30236e+00 -2.97199e+00  6.40116e+00
  500  1.24857e+00 -1.19682e+00  1.73426e+00  1.42874e+00  1.49565e+00 -7.64241e-01  2.52447e+00  6.89107e-01  1.62496e+00 -7.14794e-01  2.30365e+00  7.51174e-01  6.41830e+00
