    1  2.03216e+00 -9.31279e-01 -1.96501e+00 -1.14189e+00  2.49849e+00 -4.29710e-01  2.58259e+00 -2.61518e+00  2.89245e+00 -4.46156e-01  2.29673e+00 -2.56460e+00  6.81896e+00
    2  1.60504e+00 -1.74450e+00  1.14316e+00  1.90221e+00  2.80972e+00 -8.27008e-01  2.46261e+00  1.02967e+00  2.90767e+00 -7.90704e-01  2.30978e+00  1.14903e+00  6.87193e+00
    3  9.62486e-01 -2.27539e+00  1.25770e-01 -2.06977e+00  3.05189e+00 -1.17062e+00  2.14988e+00 -1.51011e+00  2.92831e+00 -1.13759e+00  2.33527e+00 -1.42759e+00  6.93443e+00
    4  1.05872e-01 -2.42032e+00 -1.35704e+00  1.65019e+00  2.93459e+00 -1.52708e+00  2.28234e+00  2.25902e+00  2.93054e+00 -1.48746e+00  2.34321e+00  2.26957e+00  6.94785e+00
    5 -7.77210e-01 -2.19100e+00  2.06475e+00 -7.32215e-01  2.70227e+00 -1.91168e+00  2.39966e+00 -3.40791e-01  2.91896e+00 -1.83357e+00  2.31784e+00 -3.18289e-01  6.88736e+00
    6 -1.52106e+00 -1.78003e+00 -2.03146e+00 -4.54670e-01  2.74106e+00 -2.27791e+00  2.16678e+00 -2.92141e+00  2.91740e+00 -2.16626e+00  2.27638e+00 -2.89038e+00  6.78182e+00
    7 -2.10670e+00 -1.27103e+00  1.27050e+00  1.53834e+00  3.02685e+00 -2.59873e+00  1.99033e+00  8.80465e-01  2.89683e+00 -2.49286e+00  2.26837e+00  8.30052e-01  6.78054e+00
    8 -2.44681e+00 -5.51749e-01 -1.03245e-01 -2.18053e+00  3.14564e+00 -2.91980e+00  2.38269e+00 -1.61811e+00  2.90311e+00 -2.82458e+00  2.27626e+00 -1.73148e+00  6.84557e+00
    9 -2.45472e+00  3.58238e-01 -1.03511e+00  2.15135e+00  3.07699e+00  2.99668e+00  2.84987e+00  2.01925e+00  2.92598e+00  3.12530e+00  2.30104e+00  1.98843e+00  6.91464e+00
   10 -2.20407e+00  1.21395e+00  1.81785e+00 -1.41552e+00  3.16579e+00  2.63815e+00  2.65414e+00 -6.61602e-01  2.94442e+00  2.78490e+00  2.32165e+00 -5.82550e-01  6.95046e+00
   11 -1.84272e+00  1.84417e+00 -1.99561e+00  1.76357e-01  3.39829e+00  2.35580e+00  2.00678e+00  3.05345e+00  2.95564e+00  2.43875e+00  2.34840e+00  3.12831e+00  6.98554e+00
   12 -1.37006e+00  2.22889e+00  1.50294e+00  1.18967e+00  3.42250e+00  2.12194e+00  1.83707e+00  6.69576e-01  2.93819e+00  2.07812e+00  2.36646e+00  5.44385e-01  6.97372e+00
   13 -6.73726e-01  2.38982e+00 -5.89836e-01 -2.16017e+00  3.08256e+00  1.84558e+00  2.50713e+00 -1.83735e+00  2.94421e+00  1.71560e+00  2.34646e+00 -2.04162e+00  6.88443e+00
   14  1.85933e-01  2.37819e+00 -4.27550e-01  2.31958e+00  2.84517e+00  1.49277e+00  2.78162e+00  1.75307e+00  2.92990e+00  1.37132e+00  2.29911e+00  1.67051e+00  6.82455e+00
   15  9.88681e-01  2.21204e+00  1.33296e+00 -1.69735e+00  2.93531e+00  1.15048e+00  2.32888e+00 -9.05072e-01  2.89991e+00  1.03489e+00  2.26757e+00 -8.85572e-01  6.76453e+00
   16  1.57851e+00  1.82718e+00 -1.90795e+00  5.91627e-01  2.91515e+00  8.58286e-01  1.99515e+00  2.84091e+00  2.89604e+00  6.97788e-01  2.27635e+00  2.84103e+00  6.77495e+00
   17  1.93789e+00  1.15018e+00  1.98158e+00  6.53367e-01  2.53917e+00  5.35642e-01  2.17677e+00  3.18496e-01  2.91784e+00  3.56656e-01  2.30814e+00  2.75309e-01  6.86383e+00
   18  2.10734e+00  2.33899e-01 -1.52926e+00 -1.65478e+00  2.24779e+00  1.10540e-01  2.53847e+00 -2.31679e+00  2.92683e+00  1.20837e-02  2.32409e+00 -2.29873e+00  6.88244e+00
   19  2.09870e+00 -7.19102e-01  6.09301e-01  2.10313e+00  2.46083e+00 -3.30104e-01  2.39721e+00  1.28881e+00  2.92129e+00 -3.35393e-01  2.32959e+00  1.40990e+00  6.84192e+00
   20  1.80978e+00 -1.51810e+00  6.03489e-01 -1.93772e+00  2.78996e+00 -6.97974e-01  2.05947e+00 -1.26887e+00  2.91894e+00 -6.86039e-01  2.32667e+00 -1.16687e+00  6.84063e+00
   21  1.17044e+00 -2.06666e+00 -1.68090e+00  1.24790e+00  2.82051e+00 -1.05549e+00  2.19135e+00  2.50297e+00  2.90375e+00 -1.03424e+00  2.31443e+00  2.53735e+00  6.83043e+00
   22  3.45196e-01 -2.33123e+00  2.17854e+00 -1.51846e-01  2.77690e+00 -1.42379e+00  2.38456e+00 -6.95882e-02  2.89873e+00 -1.37315e+00  2.27942e+00 -3.89264e-02  6.74486e+00
   23 -4.87716e-01 -2.35889e+00 -1.87945e+00 -1.03448e+00  2.90112e+00 -1.77468e+00  2.30124e+00 -2.63843e+00  2.90479e+00 -1.69820e+00  2.25351e+00 -2.60157e+00  6.69921e+00
   24 -1.26419e+00 -2.13177e+00  8.69889e-01  1.89222e+00  3.07131e+00 -2.10607e+00  2.16861e+00  1.13989e+00  2.89925e+00 -2.02268e+00  2.27411e+00  1.12040e+00  6.75316e+00
   25 -1.91533e+00 -1.53742e+00  4.17489e-01 -2.18253e+00  3.01608e+00 -2.46521e+00  2.46886e+00 -1.38179e+00  2.90677e+00 -2.36098e+00  2.29765e+00 -1.45060e+00  6.81041e+00
   26 -2.33850e+00 -6.51805e-01 -1.48175e+00  1.84327e+00  2.94672e+00 -2.86976e+00  2.79662e+00  2.24789e+00  2.91951e+00 -2.70706e+00  2.32276e+00  2.25513e+00  6.90925e+00
   27 -2.47056e+00  2.44323e-01  2.03384e+00 -9.29511e-01  3.08167e+00  3.04302e+00  2.50024e+00 -4.28679e-01  2.93069e+00 -3.06049e+00  2.33895e+00 -3.29668e-01  6.96659e+00
   28 -2.38522e+00  9.71056e-01 -1.91944e+00 -3.38547e-01  3.31611e+00  2.75497e+00  1.89942e+00 -2.96701e+00  2.94295e+00  2.87400e+00  2.33377e+00 -2.90991e+00  6.93027e+00
   29 -2.10234e+00  1.55361e+00  1.16735e+00  1.58883e+00  3.41678e+00  2.50517e+00  1.94355e+00  9.37146e-01  2.90089e+00  2.52677e+00  2.31453e+00  7.95651e-01  6.84424e+00
   30 -1.53978e+00  2.03354e+00 -8.82764e-02 -2.31819e+00  3.25311e+00  2.21889e+00  2.69090e+00 -1.60886e+00  2.87426e+00  2.17209e+00  2.29908e+00 -1.78169e+00  6.75442e+00
   31 -7.68006e-01  2.38051e+00 -9.68318e-01  2.18143e+00  3.12833e+00  1.88288e+00  2.84814e+00  1.98856e+00  2.90336e+00  1.82760e+00  2.28082e+00  1.93067e+00  6.74108e+00
   32  2.03995e-03  2.53958e+00  1.72528e+00 -1.28725e+00  3.22475e+00  1.56999e+00  2.31680e+00 -6.41009e-01  2.90682e+00  1.49313e+00  2.27508e+00 -6.24913e-01  6.77011e+00
   33  6.68705e-01  2.43950e+00 -1.96548e+00 -1.16655e-02  3.19917e+00  1.30325e+00  1.93163e+00 -3.13566e+00  2.91309e+00  1.14787e+00  2.31851e+00  3.09699e+00  6.85371e+00
   34  1.26215e+00  2.00965e+00  1.66812e+00  1.28419e+00  2.81585e+00  1.01001e+00  2.21589e+00  6.56081e-01  2.94275e+00  7.85996e-01  2.37056e+00  5.17520e-01  6.96577e+00
   35  1.78653e+00  1.28053e+00 -9.78016e-01 -2.09354e+00  2.41573e+00  6.21893e-01  2.66971e+00 -2.00783e+00  2.98659e+00  4.24148e-01  2.37668e+00 -2.06560e+00  6.98425e+00
   36  2.16890e+00  4.07710e-01  6.89302e-03  2.21218e+00  2.43518e+00  1.85812e-01  2.44690e+00  1.56768e+00  3.00795e+00  7.39961e-02  2.36985e+00  1.64219e+00  6.97738e+00
   37  2.25231e+00 -4.75789e-01  1.09705e+00 -1.71987e+00  2.64965e+00 -2.08184e-01  2.08073e+00 -1.00300e+00  3.00277e+00 -2.71299e-01  2.35662e+00 -9.30533e-01  6.95019e+00
   38  1.93846e+00 -1.29077e+00 -1.96287e+00  7.91786e-01  2.71186e+00 -5.87454e-01  2.23989e+00  2.75817e+00  2.98115e+00 -6.14844e-01  2.34685e+00  2.78168e+00  6.93974e+00
   39  1.32459e+00 -1.94997e+00  2.20791e+00  3.87767e-01  2.77846e+00 -9.74105e-01  2.51262e+00  1.73853e-01  2.98617e+00 -9.55760e-01  2.33006e+00  2.11831e-01  6.91581e+00
   40  5.60246e-01 -2.38720e+00 -1.66974e+00 -1.46382e+00  3.00630e+00 -1.34028e+00  2.46539e+00 -2.42182e+00  3.02109e+00 -1.28660e+00  2.32950e+00 -2.35104e+00  6.93777e+00
   41 -2.68364e-01 -2.51076e+00  4.96728e-01  2.05930e+00  3.18796e+00 -1.67728e+00  2.24373e+00  1.33411e+00  3.03905e+00 -1.61859e+00  2.37500e+00  1.36464e+00  7.01411e+00
   42 -1.10865e+00 -2.18765e+00  8.28655e-01 -2.04950e+00  3.00746e+00 -2.03985e+00  2.44356e+00 -1.18657e+00  3.03498e+00 -1.96268e+00  2.40096e+00 -1.21588e+00  7.07292e+00
   43 -1.84070e+00 -1.48636e+00 -1.78438e+00  1.46902e+00  2.79872e+00 -2.46230e+00  2.67103e+00  2.45282e+00  3.03557e+00 -2.31112e+00  2.40185e+00  2.47782e+00  7.08876e+00
   44 -2.31871e+00 -6.99701e-01  2.12205e+00 -4.26892e-01  2.93299e+00 -2.84852e+00  2.34267e+00 -1.98520e-01  3.01393e+00 -2.65700e+00  2.37355e+00 -1.08135e-01  6.97965e+00
   45 -2.54491e+00  4.19208e-03 -1.75598e+00 -8.17527e-01  3.23830e+00  3.13995e+00  1.87591e+00 -2.70587e+00  2.98671e+00 -3.00081e+00  2.34415e+00 -2.68288e+00  6.90356e+00
   46 -2.50303e+00  6.98531e-01  8.17686e-01  1.89227e+00  3.37654e+00  2.86944e+00  2.12465e+00  1.16291e+00  2.96296e+00  2.94620e+00  2.31881e+00  1.03280e+00  6.93262e+00
   47 -2.13246e+00  1.43260e+00  3.39617e-01 -2.36186e+00  3.29987e+00  2.55004e+00  2.84685e+00 -1.42798e+00  2.91278e+00  2.60856e+00  2.30742e+00 -1.53623e+00  6.90557e+00
   48 -1.53405e+00  2.07210e+00 -1.35912e+00  1.98582e+00  3.32346e+00  2.20808e+00  2.89534e+00  2.17098e+00  2.90322e+00  2.26231e+00  2.29230e+00  2.17572e+00  6.84111e+00
   49 -8.98416e-01  2.48286e+00  1.93330e+00 -9.11303e-01  3.48586e+00  1.91799e+00  2.28405e+00 -4.40485e-01  2.92189e+00  1.92008e+00  2.30520e+00 -3.84123e-01  6.89696e+00
   50 -2.62913e-01  2.60786e+00 -1.87928e+00 -4.89726e-01  3.43503e+00  1.67127e+00  1.88576e+00 -2.88667e+00  2.93489e+00  1.56411e+00  2.36541e+00 -2.95734e+00  7.04881e+00
   51  4.57037e-01  2.42139e+00  1.30037e+00  1.72575e+00  3.03601e+00  1.38424e+00  2.33459e+00  9.25052e-01  2.93650e+00  1.19101e+00  2.39091e+00  7.32814e-01  7.09618e+00
   52  1.22413e+00  1.96804e+00 -4.43750e-01 -2.33096e+00  2.68583e+00  1.01435e+00  2.81513e+00 -1.75892e+00  2.93284e+00  8.18988e-01  2.35246e+00 -1.85489e+00  6.98135e+00
   53  1.87826e+00  1.34386e+00 -5.41405e-01  2.16326e+00  2.66690e+00  6.21041e-01  2.48640e+00  1.81603e+00  2.93774e+00  4.63797e-01  2.31656e+00  1.85635e+00  6.88313e+00
   54  2.24741e+00  5.88238e-01  1.49495e+00 -1.40576e+00  2.69844e+00  2.55997e-01  2.10552e+00 -7.54661e-01  2.93640e+00  1.21870e-01  2.29969e+00 -7.10038e-01  6.82862e+00
   55  2.25373e+00 -2.85555e-01 -2.10572e+00  3.03093e-01  2.58041e+00 -1.26032e-01  2.26297e+00  2.99864e+00  2.92707e+00 -2.15627e-01  2.29885e+00  3.00731e+00  6.82355e+00
   56  1.94593e+00 -1.17991e+00  2.09420e+00  8.75348e-01  2.58942e+00 -5.45072e-01  2.57596e+00  3.95915e-01  2.92021e+00 -5.57604e-01  2.30823e+00  4.39016e-01  6.85425e+00
   57  1.42179e+00 -1.93071e+00 -1.37880e+00 -1.76582e+00  2.87456e+00 -9.36050e-01  2.50960e+00 -2.23373e+00  2.94242e+00 -8.99295e-01  2.31771e+00 -2.12845e+00  6.92509e+00
   58  7.17093e-01 -2.38924e+00  1.39128e-01  2.09125e+00  3.11135e+00 -1.27922e+00  2.19634e+00  1.50437e+00  2.96674e+00 -1.24225e+00  2.35279e+00  1.58072e+00  7.00061e+00
   59 -1.55219e-01 -2.43814e+00  1.14936e+00 -1.81496e+00  2.98430e+00 -1.63437e+00  2.30755e+00 -1.00627e+00  2.97313e+00 -1.59092e+00  2.37030e+00 -1.00461e+00  7.02789e+00
   60 -1.03132e+00 -2.08683e+00 -1.97330e+00  1.01209e+00  2.70925e+00 -2.02980e+00  2.45912e+00  2.66768e+00  2.96621e+00 -1.93928e+00  2.35661e+00  2.68800e+00  6.99195e+00
   61 -1.73836e+00 -1.56266e+00  2.09522e+00  1.36484e-01  2.73191e+00 -2.40937e+00  2.20429e+00  6.50489e-02  2.96940e+00 -2.27546e+00  2.31511e+00  1.10820e-01  6.86234e+00
   62 -2.25791e+00 -9.96786e-01 -1.48275e+00 -1.29415e+00  3.04586e+00 -2.72586e+00  1.93668e+00 -2.42401e+00  2.94455e+00 -2.60490e+00  2.29852e+00 -2.45430e+00  6.83006e+00
   63 -2.51873e+00 -2.85814e-01  3.87436e-01  2.10057e+00  3.21285e+00 -3.02860e+00  2.28125e+00  1.38840e+00  2.93959e+00 -2.93635e+00  2.29585e+00  1.26758e+00  6.90358e+00
   64 -2.43468e+00  5.93306e-01  7.78128e-01 -2.25531e+00  3.13983e+00  2.90256e+00  2.84595e+00 -1.23856e+00  2.94649e+00  3.01678e+00  2.30829e+00 -1.29416e+00  6.94834e+00
   65 -2.09226e+00  1.42541e+00 -1.66986e+00  1.65544e+00  3.20468e+00  2.54354e+00  2.76447e+00  2.36053e+00  2.94582e+00  2.67826e+00  2.31769e+00  2.42013e+00  6.94040e+00
   66 -1.65775e+00  2.02998e+00  2.00722e+00 -4.75299e-01  3.43447e+00  2.25560e+00  2.12741e+00 -2.32512e-01  2.95822e+00  2.33289e+00  2.34459e+00 -1.47980e-01  6.98845e+00
   67 -1.14610e+00  2.36796e+00 -1.66877e+00 -9.20878e-01  3.46039e+00  2.02156e+00  1.81641e+00 -2.63735e+00  2.95522e+00  1.97216e+00  2.38105e+00 -2.73018e+00  7.04574e+00
   68 -4.41814e-01  2.44954e+00  8.52854e-01  2.02057e+00  3.09772e+00  1.74924e+00  2.40502e+00  1.17140e+00  2.95880e+00  1.60587e+00  2.36965e+00  9.62950e-01  6.98660e+00
   69  4.15224e-01  2.33272e+00  1.32448e-01 -2.36492e+00  2.80700e+00  1.39464e+00  2.80521e+00 -1.51485e+00  2.93037e+00  1.25413e+00  2.31380e+00 -1.61331e+00  6.88691e+00
   70  1.21570e+00  2.06149e+00 -1.08524e+00  1.90686e+00  2.86383e+00  1.03797e+00  2.40694e+00  2.08820e+00  2.89390e+00  9.12375e-01  2.26964e+00  2.11011e+00  6.78486e+00
   71  1.78417e+00  1.59403e+00  1.80205e+00 -9.10032e-01  2.86210e+00  7.29175e-01  2.03778e+00 -4.67637e-01  2.88333e+00  5.75027e-01  2.26442e+00 -4.47433e-01  6.76046e+00
   72  2.07924e+00  8.67209e-01 -2.06064e+00 -3.10936e-01  2.53764e+00  3.95144e-01  2.17146e+00 -2.99183e+00  2.89627e+00  2.37710e-01  2.28451e+00 -3.01068e+00  6.82178e+00
   73  2.14035e+00 -6.72321e-02  1.75660e+00  1.40083e+00  2.29280e+00 -3.14015e-02  2.52399e+00  6.73193e-01  2.89839e+00 -1.04104e-01  2.30401e+00  7.00834e-01  6.84067e+00
   74  2.00777e+00 -1.00975e+00 -9.10673e-01 -2.01720e+00  2.52537e+00 -4.65981e-01  2.44921e+00 -1.99486e+00  2.89446e+00 -4.51373e-01  2.31330e+00 -1.87262e+00  6.81325e+00
   75  1.62057e+00 -1.76087e+00 -3.11275e-01  2.02331e+00  2.86345e+00 -8.26867e-01  2.09534e+00  1.72344e+00  2.90071e+00 -8.02054e-01  2.31950e+00  1.83360e+00  6.83137e+00
   76  9.14265e-01 -2.21679e+00  1.48211e+00 -1.47189e+00  2.87503e+00 -1.17962e+00  2.18156e+00 -7.81939e-01  2.89305e+00 -1.15198e+00  2.31316e+00 -7.48077e-01  6.83349e+00
   77  5.21179e-02 -2.34936e+00 -2.12503e+00  4.59251e-01  2.76110e+00 -1.54862e+00  2.36334e+00  2.92875e+00  2.88003e+00 -1.49385e+00  2.28013e+00  2.95404e+00  6.75537e+00
   78 -7.73915e-01 -2.24375e+00  1.99296e+00  7.44271e-01  2.81667e+00 -1.90294e+00  2.26292e+00  3.57411e-01  2.87580e+00 -1.82193e+00  2.24208e+00  3.87588e-01  6.68399e+00
   79 -1.51198e+00 -1.93458e+00 -1.11611e+00 -1.72504e+00  3.01433e+00 -2.23419e+00  2.11073e+00 -2.14506e+00  2.86385e+00 -2.14532e+00  2.24729e+00 -2.17272e+00  6.71384e+00
   80 -2.09114e+00 -1.31460e+00 -1.30748e-01  2.18743e+00  3.05053e+00 -2.58037e+00  2.40098e+00  1.63050e+00  2.87267e+00 -2.47993e+00  2.26871e+00  1.54367e+00  6.76362e+00
   81 -2.40837e+00 -4.17868e-01  1.25636e+00 -2.00671e+00  2.98744e+00 -2.96980e+00  2.80267e+00 -1.01142e+00  2.89682e+00 -2.82218e+00  2.29863e+00 -1.02721e+00  6.86695e+00
   82 -2.43370e+00  4.93224e-01 -1.93950e+00  1.19829e+00  3.08309e+00  2.94164e+00  2.59878e+00  2.58816e+00  2.92348e+00  3.11159e+00  2.32766e+00  2.67602e+00  6.95686e+00
   83 -2.26460e+00  1.21975e+00  1.98630e+00  4.09492e-02  3.30811e+00  2.64753e+00  1.97353e+00  2.06129e-02  2.94379e+00  2.76396e+00  2.33685e+00  9.71869e-02  6.95308e+00
   84 -1.93472e+00  1.75948e+00 -1.36597e+00 -1.35295e+00  3.41945e+00  2.40360e+00  1.84818e+00 -2.36098e+00  2.90672e+00  2.41268e+00  2.32871e+00 -2.48307e+00  6.86871e+00
   85 -1.34803e+00  2.14994e+00  3.50907e-01  2.23242e+00  3.21972e+00  2.13084e+00  2.55342e+00  1.41489e+00  2.89012e+00  2.05428e+00  2.31089e+00  1.22001e+00  6.76307e+00
   86 -5.45874e-01  2.39711e+00  7.10910e-01 -2.27318e+00  3.02206e+00  1.79470e+00  2.83638e+00 -1.26769e+00  2.91603e+00  1.71030e+00  2.28791e+00 -1.35137e+00  6.74600e+00
   87  2.58765e-01  2.47660e+00 -1.55590e+00  1.52147e+00  3.10026e+00  1.46669e+00  2.36785e+00  2.36738e+00  2.91037e+00  1.37713e+00  2.27187e+00  2.37618e+00  6.75526e+00
   88  9.26294e-01  2.31860e+00  1.95518e+00 -3.03653e-01  3.11697e+00  1.19072e+00  1.95748e+00 -1.54076e-01  2.91228e+00  1.03674e+00  2.30066e+00 -1.81184e-01  6.80314e+00
   89  1.46146e+00  1.83987e+00 -1.81914e+00 -9.81953e-01  2.76049e+00  8.99524e-01  2.13676e+00 -2.64662e+00  2.94214e+00  6.83296e-01  2.35134e+00 -2.75354e+00  6.91852e+00
   90  1.88834e+00  1.05828e+00  1.23516e+00  1.90968e+00  2.34289e+00  5.10813e-01  2.58626e+00  9.96681e-01  2.97963e+00  3.27997e-01  2.36659e+00  9.49821e-01  6.96320e+00
   91  2.17290e+00  1.40230e-01 -3.04949e-01 -2.19793e+00  2.37057e+00  6.44466e-02  2.46195e+00 -1.70866e+00  2.99267e+00 -2.05320e-02  2.36500e+00 -1.62562e+00  6.95344e+00
   92  2.17738e+00 -7.48266e-01 -8.34054e-01  1.85937e+00  2.65045e+00 -3.31010e-01  2.07645e+00  1.99246e+00  2.98587e+00 -3.67712e-01  2.35418e+00  2.08316e+00  6.92858e+00
   93  1.78964e+00 -1.51253e+00  1.81288e+00 -1.04262e+00  2.74527e+00 -7.01676e-01  2.18680e+00 -5.21925e-01  2.96451e+00 -7.13203e-01  2.34234e+00 -4.89997e-01  6.91947e+00
   94  1.11173e+00 -2.08002e+00 -2.21251e+00 -1.01472e-01  2.78121e+00 -1.07995e+00  2.45276e+00 -3.09576e+00  2.96604e+00 -1.05366e+00  2.31899e+00 -3.06175e+00  6.86906e+00
   95  3.11551e-01 -2.41715e+00  1.82348e+00  1.24648e+00  2.96985e+00 -1.44261e+00  2.43940e+00  5.99617e-01  2.99673e+00 -1.38225e+00  2.30805e+00  6.58659e-01  6.85323e+00
   96 -5.17792e-01 -2.46092e+00 -7.40838e-01 -1.98240e+00  3.16213e+00 -1.77818e+00  2.23938e+00 -1.92843e+00  3.00988e+00 -1.70997e+00  2.34669e+00 -1.90511e+00  6.92627e+00
   97 -1.31854e+00 -2.07831e+00 -5.88245e-01  2.12356e+00  3.02895e+00 -2.13615e+00  2.42777e+00  1.84103e+00  3.00665e+00 -2.05135e+00  2.37461e+00  1.80115e+00  6.98896e+00
   98 -1.98906e+00 -1.32103e+00  1.62928e+00 -1.67232e+00  2.85073e+00 -2.55534e+00  2.72560e+00 -7.98436e-01  3.00777e+00 -2.39932e+00  2.38337e+00 -7.84846e-01  7.04027e+00
   99 -2.39289e+00 -4.75360e-01 -2.09801e+00  7.09233e-01  2.97593e+00 -2.94549e+00  2.45234e+00  2.81560e+00  2.98677e+00 -2.74957e+00  2.36916e+00  2.91018e+00  6.98876e+00
  100 -2.53795e+00  2.60851e-01  1.87865e+00  5.38520e-01  3.25461e+00  3.03917e+00  1.90966e+00  2.79167e-01  2.97120e+00 -3.09781e+00  2.34303e+00  3.31299e-01  6.91357e+00
  101 -2.43744e+00  9.30315e-01 -1.04074e+00 -1.71078e+00  3.40329e+00  2.77698e+00  2.00496e+00 -2.11733e+00  2.94404e+00  2.84586e+00  2.31601e+00 -2.24003e+00  6.89642e+00
  102 -2.02572e+00  1.59530e+00 -9.18122e-02  2.34518e+00  3.32425e+00  2.47451e+00  2.75415e+00  1.60993e+00  2.89038e+00  2.50332e+00  2.30101e+00  1.47165e+00  6.85407e+00
  103 -1.37485e+00  2.16476e+00  1.15610e+00 -2.12699e+00  3.28820e+00  2.13663e+00  2.93033e+00 -1.07293e+00  2.89091e+00  2.15503e+00  2.28601e+00 -1.10134e+00  6.79594e+00
  104 -6.83086e-01  2.52337e+00 -1.84507e+00  1.15755e+00  3.41700e+00  1.83516e+00  2.37211e+00  2.58129e+00  2.90939e+00  1.81535e+00  2.28727e+00  2.62310e+00  6.83725e+00
  105 -2.56046e-02  2.60684e+00  1.94390e+00  2.06959e-01  3.39813e+00  1.58062e+00  1.91078e+00  1.06066e-01  2.92001e+00  1.46472e+00  2.34241e+00  5.61936e-02  6.97023e+00
  106  6.63467e-01  2.37069e+00 -1.49242e+00 -1.49836e+00  3.03017e+00  1.29791e+00  2.23619e+00 -2.35421e+00  2.93047e+00  1.09395e+00  2.38703e+00 -2.53255e+00  7.06474e+00
  107  1.37018e+00  1.84153e+00  7.08153e-01  2.24429e+00  2.63431e+00  9.31120e-01  2.76917e+00  1.26515e+00  2.94996e+00  7.20526e-01  2.36965e+00  1.16128e+00  6.99753e+00
  108  1.96741e+00  1.13210e+00  2.63023e-01 -2.23802e+00  2.57618e+00  5.22156e-01  2.53896e+00 -1.45381e+00  2.97183e+00  3.63891e-01  2.34374e+00 -1.41395e+00  6.93753e+00
  109  2.28641e+00  3.20700e-01 -1.28275e+00  1.61070e+00  2.66526e+00  1.39354e-01  2.11990e+00  2.24333e+00  2.97409e+00  2.02391e-02  2.32719e+00  2.30011e+00  6.88999e+00
  110  2.22560e+00 -5.55359e-01  2.03230e+00 -5.86461e-01  2.63087e+00 -2.44538e-01  2.23709e+00 -2.80938e-01  2.96006e+00 -3.19130e-01  2.32176e+00 -2.67404e-01  6.87666e+00
  111  1.83360e+00 -1.40108e+00 -2.17756e+00 -6.02110e-01  2.66256e+00 -6.52472e-01  2.55214e+00 -2.87183e+00  2.95316e+00 -6.61358e-01  2.32338e+00 -2.83565e+00  6.89772e+00
  112  1.22689e+00 -2.08061e+00  1.58371e+00  1.60154e+00  2.91709e+00 -1.03800e+00  2.53653e+00  7.90996e-01  2.98099e+00 -1.00019e+00  2.32696e+00  8.81541e-01  6.96219e+00
  113  4.72926e-01 -2.46635e+00 -3.94330e-01 -2.07867e+00  3.15327e+00 -1.38134e+00  2.23819e+00 -1.75827e+00  3.00684e+00 -1.33876e+00  2.36799e+00 -1.68924e+00  7.04465e+00
  114 -4.01372e-01 -2.42889e+00 -9.32285e-01  1.94675e+00  3.03031e+00 -1.73457e+00  2.32949e+00  2.01742e+00  3.01358e+00 -1.68530e+00  2.39303e+00  2.01049e+00  7.08302e+00
  115 -1.25908e+00 -1.97230e+00  1.86010e+00 -1.26600e+00  2.73761e+00 -2.13896e+00  2.53136e+00 -5.97590e-01  3.00988e+00 -2.03460e+00  2.38961e+00 -5.80809e-01  7.07498e+00
  116 -1.92452e+00 -1.34628e+00 -2.12715e+00  1.76062e-01  2.75813e+00 -2.53117e+00  2.27789e+00  3.05901e+00  3.01186e+00 -2.37399e+00  2.35072e+00  3.12042e+00  6.93580e+00
  117 -2.37365e+00 -7.24311e-01  1.66490e+00  1.02726e+00  3.07943e+00 -2.84542e+00  1.91357e+00  5.52833e-01  2.98263e+00 -2.70762e+00  2.32657e+00  5.51909e-01  6.86874e+00
  118 -2.55977e+00 -2.30175e-02 -6.55002e-01 -1.97820e+00  3.27649e+00 -3.13260e+00  2.17115e+00 -1.89054e+00  2.96819e+00 -3.04052e+00  2.31359e+00 -2.01088e+00  6.93795e+00
  119 -2.39898e+00  8.14523e-01 -5.18175e-01  2.31715e+00  3.20929e+00  2.81428e+00  2.81884e+00  1.79080e+00  2.95519e+00  2.91322e+00  2.31396e+00  1.70997e+00  6.96975e+00
  120 -1.97548e+00  1.61080e+00  1.49832e+00 -1.86518e+00  3.24859e+00  2.45753e+00  2.86194e+00 -8.94039e-01  2.93701e+00  2.57394e+00  2.31207e+00 -8.59099e-01  6.92217e+00
  121 -1.46988e+00  2.18376e+00 -1.98305e+00  7.60884e-01  3.46467e+00  2.16324e+00  2.25571e+00  2.77522e+00  2.95021e+00  2.22940e+00  2.33189e+00  2.85947e+00  6.96668e+00
  122 -9.19167e-01  2.47882e+00  1.80202e+00  6.43293e-01  3.49471e+00  1.92589e+00  1.83056e+00  3.42883e-01  2.95834e+00  1.87072e+00  2.38207e+00  2.81265e-01  7.07873e+00
  123 -2.12760e-01  2.49212e+00 -1.09621e+00 -1.84875e+00  3.12796e+00  1.65596e+00  2.30977e+00 -2.10601e+00  2.96036e+00  1.50132e+00  2.38691e+00 -2.31134e+00  7.07174e+00
  124  6.28153e-01  2.27656e+00  1.59389e-01  2.36820e+00  2.78864e+00  1.30157e+00  2.81690e+00  1.50359e+00  2.92806e+00  1.14049e+00  2.33087e+00  1.38929e+00  6.94621e+00
  125  1.41227e+00  1.89784e+00  8.16051e-01 -2.07816e+00  2.79816e+00  9.31053e-01  2.49234e+00 -1.19662e+00  2.89506e+00  7.91649e-01  2.27940e+00 -1.17573e+00  6.81548e+00
  126  1.95406e+00  1.34424e+00 -1.65007e+00  1.20080e+00  2.81266e+00  6.02573e-01  2.08233e+00  2.51250e+00  2.88298e+00  4.52146e-01  2.26400e+00  2.54737e+00  6.75969e+00
  127  2.18767e+00  5.70715e-01  2.08679e+00 -2.56007e-02  2.55581e+00  2.55190e-01  2.17767e+00 -1.22674e-02  2.88761e+00  1.16244e-01  2.27245e+00 -1.54574e-02  6.78862e+00
  128  2.14635e+00 -3.67817e-01 -1.94311e+00 -1.12583e+00  2.37105e+00 -1.69720e-01  2.52158e+00 -2.61646e+00  2.88469e+00 -2.23943e-01  2.29242e+00 -2.58492e+00  6.81157e+00
  129  1.89218e+00 -1.28173e+00  1.18995e+00  1.89510e+00  2.61159e+00 -5.95384e-01  2.50369e+00  1.01011e+00  2.88629e+00 -5.70273e-01  2.30365e+00  1.12654e+00  6.81672e+00
  130  1.40863e+00 -1.97500e+00  2.08107e-02 -2.07219e+00  2.94244e+00 -9.51246e-01  2.14721e+00 -1.56075e+00  2.90112e+00 -9.19163e-01  2.32012e+00 -1.44929e+00  6.86083e+00
  131  6.46132e-01 -2.33567e+00 -1.26661e+00  1.66580e+00  2.93641e+00 -1.30091e+00  2.18960e+00  2.22089e+00  2.90301e+00 -1.26977e+00  2.32280e+00  2.25047e+00  6.87651e+00
  132 -2.41611e-01 -2.33366e+00  2.04131e+00 -7.57047e-01  2.75218e+00 -1.67396e+00  2.37003e+00 -3.55139e-01  2.88745e+00 -1.61508e+00  2.29787e+00 -3.35241e-01  6.81776e+00
  133 -1.05276e+00 -2.09137e+00 -2.07379e+00 -4.31659e-01  2.74107e+00 -2.03715e+00  2.24347e+00 -2.93637e+00  2.88122e+00 -1.94766e+00  2.25361e+00 -2.90692e+00  6.72456e+00
  134 -1.74388e+00 -1.70032e+00  1.34503e+00  1.51193e+00  2.96610e+00 -2.36884e+00  2.04751e+00  8.43749e-01  2.86560e+00 -2.27186e+00  2.24539e+00  8.14933e-01  6.72423e+00
  135 -2.24782e+00 -1.06378e+00 -1.62944e-01 -2.14612e+00  3.09217e+00 -2.69957e+00  2.31619e+00 -1.64658e+00  2.86924e+00 -2.60351e+00  2.26047e+00 -1.74869e+00  6.77332e+00
  136 -2.45707e+00 -1.71263e-01 -1.00351e+00  2.13883e+00  3.03327e+00 -3.07200e+00  2.79082e+00  2.00949e+00  2.89871e+00 -2.94078e+00  2.28834e+00  1.96936e+00  6.86320e+00
  137 -2.37330e+00  7.40288e-01  1.80854e+00 -1.45381e+00  3.09029e+00  2.83923e+00  2.69220e+00 -6.77089e-01  2.92802e+00  2.99891e+00  2.31998e+00 -6.04932e-01  6.94615e+00
  138 -2.11981e+00  1.45867e+00 -2.01901e+00  2.62092e-01  3.31066e+00  2.53889e+00  2.07255e+00  3.01250e+00  2.95001e+00  2.65310e+00  2.33966e+00  3.10283e+00  6.96969e+00
  139 -1.74225e+00  1.95601e+00  1.54611e+00  1.09216e+00  3.43071e+00  2.29846e+00  1.79163e+00  6.15001e-01  2.92281e+00  2.29877e+00  2.34730e+00  5.21508e-01  6.92167e+00
  140 -1.13486e+00  2.25971e+00 -6.14912e-01 -2.10979e+00  3.19709e+00  2.03622e+00  2.41466e+00 -1.85440e+00  2.91452e+00  1.93688e+00  2.33045e+00 -2.06215e+00  6.81575e+00
  141 -3.12669e-01  2.40156e+00 -4.32216e-01  2.33468e+00  2.93262e+00  1.70026e+00  2.81877e+00  1.75385e+00  2.92881e+00  1.59166e+00  2.29872e+00  1.64808e+00  6.77874e+00
  142  5.16614e-01  2.38901e+00  1.34524e+00 -1.74095e+00  2.98712e+00  1.35783e+00  2.42029e+00 -9.12925e-01  2.91070e+00  1.25784e+00  2.27091e+00 -9.08451e-01  6.75892e+00
  143  1.18218e+00  2.16156e+00 -1.89747e+00  6.23366e-01  3.03494e+00  1.07033e+00  1.99448e+00  2.82418e+00  2.90605e+00  9.20655e-01  2.28430e+00  2.81943e+00  6.77470e+00
  144  1.66054e+00  1.63071e+00  1.93757e+00  6.52231e-01  2.70830e+00  7.76334e-01  2.08980e+00  3.24708e-01  2.93112e+00  5.74920e-01  2.32618e+00  2.52977e-01  6.87678e+00
  145  1.98538e+00  8.04975e-01 -1.48160e+00 -1.68157e+00  2.29485e+00  3.85198e-01  2.51141e+00 -2.29306e+00  2.95764e+00  2.25950e-01  2.34672e+00 -2.32321e+00  6.93032e+00
  146  2.15828e+00 -1.44533e-01  6.09549e-01  2.14042e+00  2.33954e+00 -6.68667e-02  2.47647e+00  1.29336e+00  2.96043e+00 -1.21336e-01  2.34888e+00  1.38491e+00  6.90468e+00
  147  2.07152e+00 -1.02481e+00  5.48467e-01 -1.96764e+00  2.67071e+00 -4.59409e-01  2.08622e+00 -1.29895e+00  2.95411e+00 -4.70235e-01  2.34256e+00 -1.19075e+00  6.88104e+00
  148  1.60732e+00 -1.72691e+00 -1.62859e+00  1.27808e+00  2.78284e+00 -8.21249e-01  2.14289e+00  2.47620e+00  2.93580e+00 -8.17805e-01  2.33069e+00  2.51685e+00  6.87719e+00
  149  8.69269e-01 -2.19078e+00  2.18002e+00 -1.93890e-01  2.77757e+00 -1.19306e+00  2.39504e+00 -8.87059e-02  2.93129e+00 -1.15860e+00  2.30300e+00 -5.77469e-02  6.81072e+00
  150  4.43451e-02 -2.41402e+00 -1.95090e+00 -9.95311e-01  2.91473e+00 -1.55243e+00  2.39833e+00 -2.66983e+00  2.95190e+00 -1.48622e+00  2.28015e+00 -2.62158e+00  6.76152e+00
  151 -7.75175e-01 -2.37082e+00  9.80674e-01  1.86350e+00  3.11084e+00 -1.88680e+00  2.21717e+00  1.08637e+00  2.95784e+00 -1.81044e+00  2.30593e+00  1.10081e+00  6.82191e+00
  152 -1.52824e+00 -1.93604e+00  3.28759e-01 -2.16270e+00  3.04188e+00 -2.23902e+00  2.39267e+00 -1.41994e+00  2.95718e+00 -2.14859e+00  2.33483e+00 -1.47212e+00  6.88313e+00
  153 -2.12221e+00 -1.13788e+00 -1.44198e+00  1.85084e+00  2.89928e+00 -2.64943e+00  2.75247e+00  2.23266e+00  2.96328e+00 -2.49524e+00  2.35080e+00  2.23002e+00  6.96061e+00
  154 -2.43939e+00 -2.47022e-01  2.03758e+00 -9.80009e-01  3.00581e+00 -3.04067e+00  2.55608e+00 -4.48305e-01  2.95285e+00 -2.84796e+00  2.35514e+00 -3.57604e-01  6.97956e+00
  155 -2.49965e+00  5.15207e-01 -1.96875e+00 -2.51792e-01  3.25685e+00  2.93833e+00  1.96968e+00 -3.01439e+00  2.95401e+00  3.08432e+00  2.33933e+00 -2.93922e+00  6.92886e+00
  156 -2.34180e+00  1.15964e+00  1.24617e+00  1.49930e+00  3.41440e+00  2.68180e+00  1.90042e+00  8.77336e-01  2.92614e+00  2.74144e+00  2.31543e+00  7.68953e-01  6.87130e+00
  157 -1.89559e+00  1.75014e+00 -1.57298e-01 -2.28768e+00  3.32814e+00  2.39607e+00  2.62911e+00 -1.63945e+00  2.87501e+00  2.39366e+00  2.29772e+00 -1.80518e+00  6.80386e+00
  158 -1.20096e+00  2.23736e+00 -9.31681e-01  2.23501e+00  3.22404e+00  2.06343e+00  2.93166e+00  1.96575e+00  2.88786e+00  2.04433e+00  2.28409e+00  1.90394e+00  6.75772e+00
  159 -4.57810e-01  2.53389e+00  1.71944e+00 -1.38764e+00  3.31509e+00  1.74954e+00  2.44102e+00 -6.79013e-01  2.90464e+00  1.70710e+00  2.27599e+00 -6.54610e-01  6.78875e+00
  160  2.20018e-01  2.57224e+00 -1.97027e+00  8.21655e-02  3.33241e+00  1.48547e+00  1.94436e+00  3.09991e+00  2.91102e+00  1.36179e+00  2.32008e+00  3.06715e+00  6.88693e+00
  161  8.72397e-01  2.29007e+00  1.65922e+00  1.23979e+00  3.00274e+00  1.20682e+00  2.14503e+00  6.41715e-01  2.92933e+00  9.96358e-01  2.37609e+00  4.84989e-01  7.00773e+00
  162  1.50642e+00  1.69506e+00 -9.61571e-01 -2.11066e+00  2.57127e+00  8.44252e-01  2.68975e+00 -1.99828e+00  2.96566e+00  6.25883e-01  2.37908e+00 -2.10310e+00  6.99719e+00
  163  2.03240e+00  9.11455e-01  1.92436e-02  2.26677e+00  2.48070e+00  4.21574e-01  2.56932e+00  1.56231e+00  2.99715e+00  2.70149e-01  2.36400e+00  1.60318e+00  6.97451e+00
  164  2.29286e+00  5.54533e-02  1.04604e+00 -1.77906e+00  2.63014e+00  2.41805e-02  2.12963e+00 -1.03927e+00  3.00046e+00 -7.48547e-02  2.34935e+00 -9.68265e-01  6.93885e+00
  165  2.16478e+00 -8.10748e-01 -1.91769e+00  8.49300e-01  2.67180e+00 -3.58347e-01  2.19942e+00  2.72468e+00  2.98312e+00 -4.16333e-01  2.34076e+00  2.74559e+00  6.92400e+00
  166  1.69587e+00 -1.59695e+00  2.21722e+00  3.24371e-01  2.71311e+00 -7.55366e-01  2.51064e+00  1.45266e-01  2.97624e+00 -7.58738e-01  2.33428e+00  1.76583e-01  6.92593e+00
  167  1.02085e+00 -2.19694e+00 -1.75805e+00 -1.41054e+00  2.93433e+00 -1.13581e+00  2.54018e+00 -2.46543e+00  3.00774e+00 -1.09492e+00  2.33065e+00 -2.38865e+00  6.96315e+00
  168  2.30450e-01 -2.50840e+00  6.39514e-01  2.03213e+00  3.17258e+00 -1.47918e+00  2.26926e+00  1.26591e+00  3.03374e+00 -1.42900e+00  2.37280e+00  1.32724e+00  7.04581e+00
  169 -6.34101e-01 -2.39425e+00  7.05582e-01 -2.04578e+00  3.06726e+00 -1.82970e+00  2.34153e+00 -1.23868e+00  3.03821e+00 -1.77287e+00  2.40329e+00 -1.25353e+00  7.09376e+00
  170 -1.46130e+00 -1.85036e+00 -1.72537e+00  1.49141e+00  2.77961e+00 -2.23925e+00  2.60059e+00  2.42880e+00  3.03552e+00 -2.12213e+00  2.40749e+00  2.43948e+00  7.11458e+00
  171 -2.07880e+00 -1.13580e+00  2.12752e+00 -4.75464e-01  2.80572e+00 -2.64154e+00  2.37621e+00 -2.19869e-01  3.03077e+00 -2.46491e+00  2.37451e+00 -1.46513e-01  6.98873e+00
  172 -2.45428e+00 -4.59572e-01 -1.81455e+00 -7.47426e-01  3.11734e+00 -2.95648e+00  1.92562e+00 -2.75086e+00  2.99861e+00 -2.80381e+00  2.34465e+00 -2.71931e+00  6.89431e+00
  173 -2.56970e+00  2.32746e-01  9.01632e-01  1.81859e+00  3.32875e+00  3.05127e+00  2.06010e+00  1.11053e+00  2.97873e+00 -3.13932e+00  2.32332e+00  9.98312e-01  6.93948e+00
  174 -2.34660e+00  1.02035e+00  2.60779e-01 -2.33514e+00  3.27382e+00  2.73144e+00  2.76043e+00 -1.45958e+00  2.94758e+00  2.81266e+00  2.31411e+00 -1.56597e+00  6.96305e+00
  175 -1.85383e+00  1.76830e+00 -1.30758e+00  2.03966e+00  3.28180e+00  2.37980e+00  2.93500e+00  2.14087e+00  2.91966e+00  2.47068e+00  2.30478e+00  2.14649e+00  6.89162e+00
  176 -1.28055e+00  2.30266e+00  1.92361e+00 -1.02712e+00  3.47102e+00  2.07833e+00  2.37764e+00 -4.90442e-01  2.93418e+00  2.12702e+00  2.31350e+00 -4.16029e-01  6.92326e+00
  177 -6.91580e-01  2.55714e+00 -1.89894e+00 -3.62512e-01  3.50861e+00  1.83493e+00  1.86869e+00 -2.95296e+00  2.94823e+00  1.77211e+00  2.36917e+00 -2.98874e+00  7.06097e+00
  178  1.03576e-02  2.51262e+00  1.31384e+00  1.64749e+00  3.15668e+00  1.56667e+00  2.22020e+00  8.97593e-01  2.95112e+00  1.40137e+00  2.39433e+00  7.01969e-01  7.11461e+00
  179  8.21530e-01  2.20809e+00 -4.39542e-01 -2.32626e+00  2.77529e+00  1.21461e+00  2.80235e+00 -1.75754e+00  2.92738e+00  1.03222e+00  2.34884e+00 -1.88626e+00  6.99065e+00
  180  1.57474e+00  1.72540e+00 -5.36715e-01  2.20435e+00  2.72841e+00  8.31018e-01  2.57361e+00  1.80963e+00  2.90918e+00  6.76522e-01  2.29823e+00  1.82616e+00  6.85721e+00
  181  2.08343e+00  1.08788e+00  1.46061e+00 -1.45453e+00  2.76208e+00  4.81217e-01  2.12453e+00 -7.83312e-01  2.90169e+00  3.34191e-01  2.27760e+00 -7.37313e-01  6.78455e+00
  182  2.25713e+00  2.74609e-01 -2.05993e+00  3.44341e-01  2.58502e+00  1.21068e-01  2.18093e+00  2.97596e+00  2.89984e+00 -2.10216e-03  2.27702e+00  2.98195e+00  6.78509e+00
  183  2.12110e+00 -6.53778e-01  2.08103e+00  8.40326e-01  2.46324e+00 -2.98986e-01  2.51842e+00  3.83780e-01  2.89229e+00 -3.41869e-01  2.29342e+00  4.14040e-01  6.81019e+00
  184  1.75453e+00 -1.52297e+00 -1.43773e+00 -1.74169e+00  2.69891e+00 -7.14865e-01  2.55027e+00 -2.26088e+00  2.90071e+00 -6.86566e-01  2.30334e+00 -2.15575e+00  6.84980e+00
  185  1.18285e+00 -2.15162e+00  2.59451e-01  2.08429e+00  3.01430e+00 -1.06815e+00  2.20578e+00  1.44695e+00  2.92211e+00 -1.03215e+00  2.32877e+00  1.55392e+00  6.91879e+00
  186  3.78457e-01 -2.41930e+00  1.04093e+00 -1.82564e+00  2.99812e+00 -1.41562e+00  2.20825e+00 -1.05260e+00  2.93239e+00 -1.38194e+00  2.34199e+00 -1.02984e+00  6.94594e+00
  187 -5.21613e-01 -2.28857e+00 -1.93246e+00  1.03501e+00  2.75481e+00 -1.79489e+00  2.40282e+00  2.64988e+00  2.91901e+00 -1.72995e+00  2.32897e+00  2.66436e+00  6.91342e+00
  188 -1.31182e+00 -1.91445e+00  2.12161e+00  1.10270e-01  2.69298e+00 -2.17153e+00  2.25670e+00  5.19280e-02  2.91812e+00 -2.06689e+00  2.28460e+00  8.70719e-02  6.80285e+00
  189 -1.94898e+00 -1.44374e+00 -1.54922e+00 -1.26148e+00  2.94146e+00 -2.50403e+00  1.99570e+00 -2.45821e+00  2.90168e+00 -2.39332e+00  2.26677e+00 -2.47666e+00  6.76814e+00
  190 -2.37692e+00 -7.96929e-01  4.51469e-01  2.05778e+00  3.14242e+00 -2.81809e+00  2.21913e+00  1.35482e+00  2.89543e+00 -2.72374e+00  2.27245e+00  1.24438e+00  6.82226e+00
  191 -2.48504e+00  7.77058e-02  7.34484e-01 -2.23402e+00  3.09073e+00  3.11033e+00  2.76516e+00 -1.25316e+00  2.92015e+00 -3.05644e+00  2.29200e+00 -1.31705e+00  6.89597e+00
  192 -2.29705e+00  9.76294e-01 -1.64669e+00  1.68927e+00  3.11479e+00  2.73970e+00  2.78260e+00  2.34343e+00  2.93766e+00  2.88845e+00  2.31662e+00  2.39621e+00  6.94117e+00
  193 -1.96044e+00  1.67928e+00  2.01697e+00 -5.63039e-01  3.33166e+00  2.43329e+00  2.19260e+00 -2.72221e-01  2.95611e+00  2.54428e+00  2.33930e+00 -1.74988e-01  6.97599e+00
  194 -1.53420e+00  2.13593e+00 -1.70208e+00 -8.14029e-01  3.45798e+00  2.19369e+00  1.77986e+00 -2.69549e+00  2.94220e+00  2.18848e+00  2.36450e+00 -2.75529e+00  6.98600e+00
  195 -9.08854e-01  2.36028e+00  8.72277e-01  1.95381e+00  3.19846e+00  1.93836e+00  2.28912e+00  1.15090e+00  2.94017e+00  1.82337e+00  2.35498e+00  9.40499e-01  6.90689e+00
  196 -7.72709e-02  2.39708e+00  1.41375e-01 -2.36327e+00  2.87597e+00  1.60302e+00  2.80252e+00 -1.51105e+00  2.93849e+00  1.47410e+00  2.31352e+00 -1.63589e+00  6.83876e+00
  197  7.64585e-01  2.28261e+00 -1.09967e+00  1.93876e+00  2.89745e+00  1.24758e+00  2.48404e+00  2.08675e+00  2.90686e+00  1.13684e+00  2.27224e+00  2.08841e+00  6.77849e+00
  198  1.42396e+00  1.97409e+00  1.79049e+00 -9.36560e-01  2.96234e+00  9.45903e-01  2.04150e+00 -4.81937e-01  2.89424e+00  8.00498e-01  2.27058e+00 -4.66739e-01  6.76058e+00
  199  1.84904e+00  1.38683e+00 -2.01426e+00 -3.07105e-01  2.67113e+00  6.43519e-01  2.07578e+00 -2.99029e+00  2.91146e+00  4.60428e-01  2.29935e+00 -3.02933e+00  6.83880e+00
  200  2.07268e+00  5.25163e-01  1.70716e+00  1.41723e+00  2.28590e+00  2.48151e-01  2.46147e+00  6.92870e-01  2.92788e+00  1.16651e-01  2.32272e+00  6.81127e-01  6.89025e+00
  201  2.12482e+00 -4.40518e-01 -9.12060e-01 -2.04144e+00  2.35447e+00 -2.04424e-01  2.49966e+00 -1.99096e+00  2.92367e+00 -2.29929e-01  2.32851e+00 -1.89329e+00  6.85323e+00
  202  1.93619e+00 -1.29915e+00 -2.48322e-01  2.04273e+00  2.71831e+00 -5.90983e-01  2.11720e+00  1.69177e+00  2.92127e+00 -5.79933e-01  2.32900e+00  1.81370e+00  6.83702e+00
  203  1.39444e+00 -1.92956e+00  1.41631e+00 -1.49321e+00  2.83383e+00 -9.45017e-01  2.11780e+00 -8.11823e-01  2.90941e+00 -9.29500e-01  2.32001e+00 -7.64397e-01  6.84269e+00
  204  6.00953e-01 -2.27912e+00 -2.11281e+00  4.91942e-01  2.77776e+00 -1.31299e+00  2.35299e+00  2.91283e+00  2.89856e+00 -1.27183e+00  2.29161e+00  2.94039e+00  6.77383e+00
  205 -2.38931e-01 -2.37474e+00  2.04918e+00  7.13141e-01  2.84824e+00 -1.67107e+00  2.35386e+00  3.34903e-01  2.90534e+00 -1.60055e+00  2.25699e+00  3.73862e-01  6.70001e+00
  206 -1.03823e+00 -2.23695e+00 -1.21167e+00 -1.69948e+00  3.04092e+00 -2.00534e+00  2.17819e+00 -2.19017e+00  2.90238e+00 -1.92285e+00  2.26598e+00 -2.18548e+00  6.73744e+00
  207 -1.73694e+00 -1.75674e+00 -5.29450e-02  2.16257e+00  3.05155e+00 -2.35053e+00  2.33976e+00  1.59527e+00  2.90373e+00 -2.25739e+00  2.29337e+00  1.52888e+00  6.79236e+00
  208 -2.24130e+00 -9.32224e-01  1.22155e+00 -2.00317e+00  2.94624e+00 -2.74743e+00  2.75243e+00 -1.02319e+00  2.91875e+00 -2.60158e+00  2.31513e+00 -1.04630e+00  6.88080e+00
  209 -2.45908e+00 -1.08532e-02 -1.93929e+00  1.23910e+00  3.02359e+00 -3.13718e+00  2.64810e+00  2.57303e+00  2.92576e+00 -2.95362e+00  2.33762e+00  2.65283e+00  6.96026e+00
  210 -2.43052e+00  7.68924e-01  2.02510e+00 -4.13234e-02  3.24934e+00  2.83519e+00  2.05137e+00 -2.04028e-02  2.94384e+00  2.97852e+00  2.33667e+00  7.08544e-02  6.94809e+00
  211 -2.21545e+00  1.38728e+00 -1.43340e+00 -1.26055e+00  3.41637e+00  2.58214e+00  1.82181e+00 -2.42027e+00  2.91763e+00  2.63249e+00  2.32110e+00 -2.50707e+00  6.87178e+00
  212 -1.73904e+00  1.90011e+00  4.07937e-01  2.19073e+00  3.31735e+00  2.31196e+00  2.48285e+00  1.38669e+00  2.87327e+00  2.27952e+00  2.30173e+00  1.19897e+00  6.77589e+00
  213 -1.00905e+00  2.29431e+00  6.85930e-01 -2.31051e+00  3.14102e+00  1.98514e+00  2.90447e+00 -1.28221e+00  2.89534e+00  1.92997e+00  2.28746e+00 -1.37565e+00  6.73720e+00
  214 -2.20798e-01  2.51711e+00 -1.55543e+00  1.60218e+00  3.19230e+00  1.65829e+00  2.49317e+00  2.34139e+00  2.90762e+00  1.59480e+00  2.27188e+00  2.34878e+00  6.76011e+00
  215  4.75414e-01  2.50321e+00  1.95579e+00 -3.77390e-01  3.24604e+00  1.38311e+00  1.98376e+00 -1.90618e-01  2.90897e+00  1.25416e+00  2.30207e+00 -2.08570e-01  6.82087e+00
  216  1.08772e+00  2.17499e+00 -1.79929e+00 -9.51019e-01  2.95685e+00  1.10707e+00  2.07094e+00 -2.65536e+00  2.93159e+00  8.96032e-01  2.35984e+00 -2.78328e+00  6.94416e+00
  217  1.63891e+00  1.52239e+00  1.20538e+00  1.93048e+00  2.50185e+00  7.48556e-01  2.58984e+00  1.01263e+00  2.97429e+00  5.31711e-01  2.37839e+00  9.15366e-01  6.98360e+00
  218  2.07869e+00  6.76031e-01 -3.06481e-01 -2.24987e+00  2.38899e+00  3.14430e-01  2.57793e+00 -1.70618e+00  3.00529e+00  1.78437e-01  2.37213e+00 -1.66181e+00  6.98343e+00
  219  2.26951e+00 -2.12791e-01 -7.86505e-01  1.91257e+00  2.59798e+00 -9.34876e-02  2.13826e+00  1.96095e+00  3.00666e+00 -1.67700e-01  2.36043e+00  2.04807e+00  6.95601e+00
  220  2.07196e+00 -1.05695e+00  1.76517e+00 -1.09278e+00  2.70507e+00 -4.71712e-01  2.15499e+00 -5.54329e-01  2.98757e+00 -5.11440e-01  2.34962e+00 -5.23155e-01  6.94348e+00
  221  1.53096e+00 -1.77274e+00 -2.21563e+00 -4.23027e-02  2.74322e+00 -8.58452e-01  2.45541e+00 -3.12250e+00  2.97981e+00 -8.53906e-01  2.33594e+00 -3.09366e+00  6.92363e+00
  222  8.00136e-01 -2.28361e+00  1.90269e+00  1.19231e+00  2.92755e+00 -1.23378e+00  2.52093e+00  5.59782e-01  3.01178e+00 -1.18779e+00  2.32425e+00  6.24405e-01  6.92229e+00
  223 -1.45577e-02 -2.51638e+00 -8.75401e-01 -1.95031e+00  3.16620e+00 -1.57658e+00  2.28501e+00 -1.99270e+00  3.03638e+00 -1.51749e+00  2.36196e+00 -1.93953e+00  6.99774e+00
  224 -8.59507e-01 -2.33309e+00 -4.67528e-01  2.11223e+00  3.09103e+00 -1.92377e+00  2.34004e+00  1.78863e+00  3.03798e+00 -1.85832e+00  2.39616e+00  1.76617e+00  7.05428e+00
  225 -1.64332e+00 -1.71864e+00  1.56718e+00 -1.68869e+00  2.82712e+00 -2.33379e+00  2.65388e+00 -8.22701e-01  3.03579e+00 -2.20689e+00  2.40563e+00 -8.21332e-01  7.10144e+00
  226 -2.20377e+00 -9.29484e-01 -2.09608e+00  7.58880e-01  2.86026e+00 -2.74246e+00  2.48472e+00  2.79423e+00  3.02373e+00 -2.55318e+00  2.38305e+00  2.87322e+00  7.01509e+00
  227 -2.50220e+00 -2.02593e-01  1.93105e+00  4.61048e-01  3.15103e+00 -3.06080e+00  1.97075e+00  2.34368e-01  2.99361e+00 -2.89785e+00  2.35199e+00  2.95663e-01  6.91379e+00
  228 -2.54943e+00  4.82147e-01 -1.12615e+00 -1.62730e+00  3.36602e+00  2.95468e+00  1.95815e+00 -2.17616e+00  2.97262e+00  3.04667e+00  2.32558e+00 -2.27347e+00  6.92013e+00
  229 -2.27534e+00  1.21376e+00 -7.98964e-03  2.31020e+00  3.32519e+00  2.65155e+00  2.66854e+00  1.57425e+00  2.92814e+00  2.71194e+00  2.30961e+00  1.44276e+00  6.92869e+00
  230 -1.72448e+00  1.90093e+00  1.10026e+00 -2.17736e+00  3.29368e+00  2.30756e+00  2.97574e+00 -1.10290e+00  2.90033e+00  2.36642e+00  2.29760e+00 -1.13008e+00  6.85102e+00
  231 -1.08767e+00  2.38830e+00 -1.83007e+00  1.27175e+00  3.44351e+00  1.99815e+00  2.48324e+00  2.53429e+00  2.91744e+00  2.02376e+00  2.29520e+00  2.59122e+00  6.86980e+00
  232 -4.61484e-01  2.60230e+00  1.95835e+00  8.13665e-02  3.49248e+00  1.74631e+00  1.92087e+00  4.15247e-02  2.93210e+00  1.67359e+00  2.34763e+00  2.43896e-02  7.00325e+00
  233  2.29687e-01  2.50800e+00 -1.50359e+00 -1.41945e+00  3.17140e+00  1.47947e+00  2.13780e+00 -2.38497e+00  2.93830e+00  1.30396e+00  2.39188e+00 -2.56491e+00  7.10856e+00
  234  9.98055e-01  2.12515e+00  7.04554e-01  2.23896e+00  2.75620e+00  1.13173e+00  2.75468e+00  1.26593e+00  2.93233e+00  9.29526e-01  2.36582e+00  1.12656e+00  7.01640e+00
  235  1.70593e+00  1.54589e+00  2.54592e-01 -2.28317e+00  2.64999e+00  7.36222e-01  2.63883e+00 -1.45975e+00  2.93582e+00  5.69056e-01  2.32376e+00 -1.44916e+00  6.90691e+00
  236  2.17403e+00  8.30821e-01 -1.24253e+00  1.66782e+00  2.70834e+00  3.65030e-01  2.16275e+00  2.21109e+00  2.93624e+00  2.24259e-01  2.30242e+00  2.26710e+00  6.83672e+00
  237  2.28806e+00 -1.27630e-02  1.98491e+00 -6.39153e-01  2.61769e+00 -5.57803e-03  2.17419e+00 -3.11522e-01  2.92992e+00 -1.13465e-01  2.29614e+00 -2.98688e-01  6.81941e+00
  238  2.06473e+00 -9.17933e-01 -2.16929e+00 -5.51640e-01  2.55286e+00 -4.18335e-01  2.50507e+00 -2.89258e+00  2.91848e+00 -4.53780e-01  2.30603e+00 -2.86603e+00  6.84066e+00
  239  1.59841e+00 -1.72955e+00  1.65037e+00  1.56169e+00  2.77312e+00 -8.24784e-01  2.58131e+00  7.57797e-01  2.93324e+00 -7.96532e-01  2.31141e+00  8.48944e-01  6.89775e+00
  240  9.50287e-01 -2.28938e+00 -5.25426e-01 -2.06149e+00  3.07215e+00 -1.17735e+00  2.26290e+00 -1.82036e+00  2.95902e+00 -1.13801e+00  2.34266e+00 -1.72158e+00  6.98311e+00
  241  1.18439e-01 -2.46946e+00 -8.08942e-01  1.95133e+00  3.05612e+00 -1.52287e+00  2.23103e+00  1.96379e+00  2.97393e+00 -1.48565e+00  2.36615e+00  1.97890e+00  7.01922e+00
  242 -7.80599e-01 -2.22191e+00  1.80297e+00 -1.28732e+00  2.77311e+00 -1.90865e+00  2.45394e+00 -6.20059e-01  2.96411e+00 -1.83507e+00  2.36503e+00 -6.11450e-01  7.01488e+00
  243 -1.54464e+00 -1.72637e+00 -2.13832e+00  2.08029e-01  2.68313e+00 -2.30069e+00  2.30784e+00  3.04461e+00  2.96932e+00 -2.17539e+00  2.32461e+00  3.08932e+00  6.89484e+00
  244 -2.12222e+00 -1.17863e+00  1.72430e+00  9.84785e-01  2.94650e+00 -2.63463e+00  1.97151e+00  5.18915e-01  2.95173e+00 -2.50505e+00  2.29981e+00  5.22281e-01  6.82272e+00
  245 -2.47439e+00 -5.23931e-01 -7.25515e-01 -1.92526e+00  3.19856e+00 -2.93293e+00  2.11649e+00 -1.93118e+00  2.93517e+00 -2.83628e+00  2.29510e+00 -2.04018e+00  6.87727e+00
  246 -2.49336e+00  3.21748e-01 -4.59942e-01  2.28813e+00  3.16017e+00  3.01326e+00  2.72355e+00  1.76916e+00  2.94659e+00  3.11704e+00  2.30291e+00  1.68288e+00  6.94308e+00
  247 -2.21116e+00  1.19459e+00  1.46053e+00 -1.89766e+00  3.15813e+00  2.64626e+00  2.86712e+00 -9.14839e-01  2.94353e+00  2.78139e+00  2.31567e+00 -8.85100e-01  6.94032e+00
  248 -1.79403e+00  1.87488e+00 -1.98043e+00  8.53777e-01  3.36685e+00  2.33416e+00  2.32553e+00  2.73456e+00  2.95609e+00  2.43811e+00  2.33338e+00  2.83056e+00  6.96854e+00
  249 -1.31793e+00  2.29254e+00  1.82821e+00  5.26357e-01  3.49635e+00  2.09254e+00  1.80969e+00  2.80327e-01  2.95582e+00  2.08269e+00  2.37343e+00  2.53417e-01  7.03628e+00
  250 -6.77240e-01  2.44720e+00 -1.11438e+00 -1.76801e+00  3.22373e+00  1.84078e+00  2.18386e+00 -2.13320e+00  2.95831e+00  1.71508e+00  2.37839e+00 -2.33674e+00  7.01129e+00
  251  1.52974e-01  2.38396e+00  1.51359e-01  2.35499e+00  2.85334e+00  1.50672e+00  2.78445e+00  1.50661e+00  2.94266e+00  1.35907e+00  2.33145e+00  1.36487e+00  6.91423e+00
  252  9.93598e-01  2.16161e+00  8.28638e-01 -2.10617e+00  2.82990e+00  1.13994e+00  2.56130e+00 -1.19596e+00  2.90218e+00  1.01537e+00  2.27793e+00 -1.19833e+00  6.81035e+00
  253  1.64051e+00  1.76258e+00 -1.63633e+00  1.23094e+00  2.89897e+00  8.21254e-01  2.09639e+00  2.49665e+00  2.88370e+00  6.77328e-01  2.26292e+00  2.52799e+00  6.75570e+00
  254  2.01509e+00  1.11554e+00  2.04145e+00 -3.95951e-02  2.65250e+00  5.05597e-01  2.08454e+00 -1.93931e-02  2.89218e+00  3.40312e-01  2.27738e+00 -3.30714e-02  6.80237e+00
  255  2.14160e+00  2.26850e-01 -1.89936e+00 -1.12678e+00  2.31895e+00  1.05532e-01  2.43859e+00 -2.60616e+00  2.90064e+00  2.40466e-04  2.30094e+00 -2.60276e+00  6.84671e+00
  256  2.06970e+00 -7.37786e-01  1.20058e+00  1.90385e+00  2.41400e+00 -3.42427e-01  2.53302e+00  1.00818e+00  2.89490e+00 -3.45796e-01  2.31052e+00  1.10708e+00  6.81831e+00
  257  1.77275e+00 -1.56097e+00 -5.59551e-02 -2.08212e+00  2.78964e+00 -7.21956e-01  2.16918e+00 -1.59766e+00  2.89958e+00 -6.95646e-01  2.31929e+00 -1.46855e+00  6.82242e+00
  258  1.15592e+00 -2.11229e+00 -1.18360e+00  1.68170e+00  2.89895e+00 -1.07008e+00  2.11451e+00  2.18407e+00  2.89712e+00 -1.04652e+00  2.31673e+00  2.23440e+00  6.84077e+00
  259  3.14795e-01 -2.33940e+00  2.01405e+00 -7.83721e-01  2.78595e+00 -1.43704e+00  2.33532e+00 -3.71097e-01  2.88276e+00 -1.39139e+00  2.29273e+00 -3.48253e-01  6.78313e+00
  260 -5.31203e-01 -2.29642e+00 -2.11519e+00 -4.06323e-01  2.77787e+00 -1.79812e+00  2.31957e+00 -2.95181e+00  2.87786e+00 -1.72350e+00  2.24973e+00 -2.91932e+00  6.69379e+00
  261 -1.30014e+00 -2.05807e+00  1.42726e+00  1.48932e+00  2.96301e+00 -2.13422e+00  2.12758e+00  8.06673e-01  2.86760e+00 -2.04605e+00  2.24188e+00  8.03937e-01  6.69989e+00
  262 -1.93859e+00 -1.53903e+00 -2.33058e-01 -2.11763e+00  3.06336e+00 -2.47059e+00  2.26935e+00 -1.68041e+00  2.86722e+00 -2.37716e+00  2.26375e+00 -1.76129e+00  6.74712e+00
  263 -2.34435e+00 -7.02690e-01 -9.70159e-01  2.12530e+00  2.99489e+00 -2.85038e+00  2.72905e+00  1.99903e+00  2.89101e+00 -2.71767e+00  2.28810e+00  1.95270e+00  6.83196e+00
  264 -2.45265e+00  2.33779e-01  1.80259e+00 -1.48471e+00  3.03507e+00  3.04656e+00  2.72684e+00 -6.89000e-01  2.91399e+00 -3.06560e+00  2.32229e+00 -6.25543e-01  6.93998e+00
  265 -2.33176e+00  1.02110e+00 -2.04603e+00  3.39148e-01  3.23988e+00  2.72884e+00  2.15062e+00  2.97733e+00  2.94288e+00  2.86872e+00  2.33549e+00  3.07800e+00  6.96360e+00
  266 -2.05878e+00  1.61138e+00  1.60049e+00  9.97183e-01  3.41757e+00  2.47750e+00  1.77798e+00  5.57194e-01  2.92103e+00  2.52008e+00  2.33307e+00  4.98560e-01  6.89914e+00
  267 -1.55472e+00  2.04595e+00 -6.59027e-01 -2.05554e+00  3.30153e+00  2.22060e+00  2.32978e+00 -1.88105e+00  2.88627e+00  2.16227e+00  2.31487e+00 -2.08207e+00  6.78643e+00
  268 -7.97813e-01  2.33909e+00 -4.19829e-01  2.35318e+00  3.05393e+00  1.89950e+00  2.85686e+00  1.74735e+00  2.91034e+00  1.81246e+00  2.29599e+00  1.62574e+00  6.74306e+00
  269  2.70708e-02  2.47551e+00  1.35230e+00 -1.80053e+00  3.06443e+00  1.55986e+00  2.53532e+00 -9.26620e-01  2.91343e+00  1.47836e+00  2.27247e+00 -9.33479e-01  6.75263e+00
  270  7.38447e-01  2.39870e+00 -1.89645e+00  6.77016e-01  3.14953e+00  1.27215e+00  2.02744e+00  2.79870e+00  2.90886e+00  1.14124e+00  2.28811e+00  2.79487e+00  6.78016e+00
  271  1.30962e+00  2.02071e+00  1.90835e+00  6.34180e-01  2.89919e+00  9.95757e-01  2.02200e+00  3.20837e-01  2.93117e+00  7.90940e-01  2.33894e+00  2.27040e-01  6.88816e+00
  272  1.77100e+00  1.31697e+00 -1.43865e+00 -1.70448e+00  2.43542e+00  6.39413e-01  2.48748e+00 -2.27182e+00  2.97052e+00  4.34302e-01  2.36655e+00 -2.35271e+00  6.95964e+00
  273  2.10984e+00  4.19753e-01  5.99396e-01  2.18681e+00  2.31380e+00  1.96386e-01  2.57071e+00  1.30327e+00  2.99242e+00  8.40126e-02  2.36616e+00  1.35391e+00  6.96130e+00
  274  2.21721e+00 -4.89264e-01  5.04990e-01 -2.01176e+00  2.57770e+00 -2.17186e-01  2.15109e+00 -1.32486e+00  2.99021e+00 -2.63197e-01  2.35838e+00 -1.22078e+00  6.93411e+00
  275  1.94573e+00 -1.29896e+00 -1.57691e+00  1.31745e+00  2.73659e+00 -5.88645e-01  2.11116e+00  2.44560e+00  2.97169e+00 -6.09321e-01  2.34650e+00  2.48918e+00  6.92615e+00
  276  1.33535e+00 -1.93265e+00  2.17439e+00 -2.43956e-01  2.75914e+00 -9.66176e-01  2.39375e+00 -1.11727e-01  2.96162e+00 -9.51985e-01  2.32739e+00 -8.35212e-02  6.88830e+00
  277  5.59328e-01 -2.34239e+00 -2.01755e+00 -9.45562e-01  2.89981e+00 -1.33640e+00  2.48230e+00 -2.70332e+00  2.98920e+00 -1.28417e+00  2.30682e+00 -2.64928e+00  6.84794e+00
  278 -2.67734e-01 -2.48844e+00  1.10209e+00  1.83007e+00  3.13201e+00 -1.67797e+00  2.28187e+00  1.02875e+00  3.00958e+00 -1.60993e+00  2.33430e+00  1.07281e+00  6.90817e+00
  279 -1.08436e+00 -2.24092e+00  2.16244e-01 -2.14453e+00  3.09878e+00 -2.02148e+00  2.32288e+00 -1.47030e+00  3.00921e+00 -1.94738e+00  2.37022e+00 -1.50090e+00  6.97094e+00
  280 -1.81113e+00 -1.57094e+00 -1.38213e+00  1.85859e+00  2.87403e+00 -2.42709e+00  2.68231e+00  2.21022e+00  3.00944e+00 -2.29464e+00  2.38366e+00  2.19868e+00  7.03770e+00
  281 -2.30204e+00 -7.21630e-01  2.03116e+00 -1.02599e+00  2.91008e+00 -2.83782e+00  2.58914e+00 -4.67738e-01  2.99538e+00 -2.64394e+00  2.37607e+00 -3.90425e-01  7.01187e+00
  282 -2.51880e+00  4.97860e-02 -2.01369e+00 -1.71498e-01  3.17342e+00  3.12183e+00  2.04219e+00 -3.05663e+00  2.97523e+00 -2.99379e+00  2.35091e+00 -2.97219e+00  6.93130e+00
  283 -2.49880e+00  7.27527e-01  1.32830e+00  1.40868e+00  3.38664e+00  2.85827e+00  1.87438e+00  8.14759e-01  2.95672e+00  2.94762e+00  2.32394e+00  7.38027e-01  6.89727e+00
  284 -2.18162e+00  1.39877e+00 -2.40071e-01 -2.24373e+00  3.35801e+00  2.57146e+00  2.54599e+00 -1.67739e+00  2.90461e+00  2.60820e+00  2.30359e+00 -1.83200e+00  6.87730e+00
  285 -1.58267e+00  2.01292e+00 -8.77277e-01  2.27797e+00  3.27833e+00  2.23710e+00  2.97939e+00  1.93840e+00  2.88514e+00  2.25932e+00  2.29209e+00  1.87657e+00  6.80516e+00
  286 -8.87348e-01  2.44327e+00  1.70283e+00 -1.49424e+00  3.37848e+00  1.91916e+00  2.56619e+00 -7.20247e-01  2.90583e+00  1.91797e+00  2.28127e+00 -6.85679e-01  6.81725e+00
  287 -2.25285e-01  2.61422e+00 -1.97936e+00  1.99167e-01  3.44244e+00  1.65676e+00  1.97876e+00  3.04131e+00  2.91711e+00  1.57274e+00  2.32376e+00  3.03592e+00  6.92564e+00
  288  4.49688e-01  2.47501e+00  1.66464e+00  1.16620e+00  3.16395e+00  1.39107e+00  2.06552e+00  6.11109e-01  2.92770e+00  1.20680e+00  2.38100e+00  4.52360e-01  7.06000e+00
  289  1.16293e+00  2.02398e+00 -9.53912e-01 -2.10684e+00  2.72444e+00  1.04928e+00  2.67435e+00 -1.99595e+00  2.94212e+00  8.31457e-01  2.37825e+00 -2.13971e+00  7.02142e+00
  290  1.81095e+00  1.35800e+00  2.68647e-02  2.31411e+00  2.56185e+00  6.43428e-01  2.67791e+00  1.55919e+00  2.96653e+00  4.69342e-01  2.34932e+00  1.56453e+00  6.95257e+00
  291  2.22952e+00  5.74615e-01  1.00241e+00 -1.84023e+00  2.65047e+00  2.52241e-01  2.19564e+00 -1.07201e+00  2.97410e+00  1.22941e-01  2.33054e+00 -1.00542e+00  6.89923e+00
  292  2.28299e+00 -2.88164e-01 -1.86750e+00  9.07629e-01  2.64753e+00 -1.25558e-01  2.15567e+00  2.68920e+00  2.96456e+00 -2.16700e-01  2.32104e+00  2.70995e+00  6.87532e+00
  293  1.97872e+00 -1.15803e+00  2.20973e+00  2.64216e-01  2.62819e+00 -5.29498e-01  2.47635e+00  1.19005e-01  2.95047e+00 -5.58000e-01  2.32334e+00  1.42194e-01  6.88678e+00
  294  1.42635e+00 -1.90168e+00 -1.82691e+00 -1.35845e+00  2.82542e+00 -9.27265e-01  2.59150e+00 -2.50221e+00  2.97040e+00 -8.98786e-01  2.32203e+00 -2.42509e+00  6.93652e+00
  295  7.15233e-01 -2.38943e+00  7.75326e-01  2.00515e+00  3.11047e+00 -1.27995e+00  2.31088e+00  1.20184e+00  2.99914e+00 -1.23594e+00  2.35502e+00  1.29070e+00  7.02581e+00
  296 -1.30859e-01 -2.48862e+00  5.72319e-01 -2.04341e+00  3.10517e+00 -1.62333e+00  2.25153e+00 -1.29771e+00  3.01440e+00 -1.58054e+00  2.38729e+00 -1.28982e+00  7.07011e+00
  297 -1.01578e+00 -2.13979e+00 -1.65508e+00  1.51050e+00  2.80526e+00 -2.01401e+00  2.51044e+00  2.40184e+00  3.00695e+00 -1.93015e+00  2.39524e+00  2.40351e+00  7.09236e+00
  298 -1.74756e+00 -1.53693e+00  2.12543e+00 -5.13616e-01  2.70805e+00 -2.42023e+00  2.39063e+00 -2.37107e-01  3.01341e+00 -2.27305e+00  2.36126e+00 -1.83054e-01  6.97687e+00
  299 -2.26106e+00 -9.15491e-01 -1.86729e+00 -6.93331e-01  2.97526e+00 -2.75687e+00  1.98374e+00 -2.78607e+00  2.99169e+00 -2.60694e+00  2.33082e+00 -2.75419e+00  6.87077e+00
  300 -2.53809e+00 -2.52506e-01  9.78368e-01  1.75394e+00  3.25283e+00 -3.04243e+00  2.01675e+00  1.06198e+00  2.96803e+00 -2.94065e+00  2.31630e+00  9.64699e-01  6.91062e+00
  301 -2.48145e+00  5.55825e-01  1.88398e-01 -2.29831e+00  3.23326e+00  2.92124e+00  2.65885e+00 -1.48901e+00  2.96241e+00  3.01324e+00  2.31224e+00 -1.59618e+00  6.97450e+00
  302 -2.11814e+00  1.39009e+00 -1.25627e+00  2.07195e+00  3.20944e+00  2.56082e+00  2.93559e+00  2.11585e+00  2.93853e+00  2.67724e+00  2.31371e+00  2.11868e+00  6.93265e+00
  303 -1.62466e+00  2.03944e+00  1.91019e+00 -1.12597e+00  3.39941e+00  2.24347e+00  2.45831e+00 -5.32631e-01  2.94619e+00  2.33401e+00  2.32116e+00 -4.46657e-01  6.94290e+00
  304 -1.09826e+00  2.41893e+00 -1.91944e+00 -2.36745e-01  3.52868e+00  1.99699e+00  1.87015e+00 -3.01887e+00  2.95657e+00  1.98078e+00  2.36904e+00 -3.01904e+00  7.04884e+00
  305 -4.45799e-01  2.51384e+00  1.33288e+00  1.55603e+00  3.25906e+00  1.74631e+00  2.09890e+00  8.62486e-01  2.96226e+00  1.61210e+00  2.39309e+00  6.73437e-01  7.09196e+00
  306  3.71570e-01  2.35941e+00 -4.35667e-01 -2.30572e+00  2.85243e+00  1.41459e+00  2.75308e+00 -1.75754e+00  2.94046e+00  1.24810e+00  2.34976e+00 -1.91394e+00  6.98417e+00
  307  1.19579e+00  2.02870e+00 -5.43826e-01  2.23376e+00  2.77276e+00  1.03818e+00  2.64272e+00  1.80961e+00  2.90213e+00  8.96061e-01  2.29003e+00  1.80016e+00  6.84917e+00
  308  1.82207e+00  1.53480e+00  1.44179e+00 -1.49398e+00  2.83777e+00  7.00028e-01  2.15537e+00 -8.03173e-01  2.88419e+00  5.54532e-01  2.26556e+00 -7.59959e-01  6.76423e+00
  309  2.14707e+00  8.28359e-01 -2.01542e+00  3.73258e-01  2.64805e+00  3.68213e-01  2.10061e+00  2.95847e+00  2.88561e+00  2.18194e-01  2.26761e+00  2.96162e+00  6.77662e+00
  310  2.18215e+00 -7.65255e-02  2.04622e+00  8.22287e-01  2.38381e+00 -3.50545e-02  2.43158e+00  3.82107e-01  2.88680e+00 -1.19866e-01  2.28795e+00  3.94185e-01  6.81106e+00
  311  1.98980e+00 -1.02168e+00 -1.46172e+00 -1.73251e+00  2.50157e+00 -4.74357e-01  2.56910e+00 -2.27162e+00  2.88369e+00 -4.65114e-01  2.29984e+00 -2.17760e+00  6.81070e+00
  312  1.58512e+00 -1.79639e+00  3.52711e-01  2.08411e+00  2.86980e+00 -8.47794e-01  2.23395e+00  1.40315e+00  2.89662e+00 -8.13150e-01  2.31628e+00  1.53177e+00  6.84606e+00
  313  9.01218e-01 -2.26454e+00  9.38784e-01 -1.83734e+00  2.97017e+00 -1.19204e+00  2.12858e+00 -1.09843e+00  2.90440e+00 -1.16394e+00  2.32343e+00 -1.04961e+00  6.87739e+00
  314  2.48251e-02 -2.36686e+00 -1.88833e+00  1.05844e+00  2.80133e+00 -1.56031e+00  2.34304e+00  2.63071e+00  2.89096e+00 -1.51140e+00  2.30883e+00  2.64726e+00  6.84121e+00
  315 -8.19062e-01 -2.18156e+00  2.14730e+00  8.62236e-02  2.71504e+00 -1.92996e+00  2.30917e+00  4.01328e-02  2.88236e+00 -1.84819e+00  2.26380e+00  7.04853e-02  6.74392e+00
  316 -1.54871e+00 -1.84097e+00 -1.61984e+00 -1.23775e+00  2.89383e+00 -2.27019e+00  2.07796e+00 -2.48912e+00  2.87008e+00 -2.17292e+00  2.24304e+00 -2.49188e+00  6.71383e+00
  317 -2.12191e+00 -1.28938e+00  5.19012e-01  2.02429e+00  3.08249e+00 -2.59557e+00  2.18356e+00  1.31981e+00  2.86315e+00 -2.50179e+00  2.25580e+00  1.22836e+00  6.75593e+00
  318 -2.42715e+00 -4.55479e-01  6.95856e-01 -2.21129e+00  3.04927e+00 -2.95609e+00  2.68701e+00 -1.26592e+00  2.88997e+00 -2.83800e+00  2.27759e+00 -1.33577e+00  6.83170e+00
  319 -2.42299e+00  4.80596e-01 -1.63068e+00  1.71187e+00  3.05092e+00  2.94579e+00  2.79481e+00  2.33191e+00  2.91811e+00  3.10342e+00  2.31316e+00  2.37533e+00  6.92830e+00
  320 -2.20876e+00  1.26522e+00  2.03062e+00 -6.37036e-01  3.23971e+00  2.62140e+00  2.26462e+00 -3.03991e-01  2.94771e+00  2.75783e+00  2.33418e+00 -2.00161e-01  6.96930e+00
  321 -1.87709e+00  1.82552e+00 -1.74367e+00 -7.14307e-01  3.42800e+00  2.37012e+00  1.77530e+00 -2.75279e+00  2.93330e+00  2.40740e+00  2.34765e+00 -2.77919e+00  6.94361e+00
  322 -1.34695e+00  2.18501e+00  9.06003e-01  1.88507e+00  3.29428e+00  2.12322e+00  2.18717e+00  1.12277e+00  2.90979e+00  2.04547e+00  2.33597e+00  9.19761e-01  6.84187e+00
  323 -5.71836e-01  2.37428e+00  1.38320e-01 -2.36211e+00  2.98210e+00  1.80714e+00  2.79935e+00 -1.51231e+00  2.92781e+00  1.69412e+00  2.30944e+00 -1.65756e+00  6.78144e+00
  324  2.78692e-01  2.41304e+00 -1.11292e+00  1.97944e+00  2.95021e+00  1.45581e+00  2.57838e+00  2.08299e+00  2.91658e+00  1.35909e+00  2.27534e+00  2.06522e+00  6.76492e+00
  325  1.00015e+00  2.26074e+00  1.78923e+00 -9.75145e-01  3.05561e+00  1.15428e+00  2.07612e+00 -4.99003e-01  2.90445e+00  1.02375e+00  2.27645e+00 -4.88654e-01  6.76090e+00
  326  1.53134e+00  1.82669e+00 -1.97912e+00 -2.96348e-01  2.84090e+00  8.73125e-01  2.00237e+00 -2.99296e+00  2.92198e+00  6.80272e-01  2.31448e+00 -3.05131e+00  6.84487e+00
  327  1.90086e+00  1.07706e+00  1.65538e+00  1.43734e+00  2.38666e+00  5.15514e-01  2.40312e+00  7.15014e-01  2.95286e+00  3.31147e-01  2.34533e+00  6.57082e-01  6.92770e+00
  328  2.12695e+00  1.41968e-01 -8.94356e-01 -2.07834e+00  2.27205e+00  6.66481e-02  2.55969e+00 -1.97717e+00  2.96246e+00 -1.65485e-02  2.34896e+00 -1.91854e+00  6.91687e+00
  329  2.13657e+00 -7.73562e-01 -2.05326e-01  2.07587e+00  2.58166e+00 -3.47376e-01  2.17571e+00  1.66939e+00  2.95763e+00 -3.64797e-01  2.34627e+00  1.78917e+00  6.88519e+00
  330  1.78592e+00 -1.53693e+00  1.35678e+00 -1.52146e+00  2.77582e+00 -7.10605e-01  2.07786e+00 -8.42551e-01  2.94293e+00 -7.13275e-01  2.33527e+00 -7.86167e-01  6.88422e+00
  331  1.10826e+00 -2.07705e+00 -2.09565e+00  5.31459e-01  2.77119e+00 -1.08065e+00  2.33710e+00  2.89323e+00  2.92977e+00 -1.05672e+00  2.31341e+00  2.92138e+00  6.83708e+00
  332  2.96224e-01 -2.37209e+00  2.10142e+00  6.71031e-01  2.85728e+00 -1.44656e+00  2.43313e+00  3.09088e-01  2.94735e+00 -1.38836e+00  2.28347e+00  3.53889e-01  6.76614e+00
  333 -5.31313e-01 -2.42099e+00 -1.31752e+00 -1.66816e+00  3.07175e+00 -1.78683e+00  2.25931e+00 -2.23929e+00  2.95964e+00 -1.71127e+00  2.29576e+00 -2.20543e+00  6.80336e+00
  334 -1.31190e+00 -2.11254e+00  4.79565e-02  2.13926e+00  3.09196e+00 -2.12652e+00  2.28936e+00  1.54838e+00  2.95819e+00 -2.04507e+00  2.33034e+00  1.50808e+00  6.86718e+00
  335 -1.96853e+00 -1.40095e+00  1.16749e+00 -2.00065e+00  2.91888e+00 -2.52308e+00  2.68282e+00 -1.04255e+00  2.96418e+00 -2.39031e+00  2.34740e+00 -1.07073e+00  6.94306e+00
  336 -2.37523e+00 -5.06480e-01 -1.93058e+00  1.27706e+00  2.94913e+00 -2.93151e+00  2.67901e+00  2.55718e+00  2.95687e+00 -2.74110e+00  2.35732e+00  2.62559e+00  6.98412e+00
  337 -2.50451e+00  3.00693e-01  2.06144e+00 -1.19527e-01  3.18150e+00  3.02210e+00  2.13190e+00 -5.79176e-02  2.95415e+00 -3.09408e+00  2.34524e+00  4.14246e-02  6.94750e+00
  338 -2.41727e+00  9.70437e-01 -1.50767e+00 -1.16616e+00  3.39247e+00  2.75983e+00  1.81650e+00 -2.48323e+00  2.94036e+00  2.84470e+00  2.32319e+00 -2.53492e+00  6.88661e+00
  339 -2.06213e+00  1.57845e+00  4.83762e-01  2.13745e+00  3.37194e+00  2.48828e+00  2.40137e+00  1.34822e+00  2.88608e+00  2.49997e+00  2.30069e+00  1.17485e+00  6.82803e+00
  340 -1.42400e+00  2.10843e+00  6.38810e-01 -2.34179e+00  3.23663e+00  2.16481e+00  2.94604e+00 -1.30449e+00  2.87905e+00  2.14854e+00  2.28999e+00 -1.40091e+00  6.76342e+00
  341 -6.76294e-01  2.47044e+00 -1.54174e+00  1.69496e+00  3.28024e+00  1.83800e+00  2.62493e+00  2.30889e+00  2.90251e+00  1.80885e+00  2.27390e+00  2.31932e+00  6.77536e+00
  342  1.97108e-02  2.59291e+00  1.96054e+00 -4.78945e-01  3.36178e+00  1.56319e+00  2.03656e+00 -2.39599e-01  2.90827e+00  1.46814e+00  2.30304e+00 -2.38303e-01  6.85068e+00
  343  6.74540e-01  2.41033e+00 -1.79602e+00 -8.88740e-01  3.13235e+00  1.29792e+00  2.00777e+00 -2.68208e+00  2.92249e+00  1.10798e+00  2.36438e+00 -2.81470e+00  6.98694e+00
  344  1.32190e+00  1.89976e+00  1.18835e+00  1.93060e+00  2.67825e+00  9.62877e-01  2.56970e+00  1.01903e+00  2.95306e+00  7.36132e-01  2.38297e+00  8.79196e-01  7.00774e+00
  345  1.89559e+00  1.15819e+00 -3.07209e-01 -2.29736e+00  2.46732e+00  5.48461e-01  2.68611e+00 -1.70373e+00  2.99047e+00  3.75442e-01  2.36764e+00 -1.70095e+00  6.98112e+00
  346  2.25383e+00  3.17434e-01 -7.43991e-01  1.97279e+00  2.59025e+00  1.39922e-01  2.22272e+00  1.93143e+00  3.00122e+00  2.82964e-02  2.35322e+00  2.00994e+00  6.94789e+00
  347  2.24451e+00 -5.52574e-01  1.71252e+00 -1.14979e+00  2.67158e+00 -2.41389e-01  2.12738e+00 -5.91274e-01  2.98911e+00 -3.13504e-01  2.34181e+00 -5.59848e-01  6.92496e+00
  348  1.86424e+00 -1.37569e+00 -2.20531e+00  1.99059e-02  2.68396e+00 -6.35735e-01  2.43188e+00  3.13257e+00  2.97335e+00 -6.55781e-01  2.33692e+00 -3.12876e+00  6.92337e+00
  349  1.23879e+00 -2.04209e+00  1.96782e+00  1.13367e+00  2.85236e+00 -1.02552e+00  2.57876e+00  5.22666e-01  2.99655e+00 -9.94694e-01  2.32800e+00  5.87370e-01  6.94523e+00
  350  4.78561e-01 -2.45376e+00 -1.00883e+00 -1.91550e+00  3.12499e+00 -1.37818e+00  2.34344e+00 -2.05555e+00  3.02723e+00 -1.32763e+00  2.35830e+00 -1.97713e+00  7.02569e+00
  351 -3.70283e-01 -2.47831e+00 -3.31080e-01  2.10218e+00  3.13958e+00 -1.71911e+00  2.26439e+00  1.72701e+00  3.03983e+00 -1.66869e+00  2.39708e+00  1.72856e+00  7.07891e+00
  352 -1.22844e+00 -2.04481e+00  1.48874e+00 -1.70314e+00  2.84516e+00 -2.11177e+00  2.55852e+00 -8.52471e-01  3.03328e+00 -2.01761e+00  2.41056e+00 -8.59323e-01  7.12359e+00
  353 -1.91986e+00 -1.35067e+00 -2.08358e+00  8.00268e-01  2.75509e+00 -2.52850e+00  2.49087e+00  2.77488e+00  3.03565e+00 -2.36273e+00  2.38526e+00  2.83457e+00  7.03175e+00
  354 -2.36540e+00 -6.60400e-01  1.97654e+00  3.96934e-01  3.01561e+00 -2.86933e+00  2.03214e+00  1.98186e-01  3.00827e+00 -2.70189e+00  2.35154e+00  2.58666e-01  6.90720e+00
  355 -2.56814e+00  1.24175e-02 -1.20609e+00 -1.55098e+00  3.29774e+00  3.13676e+00  1.93010e+00 -2.23175e+00  2.98249e+00 -3.03909e+00  2.32900e+00 -2.30865e+00  6.91663e+00
  356 -2.44826e+00  7.77857e-01  7.47178e-02  2.26444e+00  3.29951e+00  2.83396e+00  2.56664e+00  1.53781e+00  2.96073e+00  2.91330e+00  2.31516e+00  1.41148e+00  6.97297e+00
  357 -2.01778e+00  1.56110e+00  1.03899e+00 -2.20760e+00  3.25422e+00  2.48311e+00  2.97649e+00 -1.13091e+00  2.92266e+00  2.57460e+00  2.30916e+00 -1.15855e+00  6.90982e+00
  358 -1.45353e+00  2.17026e+00 -1.80803e+00  1.37361e+00  3.41140e+00  2.16093e+00  2.57789e+00  2.49189e+00  2.92916e+00  2.23087e+00  2.30542e+00  2.55975e+00  6.90128e+00
  359 -8.77382e-01  2.51111e+00  1.97304e+00 -4.88773e-02  3.53774e+00  1.90694e+00  1.94764e+00 -2.47675e-02  2.94517e+00  1.88115e+00  2.35236e+00 -7.27542e-03  7.01818e+00
  360 -2.17540e-01  2.55500e+00 -1.52211e+00 -1.32188e+00  3.28768e+00  1.65573e+00  2.03209e+00 -2.42648e+00  2.95327e+00  1.51338e+00  2.39525e+00 -2.59572e+00  7.12288e+00
  361  5.75133e-01  2.32042e+00  7.03909e-01  2.21395e+00  2.85757e+00  1.32784e+00  2.69852e+00  1.26296e+00  2.93564e+00  1.14235e+00  2.36603e+00  1.09544e+00  7.03249e+00
  362  1.36757e+00  1.88638e+00  2.56131e-01 -2.31527e+00  2.71434e+00  9.43505e-01  2.71304e+00 -1.46062e+00  2.91226e+00  7.82267e-01  2.30925e+00 -1.47985e+00  6.89164e+00
  363  1.96404e+00  1.29930e+00 -1.21704e+00  1.71693e+00  2.77282e+00  5.84446e-01  2.21451e+00  2.18744e+00  2.90227e+00  4.36866e-01  2.28082e+00  2.23918e+00  6.79554e+00
  364  2.23900e+00  5.38512e-01  1.93872e+00 -6.82326e-01  2.65156e+00  2.36031e-01  2.11210e+00 -3.38408e-01  2.89975e+00  9.96393e-02  2.27441e+00 -3.24302e-01  6.77976e+00
  365  2.18877e+00 -3.70490e-01 -2.14142e+00 -5.15342e-01  2.46398e+00 -1.67679e-01  2.42563e+00 -2.90543e+00  2.89385e+00 -2.38084e-01  2.28872e+00 -2.89063e+00  6.80265e+00
  366  1.88536e+00 -1.27922e+00  1.68591e+00  1.53407e+00  2.59550e+00 -5.96151e-01  2.59784e+00  7.38278e-01  2.89487e+00 -5.82301e-01  2.29954e+00  8.22460e-01  6.83268e+00
  367  1.38065e+00 -1.99525e+00 -6.32954e-01 -2.04967e+00  2.94361e+00 -9.65482e-01  2.30088e+00 -1.87031e+00  2.91512e+00 -9.27154e-01  2.32091e+00 -1.74867e+00  6.89897e+00
  368  6.41900e-01 -2.38039e+00 -6.89016e-01  1.95737e+00  3.03915e+00 -1.30740e+00  2.15302e+00  1.90926e+00  2.93110e+00 -1.27624e+00  2.33948e+00  1.95337e+00  6.94109e+00
  369 -2.54678e-01 -2.36296e+00  1.74128e+00 -1.30762e+00  2.82423e+00 -1.67816e+00  2.37096e+00 -6.44113e-01  2.92136e+00 -1.62535e+00  2.33672e+00 -6.35055e-01  6.93063e+00
  370 -1.08908e+00 -2.04068e+00 -2.14722e+00  2.33740e-01  2.67524e+00 -2.06103e+00  2.33258e+00  3.03316e+00  2.91683e+00 -1.96652e+00  2.29590e+00  3.06573e+00  6.83198e+00
  371 -1.77272e+00 -1.60044e+00  1.78375e+00  9.55589e-01  2.85198e+00 -2.40722e+00  2.04745e+00  4.91814e-01  2.90711e+00 -2.29435e+00  2.26719e+00  4.99775e-01  6.76365e+00
  372 -2.27691e+00 -1.02057e+00 -7.93745e-01 -1.88412e+00  3.11293e+00 -2.72022e+00  2.08997e+00 -1.96951e+00  2.89107e+00 -2.62293e+00  2.26955e+00 -2.06261e+00  6.80104e+00
  373 -2.48717e+00 -2.01243e-01 -4.10858e-01  2.25627e+00  3.11325e+00 -3.06086e+00  2.62978e+00  1.75092e+00  2.91248e+00 -2.95548e+00  2.28350e+00  1.65966e+00  6.87362e+00
  374 -2.37624e+00  7.20060e-01  1.43102e+00 -1.91402e+00  3.08249e+00  2.84736e+00  2.85563e+00 -9.28801e-01  2.93149e+00  2.99163e+00  2.31127e+00 -9.07937e-01  6.93148e+00
  375 -2.07092e+00  1.49257e+00 -1.98006e+00  9.27713e-01  3.25824e+00  2.51709e+00  2.39065e+00  2.70344e+00  2.95278e+00  2.64881e+00  2.33116e+00  2.80407e+00  6.96584e+00
  376 -1.67978e+00  2.02176e+00  1.85842e+00  4.19700e-01  3.45459e+00  2.26407e+00  1.81494e+00  2.22110e-01  2.94812e+00  2.29773e+00  2.35944e+00  2.27476e-01  6.98984e+00
  377 -1.12453e+00  2.31302e+00 -1.14137e+00 -1.68452e+00  3.30730e+00  2.02332e+00  2.07018e+00 -2.16631e+00  2.93620e+00  1.93279e+00  2.36095e+00 -2.35962e+00  6.93276e+00
  378 -3.39650e-01  2.40169e+00  1.49692e-01  2.33627e+00  2.94173e+00  1.71129e+00  2.74027e+00  1.50681e+00  2.94325e+00  1.57777e+00  2.32763e+00  1.34256e+00  6.85191e+00
  379  5.23728e-01  2.33515e+00  8.45040e-01 -2.13321e+00  2.86361e+00  1.35017e+00  2.63233e+00 -1.19363e+00  2.91570e+00  1.23881e+00  2.28068e+00 -1.22058e+00  6.79576e+00
  380  1.24828e+00  2.09518e+00 -1.63486e+00  1.26200e+00  2.97400e+00  1.03348e+00  2.13271e+00  2.48420e+00  2.89506e+00  9.02871e-01  2.26738e+00  2.50806e+00  6.75568e+00
  381  1.74151e+00  1.59782e+00  2.00397e+00 -5.03255e-02  2.79294e+00  7.42396e-01  2.00922e+00 -2.51076e-02  2.90471e+00  5.63994e-01  2.29002e+00 -5.17274e-02  6.81111e+00
  382  2.02195e+00  8.06886e-01 -1.84522e+00 -1.13865e+00  2.36966e+00  3.79699e-01  2.35068e+00 -2.58871e+00  2.92653e+00  2.21029e-01  2.31971e+00 -2.62215e+00  6.88901e+00
  383  2.12883e+00 -1.51848e-01  1.18252e+00  1.92788e+00  2.27748e+00 -7.12088e-02  2.55753e+00  1.02060e+00  2.92656e+00 -1.24818e-01  2.32746e+00  1.08648e+00  6.86764e+00
  384  2.02878e+00 -1.05934e+00 -1.04345e-01 -2.10382e+00  2.61907e+00 -4.81215e-01  2.21848e+00 -1.62035e+00  2.92257e+00 -4.73801e-01  2.33092e+00 -1.48901e+00  6.83741e+00
  385  1.59487e+00 -1.76600e+00 -1.11168e+00  1.70083e+00  2.83118e+00 -8.36274e-01  2.06433e+00  2.14971e+00  2.91518e+00 -8.24201e-01  2.32385e+00  2.21682e+00  6.84710e+00
  386  8.53407e-01 -2.20274e+00  1.98322e+00 -8.13908e-01  2.79018e+00 -1.20117e+00  2.29780e+00 -3.89438e-01  2.90016e+00 -1.16931e+00  2.30292e+00 -3.62367e-01  6.80175e+00
  387  1.34742e-02 -2.36974e+00 -2.15278e+00 -3.73010e-01  2.80793e+00 -1.56511e+00  2.38679e+00 -2.97003e+00  2.90423e+00 -1.50224e+00  2.26472e+00 -2.93315e+00  6.71298e+00
  388 -8.03126e-01 -2.31070e+00  1.51735e+00  1.46296e+00  2.99217e+00 -1.90530e+00  2.22130e+00  7.67154e-01  2.90585e+00 -1.82427e+00  2.25934e+00  7.90780e-01  6.72086e+00
  389 -1.54076e+00 -1.94399e+00 -3.21479e-01 -2.09178e+00  3.07653e+00 -2.24099e+00  2.23944e+00 -1.72329e+00  2.90254e+00 -2.15449e+00  2.28826e+00 -1.77507e+00  6.77865e+00
  390 -2.11642e+00 -1.20403e+00 -9.23111e-01  2.11267e+00  2.96445e+00 -2.62435e+00  2.65776e+00  1.98274e+00  2.91645e+00 -2.49684e+00  2.30847e+00  1.93455e+00  6.85261e+00
  391 -2.42442e+00 -2.79685e-01  1.79270e+00 -1.51193e+00  2.97803e+00 -3.02674e+00  2.74986e+00 -7.00639e-01  2.92328e+00 -2.84657e+00  2.33429e+00 -6.47440e-01  6.94650e+00
  392 -2.45990e+00  5.52488e-01 -2.07308e+00  4.11231e-01  3.17817e+00  2.92066e+00  2.23338e+00  2.94577e+00  2.94018e+00  3.08360e+00  2.33888e+00  3.05197e+00  6.96106e+00
  393 -2.30471e+00  1.21160e+00  1.66341e+00  9.02310e-01  3.38982e+00  2.65759e+00  1.79055e+00  4.97025e-01  2.93190e+00  2.73734e+00  2.32717e+00  4.73440e-01  6.89696e+00
  394 -1.91443e+00  1.75502e+00 -7.23246e-01 -1.99329e+00  3.37255e+00  2.39961e+00  2.24814e+00 -1.91886e+00  2.88036e+00  2.38712e+00  2.30547e+00 -2.10361e+00  6.80314e+00
  395 -1.24488e+00  2.19181e+00 -3.84864e-01  2.36946e+00  3.17688e+00  2.08733e+00  2.88123e+00  1.73182e+00  2.88491e+00  2.03391e+00  2.29328e+00  1.60294e+00  6.73925e+00
  396 -4.52215e-01  2.47330e+00  1.34634e+00 -1.87462e+00  3.16085e+00  1.75164e+00  2.66341e+00 -9.47963e-01  2.90739e+00  1.69595e+00  2.27315e+00 -9.60587e-01  6.75204e+00
  397  2.74802e-01  2.53866e+00 -1.89963e+00  7.58025e-01  3.26017e+00  1.46297e+00  2.09160e+00  2.76192e+00  2.90676e+00  1.35888e+00  2.28844e+00  2.76750e+00  6.79594e+00
  398  9.07334e-01  2.31041e+00  1.89561e+00  5.87934e-01  3.08062e+00  1.19658e+00  1.96951e+00  3.00747e-01  2.92240e+00  1.00561e+00  2.34504e+00  1.98278e-01  6.91281e+00
  399  1.48064e+00  1.74651e+00 -1.40856e+00 -1.71096e+00  2.62130e+00  8.67599e-01  2.45571e+00 -2.25956e+00  2.96074e+00  6.40544e-01  2.37850e+00 -2.38591e+00  6.98233e+00
  400  1.96585e+00  9.40415e-01  5.88044e-01  2.23308e+00  2.37446e+00  4.46200e-01  2.66621e+00  1.31331e+00  2.99967e+00  2.83431e-01  2.37410e+00  1.31759e+00  6.98592e+00
  401  2.25055e+00  5.39495e-02  4.68215e-01 -2.06694e+00  2.53394e+00  2.39671e-02  2.24572e+00 -1.34803e+00  3.00857e+00 -6.39144e-02  2.36464e+00 -1.25632e+00  6.96486e+00
  402  2.17393e+00 -8.11134e-01 -1.52306e+00  1.36722e+00  2.69195e+00 -3.57121e-01  2.09449e+00  2.41006e+00  2.99473e+00 -4.08064e-01  2.35212e+00  2.45519e+00  6.94607e+00
  403  1.72041e+00 -1.57611e+00  2.15899e+00 -3.00766e-01  2.72196e+00 -7.41652e-01  2.37586e+00 -1.38418e-01  2.97764e+00 -7.51210e-01  2.34131e+00 -1.15491e-01  6.93170e+00
  404  1.03258e+00 -2.15533e+00 -2.07428e+00 -8.87280e-01  2.85583e+00 -1.12402e+00  2.54496e+00 -2.73739e+00  3.00104e+00 -1.08844e+00  2.32452e+00 -2.68297e+00  6.91586e+00
  405  2.36480e-01 -2.48428e+00  1.22660e+00  1.79127e+00  3.11377e+00 -1.47589e+00  2.35660e+00  9.70369e-01  3.03178e+00 -1.41746e+00  2.34766e+00  1.03813e+00  6.97669e+00
  406 -6.05328e-01 -2.43803e+00  8.39248e-02 -2.12735e+00  3.15522e+00 -1.81416e+00  2.26633e+00 -1.53137e+00  3.04049e+00 -1.75469e+00  2.39001e+00 -1.53573e+00  7.03916e+00
  407 -1.42449e+00 -1.93498e+00 -1.30181e+00  1.86593e+00  2.88665e+00 -2.20539e+00  2.58821e+00  2.17996e+00  3.03491e+00 -2.10230e+00  2.40641e+00  2.16260e+00  7.10008e+00
  408 -2.06466e+00 -1.16564e+00  2.01221e+00 -1.06620e+00  2.81077e+00 -2.62764e+00  2.59289e+00 -4.87253e-01  3.03160e+00 -2.44941e+00  2.39232e+00 -4.27562e-01  7.05094e+00
  409 -2.43755e+00 -4.13102e-01 -2.05165e+00 -1.01305e-01  3.05615e+00 -2.97371e+00  2.10977e+00 -3.09226e+00  3.00192e+00 -2.79447e+00  2.36043e+00 -3.00835e+00  6.93467e+00
  410 -2.56627e+00  2.70794e-01  1.40754e+00  1.32287e+00  3.32954e+00  3.03646e+00  1.86556e+00  7.54398e-01  2.97934e+00 -3.13550e+00  2.33320e+00  7.03750e-01  6.90806e+00
  411 -2.39238e+00  9.90224e-01 -3.27626e-01 -2.18872e+00  3.35200e+00  2.74915e+00  2.44892e+00 -1.71938e+00  2.94485e+00  2.81383e+00  2.31243e+00 -1.86237e+00  6.94118e+00
  412 -1.90722e+00  1.71075e+00 -8.11395e-01  2.30345e+00  3.28208e+00  2.41045e+00  2.98213e+00  1.90948e+00  2.90200e+00  2.47112e+00  2.30310e+00  1.84869e+00  6.87200e+00
  413 -1.27840e+00  2.26937e+00  1.67576e+00 -1.59451e+00  3.39217e+00  2.08382e+00  2.67532e+00 -7.60558e-01  2.91215e+00  2.12683e+00  2.29088e+00 -7.17024e-01  6.85245e+00
  414 -6.53592e-01  2.56920e+00 -1.98841e+00  3.27771e-01  3.51399e+00  1.81991e+00  2.03059e+00  2.97822e+00  2.92876e+00  1.78125e+00  2.32947e+00  3.00401e+00  6.95767e+00
  415  9.48188e-03  2.56813e+00  1.67996e+00  1.06856e+00  3.29770e+00  1.56710e+00  1.98204e+00  5.66517e-01  2.93866e+00  1.41645e+00  2.38615e+00  4.20423e-01  7.10049e+00
  416  7.66008e-01  2.26418e+00 -9.53172e-01 -2.08048e+00  2.85664e+00  1.24457e+00  2.61847e+00 -2.00041e+00  2.93359e+00  1.04135e+00  2.37864e+00 -2.17362e+00  7.05359e+00
  417  1.51176e+00  1.73519e+00  2.81583e-02  2.34869e+00  2.64815e+00  8.54101e-01  2.75856e+00  1.55881e+00  2.93348e+00  6.75671e-01  2.33328e+00  1.52920e+00  6.93436e+00
  418  2.06840e+00  1.06097e+00  9.71144e-01 -1.89673e+00  2.70196e+00  4.73948e-01  2.27036e+00 -1.09759e+00  2.93561e+00  3.27248e-01  2.30631e+00 -1.03892e+00  6.85007e+00
  419  2.29160e+00  2.54095e-01 -1.81781e+00  9.61366e-01  2.65800e+00  1.10430e-01  2.11433e+00  2.65513e+00  2.93164e+00 -1.16039e-02  2.29535e+00  2.67840e+00  6.81861e+00
  420  2.16125e+00 -6.46924e-01  2.18529e+00  2.13451e-01  2.54476e+00 -2.90841e-01  2.41053e+00  9.73671e-02  2.91959e+00 -3.50233e-01  2.30252e+00  1.12002e-01  6.83004e+00
  421  1.75865e+00 -1.50533e+00 -1.86973e+00 -1.31436e+00  2.67944e+00 -7.07944e-01  2.61172e+00 -2.52888e+00  2.92473e+00 -6.93392e-01  2.30865e+00 -2.45679e+00  6.87489e+00
  422  1.16583e+00 -2.15536e+00  8.92559e-01  1.98128e+00  3.00237e+00 -1.07497e+00  2.36108e+00  1.14753e+00  2.95075e+00 -1.03441e+00  2.33126e+00  1.25815e+00  6.95973e+00
  423  3.85450e-01 -2.46031e+00  4.38300e-01 -2.04246e+00  3.10085e+00 -1.41539e+00  2.18187e+00 -1.35941e+00  2.97112e+00 -1.38050e+00  2.36105e+00 -1.32143e+00  7.01049e+00
  424 -5.16336e-01 -2.33350e+00 -1.57724e+00  1.52743e+00  2.85591e+00 -1.78856e+00  2.41037e+00  2.37224e+00  2.96479e+00 -1.73001e+00  2.36912e+00  2.37304e+00  7.02470e+00
  425 -1.33415e+00 -1.88603e+00  2.11822e+00 -5.42932e-01  2.66853e+00 -2.18646e+00  2.39082e+00 -2.50913e-01  2.96647e+00 -2.07432e+00  2.33626e+00 -2.13928e-01  6.93265e+00
  426 -1.96675e+00 -1.35089e+00 -1.91634e+00 -6.55100e-01  2.84651e+00 -2.53974e+00  2.05077e+00 -2.81220e+00  2.95856e+00 -2.40558e+00  2.30279e+00 -2.78409e+00  6.82731e+00
  427 -2.39882e+00 -7.43805e-01  1.04911e+00  1.70263e+00  3.15379e+00 -2.84092e+00  1.99978e+00  1.01857e+00  2.93408e+00 -2.73590e+00  2.29511e+00  9.35695e-01  6.85218e+00
  428 -2.52361e+00  5.21393e-02  1.26125e-01 -2.25756e+00  3.18567e+00  3.12093e+00  2.55625e+00 -1.51499e+00  2.94367e+00 -3.06645e+00  2.29805e+00 -1.62423e+00  6.92966e+00
  429 -2.31761e+00  9.45361e-01 -1.21176e+00  2.08474e+00  3.13250e+00  2.75429e+00  2.90725e+00  2.09732e+00  2.94331e+00  2.88394e+00  2.31358e+00  2.09329e+00  6.94379e+00
  430 -1.92578e+00  1.69644e+00  1.89654e+00 -1.20328e+00  3.29328e+00  2.41942e+00  2.52237e+00 -5.65373e-01  2.95212e+00  2.54234e+00  2.32497e+00 -4.74897e-01  6.95341e+00
  431 -1.47436e+00  2.19331e+00 -1.94059e+00 -1.21481e-01  3.49218e+00  2.16262e+00  1.89032e+00 -3.07907e+00  2.95741e+00  2.19189e+00  2.36276e+00 -3.04745e+00  7.01897e+00
  432 -8.94784e-01  2.42455e+00  1.35710e+00  1.45925e+00  3.33953e+00  1.92434e+00  1.98557e+00  8.21654e-01  2.95595e+00  1.82551e+00  2.38259e+00  6.47564e-01  7.03051e+00
  433 -1.08479e-01  2.42028e+00 -4.34416e-01 -2.27378e+00  2.93476e+00  1.61559e+00  2.67939e+00 -1.75958e+00  2.95207e+00  1.46490e+00  2.34837e+00 -1.93843e+00  6.94017e+00
  434  7.53660e-01  2.24519e+00 -5.58875e-01  2.25430e+00  2.80444e+00  1.24694e+00  2.69710e+00  1.81381e+00  2.91272e+00  1.11878e+00  2.29002e+00  1.77687e+00  6.83973e+00
  435  1.47225e+00  1.90793e+00  1.43806e+00 -1.52632e+00  2.90387e+00  9.13583e-01  2.19884e+00 -8.15161e-01  2.88643e+00  7.79694e-01  2.26367e+00 -7.80141e-01  6.76041e+00
  436  1.92816e+00  1.34119e+00 -1.97767e+00  3.92033e-01  2.75829e+00  6.07753e-01  2.03244e+00  2.94590e+00  2.88784e+00  4.42749e-01  2.27127e+00  2.94379e+00  6.78270e+00
  437  2.12430e+00  5.13976e-01  1.99634e+00  8.20122e-01  2.38841e+00  2.37389e-01  2.32898e+00  3.89793e-01  2.90115e+00  1.04032e-01  2.29618e+00  3.76644e-01  6.84468e+00
  438  2.11104e+00 -4.52444e-01 -1.45167e+00 -1.74038e+00  2.33059e+00 -2.11129e-01  2.56813e+00 -2.26600e+00  2.89676e+00 -2.40499e-01  2.30846e+00 -2.19655e+00  6.82853e+00
  439  1.89421e+00 -1.33622e+00  4.13146e-01  2.09435e+00  2.68676e+00 -6.14359e-01  2.27849e+00  1.37603e+00  2.89778e+00 -5.89345e-01  2.31818e+00  1.51215e+00  6.81615e+00
  440  1.37627e+00 -1.97735e+00  8.50103e-01 -1.85039e+00  2.90202e+00 -9.62748e-01  2.07330e+00 -1.14014e+00  2.90011e+00 -9.40564e-01  2.31875e+00 -1.06668e+00  6.84054e+00
  441  5.78145e-01 -2.30341e+00 -1.84179e+00  1.08279e+00  2.81999e+00 -1.32488e+00  2.28232e+00  2.61012e+00  2.88666e+00 -1.28787e+00  2.30314e+00  2.63370e+00  6.80745e+00
  442 -2.81545e-01 -2.33162e+00  2.17023e+00  5.91624e-02  2.75785e+00 -1.69097e+00  2.35671e+00  2.72541e-02  2.87895e+00 -1.62413e+00  2.26083e+00  5.80255e-02  6.71369e+00
  443 -1.07668e+00 -2.15598e+00 -1.69560e+00 -1.21563e+00  2.90374e+00 -2.03396e+00  2.17639e+00 -2.51959e+00  2.87206e+00 -1.94770e+00  2.23925e+00 -2.50324e+00  6.68812e+00
  444 -1.76445e+00 -1.73383e+00  5.97734e-01  1.99709e+00  3.05972e+00 -2.36495e+00  2.17282e+00  1.27998e+00  2.86449e+00 -2.27511e+00  2.25824e+00  1.21690e+00  6.73416e+00
  445 -2.25168e+00 -9.78600e-01  6.52297e-01 -2.18994e+00  3.01386e+00 -2.73161e+00  2.61067e+00 -1.28130e+00  2.88448e+00 -2.61379e+00  2.27945e+00 -1.35146e+00  6.80022e+00
  446 -2.44985e+00 -4.01311e-02 -1.61741e+00  1.72844e+00  3.00169e+00 -3.12521e+00  2.80175e+00  2.32302e+00  2.90618e+00 -2.95954e+00  2.31477e+00  2.35625e+00  6.91543e+00
  447 -2.38610e+00  8.04914e-01  2.04722e+00 -7.02196e-01  3.17067e+00  2.81624e+00  2.34209e+00 -3.30425e-01  2.93672e+00  2.97365e+00  2.33339e+00 -2.24301e-01  6.96715e+00
  448 -2.16183e+00  1.44929e+00 -1.79354e+00 -6.19573e-01  3.38696e+00  2.55101e+00  1.80033e+00 -2.80898e+00  2.93374e+00  2.62635e+00  2.33579e+00 -2.80316e+00  6.92463e+00
  449 -1.73755e+00  1.92826e+00  9.57322e-01  1.81311e+00  3.36863e+00  2.30422e+00  2.10192e+00  1.08500e+00  2.88965e+00  2.27097e+00  2.31952e+00  8.99342e-01  6.81738e+00
  450 -1.04356e+00  2.26611e+00  1.16396e-01 -2.36090e+00  3.11214e+00  2.00235e+00  2.79370e+00 -1.52153e+00  2.90101e+00  1.91621e+00  2.30281e+00 -1.67865e+00  6.74449e+00
  451 -2.15156e-01  2.45498e+00 -1.11662e+00  2.03279e+00  3.03662e+00  1.65821e+00  2.68954e+00  2.07311e+00  2.91587e+00  1.57925e+00  2.27684e+00  2.04044e+00  6.75007e+00
  452  5.38066e-01  2.45154e+00  1.79349e+00 -1.03513e+00  3.14979e+00  1.35474e+00  2.14405e+00 -5.23454e-01  2.90788e+00  1.24457e+00  2.27883e+00 -5.13378e-01  6.76584e+00
  453  1.14745e+00  2.17144e+00 -1.95882e+00 -2.65857e-01  3.01590e+00  1.08467e+00  1.95382e+00 -3.00669e+00  2.92180e+00  8.98133e-01  2.32407e+00 -3.07662e+00  6.85346e+00
  454  1.64192e+00  1.55788e+00  1.61268e+00  1.44914e+00  2.56146e+00  7.59140e-01  2.35037e+00  7.32035e-01  2.95941e+00  5.41422e-01  2.36411e+00  6.28528e-01  6.95064e+00
  455  2.02570e+00  6.98283e-01 -8.70140e-01 -2.12087e+00  2.29552e+00  3.31957e-01  2.62761e+00 -1.96013e+00  2.98978e+00  1.88770e-01  2.36700e+00 -1.94968e+00  6.96571e+00
  456  2.22149e+00 -2.21342e-01 -1.75357e-01  2.12285e+00  2.49200e+00 -9.93090e-02  2.26861e+00  1.65321e+00  2.99309e+00 -1.58628e-01  2.36243e+00  1.75868e+00  6.94323e+00
  457  2.07042e+00 -1.06899e+00  1.30098e+00 -1.56072e+00  2.71469e+00 -4.76616e-01  2.06420e+00 -8.75913e-01  2.97936e+00 -5.05242e-01  2.34995e+00 -8.14894e-01  6.92924e+00
  458  1.54443e+00 -1.76395e+00 -2.07284e+00  5.78340e-01  2.74838e+00 -8.51654e-01  2.31557e+00  2.86950e+00  2.96111e+00 -8.49332e-01  2.33510e+00  2.89532e+00  6.90582e+00
  459  8.02613e-01 -2.24417e+00  2.14661e+00  6.18598e-01  2.84024e+00 -1.22733e+00  2.49530e+00  2.80573e-01  2.98030e+00 -1.18532e+00  2.31048e+00  3.26646e-01  6.85381e+00
  460 -1.65907e-02 -2.48022e+00 -1.42857e+00 -1.62964e+00  3.07588e+00 -1.57749e+00  2.34827e+00 -2.29054e+00  3.00737e+00 -1.51104e+00  2.32218e+00 -2.23376e+00  6.88744e+00
  461 -8.42442e-01 -2.36402e+00  1.70360e-01  2.11661e+00  3.14915e+00 -1.91313e+00  2.25452e+00  1.49048e+00  3.01201e+00 -1.84428e+00  2.36404e+00  1.47958e+00  6.95652e+00
  462 -1.61065e+00 -1.80451e+00  1.09096e+00 -1.99923e+00  2.92524e+00 -2.29949e+00  2.59356e+00 -1.07127e+00  3.00941e+00 -2.19000e+00  2.38236e+00 -1.10148e+00  7.02579e+00
  463 -2.18551e+00 -9.75719e-01 -1.90906e+00  1.31172e+00  2.86423e+00 -2.72169e+00  2.68256e+00  2.53957e+00  3.00378e+00 -2.53857e+00  2.38168e+00  2.59294e+00  7.03167e+00
  464 -2.47910e+00 -1.69714e-01  2.09186e+00 -1.91024e-01  3.08736e+00 -3.07324e+00  2.20619e+00 -9.10650e-02  2.98002e+00 -2.88903e+00  2.35899e+00  8.22495e-03  6.95374e+00
  465 -2.53312e+00  5.24810e-01 -1.58227e+00 -1.07420e+00  3.34606e+00  2.93730e+00  1.82874e+00 -2.54517e+00  2.96533e+00  3.04968e+00  2.33217e+00 -2.56676e+00  6.89972e+00
  466 -2.31118e+00  1.19648e+00  5.70325e-01  2.07354e+00  3.38656e+00  2.66389e+00  2.31242e+00  1.30238e+00  2.92233e+00  2.71170e+00  2.30755e+00  1.14675e+00  6.89308e+00
  467 -1.78179e+00  1.84345e+00  5.74265e-01 -2.35942e+00  3.28655e+00  2.33919e+00  2.94833e+00 -1.33205e+00  2.88333e+00  2.36466e+00  2.29727e+00 -1.42724e+00  6.82413e+00
  468 -1.09509e+00  2.33993e+00 -1.51417e+00  1.78818e+00  3.33725e+00  2.00852e+00  2.74514e+00  2.27341e+00  2.90079e+00  2.02031e+00  2.28068e+00  2.28889e+00  6.80456e+00
  469 -4.23379e-01  2.59399e+00  1.96497e+00 -5.99126e-01  3.45402e+00  1.73259e+00  2.11004e+00 -2.95949e-01  2.91431e+00  1.67885e+00  2.30677e+00 -2.69558e-01  6.88608e+00
  470  2.39445e-01  2.55082e+00 -1.80543e+00 -7.97601e-01  3.28200e+00  1.47720e+00  1.94787e+00 -2.72560e+00  2.92516e+00  1.31881e+00  2.36906e+00 -2.84661e+00  7.03635e+00
  471  9.49176e-01  2.18669e+00  1.18306e+00  1.90635e+00  2.84127e+00  1.16127e+00  2.51690e+00  1.01537e+00  2.93604e+00  9.43739e-01  2.38526e+00  8.43888e-01  7.04662e+00
  472  1.63366e+00  1.57302e+00 -3.06673e-01 -2.33357e+00  2.57162e+00  7.66489e-01  2.76981e+00 -1.70147e+00  2.95944e+00  5.76186e-01  2.35624e+00 -1.73942e+00  6.96877e+00
  473  2.13920e+00  8.20704e-01 -7.10198e-01  2.03304e+00  2.62486e+00  3.66333e-01  2.31881e+00  1.90687e+00  2.97275e+00  2.26215e-01  2.33461e+00  1.97237e+00  6.91177e+00
  474  2.30770e+00 -2.18348e-02  1.65915e+00 -1.20868e+00  2.66299e+00 -9.46140e-03  2.10685e+00 -6.29594e-01  2.96805e+00 -1.14515e-01  2.32165e+00 -5.95829e-01  6.87694e+00
  475  2.10127e+00 -9.02853e-01 -2.18086e+00  7.92071e-02  2.61524e+00 -4.05820e-01  2.38121e+00  3.10529e+00  2.95147e+00 -4.54640e-01  2.32210e+00  3.12001e+00  6.87855e+00
  476  1.61161e+00 -1.69954e+00  2.01267e+00  1.07737e+00  2.74287e+00 -8.11947e-01  2.60579e+00  4.91483e-01  2.96017e+00 -7.96776e-01  2.32112e+00  5.51810e-01  6.91582e+00
  477  9.44782e-01 -2.27768e+00 -1.12985e+00 -1.88075e+00  3.04021e+00 -1.17760e+00  2.40690e+00 -2.11176e+00  2.99073e+00 -1.13388e+00  2.34137e+00 -2.01386e+00  7.00068e+00
  478  1.35550e-01 -2.50617e+00 -1.88460e-01  2.09354e+00  3.14964e+00 -1.51676e+00  2.20921e+00  1.66057e+00  3.01173e+00 -1.47619e+00  2.38046e+00  1.69238e+00  7.05938e+00
  479 -7.57505e-01 -2.28341e+00  1.39823e+00 -1.71598e+00  2.89389e+00 -1.89111e+00  2.44981e+00 -8.87080e-01  3.00676e+00 -1.82502e+00  2.39626e+00 -8.95065e-01  7.09418e+00
  480 -1.55060e+00 -1.72665e+00 -2.06261e+00  8.33298e-01  2.69284e+00 -2.30253e+00  2.47437e+00  2.75764e+00  3.01151e+00 -2.17128e+00  2.37274e+00  2.79817e+00  7.01962e+00
  481 -2.12785e+00 -1.10311e+00  2.01603e+00  3.48037e-01  2.87230e+00 -2.66332e+00  2.09275e+00  1.70950e-01  3.00033e+00 -2.50650e+00  2.33641e+00  2.23340e-01  6.88652e+00
  482 -2.48541e+00 -4.67924e-01 -1.27925e+00 -1.48761e+00  3.19810e+00 -2.95550e+00  1.92474e+00 -2.28103e+00  2.97035e+00 -2.84016e+00  2.31953e+00 -2.34239e+00  6.88592e+00
  483 -2.53515e+00  2.99096e-01  1.49942e-01  2.21429e+00  3.25823e+00  3.02416e+00  2.46277e+00  1.50318e+00  2.96607e+00  3.11250e+00  2.31118e+00  1.37989e+00  6.96660e+00
  484 -2.24889e+00  1.15158e+00  9.80248e-01 -2.21783e+00  3.19182e+00  2.66834e+00  2.93982e+00 -1.15463e+00  2.94384e+00  2.77998e+00  2.31496e+00 -1.18610e+00  6.94890e+00
  485 -1.77723e+00  1.87104e+00 -1.78260e+00  1.45553e+00  3.32965e+00  2.33049e+00  2.64812e+00  2.45686e+00  2.94188e+00  2.43790e+00  2.31486e+00  2.52989e+00  6.92821e+00
  486 -1.26551e+00  2.33349e+00  1.98661e+00 -1.72304e-01  3.52335e+00  2.06773e+00  1.98815e+00 -8.65160e-02  2.95491e+00  2.08927e+00  2.35405e+00 -3.79081e-02  7.01484e+00
  487 -6.63258e-01  2.51256e+00 -1.54546e+00 -1.21456e+00  3.37643e+00  1.82889e+00  1.93180e+00 -2.47551e+00  2.96135e+00  1.72343e+00  2.39303e+00 -2.62459e+00  7.09755e+00
  488  1.15355e-01  2.42588e+00  7.06170e-01  2.17277e+00  2.94910e+00  1.52328e+00  2.60981e+00  1.25656e+00  2.95131e+00  1.35660e+00  2.36728e+00  1.06771e+00  7.02051e+00
  489  9.61095e-01  2.14426e+00  2.66103e-01 -2.33439e+00  2.76078e+00  1.14943e+00  2.76009e+00 -1.45729e+00  2.91144e+00  1.00134e+00  2.30428e+00 -1.50643e+00  6.88679e+00
  490  1.66281e+00  1.70532e+00 -1.20776e+00  1.75643e+00  2.83652e+00  7.98017e-01  2.27188e+00  2.17317e+00  2.88715e+00  6.57335e-01  2.26901e+00  2.21573e+00  6.77774e+00
  491  2.08003e+00  1.06731e+00  1.89957e+00 -7.14446e-01  2.73283e+00  4.74091e-01  2.05940e+00 -3.59743e-01  2.88336e+00  3.20078e-01  2.26465e+00 -3.44938e-01  6.76623e+00
  492  2.19681e+00  2.11169e-01 -2.09835e+00 -4.95160e-01  2.43527e+00  9.58312e-02  2.32412e+00 -2.90986e+00  2.88820e+00 -1.65199e-02  2.28208e+00 -2.91024e+00  6.80611e+00
  493  2.06813e+00 -7.45541e-01  1.68827e+00  1.52292e+00  2.41649e+00 -3.45990e-01  2.58478e+00  7.33952e-01  2.88303e+00 -3.60026e-01  2.29720e+00  8.01473e-01  6.81033e+00
  494  1.73487e+00 -1.58987e+00 -7.08770e-01 -2.04724e+00  2.76873e+00 -7.41814e-01  2.34677e+00 -1.90409e+00  2.89173e+00 -7.07410e-01  2.31145e+00 -1.77100e+00  6.83130e+00
  495  1.13781e+00 -2.15922e+00 -5.81441e-01  1.96520e+00  2.97843e+00 -1.08582e+00  2.10004e+00  1.85846e+00  2.90377e+00 -1.05777e+00  2.32274e+00  1.93300e+00  6.87233e+00
  496  2.95409e-01 -2.37227e+00  1.67712e+00 -1.32850e+00  2.85747e+00 -1.44691e+00  2.28882e+00 -6.69928e-01  2.89550e+00 -1.40689e+00  2.31638e+00 -6.52588e-01  6.85817e+00
  497 -5.74929e-01 -2.25793e+00 -2.15418e+00  2.58686e-01  2.71441e+00 -1.82012e+00  2.35371e+00  3.02208e+00  2.88301e+00 -1.74756e+00  2.27655e+00  3.04928e+00  6.77005e+00
  498 -1.33988e+00 -1.96263e+00  1.84604e+00  9.33205e-01  2.82359e+00 -2.16981e+00  2.13936e+00  4.68052e-01  2.87461e+00 -2.07448e+00  2.24380e+00  4.84274e-01  6.70938e+00
  499 -1.97099e+00 -1.48852e+00 -8.66938e-01 -1.85341e+00  3.05024e+00 -2.49476e+00  2.09335e+00 -2.00832e+00  2.86080e+00 -2.40066e+00  2.25101e+00 -2.07763e+00  6.74091e+00
  500 -2.36762e+00 -7.30582e-01 -3.64096e-01  2.22658e+00  3.06970e+00 -2.84229e+00  2.54512e+00  1.73288e+00  2.88056e+00 -2.73557e+00  2.26890e+00  1.64153e+00  6.80271e+00
