    1  2.08767e-01 -7.43757e-02 -4.49570e-01 -2.93832e-01  2.45577e-02 -3.42242e-01  1.44225e-01 -2.56270e+00  2.61400e-02 -3.26423e-01  1.42061e-01 -2.55540e+00  3.71259e-01
    2  1.74340e-01 -1.43294e-01  2.15852e-01  4.89193e-01  2.54638e-02 -6.87967e-01  1.42951e-01  1.15525e+00  2.61400e-02 -6.40582e-01  1.42061e-01  1.17231e+00  3.71259e-01
    3  1.26057e-01 -1.94313e-01  9.11053e-02 -5.21586e-01  2.68240e-02 -9.95312e-01  1.40176e-01 -1.39787e+00  2.61400e-02 -9.54743e-01  1.42061e-01 -1.38318e+00  3.71259e-01
    4  6.52133e-02 -2.21555e-01 -3.68838e-01  3.80973e-01  2.66697e-02 -1.28454e+00  1.40591e-01  2.34001e+00  2.61399e-02 -1.26890e+00  1.42061e-01  2.34453e+00  3.71260e-01
    5 -5.99843e-03 -2.27465e-01  5.22607e-01 -1.13723e-01  2.58882e-02 -1.59716e+00  1.43025e-01 -2.14266e-01  2.61399e-02 -1.58307e+00  1.42061e-01 -2.10952e-01  3.71259e-01
    6 -8.04361e-02 -2.16251e-01 -4.98905e-01 -1.92149e-01  2.66173e-02 -1.92690e+00  1.42914e-01 -2.77396e+00  2.61399e-02 -1.89723e+00  1.42061e-01 -2.76643e+00  3.71259e-01
    7 -1.46787e-01 -1.87425e-01  3.05731e-01  4.34613e-01  2.83372e-02 -2.23520e+00  1.41180e-01  9.57754e-01  2.61398e-02 -2.21139e+00  1.42061e-01  9.61273e-01  3.71259e-01
    8 -1.95158e-01 -1.37838e-01 -9.54593e-03 -5.32080e-01  2.85430e-02 -2.52666e+00  1.41600e-01 -1.58874e+00  2.61398e-02 -2.52554e+00  1.42061e-01 -1.59421e+00  3.71259e-01
    9 -2.22264e-01 -6.98083e-02 -2.88825e-01  4.51669e-01  2.71372e-02 -2.83727e+00  1.43712e-01  2.13973e+00  2.61399e-02 -2.83971e+00  1.42061e-01  2.13350e+00  3.71259e-01
   10 -2.30234e-01  5.74428e-03  4.88497e-01 -2.19727e-01  2.65204e-02  3.11665e+00  1.43455e-01 -4.22690e-01  2.61400e-02  3.12932e+00  1.42061e-01 -4.21983e-01  3.71260e-01
   11 -2.20781e-01  7.58115e-02 -5.22585e-01 -8.70051e-02  2.72458e-02  2.81083e+00  1.40332e-01 -2.97662e+00  2.61400e-02  2.81516e+00  1.42061e-01 -2.97746e+00  3.71260e-01
   12 -1.91779e-01  1.33554e-01  3.81328e-01  3.65692e-01  2.73080e-02  2.53329e+00  1.39571e-01  7.64471e-01  2.61400e-02  2.50100e+00  1.42061e-01  7.50241e-01  3.71259e-01
   13 -1.41027e-01  1.78950e-01 -1.14077e-01 -5.21836e-01  2.59558e-02  2.23823e+00  1.42663e-01 -1.78602e+00  2.61400e-02  2.18684e+00  1.42061e-01 -1.80524e+00  3.71259e-01
   14 -7.30937e-02  2.12037e-01 -1.89829e-01  5.02760e-01  2.51511e-02  1.90276e+00  1.44402e-01  1.93182e+00  2.61400e-02  1.87268e+00  1.42061e-01  1.92247e+00  3.71259e-01
   15  4.96430e-04  2.27769e-01  4.30704e-01 -3.15504e-01  2.59396e-02  1.56862e+00  1.42524e-01 -6.32228e-01  2.61400e-02  1.55852e+00  1.42061e-01 -6.33012e-01  3.71259e-01
   16  6.87309e-02  2.18943e-01 -5.29728e-01  2.30249e-02  2.63299e-02  1.26662e+00  1.40571e-01  3.09815e+00  2.61401e-02  1.24436e+00  1.42061e-01  3.09469e+00  3.71259e-01
   17  1.27081e-01  1.83483e-01  4.54745e-01  2.76803e-01  2.49079e-02  9.65050e-01  1.41707e-01  5.46791e-01  2.61401e-02  9.30201e-01  1.42061e-01  5.39214e-01  3.71260e-01
   18  1.75355e-01  1.27839e-01 -2.30713e-01 -4.83396e-01  2.35461e-02  6.29945e-01  1.43450e-01 -2.01610e+00  2.61401e-02  6.16039e-01  1.42061e-01 -2.01627e+00  3.71259e-01
   19  2.10753e-01  6.26536e-02 -6.96590e-02  5.28253e-01  2.41711e-02  2.88964e-01  1.41952e-01  1.70191e+00  2.61401e-02  3.01879e-01  1.42061e-01  1.71144e+00  3.71259e-01
   20  2.25855e-01 -4.60510e-03  3.48889e-01 -3.97941e-01  2.55159e-02 -2.03868e-02  1.40040e-01 -8.50984e-01  2.61401e-02 -1.22806e-02  1.42061e-01 -8.44040e-01  3.71259e-01
   21  2.14472e-01 -7.17174e-02 -5.14381e-01  1.36431e-01  2.55709e-02 -3.22701e-01  1.41600e-01  2.88233e+00  2.61400e-02 -3.26440e-01  1.42061e-01  2.88367e+00  3.71259e-01
   22  1.77647e-01 -1.36646e-01  5.09252e-01  1.69899e-01  2.51153e-02 -6.55677e-01  1.44101e-01  3.22014e-01  2.61399e-02 -6.40599e-01  1.42061e-01  3.28186e-01  3.71259e-01
   23  1.23209e-01 -1.92018e-01 -3.33517e-01 -4.19384e-01  2.60257e-02 -1.00031e+00  1.43558e-01 -2.24264e+00  2.61400e-02 -9.54757e-01  1.42061e-01 -2.22729e+00  3.71259e-01
   24  5.98866e-02 -2.26648e-01  4.51247e-02  5.28969e-01  2.74779e-02 -1.31247e+00  1.40922e-01  1.48570e+00  2.61400e-02 -1.26892e+00  1.42061e-01  1.50041e+00  3.71260e-01
   25 -7.44014e-03 -2.33634e-01  2.59257e-01 -4.62613e-01  2.73202e-02 -1.60263e+00  1.40612e-01 -1.05999e+00  2.61399e-02 -1.58308e+00  1.42061e-01 -1.05507e+00  3.71260e-01
   26 -7.63037e-02 -2.15621e-01 -4.76162e-01  2.42292e-01  2.61573e-02 -1.91092e+00  1.42718e-01  2.67089e+00  2.61399e-02 -1.89724e+00  1.42061e-01  2.67263e+00  3.71260e-01
   27 -1.42033e-01 -1.80566e-01  5.30935e-01  5.96232e-02  2.63886e-02 -2.23731e+00  1.42723e-01  1.11830e-01  2.61399e-02 -2.21140e+00  1.42061e-01  1.17153e-01  3.71259e-01
   28 -1.95729e-01 -1.33294e-01 -4.05029e-01 -3.42801e-01  2.80386e-02 -2.54372e+00  1.40780e-01 -2.43921e+00  2.61398e-02 -2.52556e+00  1.42061e-01 -2.43833e+00  3.71259e-01
   29 -2.27688e-01 -7.33341e-02  1.42564e-01  5.11875e-01  2.86099e-02 -2.83000e+00  1.41170e-01  1.29917e+00  2.61398e-02 -2.83972e+00  1.42061e-01  1.28938e+00  3.71259e-01
   30 -2.33875e-01 -1.54091e-03  1.66689e-01 -5.09631e-01  2.73500e-02 -3.13500e+00  1.43755e-01 -1.25469e+00  2.61399e-02  3.12930e+00  1.42061e-01 -1.26610e+00  3.71259e-01
   31 -2.17868e-01  7.36410e-02 -4.18599e-01  3.36521e-01  2.64448e-02  2.81564e+00  1.44236e-01  2.46447e+00  2.61399e-02  2.81514e+00  1.42061e-01  2.46160e+00  3.71259e-01
   32 -1.85607e-01  1.39068e-01  5.29108e-01 -4.99048e-02  2.68949e-02  2.49856e+00  1.41223e-01 -9.40406e-02  2.61400e-02  2.50098e+00  1.42061e-01 -9.38764e-02  3.71260e-01
   33 -1.39344e-01  1.85489e-01 -4.62540e-01 -2.54449e-01  2.69114e-02  2.21508e+00  1.39344e-01 -2.63866e+00  2.61400e-02  2.18682e+00  1.42061e-01 -2.64936e+00  3.71260e-01
   34 -7.82173e-02  2.11876e-01  2.43125e-01  4.73675e-01  2.55048e-02  1.92444e+00  1.41739e-01  1.09659e+00  2.61400e-02  1.87266e+00  1.42061e-01  1.07835e+00  3.71259e-01
   35 -5.13512e-03  2.21289e-01  5.55516e-02 -5.33715e-01  2.44977e-02  1.59400e+00  1.43969e-01 -1.46708e+00  2.61400e-02  1.55850e+00  1.42061e-01 -1.47713e+00  3.71259e-01
   36  6.95295e-02  2.13876e-01 -3.35894e-01  4.15293e-01  2.52887e-02  1.25648e+00  1.42647e-01  2.25089e+00  2.61400e-02  1.24434e+00  1.42061e-01  2.25057e+00  3.71259e-01
   37  1.33298e-01  1.85704e-01  5.06481e-01 -1.58879e-01  2.61272e-02  9.48223e-01  1.40883e-01 -3.03970e-01  2.61400e-02  9.30186e-01  1.42061e-01 -3.04904e-01  3.71259e-01
   38  1.79362e-01  1.34555e-01 -5.11091e-01 -1.49879e-01  2.51379e-02  6.43618e-01  1.41839e-01 -2.85634e+00  2.61401e-02  6.16027e-01  1.42061e-01 -2.86038e+00  3.71259e-01
   39  2.07831e-01  6.57499e-02  3.47818e-01  4.07873e-01  2.37584e-02  3.06400e-01  1.43669e-01  8.64703e-01  2.61401e-02  3.01867e-01  1.42061e-01  8.67322e-01  3.71259e-01
   40  2.19853e-01 -8.82263e-03 -6.94940e-02 -5.29195e-01  2.42067e-02 -4.01081e-02  1.42439e-01 -1.70137e+00  2.61401e-02 -1.22942e-02  1.42061e-01 -1.68816e+00  3.71259e-01
   41  2.12586e-01 -7.80370e-02 -2.33463e-01  4.74634e-01  2.56413e-02 -3.51813e-01  1.39891e-01  2.02793e+00  2.61401e-02 -3.26455e-01  1.42061e-01  2.03955e+00  3.71259e-01
   42  1.81806e-01 -1.37232e-01  4.60742e-01 -2.63273e-01  2.59430e-02 -6.46584e-01  1.40798e-01 -5.19132e-01  2.61400e-02 -6.40615e-01  1.42061e-01 -5.15933e-01  3.71259e-01
   43  1.28239e-01 -1.86026e-01 -5.34738e-01 -3.51455e-02  2.55254e-02 -9.67248e-01  1.43590e-01 -3.07596e+00  2.61399e-02 -9.54775e-01  1.42061e-01 -3.07141e+00  3.71259e-01
   44  5.97974e-02 -2.21556e-01  4.28726e-01  3.21962e-01  2.63314e-02 -1.30718e+00  1.43733e-01  6.44124e-01  2.61399e-02 -1.26893e+00  1.42061e-01  6.56292e-01  3.71259e-01
   45 -1.23710e-02 -2.36019e-01 -1.77697e-01 -5.01491e-01  2.79291e-02 -1.62316e+00  1.41535e-01 -1.91133e+00  2.61399e-02 -1.58309e+00  1.42061e-01 -1.89919e+00  3.71260e-01
   46 -8.00868e-02 -2.22653e-01 -1.33591e-01  5.13872e-01  2.79942e-02 -1.91608e+00  1.40955e-01  1.82514e+00  2.61399e-02 -1.89725e+00  1.42061e-01  1.82852e+00  3.71260e-01
   47 -1.40066e-01 -1.83401e-01  3.99430e-01 -3.54976e-01  2.66272e-02 -2.22302e+00  1.42776e-01 -7.26540e-01  2.61399e-02 -2.21142e+00  1.42061e-01 -7.26964e-01  3.71260e-01
   48 -1.90224e-01 -1.28216e-01 -5.29009e-01  7.69373e-02  2.63122e-02 -2.54851e+00  1.42885e-01  2.99717e+00  2.61400e-02 -2.52558e+00  1.42061e-01  3.00074e+00  3.71259e-01
   49 -2.25447e-01 -6.65493e-02  4.78463e-01  2.28212e-01  2.76276e-02 -2.85456e+00  1.40504e-01  4.45053e-01  2.61399e-02 -2.83974e+00  1.42061e-01  4.45259e-01  3.71259e-01
   50 -2.37983e-01 -1.44594e-03 -2.66534e-01 -4.57925e-01  2.83191e-02 -3.13552e+00  1.40368e-01 -2.09791e+00  2.61399e-02  3.12929e+00  1.42061e-01 -2.11022e+00  3.71259e-01
   51 -2.23424e-01  6.69488e-02 -3.36614e-02  5.34306e-01  2.72002e-02  2.85046e+00  1.43308e-01  1.63371e+00  2.61399e-02  2.81513e+00  1.42061e-01  1.61748e+00  3.71259e-01
   52 -1.85591e-01  1.33700e-01  3.21226e-01 -4.31481e-01  2.61600e-02  2.51731e+00  1.44681e-01 -9.30842e-01  2.61399e-02  2.50097e+00  1.42061e-01 -9.37995e-01  3.71259e-01
   53 -1.33459e-01  1.87785e-01 -5.00730e-01  1.83773e-01  2.65372e-02  2.18867e+00  1.42252e-01  2.78985e+00  2.61400e-02  2.18681e+00  1.42061e-01  2.78971e+00  3.71259e-01
   54 -7.36781e-02  2.18987e-01  5.13352e-01  1.26122e-01  2.66918e-02  1.89535e+00  1.39719e-01  2.40911e-01  2.61401e-02  1.87265e+00  1.42061e-01  2.34231e-01  3.71260e-01
   55 -7.70224e-03  2.24771e-01 -3.56504e-01 -3.93930e-01  2.52906e-02  1.60505e+00  1.41138e-01 -2.30636e+00  2.61401e-02  1.55849e+00  1.42061e-01 -2.32125e+00  3.71259e-01
   56  6.30237e-02  2.09771e-01  8.30708e-02  5.29254e-01  2.39879e-02  1.27894e+00  1.43505e-01  1.41511e+00  2.61401e-02  1.24433e+00  1.42061e-01  1.40646e+00  3.71259e-01
   57  1.30834e-01  1.79042e-01  2.17755e-01 -4.87493e-01  2.45868e-02  9.39733e-01  1.42533e-01 -1.15071e+00  2.61401e-02  9.30167e-01  1.42061e-01 -1.14902e+00  3.71259e-01
   58  1.83794e-01  1.33233e-01 -4.48270e-01  2.83960e-01  2.57657e-02  6.27247e-01  1.40790e-01  2.57694e+00  2.61400e-02  6.16010e-01  1.42061e-01  2.57868e+00  3.71259e-01
   59  2.13639e-01  7.12385e-02  5.32365e-01  1.31840e-02  2.53583e-02  3.21858e-01  1.41793e-01  2.47600e-02  2.61400e-02  3.01852e-01  1.42061e-01  2.32036e-02  3.71259e-01
   60  2.20079e-01 -3.24995e-03 -4.41188e-01 -3.05186e-01  2.42228e-02 -1.47661e-02  1.43893e-01 -2.53643e+00  2.61400e-02 -1.23075e-02  1.42061e-01 -2.53228e+00  3.71259e-01
   61  2.07310e-01 -7.92354e-02  2.03679e-01  4.94805e-01  2.46279e-02 -3.65074e-01  1.43158e-01  1.18030e+00  2.61400e-02 -3.26468e-01  1.42061e-01  1.19543e+00  3.71259e-01
   62  1.77550e-01 -1.43739e-01  1.02778e-01 -5.19563e-01  2.60925e-02 -6.80549e-01  1.40255e-01 -1.37550e+00  2.61400e-02 -6.40628e-01  1.42061e-01 -1.36005e+00  3.71259e-01
   63  1.29870e-01 -1.89730e-01 -3.76650e-01  3.72213e-01  2.64317e-02 -9.70549e-01  1.40204e-01  2.36212e+00  2.61400e-02 -9.54790e-01  1.42061e-01  2.36765e+00  3.71260e-01
   64  6.51520e-02 -2.17668e-01  5.24871e-01 -1.01496e-01  2.58121e-02 -1.27997e+00  1.42895e-01 -1.91016e-01  2.61399e-02 -1.26895e+00  1.42061e-01 -1.87828e-01  3.71259e-01
   65 -9.76974e-03 -2.29277e-01 -4.95633e-01 -2.03430e-01  2.63318e-02 -1.61338e+00  1.43518e-01 -2.75211e+00  2.61399e-02 -1.58311e+00  1.42061e-01 -2.74331e+00  3.71259e-01
   66 -8.33706e-02 -2.21643e-01  2.98252e-01  4.40985e-01  2.80381e-02 -1.93057e+00  1.41711e-01  9.76133e-01  2.61399e-02 -1.89727e+00  1.42061e-01  9.84398e-01  3.71259e-01
   67 -1.45256e-01 -1.89592e-01 -7.25072e-05 -5.31472e-01  2.85221e-02 -2.22455e+00  1.41231e-01 -1.57093e+00  2.61399e-02 -2.21143e+00  1.42061e-01 -1.57108e+00  3.71259e-01
   68 -1.90962e-01 -1.33933e-01 -2.97456e-01  4.44533e-01  2.72021e-02 -2.52996e+00  1.43045e-01  2.16051e+00  2.61399e-02 -2.52559e+00  1.42061e-01  2.15662e+00  3.71260e-01
   69 -2.20561e-01 -6.46204e-02  4.93283e-01 -2.08634e-01  2.64115e-02 -2.85659e+00  1.43428e-01 -4.00133e-01  2.61400e-02 -2.83975e+00  1.42061e-01 -3.98859e-01  3.71260e-01
   70 -2.33351e-01  5.83447e-03 -5.21307e-01 -9.83455e-02  2.72434e-02  3.11659e+00  1.40717e-01 -2.95513e+00  2.61400e-02  3.12927e+00  1.42061e-01 -2.95434e+00  3.71259e-01
   71 -2.25061e-01  7.06952e-02  3.73598e-01  3.73627e-01  2.78252e-02  2.83724e+00  1.39586e-01  7.85437e-01  2.61400e-02  2.81511e+00  1.42061e-01  7.73365e-01  3.71259e-01
   72 -1.91750e-01  1.29440e-01 -1.01898e-01 -5.23898e-01  2.67614e-02  2.54781e+00  1.42426e-01 -1.76290e+00  2.61399e-02  2.50095e+00  1.42061e-01 -1.78211e+00  3.71259e-01
   73 -1.36504e-01  1.80727e-01 -2.02376e-01  4.98301e-01  2.56477e-02  2.21768e+00  1.44630e-01  1.95658e+00  2.61400e-02  2.18679e+00  1.42061e-01  1.94559e+00  3.71259e-01
   74 -6.96393e-02  2.17474e-01  4.38795e-01 -3.05737e-01  2.60722e-02  1.88070e+00  1.43008e-01 -6.08551e-01  2.61400e-02  1.87263e+00  1.42061e-01 -6.09888e-01  3.71259e-01
   75 -1.43278e-03  2.30434e-01 -5.29815e-01  1.07529e-02  2.65509e-02  1.57701e+00  1.40410e-01  3.12130e+00  2.61401e-02  1.55848e+00  1.42061e-01  3.11782e+00  3.71259e-01
   76  6.37455e-02  2.15807e-01  4.46285e-01  2.87798e-01  2.53182e-02  1.28358e+00  1.40999e-01  5.72765e-01  2.61401e-02  1.24431e+00  1.42061e-01  5.62338e-01  3.71260e-01
   77  1.25187e-01  1.78364e-01 -2.16585e-01 -4.89455e-01  2.37428e-02  9.58822e-01  1.43237e-01 -1.98740e+00  2.61401e-02  9.30153e-01  1.42061e-01 -1.99314e+00  3.71259e-01
   78  1.78783e-01  1.26830e-01 -8.43772e-02  5.27146e-01  2.40246e-02  6.17010e-01  1.42501e-01  1.72951e+00  2.61401e-02  6.15993e-01  1.42061e-01  1.73456e+00  3.71259e-01
   79  2.15173e-01  6.68506e-02  3.59114e-01 -3.89816e-01  2.53842e-02  3.01229e-01  1.40460e-01 -8.26369e-01  2.61400e-02  3.01834e-01  1.42061e-01 -8.20916e-01  3.71259e-01
   80  2.26037e-01 -3.57323e-04 -5.17078e-01  1.23941e-01  2.55465e-02 -1.58081e-03  1.41366e-01  2.90634e+00  2.61400e-02 -1.23242e-02  1.42061e-01  2.90679e+00  3.71259e-01
   81  2.10448e-01 -7.26289e-02  5.04431e-01  1.82434e-01  2.47816e-02 -3.32317e-01  1.43866e-01  3.47027e-01  2.61400e-02 -3.26483e-01  1.42061e-01  3.51311e-01  3.71259e-01
   82  1.74351e-01 -1.41642e-01 -3.23762e-01 -4.27549e-01  2.52304e-02 -6.82254e-01  1.43810e-01 -2.21892e+00  2.61400e-02 -6.40642e-01  1.42061e-01 -2.20417e+00  3.71259e-01
   83  1.24480e-01 -1.94861e-01  3.40876e-02  5.29969e-01  2.67331e-02 -1.00232e+00  1.41015e-01  1.50656e+00  2.61400e-02 -9.54803e-01  1.42061e-01  1.52354e+00  3.71260e-01
   84  6.39722e-02 -2.23662e-01  2.68273e-01 -4.56315e-01  2.70585e-02 -1.29221e+00  1.40097e-01 -1.03931e+00  2.61400e-02 -1.26896e+00  1.42061e-01 -1.03194e+00  3.71260e-01
   85 -5.47500e-03 -2.28486e-01 -4.80885e-01  2.31141e-01  2.61178e-02 -1.59475e+00  1.42338e-01  2.69354e+00  2.61399e-02 -1.58313e+00  1.42061e-01  2.69576e+00  3.71260e-01
   86 -7.87922e-02 -2.14838e-01  5.30335e-01  7.15864e-02  2.61817e-02 -1.92232e+00  1.43190e-01  1.34172e-01  2.61399e-02 -1.89729e+00  1.42061e-01  1.40278e-01  3.71259e-01
   87 -1.46040e-01 -1.85297e-01 -3.99367e-01 -3.51376e-01  2.78314e-02 -2.23827e+00  1.41480e-01 -2.42003e+00  2.61398e-02 -2.21145e+00  1.42061e-01 -2.41520e+00  3.71259e-01
   88 -1.96292e-01 -1.37677e-01  1.33374e-01  5.14207e-01  2.87427e-02 -2.52993e+00  1.41098e-01  1.31701e+00  2.61398e-02 -2.52561e+00  1.42061e-01  1.31250e+00  3.71259e-01
   89 -2.23932e-01 -7.18361e-02  1.76679e-01 -5.05148e-01  2.76529e-02 -2.83117e+00  1.43195e-01 -1.23434e+00  2.61399e-02 -2.83977e+00  1.42061e-01 -1.24298e+00  3.71259e-01
   90 -2.30359e-01  4.03385e-03 -4.25896e-01  3.26881e-01  2.65408e-02  3.12408e+00  1.44119e-01  2.48698e+00  2.61400e-02  3.12926e+00  1.42061e-01  2.48473e+00  3.71259e-01
   91 -2.19094e-01  7.65128e-02  5.30557e-01 -3.82584e-02  2.69281e-02  2.80561e+00  1.41477e-01 -7.19853e-02  2.61400e-02  2.81510e+00  1.42061e-01 -7.07523e-02  3.71260e-01
   92 -1.90324e-01  1.35825e-01 -4.56721e-01 -2.64435e-01  2.73357e-02  2.52176e+00  1.39260e-01 -2.61677e+00  2.61400e-02  2.50094e+00  1.42061e-01 -2.62623e+00  3.71259e-01
   93 -1.41686e-01  1.80075e-01  2.31281e-01  4.78877e-01  2.62511e-02  2.23745e+00  1.41407e-01  1.12087e+00  2.61400e-02  2.18678e+00  1.42061e-01  1.10147e+00  3.71259e-01
   94 -7.50873e-02  2.10727e-01  6.95943e-02 -5.32425e-01  2.50220e-02  1.91309e+00  1.44160e-01 -1.44082e+00  2.61400e-02  1.87262e+00  1.42061e-01 -1.45401e+00  3.71259e-01
   95 -3.52431e-04  2.25630e-01 -3.46990e-01  4.07668e-01  2.54544e-02  1.57236e+00  1.43297e-01  2.27596e+00  2.61400e-02  1.55846e+00  1.42061e-01  2.27370e+00  3.71259e-01
   96  7.00936e-02  2.18483e-01  5.10258e-01 -1.46998e-01  2.63241e-02  1.26035e+00  1.40986e-01 -2.80491e-01  2.61401e-02  1.24430e+00  1.42061e-01 -2.81780e-01  3.71259e-01
   97  1.29001e-01  1.85193e-01 -5.05946e-01 -1.62388e-01  2.54689e-02  9.62374e-01  1.41176e-01 -2.83102e+00  2.61401e-02  9.30142e-01  1.42061e-01 -2.83726e+00  3.71260e-01
   98  1.75498e-01  1.29640e-01  3.35704e-01  4.16868e-01  2.38030e-02  6.36227e-01  1.43238e-01  8.92831e-01  2.61401e-02  6.15980e-01  1.42061e-01  8.90446e-01  3.71259e-01
   99  2.09032e-01  6.23779e-02 -5.49528e-02 -5.31510e-01  2.37927e-02  2.90000e-01  1.42761e-01 -1.67382e+00  2.61401e-02  3.01820e-01  1.42061e-01 -1.66503e+00  3.71259e-01
  100  2.24414e-01 -6.60283e-03 -2.45398e-01  4.69374e-01  2.52026e-02 -2.94140e-02  1.40266e-01  2.05253e+00  2.61401e-02 -1.23406e-02  1.42061e-01  2.06267e+00  3.71259e-01
  101  2.14962e-01 -7.29985e-02  4.66549e-01 -2.52254e-01  2.57688e-02 -3.27368e-01  1.40650e-01 -4.95660e-01  2.61400e-02 -3.26500e-01  1.42061e-01 -4.92809e-01  3.71259e-01
  102  1.79386e-01 -1.35628e-01 -5.33465e-01 -4.80084e-02  2.52871e-02 -6.47375e-01  1.43445e-01 -3.05184e+00  2.61399e-02 -6.40659e-01  1.42061e-01 -3.04829e+00  3.71259e-01
  103  1.24083e-01 -1.89953e-01  4.21834e-01  3.32085e-01  2.57394e-02 -9.92156e-01  1.44112e-01  6.66913e-01  2.61399e-02 -9.54818e-01  1.42061e-01  6.79417e-01  3.71259e-01
  104  5.88855e-02 -2.26161e-01 -1.67987e-01 -5.05344e-01  2.73081e-02 -1.31608e+00  1.41796e-01 -1.89172e+00  2.61399e-02 -1.26898e+00  1.42061e-01 -1.87606e+00  3.71260e-01
  105 -9.06556e-03 -2.35401e-01 -1.43112e-01  5.10296e-01  2.77478e-02 -1.60929e+00  1.40441e-01  1.84422e+00  2.61399e-02 -1.58314e+00  1.42061e-01  1.85164e+00  3.71260e-01
  106 -7.66222e-02 -2.17444e-01  4.06135e-01 -3.45474e-01  2.65764e-02 -1.90959e+00  1.42149e-01 -7.04865e-01  2.61399e-02 -1.89730e+00  1.42061e-01 -7.03839e-01  3.71260e-01
  107 -1.40650e-01 -1.80115e-01 -5.30966e-01  6.49671e-02  2.61119e-02 -2.23378e+00  1.43073e-01  3.01984e+00  2.61399e-02 -2.21146e+00  1.42061e-01  3.02386e+00  3.71259e-01
  108 -1.94308e-01 -1.31063e-01  4.74854e-01  2.38486e-01  2.74666e-02 -2.54818e+00  1.41181e-01  4.65430e-01  2.61399e-02 -2.52562e+00  1.42061e-01  4.68384e-01  3.71259e-01
  109 -2.28053e-01 -7.20794e-02 -2.58059e-01 -4.63075e-01  2.86019e-02 -2.83546e+00  1.40517e-01 -2.07921e+00  2.61399e-02 -2.83978e+00  1.42061e-01 -2.08710e+00  3.71259e-01
  110 -2.35661e-01 -2.81294e-03 -4.46098e-02  5.32791e-01  2.77720e-02 -3.12966e+00  1.42928e-01  1.65433e+00  2.61399e-02  3.12924e+00  1.42061e-01  1.64061e+00  3.71259e-01
  111 -2.18874e-01  7.14172e-02  3.30905e-01 -4.23946e-01  2.65030e-02  2.82619e+00  1.44614e-01 -9.08037e-01  2.61399e-02  2.81508e+00  1.42061e-01 -9.14870e-01  3.71259e-01
  112 -1.84496e-01  1.38581e-01 -5.05198e-01  1.72605e-01  2.66218e-02  2.49737e+00  1.42509e-01  2.81237e+00  2.61400e-02  2.50092e+00  1.42061e-01  2.81284e+00  3.71259e-01
  113 -1.37398e-01  1.87303e-01  5.10133e-01  1.37515e-01  2.69803e-02  2.20369e+00  1.39573e-01  2.63309e-01  2.61401e-02  2.18676e+00  1.42061e-01  2.57354e-01  3.71260e-01
  114 -7.78730e-02  2.13820e-01 -3.45916e-01 -4.02013e-01  2.58915e-02  1.92006e+00  1.40636e-01 -2.28133e+00  2.61400e-02  1.87260e+00  1.42061e-01 -2.29813e+00  3.71259e-01
  115 -6.84724e-03  2.21085e-01  6.84472e-02  5.31367e-01  2.44627e-02  1.60176e+00  1.43518e-01  1.44269e+00  2.61400e-02  1.55844e+00  1.42061e-01  1.42958e+00  3.71259e-01
  116  6.78945e-02  2.11831e-01  2.31213e-01 -4.82685e-01  2.47410e-02  1.26063e+00  1.43222e-01 -1.12408e+00  2.61400e-02  1.24428e+00  1.42061e-01 -1.12590e+00  3.71259e-01
  117  1.33735e-01  1.84255e-01 -4.55602e-01  2.73424e-01  2.59174e-02  9.42953e-01  1.41167e-01  2.60107e+00  2.61400e-02  9.30125e-01  1.42061e-01  2.60181e+00  3.71259e-01
  118  1.81315e-01  1.35381e-01  5.31003e-01  2.62331e-02  2.56017e-02  6.41362e-01  1.41326e-01  4.93628e-02  2.61400e-02  6.15967e-01  1.42061e-01  4.63279e-02  3.71259e-01
  119  2.08921e-01  6.78145e-02 -4.32045e-01 -3.16414e-01  2.41234e-02  3.13865e-01  1.43390e-01 -2.50947e+00  2.61401e-02  3.01807e-01  1.42061e-01 -2.50915e+00  3.71259e-01
  120  2.18830e-01 -8.05321e-03  1.90512e-01  5.00307e-01  2.39756e-02 -3.67847e-02  1.43301e-01  1.20696e+00  2.61401e-02 -1.23535e-02  1.42061e-01  1.21855e+00  3.71259e-01
  121  2.10793e-01 -7.95150e-02  1.15269e-01 -5.17428e-01  2.53782e-02 -3.60714e-01  1.40509e-01 -1.35160e+00  2.61401e-02 -3.26514e-01  1.42061e-01 -1.33693e+00  3.71259e-01
  122  1.81367e-01 -1.39142e-01 -3.84723e-01  3.63295e-01  2.61273e-02 -6.54408e-01  1.39998e-01  2.38483e+00  2.61400e-02 -6.40675e-01  1.42061e-01  2.39078e+00  3.71259e-01
  123  1.29576e-01 -1.85985e-01  5.26784e-01 -8.90751e-02  2.56902e-02 -9.62288e-01  1.42718e-01 -1.67508e-01  2.61399e-02 -9.54836e-01  1.42061e-01 -1.64703e-01  3.71259e-01
  124  6.12590e-02 -2.19570e-01 -4.91721e-01 -2.14873e-01  2.59818e-02 -1.29872e+00  1.43980e-01 -2.72962e+00  2.61399e-02 -1.26899e+00  1.42061e-01 -2.72018e+00  3.71259e-01
  125 -1.25561e-02 -2.34582e-01  2.90310e-01  4.47409e-01  2.75933e-02 -1.62427e+00  1.42227e-01  9.95216e-01  2.61399e-02 -1.58315e+00  1.42061e-01  1.00752e+00  3.71259e-01
  126 -8.16841e-02 -2.23635e-01  9.40834e-03 -5.30768e-01  2.83425e-02 -1.92100e+00  1.40902e-01 -1.55307e+00  2.61399e-02 -1.89731e+00  1.42061e-01 -1.54796e+00  3.71259e-01
  127 -1.41151e-01 -1.85610e-01 -3.05728e-01  4.37194e-01  2.71873e-02 -2.22097e+00  1.42304e-01  2.18105e+00  2.61399e-02 -2.21147e+00  1.42061e-01  2.17975e+00  3.71260e-01
  128 -1.89456e-01 -1.28876e-01  4.97699e-01 -1.97360e-01  2.62513e-02 -2.54425e+00  1.43328e-01 -3.77524e-01  2.61400e-02 -2.52564e+00  1.42061e-01 -3.75734e-01  3.71260e-01
  129 -2.23691e-01 -6.47887e-02 -5.20009e-01 -1.09686e-01  2.71177e-02 -2.85967e+00  1.41220e-01 -2.93371e+00  2.61400e-02 -2.83980e+00  1.42061e-01 -2.93122e+00  3.71259e-01
  130 -2.37441e-01  5.99051e-04  3.66337e-01  3.81294e-01  2.81892e-02  3.13907e+00  1.39794e-01  8.05402e-01  2.61399e-02  3.12923e+00  1.42061e-01  7.96490e-01  3.71259e-01
  131 -2.24875e-01  6.67912e-02 -9.05174e-02 -5.25502e-01  2.75149e-02  2.85288e+00  1.42173e-01 -1.74137e+00  2.61399e-02  2.81507e+00  1.42061e-01 -1.75899e+00  3.71259e-01
  132 -1.87275e-01  1.31571e-01 -2.14130e-01  4.93423e-01  2.61914e-02  2.52915e+00  1.44659e-01  1.98024e+00  2.61399e-02  2.50091e+00  1.42061e-01  1.96872e+00  3.71259e-01
  133 -1.33241e-01  1.86254e-01  4.46396e-01 -2.95836e-01  2.62220e-02  2.19177e+00  1.43394e-01 -5.85267e-01  2.61400e-02  2.18675e+00  1.42061e-01 -5.86764e-01  3.71259e-01
  134 -7.17354e-02  2.19844e-01 -5.29787e-01 -1.26755e-03  2.67387e-02  1.88620e+00  1.40338e-01 -3.13920e+00  2.61401e-02  1.87259e+00  1.42061e-01  3.14094e+00  3.71260e-01
  135 -6.41217e-03  2.26964e-01  4.37911e-01  2.98266e-01  2.57768e-02  1.59904e+00  1.40364e-01  5.97936e-01  2.61401e-02  1.55843e+00  1.42061e-01  5.85461e-01  3.71260e-01
  136  6.20587e-02  2.10698e-01 -2.02483e-01 -4.94944e-01  2.41224e-02  1.28436e+00  1.42985e-01 -1.95913e+00  2.61401e-02  1.24427e+00  1.42061e-01 -1.97002e+00  3.71259e-01
  137  1.28847e-01  1.77650e-01 -9.92214e-02  5.25626e-01  2.40806e-02  9.43302e-01  1.43064e-01  1.75737e+00  2.61401e-02  9.30107e-01  1.42061e-01  1.75769e+00  3.71259e-01
  138  1.83211e-01  1.31220e-01  3.69430e-01 -3.81479e-01  2.53926e-02  6.21531e-01  1.41002e-01 -8.01443e-01  2.61400e-02  6.15949e-01  1.42061e-01 -7.97792e-01  3.71259e-01
  139  2.15102e-01  7.09955e-02 -5.19515e-01  1.11362e-01  2.56546e-02  3.18797e-01  1.41149e-01  2.93043e+00  2.61400e-02  3.01791e-01  1.42061e-01  2.92991e+00  3.71259e-01
  140  2.21776e-01 -1.46188e-03  4.98847e-01  1.95020e-01  2.45933e-02 -6.59159e-03  1.43441e-01  3.72673e-01  2.61400e-02 -1.23675e-02  1.42061e-01  3.74435e-01  3.71259e-01
  141  2.07221e-01 -7.76341e-02 -3.12936e-01 -4.35752e-01  2.44839e-02 -3.58458e-01  1.43904e-01 -2.19360e+00  2.61400e-02 -3.26528e-01  1.42061e-01 -2.18104e+00  3.71259e-01
  142  1.75894e-01 -1.44341e-01  2.21194e-02  5.30957e-01  2.58864e-02 -6.87184e-01  1.41203e-01  1.52916e+00  2.61400e-02 -6.40688e-01  1.42061e-01  1.54666e+00  3.71259e-01
  143  1.28670e-01 -1.91816e-01  2.77689e-01 -4.49918e-01  2.66748e-02 -9.79938e-01  1.39769e-01 -1.01783e+00  2.61400e-02 -9.54849e-01  1.42061e-01 -1.00882e+00  3.71260e-01
  144  6.57657e-02 -2.18631e-01 -4.85432e-01  2.19825e-01  2.60624e-02 -1.27860e+00  1.41984e-01  2.71638e+00  2.61399e-02 -1.26901e+00  1.42061e-01  2.71888e+00  3.71259e-01
  145 -8.12270e-03 -2.27851e-01  5.29298e-01  8.36975e-02  2.59910e-02 -1.60643e+00  1.43581e-01  1.56831e-01  2.61399e-02 -1.58317e+00  1.42061e-01  1.63403e-01  3.71259e-01
  146 -8.27045e-02 -2.19573e-01 -3.93450e-01 -3.59987e-01  2.75261e-02 -1.93102e+00  1.42197e-01 -2.40058e+00  2.61398e-02 -1.89733e+00  1.42061e-01 -2.39208e+00  3.71259e-01
  147 -1.46421e-01 -1.89511e-01  1.24362e-01  5.16406e-01  2.86768e-02 -2.22862e+00  1.41071e-01  1.33447e+00  2.61398e-02 -2.21149e+00  1.42061e-01  1.33563e+00  3.71259e-01
  148 -1.92565e-01 -1.35983e-01  1.86148e-01 -5.00404e-01  2.77863e-02 -2.52674e+00  1.42528e-01 -1.21466e+00  2.61399e-02 -2.52565e+00  1.42061e-01 -1.21985e+00  3.71259e-01
  149 -2.20625e-01 -6.62548e-02 -4.32677e-01  3.16999e-01  2.65325e-02 -2.84986e+00  1.43849e-01  2.50929e+00  2.61400e-02 -2.83981e+00  1.42061e-01  2.50785e+00  3.71260e-01
  150 -2.31694e-01  6.65123e-03  5.31849e-01 -2.65755e-02  2.68632e-02  3.11289e+00  1.41785e-01 -4.99266e-02  2.61400e-02  3.12921e+00  1.42061e-01 -4.76281e-02  3.71260e-01
  151 -2.23695e-01  7.29900e-02 -4.51249e-01 -2.74145e-01  2.76835e-02  2.82619e+00  1.39390e-01 -2.59566e+00  2.61400e-02  2.81505e+00  1.42061e-01 -2.60311e+00  3.71259e-01
  152 -1.92462e-01  1.30449e-01  2.20147e-01  4.83564e-01  2.70293e-02  2.54593e+00  1.41149e-01  1.14358e+00  2.61400e-02  2.50089e+00  1.42061e-01  1.12460e+00  3.71259e-01
  153 -1.38468e-01  1.79285e-01  8.28851e-02 -5.30624e-01  2.56582e-02  2.22844e+00  1.44216e-01 -1.41585e+00  2.61400e-02  2.18673e+00  1.42061e-01 -1.43088e+00  3.71259e-01
  154 -7.04074e-02  2.15345e-01 -3.57563e-01  3.99791e-01  2.56653e-02  1.88679e+00  1.43842e-01  2.30049e+00  2.61400e-02  1.87257e+00  1.42061e-01  2.29682e+00  3.71259e-01
  155 -4.35843e-06  2.30119e-01  5.13784e-01 -1.35232e-01  2.64773e-02  1.57082e+00  1.41131e-01 -2.57371e-01  2.61401e-02  1.55842e+00  1.42061e-01 -2.58656e-01  3.71259e-01
  156  6.56495e-02  2.17627e-01 -5.00638e-01 -1.74511e-01  2.58356e-02  1.27782e+00  1.40546e-01 -2.80619e+00  2.61401e-02  1.24426e+00  1.42061e-01 -2.81414e+00  3.71260e-01
  157  1.25233e-01  1.80125e-01  3.23281e-01  4.25405e-01  2.40643e-02  9.63261e-01  1.42740e-01  9.20967e-01  2.61401e-02  9.30094e-01  1.42061e-01  9.13569e-01  3.71259e-01
  158  1.76981e-01  1.26444e-01 -3.99193e-02 -5.33459e-01  2.36551e-02  6.20357e-01  1.43086e-01 -1.64549e+00  2.61401e-02  6.15933e-01  1.42061e-01 -1.64191e+00  3.71259e-01
  159  2.13763e-01  6.48183e-02 -2.57752e-01  4.63873e-01  2.49479e-02  2.94413e-01  1.40807e-01  2.07797e+00  2.61401e-02  3.01773e-01  1.42061e-01  2.08579e+00  3.71259e-01
  160  2.26649e-01 -1.57684e-03  4.72339e-01 -2.41058e-01  2.56861e-02 -6.95711e-03  1.40607e-01 -4.71893e-01  2.61400e-02 -1.23850e-02  1.42061e-01 -4.69685e-01  3.71259e-01
  161  2.12259e-01 -7.15600e-02 -5.31583e-01 -6.10363e-02  2.50873e-02 -3.25169e-01  1.43153e-01 -3.02727e+00  2.61399e-02 -3.26544e-01  1.42061e-01 -3.02516e+00  3.71259e-01
  162  1.75165e-01 -1.39610e-01  4.13960e-01  3.42348e-01  2.50868e-02 -6.72921e-01  1.44283e-01  6.90993e-01  2.61400e-02 -6.40703e-01  1.42061e-01  7.02542e-01  3.71259e-01
  163  1.23385e-01 -1.94435e-01 -1.57392e-01 -5.09260e-01  2.65144e-02 -1.00534e+00  1.42059e-01 -1.87055e+00  2.61400e-02 -9.54862e-01  1.42061e-01 -1.85294e+00  3.71260e-01
  164  6.23517e-02 -2.25432e-01 -1.53033e-01  5.06668e-01  2.73536e-02 -1.30095e+00  1.40066e-01  1.86412e+00  2.61400e-02 -1.26902e+00  1.42061e-01  1.87477e+00  3.71260e-01
  165 -5.71262e-03 -2.30252e-01  4.12720e-01 -3.35828e-01  2.65242e-02 -1.59560e+00  1.41559e-01 -6.83035e-01  2.61399e-02 -1.58319e+00  1.42061e-01 -6.80715e-01  3.71260e-01
  166 -7.73861e-02 -2.14337e-01 -5.32596e-01  5.28525e-02  2.59644e-02 -1.91728e+00  1.43226e-01  3.04268e+00  2.61399e-02 -1.89735e+00  1.42061e-01  3.04699e+00  3.71259e-01
  167 -1.44693e-01 -1.83084e-01  4.71124e-01  2.48787e-01  2.72279e-02 -2.23960e+00  1.41926e-01  4.85851e-01  2.61398e-02 -2.21151e+00  1.42061e-01  4.91509e-01  3.71259e-01
  168 -1.96715e-01 -1.36511e-01 -2.49901e-01 -4.68060e-01  2.86660e-02 -2.53494e+00  1.40765e-01 -2.06120e+00  2.61398e-02 -2.52567e+00  1.42061e-01 -2.06397e+00  3.71259e-01
  169 -2.25676e-01 -7.31894e-02 -5.48940e-02  5.30954e-01  2.81431e-02 -2.82798e+00  1.42463e-01  1.67382e+00  2.61398e-02 -2.83983e+00  1.42061e-01  1.66373e+00  3.71259e-01
  170 -2.31284e-01  1.83443e-03  3.39906e-01 -4.16097e-01  2.67479e-02  3.13366e+00  1.44337e-01 -8.85840e-01  2.61399e-02  3.12920e+00  1.42061e-01 -8.91746e-01  3.71259e-01
  171 -2.17966e-01  7.61571e-02 -5.09324e-01  1.61348e-01  2.66545e-02  2.80545e+00  1.42722e-01  2.83481e+00  2.61400e-02  2.81504e+00  1.42061e-01  2.83596e+00  3.71260e-01
  172 -1.88442e-01  1.37742e-01  5.07062e-01  1.48645e-01  2.72415e-02  2.51040e+00  1.39604e-01  2.85160e-01  2.61400e-02  2.50088e+00  1.42061e-01  2.80479e-01  3.71260e-01
  173 -1.41424e-01  1.81966e-01 -3.35844e-01 -4.09548e-01  2.65562e-02  2.23148e+00  1.40261e-01 -2.25764e+00  2.61400e-02  2.18672e+00  1.42061e-01 -2.27500e+00  3.71259e-01
  174 -7.68267e-02  2.10371e-01  5.44048e-02  5.32890e-01  2.50791e-02  1.92094e+00  1.43466e-01  1.46905e+00  2.61400e-02  1.87256e+00  1.42061e-01  1.45270e+00  3.71259e-01
  175 -1.93357e-03  2.23514e-01  2.44262e-01 -4.77502e-01  2.49811e-02  1.57945e+00  1.43836e-01 -1.09796e+00  2.61400e-02  1.55840e+00  1.42061e-01 -1.10278e+00  3.71259e-01
  176  7.06284e-02  2.17122e-01 -4.62692e-01  2.62836e-01  2.60651e-02  1.25630e+00  1.41583e-01  2.62499e+00  2.61400e-02  1.24424e+00  1.42061e-01  2.62493e+00  3.71259e-01
  177  1.31006e-01  1.86149e-01  5.29347e-01  3.90915e-02  2.59070e-02  9.57545e-01  1.40868e-01  7.37146e-02  2.61401e-02  9.30082e-01  1.42061e-01  6.94519e-02  3.71259e-01
  178  1.76528e-01  1.31725e-01 -4.22338e-01 -3.27370e-01  2.42567e-02  6.41063e-01  1.42770e-01 -2.48220e+00  2.61401e-02  6.15921e-01  1.42061e-01 -2.48603e+00  3.71259e-01
  179  2.07895e-01  6.30642e-02  1.76534e-01  5.05575e-01  2.35986e-02  2.94525e-01  1.43385e-01  1.23486e+00  2.61401e-02  3.01760e-01  1.42061e-01  1.24168e+00  3.71259e-01
  180  2.22587e-01 -8.13736e-03  1.28499e-01 -5.15109e-01  2.48056e-02 -3.65418e-02  1.40925e-01 -1.32633e+00  2.61401e-02 -1.24002e-02  1.42061e-01 -1.31380e+00  3.71259e-01
  181  2.14614e-01 -7.48743e-02 -3.93063e-01  3.54197e-01  2.58327e-02 -3.35675e-01  1.39977e-01  2.40816e+00  2.61400e-02 -3.26560e-01  1.42061e-01  2.41390e+00  3.71259e-01
  182  1.80824e-01 -1.35534e-01  5.28329e-01 -7.64535e-02  2.55334e-02 -6.43203e-01  1.42488e-01 -1.43711e-01  2.61399e-02 -6.40720e-01  1.42061e-01 -1.41578e-01  3.71259e-01
  183  1.25529e-01 -1.87981e-01 -4.87034e-01 -2.26497e-01  2.55472e-02 -9.82028e-01  1.44252e-01 -2.70629e+00  2.61399e-02 -9.54879e-01  1.42061e-01 -2.69706e+00  3.71259e-01
  184  5.86096e-02 -2.24790e-01  2.81656e-01  4.53925e-01  2.69828e-02 -1.31574e+00  1.42689e-01  1.01545e+00  2.61399e-02 -1.26904e+00  1.42061e-01  1.03065e+00  3.71260e-01
  185 -1.06853e-02 -2.36418e-01  1.91651e-02 -5.30024e-01  2.80039e-02 -1.61596e+00  1.40646e-01 -1.53465e+00  2.61399e-02 -1.58320e+00  1.42061e-01 -1.52483e+00  3.71260e-01
  186 -7.76380e-02 -2.19615e-01 -3.13816e-01  4.29701e-01  2.71292e-02 -1.91060e+00  1.41562e-01  2.20158e+00  2.61399e-02 -1.89736e+00  1.42061e-01  2.20287e+00  3.71260e-01
  187 -1.39840e-01 -1.80698e-01  5.01777e-01 -1.85918e-01  2.61036e-02 -2.22941e+00  1.43173e-01 -3.54836e-01  2.61399e-02 -2.21152e+00  1.42061e-01 -3.52610e-01  3.71260e-01
  188 -1.92611e-01 -1.29263e-01 -5.18616e-01 -1.21067e-01  2.69039e-02 -2.55052e+00  1.41810e-01 -2.91226e+00  2.61399e-02 -2.52568e+00  1.42061e-01 -2.90809e+00  3.71259e-01
  189 -2.27592e-01 -7.00928e-02  3.59443e-01  3.88775e-01  2.83556e-02 -2.84284e+00  1.40173e-01  8.24580e-01  2.61399e-02 -2.83984e+00  1.42061e-01  8.19615e-01  3.71259e-01
  190 -2.37109e-01 -3.09012e-03 -7.98792e-02 -5.26723e-01  2.81151e-02 -3.12856e+00  1.41909e-01 -1.72130e+00  2.61399e-02  3.12918e+00  1.42061e-01 -1.73586e+00  3.71259e-01
  191 -2.20480e-01  6.92376e-02 -2.25087e-01  4.88151e-01  2.67027e-02  2.83731e+00  1.44478e-01  2.00284e+00  2.61399e-02  2.81502e+00  1.42061e-01  1.99184e+00  3.71259e-01
  192 -1.84218e-01  1.37149e-01  4.53482e-01 -2.85774e-01  2.63731e-02  2.50163e+00  1.43657e-01 -5.62313e-01  2.61400e-02  2.50086e+00  1.42061e-01 -5.63639e-01  3.71259e-01
  193 -1.35469e-01  1.88313e-01 -5.29685e-01 -1.30744e-02  2.69068e-02  2.19441e+00  1.40369e-01 -3.11691e+00  2.61401e-02  2.18670e+00  1.42061e-01 -3.11912e+00  3.71260e-01
  194 -7.66599e-02  2.16047e-01  4.29789e-01  3.08204e-01  2.62765e-02  1.91177e+00  1.39854e-01  6.22114e-01  2.61401e-02  1.87254e+00  1.42061e-01  6.08585e-01  3.71260e-01
  195 -7.88881e-03  2.21893e-01 -1.88682e-01 -4.99819e-01  2.46493e-02  1.60633e+00  1.42710e-01 -1.93176e+00  2.61401e-02  1.55838e+00  1.42061e-01 -1.94690e+00  3.71259e-01
  196  6.59052e-02  2.10319e-01 -1.13911e-01  5.23648e-01  2.42888e-02  1.26713e+00  1.43592e-01  1.78499e+00  2.61400e-02  1.24422e+00  1.42061e-01  1.78081e+00  3.71259e-01
  197  1.33243e-01  1.82257e-01  3.79671e-01 -3.72943e-01  2.54856e-02  9.39522e-01  1.41618e-01 -7.76458e-01  2.61400e-02  9.30064e-01  1.42061e-01 -7.74668e-01  3.71259e-01
  198  1.82884e-01  1.35248e-01 -5.21690e-01  9.87784e-02  2.58693e-02  6.36766e-01  1.40959e-01  2.95446e+00  2.61400e-02  6.15907e-01  1.42061e-01  2.95304e+00  3.71259e-01
  199  2.10622e-01  6.96589e-02  4.92599e-01  2.07538e-01  2.46070e-02  3.19405e-01  1.42863e-01  3.98742e-01  2.61400e-02  3.01748e-01  1.42061e-01  3.97559e-01  3.71259e-01
  200  2.18636e-01 -6.50231e-03 -3.01111e-01 -4.43887e-01  2.39219e-02 -2.97316e-02  1.43852e-01 -2.16684e+00  2.61401e-02 -1.24130e-02  1.42061e-01 -2.15792e+00  3.71259e-01
  201  2.09054e-01 -8.01796e-02  9.19269e-03  5.31872e-01  2.50661e-02 -3.66233e-01  1.41486e-01  1.55351e+00  2.61401e-02 -3.26574e-01  1.42061e-01  1.56978e+00  3.71259e-01
  202  1.80210e-01 -1.41216e-01  2.87596e-01 -4.43396e-01  2.62087e-02 -6.64672e-01  1.39656e-01 -9.95392e-01  2.61400e-02 -6.40734e-01  1.42061e-01 -9.85696e-01  3.71259e-01
  203  1.30292e-01 -1.86893e-01 -4.89837e-01  2.08329e-01  2.59525e-02 -9.61987e-01  1.41671e-01  2.73947e+00  2.61399e-02 -9.54896e-01  1.42061e-01  2.74201e+00  3.71259e-01
  204  6.29250e-02 -2.18134e-01  5.27717e-01  9.59844e-02  2.57709e-02 -1.28995e+00  1.43849e-01  1.79919e-01  2.61399e-02 -1.26906e+00  1.42061e-01  1.86528e-01  3.71259e-01
  205 -1.19686e-02 -2.32571e-01 -3.87042e-01 -3.68683e-01  2.71163e-02 -1.62221e+00  1.42865e-01 -2.38048e+00  2.61399e-02 -1.58321e+00  1.42061e-01 -2.36895e+00  3.71259e-01
  206 -8.28930e-02 -2.23623e-01  1.15265e-01  5.18544e-01  2.84392e-02 -1.92578e+00  1.41087e-01  1.35207e+00  2.61399e-02 -1.89737e+00  1.42061e-01  1.35875e+00  3.71259e-01
  207 -1.42698e-01 -1.87666e-01  1.95288e-01 -4.95466e-01  2.77906e-02 -2.22091e+00  1.41812e-01 -1.19534e+00  2.61399e-02 -2.21153e+00  1.42061e-01 -1.19673e+00  3.71259e-01
  208 -1.89458e-01 -1.30436e-01 -4.39011e-01  3.06898e-01  2.64539e-02 -2.53865e+00  1.43459e-01  2.53149e+00  2.61400e-02 -2.52570e+00  1.42061e-01  2.53098e+00  3.71260e-01
  209 -2.22065e-01 -6.38780e-02  5.32963e-01 -1.48169e-02  2.66967e-02 -2.86150e+00  1.42135e-01 -2.77939e-02  2.61400e-02 -2.83986e+00  1.42061e-01 -2.45038e-02  3.71259e-01
  210 -2.36165e-01  2.89950e-03 -4.46087e-01 -2.83662e-01  2.78912e-02  3.12932e+00  1.39729e-01 -2.57520e+00  2.61400e-02  3.12917e+00  1.42061e-01 -2.57998e+00  3.71259e-01
  211 -2.25630e-01  6.76849e-02  2.09734e-01  4.87814e-01  2.77452e-02  2.85015e+00  1.40975e-01  1.16474e+00  2.61399e-02  2.81501e+00  1.42061e-01  1.14772e+00  3.71259e-01
  212 -1.89194e-01  1.30011e-01  9.53490e-02 -5.28342e-01  2.63486e-02  2.53952e+00  1.44118e-01 -1.39225e+00  2.61399e-02  2.50085e+00  1.42061e-01 -1.40776e+00  3.71259e-01
  213 -1.33929e-01  1.84151e-01 -3.67526e-01  3.91654e-01  2.59243e-02  2.19960e+00  1.44234e-01  2.32442e+00  2.61400e-02  2.18669e+00  1.42061e-01  2.31995e+00  3.71259e-01
  214 -7.02622e-02  2.19682e-01  5.17057e-01 -1.23580e-01  2.65985e-02  1.88035e+00  1.41310e-01 -2.34606e-01  2.61400e-02  1.87253e+00  1.42061e-01 -2.35532e-01  3.71259e-01
  215 -4.54249e-03  2.28891e-01 -4.95318e-01 -1.86195e-01  2.62060e-02  1.59064e+00  1.40004e-01 -2.78202e+00  2.61401e-02  1.55837e+00  1.42061e-01 -2.79101e+00  3.71260e-01
  216  6.20102e-02  2.12408e-01  3.10828e-01  4.33386e-01  2.44812e-02  1.28675e+00  1.42219e-01  9.48614e-01  2.61401e-02  1.24421e+00  1.42061e-01  9.36693e-01  3.71259e-01
  217  1.26980e-01  1.77139e-01 -2.46928e-02 -5.34948e-01  2.37510e-02  9.48860e-01  1.43390e-01 -1.61692e+00  2.61401e-02  9.30047e-01  1.42061e-01 -1.61879e+00  3.71259e-01
  218  1.81844e-01  1.29147e-01 -2.70329e-01  4.58095e-01  2.48731e-02  6.17542e-01  1.41464e-01  2.10392e+00  2.61401e-02  6.15888e-01  1.42061e-01  2.10892e+00  3.71259e-01
  219  2.15836e-01  6.98468e-02  4.78060e-01 -2.29719e-01  2.57318e-02  3.12975e-01  1.40656e-01 -4.47945e-01  2.61400e-02  3.01730e-01  1.42061e-01 -4.46560e-01  3.71259e-01
  220  2.23656e-01 -3.25665e-04 -5.29110e-01 -7.41597e-02  2.50110e-02 -1.45610e-03  1.42729e-01 -3.00234e+00  2.61400e-02 -1.24279e-02  1.42061e-01 -3.00204e+00  3.71259e-01
  221  2.07971e-01 -7.56257e-02  4.05077e-01  3.52690e-01  2.44857e-02 -3.48770e-01  1.44239e-01  7.16375e-01  2.61400e-02 -3.26587e-01  1.42061e-01  7.25666e-01  3.71259e-01
  222  1.74695e-01 -1.43978e-01 -1.45780e-01 -5.13210e-01  2.56240e-02 -6.89307e-01  1.42318e-01 -1.84756e+00  2.61400e-02 -6.40748e-01  1.42061e-01 -1.82981e+00  3.71259e-01
  223  1.27046e-01 -1.93593e-01 -1.63536e-01  5.02985e-01  2.68095e-02 -9.90038e-01  1.39869e-01  1.88515e+00  2.61400e-02 -9.54908e-01  1.42061e-01  1.89789e+00  3.71259e-01
  224  6.56147e-02 -2.20343e-01  4.19296e-01 -3.26039e-01  2.64283e-02 -1.28137e+00  1.41055e-01 -6.60924e-01  2.61399e-02 -1.26907e+00  1.42061e-01 -6.57590e-01  3.71260e-01
  225 -6.67619e-03 -2.27310e-01 -5.33855e-01  4.05793e-02  2.58572e-02 -1.60016e+00  1.43324e-01  3.06573e+00  2.61399e-02 -1.58323e+00  1.42061e-01  3.07011e+00  3.71259e-01
  226 -8.14209e-02 -2.17390e-01  4.67096e-01  2.59159e-01  2.69439e-02 -1.92916e+00  1.42671e-01  5.06545e-01  2.61398e-02 -1.89739e+00  1.42061e-01  5.14635e-01  3.71259e-01
  227 -1.46907e-01 -1.88427e-01 -2.41842e-01 -4.72952e-01  2.85433e-02 -2.23300e+00  1.41086e-01 -2.04348e+00  2.61398e-02 -2.21155e+00  1.42061e-01 -2.04085e+00  3.71259e-01
  228 -1.94273e-01 -1.37397e-01 -6.46816e-02  5.28866e-01  2.83099e-02 -2.52603e+00  1.41941e-01  1.69249e+00  2.61399e-02 -2.52571e+00  1.42061e-01  1.68686e+00  3.71259e-01
  229 -2.21472e-01 -6.84189e-02  3.48305e-01 -4.07962e-01  2.68654e-02 -2.84196e+00  1.43875e-01 -8.64119e-01  2.61399e-02 -2.83987e+00  1.42061e-01 -8.68621e-01  3.71260e-01
  230 -2.30557e-01  6.41505e-03 -5.13117e-01  1.49965e-01  2.65989e-02  3.11378e+00  1.42889e-01  2.85725e+00  2.61400e-02  3.12915e+00  1.42061e-01  2.85908e+00  3.71260e-01
  231 -2.21888e-01  7.49890e-02  5.04152e-01  1.59591e-01  2.74287e-02  2.81568e+00  1.39819e-01  3.06573e-01  2.61400e-02  2.81499e+00  1.42061e-01  3.03603e-01  3.71259e-01
  232 -1.92278e-01  1.32276e-01 -3.26364e-01 -4.16606e-01  2.72339e-02  2.53901e+00  1.40037e-01 -2.23533e+00  2.61400e-02  2.50083e+00  1.42061e-01 -2.25188e+00  3.71259e-01
  233 -1.40216e-01  1.78778e-01  4.10984e-02  5.33850e-01  2.58110e-02  2.23589e+00  1.43342e-01  1.49396e+00  2.61400e-02  2.18667e+00  1.42061e-01  1.47583e+00  3.71259e-01
  234 -7.19242e-02  2.13169e-01  2.56731e-01 -4.71945e-01  2.53071e-02  1.89621e+00  1.44322e-01 -1.07258e+00  2.61400e-02  1.87251e+00  1.42061e-01 -1.07965e+00  3.71259e-01
  235  6.16131e-04  2.28859e-01 -4.69462e-01  2.52220e-01  2.61885e-02  1.56810e+00  1.42005e-01  2.64859e+00  2.61400e-02  1.55835e+00  1.42061e-01  2.64805e+00  3.71259e-01
  236  6.76849e-02  2.18724e-01  5.27489e-01  5.16713e-02  2.62107e-02  1.27069e+00  1.40457e-01  9.76456e-02  2.61401e-02  1.24420e+00  1.42061e-01  9.25758e-02  3.71260e-01
  237  1.26193e-01  1.82231e-01 -4.12302e-01 -3.37916e-01  2.45665e-02  9.65127e-01  1.42090e-01 -2.45502e+00  2.61401e-02  9.30035e-01  1.42061e-01 -2.46290e+00  3.71259e-01
  238  1.75736e-01  1.27034e-01  1.62004e-01  5.10476e-01  2.35104e-02  6.25908e-01  1.43416e-01  1.26349e+00  2.61401e-02  6.15874e-01  1.42061e-01  1.26480e+00  3.71259e-01
  239  2.11912e-01  6.32130e-02  1.42302e-01 -5.12533e-01  2.44514e-02  2.89895e-01  1.41470e-01 -1.29997e+00  2.61401e-02  3.01714e-01  1.42061e-01 -1.29068e+00  3.71259e-01
  240  2.26398e-01 -3.41997e-03 -4.01621e-01  3.44906e-01  2.56338e-02 -1.51049e-02  1.40130e-01  2.43202e+00  2.61400e-02 -1.24455e-02  1.42061e-01  2.43703e+00  3.71259e-01
  241  2.13805e-01 -7.14016e-02  5.29491e-01 -6.36490e-02  2.54055e-02 -3.22311e-01  1.42206e-01 -1.19634e-01  2.61399e-02 -3.26604e-01  1.42061e-01 -1.18453e-01  3.71259e-01
  242  1.76600e-01 -1.37642e-01 -4.81480e-01 -2.38289e-01  2.50664e-02 -6.62054e-01  1.44303e-01 -2.68203e+00  2.61399e-02 -6.40763e-01  1.42061e-01 -2.67393e+00  3.71259e-01
  243  1.23011e-01 -1.93128e-01  2.72083e-01  4.60544e-01  2.62150e-02 -1.00366e+00  1.43065e-01  1.03718e+00  2.61400e-02 -9.54922e-01  1.42061e-01  1.05377e+00  3.71260e-01
  244  6.06954e-02 -2.26481e-01  2.94498e-02 -5.29268e-01  2.74888e-02 -1.30896e+00  1.40496e-01 -1.51521e+00  2.61400e-02 -1.26908e+00  1.42061e-01 -1.50171e+00  3.71260e-01
  245 -6.66196e-03 -2.32383e-01 -3.21898e-01  4.22084e-01  2.70230e-02 -1.59946e+00  1.40887e-01  2.22234e+00  2.61399e-02 -1.58324e+00  1.42061e-01  2.22600e+00  3.71260e-01
  246 -7.65220e-02 -2.14854e-01  5.05547e-01 -1.74316e-01  2.60090e-02 -1.91295e+00  1.42982e-01 -3.32041e-01  2.61399e-02 -1.89741e+00  1.42061e-01 -3.29485e-01  3.71260e-01
  247 -1.43043e-01 -1.81265e-01 -5.17026e-01 -1.32522e-01  2.66592e-02 -2.23888e+00  1.42439e-01 -2.89068e+00  2.61399e-02 -2.21157e+00  1.42061e-01 -2.88497e+00  3.71259e-01
  248 -1.96334e-01 -1.34589e-01  3.52763e-01  3.96141e-01  2.83307e-02 -2.54066e+00  1.40685e-01  8.43256e-01  2.61398e-02 -2.52573e+00  1.42061e-01  8.42740e-01  3.71259e-01
  249 -2.27120e-01 -7.35701e-02 -6.98635e-02 -5.27638e-01  2.84980e-02 -2.82833e+00  1.41641e-01 -1.70244e+00  2.61398e-02 -2.83989e+00  1.42061e-01 -1.71274e+00  3.71259e-01
  250 -2.32812e-01 -3.76738e-04 -2.35294e-01  4.82519e-01  2.71007e-02 -3.13997e+00  1.44094e-01  2.02450e+00  2.61399e-02  3.12914e+00  1.42061e-01  2.01497e+00  3.71259e-01
  251 -2.17636e-01  7.48251e-02  4.60058e-01 -2.75521e-01  2.64822e-02  2.81044e+00  1.43783e-01 -5.39599e-01  2.61400e-02  2.81498e+00  1.42061e-01 -5.40515e-01  3.71259e-01
  252 -1.86544e-01  1.38892e-01 -5.29537e-01 -2.47302e-02  2.70449e-02  2.50158e+00  1.40511e-01 -3.09493e+00  2.61400e-02  2.50082e+00  1.42061e-01 -3.09600e+00  3.71260e-01
  253 -1.40295e-01  1.84212e-01  4.22041e-01  3.17657e-01  2.68083e-02  2.22168e+00  1.39512e-01  6.45206e-01  2.61400e-02  2.18666e+00  1.42061e-01  6.31709e-01  3.71259e-01
  254 -7.79292e-02  2.11049e-01 -1.75407e-01 -5.04077e-01  2.53073e-02  1.92451e+00  1.42430e-01 -1.90567e+00  2.61400e-02  1.87250e+00  1.42061e-01 -1.92377e+00  3.71259e-01
  255 -3.90645e-03  2.21880e-01 -1.28195e-01  5.21194e-01  2.46229e-02  1.58840e+00  1.44038e-01  1.81197e+00  2.61400e-02  1.55834e+00  1.42061e-01  1.80393e+00  3.71259e-01
  256  7.02262e-02  2.15150e-01  3.89679e-01 -3.64224e-01  2.56107e-02  1.25529e+00  1.42255e-01 -7.51647e-01  2.61400e-02  1.24418e+00  1.42061e-01 -7.51544e-01  3.71259e-01
  257  1.32664e-01  1.86143e-01 -5.23616e-01  8.62784e-02  2.61246e-02  9.51597e-01  1.40809e-01  2.97829e+00  2.61400e-02  9.30022e-01  1.42061e-01  2.97616e+00  3.71259e-01
  258  1.78219e-01  1.33638e-01  4.85837e-01  2.19848e-01  2.48106e-02  6.43406e-01  1.42186e-01  4.24943e-01  2.61401e-02  6.15862e-01  1.42061e-01  4.20683e-01  3.71259e-01
  259  2.07592e-01  6.45618e-02 -2.88459e-01 -4.51820e-01  2.36314e-02  3.01520e-01  1.43675e-01 -2.13900e+00  2.61401e-02  3.01701e-01  1.42061e-01 -2.13480e+00  3.71259e-01
  260  2.20767e-01 -8.87830e-03 -4.61084e-03  5.32625e-01  2.44084e-02 -4.01941e-02  1.41855e-01  1.57945e+00  2.61401e-02 -1.24596e-02  1.42061e-01  1.59291e+00  3.71259e-01
  261  2.13502e-01 -7.69434e-02  2.98004e-01 -4.36714e-01  2.57518e-02 -3.45898e-01  1.39763e-01 -9.71995e-01  2.61401e-02 -3.26620e-01  1.42061e-01 -9.62572e-01  3.71259e-01
  262  1.81653e-01 -1.36384e-01 -4.94112e-01  1.96640e-01  2.57993e-02 -6.44010e-01  1.41407e-01  2.76284e+00  2.61400e-02 -6.40780e-01  1.42061e-01  2.76513e+00  3.71259e-01
  263  1.27227e-01 -1.86531e-01  5.25498e-01  1.08466e-01  2.54902e-02 -9.72207e-01  1.43957e-01  2.03547e-01  2.61399e-02 -9.54940e-01  1.42061e-01  2.09654e-01  3.71259e-01
  264  5.91191e-02 -2.22835e-01 -3.79918e-01 -3.77504e-01  2.65753e-02 -1.31147e+00  1.43424e-01 -2.35938e+00  2.61399e-02 -1.26910e+00  1.42061e-01 -2.34583e+00  3.71259e-01
  265 -1.19510e-02 -2.36465e-01  1.05804e-01  5.20677e-01  2.80292e-02 -1.62129e+00  1.41149e-01  1.37032e+00  2.61399e-02 -1.58326e+00  1.42061e-01  1.38188e+00  3.71260e-01
  266 -7.91379e-02 -2.21665e-01  2.04312e-01 -4.90389e-01  2.76990e-02 -1.91371e+00  1.41112e-01 -1.17604e+00  2.61399e-02 -1.89742e+00  1.42061e-01 -1.17360e+00  3.71260e-01
  267 -1.39776e-01 -1.82187e-01 -4.44984e-01  2.96607e-01  2.63646e-02 -2.22522e+00  1.42993e-01  2.55367e+00  2.61399e-02 -2.21158e+00  1.42061e-01  2.55410e+00  3.71260e-01
  268 -1.91010e-01 -1.28281e-01  5.33867e-01 -2.95873e-03  2.64703e-02 -2.55019e+00  1.42511e-01 -5.54202e-03  2.61399e-02 -2.52574e+00  1.42061e-01 -1.37924e-03  3.71259e-01
  269 -2.26406e-01 -6.78043e-02 -4.41152e-01 -2.93059e-01  2.79285e-02 -2.85061e+00  1.40249e-01 -2.55523e+00  2.61399e-02 -2.83990e+00  1.42061e-01 -2.55686e+00  3.71259e-01
  270 -2.37902e-01 -2.30747e-03  1.99987e-01  4.91709e-01  2.83013e-02 -3.13189e+00  1.40886e-01  1.18451e+00  2.61399e-02  3.12912e+00  1.42061e-01  1.17085e+00  3.71259e-01
  271 -2.22345e-01  6.75765e-02  1.06978e-01 -5.25622e-01  2.70019e-02  2.84654e+00  1.43861e-01 -1.37001e+00  2.61399e-02  2.81496e+00  1.42061e-01 -1.38463e+00  3.71259e-01
  272 -1.84828e-01  1.35083e-01 -3.76839e-01  3.83245e-01  2.62045e-02  2.51046e+00  1.44442e-01  2.34777e+00  2.61399e-02  2.50080e+00  1.42061e-01  2.34307e+00  3.71259e-01
  273 -1.33971e-01  1.88305e-01  5.20083e-01 -1.12011e-01  2.67035e-02  2.18917e+00  1.41516e-01 -2.12130e-01  2.61400e-02  2.18664e+00  1.42061e-01 -2.12408e-01  3.71259e-01
  274 -7.48417e-02  2.18075e-01 -4.90112e-01 -1.97438e-01  2.65790e-02  1.90139e+00  1.39596e-01 -2.75864e+00  2.61401e-02  1.87248e+00  1.42061e-01 -2.76789e+00  3.71260e-01
  275 -8.02627e-03  2.23538e-01  2.98604e-01  4.40758e-01  2.50168e-02  1.60669e+00  1.41716e-01  9.75347e-01  2.61401e-02  1.55832e+00  1.42061e-01  9.59816e-01  3.71259e-01
  276  6.39922e-02  2.09668e-01 -9.57518e-03 -5.35914e-01  2.40279e-02  1.27457e+00  1.43648e-01 -1.58866e+00  2.61401e-02  1.24416e+00  1.42061e-01 -1.59566e+00  3.71259e-01
  277  1.31929e-01  1.80140e-01 -2.82912e-01  4.52022e-01  2.49279e-02  9.38675e-01  1.42182e-01  2.13003e+00  2.61400e-02  9.30003e-01  1.42061e-01  2.13204e+00  3.71259e-01
  278  1.83735e-01  1.34183e-01  4.83651e-01 -2.18290e-01  2.58819e-02  6.30778e-01  1.40784e-01 -4.23967e-01  2.61400e-02  6.15846e-01  1.42061e-01 -4.23436e-01  3.71259e-01
  279  2.12562e-01  7.08804e-02 -5.26107e-01 -8.72757e-02  2.51032e-02  3.21863e-01  1.42203e-01 -2.97720e+00  2.61400e-02  3.01687e-01  1.42061e-01 -2.97891e+00  3.71259e-01
  280  2.19316e-01 -4.51032e-03  3.95245e-01  3.63010e-01  2.40598e-02 -2.05625e-02  1.43997e-01  7.42912e-01  2.61400e-02 -1.24726e-02  1.42061e-01  7.48791e-01  3.71259e-01
  281  2.07745e-01 -7.98876e-02 -1.33120e-01 -5.17128e-01  2.47701e-02 -3.67113e-01  1.42571e-01 -1.82275e+00  2.61400e-02 -3.26633e-01  1.42061e-01 -1.80669e+00  3.71259e-01
  282  1.78577e-01 -1.43008e-01 -1.74730e-01  4.99217e-01  2.61706e-02 -6.75241e-01  1.39874e-01  1.90748e+00  2.61400e-02 -6.40794e-01  1.42061e-01  1.92102e+00  3.71259e-01
  283  1.30234e-01 -1.88554e-01  4.25945e-01 -3.16095e-01  2.62569e-02 -9.66339e-01  1.40672e-01 -6.38428e-01  2.61400e-02 -9.54955e-01  1.42061e-01 -6.34465e-01  3.71259e-01
  284  6.44289e-02 -2.17557e-01 -5.34695e-01  2.81267e-02  2.57412e-02 -1.28288e+00  1.43345e-01  3.08904e+00  2.61399e-02 -1.26912e+00  1.42061e-01  3.09324e+00  3.71259e-01
  285 -1.07403e-02 -2.30423e-01  4.62576e-01  2.69647e-01  2.66052e-02 -1.61737e+00  1.43343e-01  5.27769e-01  2.61399e-02 -1.58328e+00  1.42061e-01  5.37760e-01  3.71259e-01
  286 -8.34496e-02 -2.22615e-01 -2.33624e-01 -4.77819e-01  2.82607e-02 -1.92944e+00  1.41445e-01 -2.02556e+00  2.61399e-02 -1.89743e+00  1.42061e-01 -2.01772e+00  3.71259e-01
  287 -1.44379e-01 -1.89121e-01 -7.41850e-02  5.26600e-01  2.83061e-02 -2.22283e+00  1.41405e-01  1.71075e+00  2.61399e-02 -2.21159e+00  1.42061e-01  1.70999e+00  3.71259e-01
  288 -1.90228e-01 -1.32556e-01  3.56208e-01 -3.99582e-01  2.68789e-02 -2.53300e+00  1.43275e-01 -8.42725e-01  2.61399e-02 -2.52576e+00  1.42061e-01 -8.45496e-01  3.71260e-01
  289 -2.20921e-01 -6.40094e-02 -5.16586e-01  1.38435e-01  2.64516e-02 -2.85958e+00  1.43013e-01  2.87976e+00  2.61400e-02 -2.83992e+00  1.42061e-01  2.88221e+00  3.71260e-01
  290 -2.34437e-01  4.95830e-03  5.01375e-01  1.70428e-01  2.74926e-02  3.12045e+00  1.40211e-01  3.27668e-01  2.61400e-02  3.12911e+00  1.42061e-01  3.26727e-01  3.71259e-01
  291 -2.25521e-01  6.94390e-02 -3.17486e-01 -4.23271e-01  2.78407e-02  2.84290e+00  1.39978e-01 -2.21435e+00  2.61400e-02  2.81495e+00  1.42061e-01 -2.22875e+00  3.71259e-01
  292 -1.90934e-01  1.29362e-01  2.86088e-02  5.34293e-01  2.65952e-02  2.54611e+00  1.43144e-01  1.51730e+00  2.61399e-02  2.50079e+00  1.42061e-01  1.49895e+00  3.71259e-01
  293 -1.35374e-01  1.81929e-01  2.68506e-01 -4.66014e-01  2.57120e-02  2.21051e+00  1.44633e-01 -1.04808e+00  2.61400e-02  2.18663e+00  1.42061e-01 -1.05653e+00  3.71259e-01
  294 -6.95704e-02  2.18538e-01 -4.75857e-01  2.41575e-01  2.62993e-02  1.87900e+00  1.42399e-01  2.67183e+00  2.61400e-02  1.87247e+00  1.42061e-01  2.67118e+00  3.71259e-01
  295 -2.49998e-03  2.30136e-01  5.25520e-01  6.39247e-02  2.64843e-02  1.58166e+00  1.40129e-01  1.21046e-01  2.61401e-02  1.55831e+00  1.42061e-01  1.15700e-01  3.71260e-01
  296  6.28937e-02  2.14528e-01 -4.02182e-01 -3.47949e-01  2.49890e-02  1.28562e+00  1.41410e-01 -2.42837e+00  2.61401e-02  1.24415e+00  1.42061e-01 -2.43978e+00  3.71259e-01
  297  1.25640e-01  1.77618e-01  1.47225e-01  5.14898e-01  2.36668e-02  9.55145e-01  1.43397e-01  1.29230e+00  2.61401e-02  9.29987e-01  1.42061e-01  1.28792e+00  3.71259e-01
  298  1.79985e-01  1.27458e-01  1.56450e-01 -5.09632e-01  2.43200e-02  6.16181e-01  1.42101e-01 -1.27294e+00  2.61401e-02  6.15828e-01  1.42061e-01 -1.26756e+00  3.71259e-01
  299  2.15687e-01  6.80381e-02 -4.10305e-01  3.35425e-01  2.55750e-02  3.05569e-01  1.40430e-01  2.45627e+00  2.61400e-02  3.01669e-01  1.42061e-01  2.46015e+00  3.71259e-01
  300  2.25311e-01 -8.87176e-05  5.30268e-01 -5.07108e-02  2.53825e-02 -3.93756e-04  1.41878e-01 -9.53424e-02  2.61400e-02 -1.24887e-02  1.42061e-01 -9.53284e-02  3.71259e-01
  301  2.09395e-01 -7.36503e-02 -4.75033e-01 -2.50200e-01  2.46352e-02 -3.38215e-01  1.44128e-01 -2.65681e+00  2.61400e-02 -3.26648e-01  1.42061e-01 -2.65081e+00  3.71259e-01
  302  1.74216e-01 -1.42732e-01  2.61460e-01  4.67242e-01  2.53619e-02 -6.86390e-01  1.43338e-01  1.06063e+00  2.61400e-02 -6.40807e-01  1.42061e-01  1.07690e+00  3.71259e-01
  303  1.25341e-01 -1.94677e-01  4.04654e-02 -5.28503e-01  2.68048e-02 -9.98761e-01  1.40476e-01 -1.49438e+00  2.61400e-02 -9.54968e-01  1.42061e-01 -1.47858e+00  3.71259e-01
  304  6.47301e-02 -2.22436e-01 -3.30137e-01  4.14355e-01  2.68339e-02 -1.28761e+00  1.40340e-01  2.24355e+00  2.61400e-02 -1.26913e+00  1.42061e-01  2.24912e+00  3.71260e-01
  305 -5.74378e-03 -2.27770e-01  5.09032e-01 -1.62554e-01  2.59561e-02 -1.59601e+00  1.42769e-01 -3.09103e-01  2.61399e-02 -1.58329e+00  1.42061e-01 -3.06360e-01  3.71259e-01
  306 -7.98060e-02 -2.15567e-01 -5.15111e-01 -1.44081e-01  2.64191e-02 -1.92536e+00  1.43049e-01 -2.86885e+00  2.61399e-02 -1.89745e+00  1.42061e-01 -2.86184e+00  3.71259e-01
  307 -1.46607e-01 -1.86574e-01  3.46096e-01  4.03459e-01  2.81518e-02 -2.23681e+00  1.41281e-01  8.61779e-01  2.61398e-02 -2.21161e+00  1.42061e-01  8.65866e-01  3.71259e-01
  308 -1.95718e-01 -1.37863e-01 -6.02944e-02 -5.28326e-01  2.86559e-02 -2.52792e+00  1.41382e-01 -1.68443e+00  2.61398e-02 -2.52577e+00  1.42061e-01 -1.68961e+00  3.71259e-01
  309 -2.22921e-01 -7.06434e-02 -2.44846e-01  4.76573e-01  2.73422e-02 -2.83471e+00  1.43536e-01  2.04539e+00  2.61399e-02 -2.83993e+00  1.42061e-01  2.03809e+00  3.71259e-01
  310 -2.30182e-01  5.18129e-03  4.66145e-01 -2.65061e-01  2.65052e-02  3.11909e+00  1.43774e-01 -5.17029e-01  2.61400e-02  3.12909e+00  1.42061e-01 -5.17390e-01  3.71260e-01
  311 -2.20034e-01  7.62624e-02 -5.29352e-01 -3.63049e-02  2.71155e-02  2.80796e+00  1.40766e-01 -3.07312e+00  2.61400e-02  2.81493e+00  1.42061e-01 -3.07287e+00  3.71260e-01
  312 -1.91236e-01  1.34525e-01  4.14733e-01  3.26697e-01  2.73340e-02  2.52855e+00  1.39367e-01  6.67214e-01  2.61400e-02  2.50077e+00  1.42061e-01  6.54834e-01  3.71259e-01
  313 -1.41364e-01  1.79321e-01 -1.62811e-01 -5.07751e-01  2.60698e-02  2.23838e+00  1.42159e-01 -1.88109e+00  2.61400e-02  2.18661e+00  1.42061e-01 -1.90065e+00  3.71259e-01
  314 -7.38630e-02  2.11418e-01 -1.41873e-01  5.18260e-01  2.50766e-02  1.90691e+00  1.44361e-01  1.83800e+00  2.61400e-02  1.87245e+00  1.42061e-01  1.82706e+00  3.71259e-01
  315  3.01378e-04  2.26928e-01  3.99317e-01 -3.55336e-01  2.57481e-02  1.56947e+00  1.42859e-01 -7.27185e-01  2.61400e-02  1.55829e+00  1.42061e-01 -7.28420e-01  3.71259e-01
  316  6.94125e-02  2.18862e-01 -5.25313e-01  7.39347e-02  2.63593e-02  1.26368e+00  1.40710e-01  3.00177e+00  2.61401e-02  1.24414e+00  1.42061e-01  2.99929e+00  3.71259e-01
  317  1.27859e-01  1.84221e-01  4.78746e-01  2.31820e-01  2.51427e-02  9.64072e-01  1.41469e-01  4.50948e-01  2.61401e-02  9.29976e-01  1.42061e-01  4.43807e-01  3.71260e-01
  318  1.75326e-01  1.28471e-01 -2.75226e-01 -4.59408e-01  2.36221e-02  6.32372e-01  1.43402e-01 -2.11055e+00  2.61401e-02  6.15815e-01  1.42061e-01 -2.11167e+00  3.71259e-01
  319  2.10020e-01  6.23806e-02 -1.91111e-02  5.33117e-01  2.39998e-02  2.88723e-01  1.42290e-01  1.60663e+00  2.61401e-02  3.01654e-01  1.42061e-01  1.61603e+00  3.71259e-01
  320  2.25339e-01 -5.49242e-03  3.08854e-01 -4.29835e-01  2.54038e-02 -2.43693e-02  1.40074e-01 -9.47734e-01  2.61401e-02 -1.25056e-02  1.42061e-01 -9.39448e-01  3.71259e-01
  321  2.14755e-01 -7.21888e-02 -4.98251e-01  1.84761e-01  2.56655e-02 -3.24278e-01  1.41195e-01  2.78649e+00  2.61400e-02 -3.26665e-01  1.42061e-01  2.78826e+00  3.71259e-01
  322  1.78338e-01 -1.36169e-01  5.22575e-01  1.21136e-01  2.51732e-02 -6.52111e-01  1.43879e-01  2.27783e-01  2.61399e-02 -6.40824e-01  1.42061e-01  2.32778e-01  3.71259e-01
  323  1.23441e-01 -1.91224e-01 -3.71892e-01 -3.86464e-01  2.59023e-02 -9.97569e-01  1.43829e-01 -2.33698e+00  2.61399e-02 -9.54983e-01  1.42061e-01 -2.32270e+00  3.71259e-01
  324  5.93594e-02 -2.26582e-01  9.57155e-02  5.22840e-01  2.74314e-02 -1.31458e+00  1.41262e-01  1.38973e+00  2.61400e-02 -1.26914e+00  1.42061e-01  1.40500e+00  3.71260e-01
  325 -8.12414e-03 -2.34419e-01  2.13444e-01 -4.85217e-01  2.75092e-02 -1.60544e+00  1.40497e-01 -1.15638e+00  2.61399e-02 -1.58330e+00  1.42061e-01 -1.15048e+00  3.71260e-01
  326 -7.63847e-02 -2.16276e-01 -4.50686e-01  2.86150e-01  2.63050e-02 -1.91030e+00  1.42500e-01  2.57589e+00  2.61399e-02 -1.89747e+00  1.42061e-01  2.57723e+00  3.71260e-01
  327 -1.41456e-01 -1.80231e-01  5.34507e-01  9.01497e-03  2.62465e-02 -2.23624e+00  1.42890e-01  1.68643e-02  2.61399e-02 -2.21163e+00  1.42061e-01  2.17456e-02  3.71259e-01
  328 -1.95234e-01 -1.32328e-01 -4.36315e-01 -3.02400e-01  2.78135e-02 -2.54593e+00  1.40908e-01 -2.53553e+00  2.61399e-02 -2.52579e+00  1.42061e-01 -2.53373e+00  3.71259e-01
  329 -2.27948e-01 -7.28908e-02  1.90786e-01  4.95333e-01  2.86368e-02 -2.83210e+00  1.40877e-01  1.20314e+00  2.61398e-02 -2.83995e+00  1.42061e-01  1.19397e+00  3.71259e-01
  330 -2.34616e-01 -2.11839e-03  1.17827e-01 -5.22516e-01  2.75246e-02 -3.13256e+00  1.43453e-01 -1.34901e+00  2.61399e-02  3.12908e+00  1.42061e-01 -1.36151e+00  3.71259e-01
  331 -2.18172e-01  7.28073e-02 -3.85501e-01  3.74554e-01  2.64499e-02  2.81950e+00  1.44451e-01  2.37060e+00  2.61399e-02  2.81492e+00  1.42061e-01  2.36620e+00  3.71259e-01
  332 -1.85039e-01  1.39033e-01  5.22870e-01 -1.00472e-01  2.67848e-02  2.49722e+00  1.41744e-01 -1.89840e-01  2.61400e-02  2.50076e+00  1.42061e-01 -1.89284e-01  3.71260e-01
  333 -1.38543e-01  1.86327e-01 -4.85116e-01 -2.08285e-01  2.69559e-02  2.21015e+00  1.39360e-01 -2.73604e+00  2.61400e-02  2.18660e+00  1.42061e-01 -2.74476e+00  3.71260e-01
  334 -7.81482e-02  2.12616e-01  2.86819e-01  4.47521e-01  2.56563e-02  1.92303e+00  1.41270e-01  1.00084e+00  2.61400e-02  1.87244e+00  1.42061e-01  9.82940e-01  3.71259e-01
  335 -5.84413e-03  2.21082e-01  5.16111e-03 -5.36323e-01  2.44557e-02  1.59722e+00  1.43835e-01 -1.56117e+00  2.61400e-02  1.55828e+00  1.42061e-01 -1.57254e+00  3.71259e-01
  336  6.89766e-02  2.12994e-01 -2.95283e-01  4.45648e-01  2.50620e-02  1.25761e+00  1.42897e-01  2.15597e+00  2.61400e-02  1.24412e+00  1.42061e-01  2.15517e+00  3.71259e-01
  337  1.33623e-01  1.85178e-01  4.89051e-01 -2.06834e-01  2.60730e-02  9.45724e-01  1.40976e-01 -4.00115e-01  2.61400e-02  9.29961e-01  1.42061e-01 -4.00311e-01  3.71259e-01
  338  1.80203e-01  1.34962e-01 -5.22668e-01 -1.00262e-01  2.53439e-02  6.42826e-01  1.41617e-01 -2.95207e+00  2.61400e-02  6.15802e-01  1.42061e-01 -2.95579e+00  3.71259e-01
  339  2.08195e-01  6.65421e-02  3.84615e-01  3.73173e-01  2.38865e-02  3.09353e-01  1.43593e-01  7.70300e-01  2.61401e-02  3.01642e-01  1.42061e-01  7.71915e-01  3.71259e-01
  340  2.19348e-01 -8.66596e-03 -1.19495e-01 -5.20915e-01  2.40944e-02 -3.94872e-02  1.42816e-01 -1.79629e+00  2.61401e-02 -1.25189e-02  1.42061e-01 -1.78357e+00  3.71259e-01
  341  2.11862e-01 -7.87623e-02 -1.86635e-01  4.95317e-01  2.55446e-02 -3.55929e-01  1.40086e-01  1.93114e+00  2.61401e-02 -3.26679e-01  1.42061e-01  1.94414e+00  3.71259e-01
  342  1.81697e-01 -1.37997e-01  4.32710e-01 -3.05977e-01  2.60284e-02 -6.49549e-01  1.40430e-01 -6.15487e-01  2.61400e-02 -6.40840e-01  1.42061e-01 -6.11341e-01  3.71259e-01
  343  1.28803e-01 -1.85917e-01 -5.35069e-01  1.54764e-02  2.55778e-02 -9.64920e-01  1.43269e-01  3.11268e+00  2.61399e-02 -9.55000e-01  1.42061e-01  3.11636e+00  3.71259e-01
  344  6.02997e-02 -2.20723e-01  4.57377e-01  2.80285e-01  2.61773e-02 -1.30411e+00  1.43877e-01  5.49785e-01  2.61399e-02 -1.26916e+00  1.42061e-01  5.60885e-01  3.71259e-01
  345 -1.25869e-02 -2.35528e-01 -2.24974e-01 -4.82717e-01  2.78159e-02 -1.62419e+00  1.41815e-01 -2.00692e+00  2.61399e-02 -1.58332e+00  1.42061e-01 -1.99459e+00  3.71260e-01
  346 -8.08050e-02 -2.23148e-01 -8.36491e-02  5.24221e-01  2.81621e-02 -1.91822e+00  1.40902e-01  1.72903e+00  2.61399e-02 -1.89748e+00  1.42061e-01  1.73311e+00  3.71259e-01
  347 -1.40470e-01 -1.84258e-01  3.63744e-01 -3.91000e-01  2.68413e-02 -2.22216e+00  1.42596e-01 -8.21496e-01  2.61399e-02 -2.21164e+00  1.42061e-01 -8.22371e-01  3.71260e-01
  348 -1.89852e-01 -1.28324e-01 -5.19740e-01  1.26753e-01  2.62554e-02 -2.54722e+00  1.43098e-01  2.90238e+00  2.61400e-02 -2.52580e+00  1.42061e-01  2.90533e+00  3.71260e-01
  349 -2.24756e-01 -6.57087e-02  4.98671e-01  1.81220e-01  2.74165e-02 -2.85716e+00  1.40757e-01  3.48568e-01  2.61399e-02 -2.83996e+00  1.42061e-01  3.49852e-01  3.71259e-01
  350 -2.37862e-01 -6.31377e-04 -3.09160e-01 -4.29632e-01  2.82895e-02 -3.13894e+00  1.40082e-01 -2.19455e+00  2.61399e-02  3.12906e+00  1.42061e-01 -2.20563e+00  3.71259e-01
  351 -2.24065e-01  6.67982e-02  1.69452e-02  5.34278e-01  2.73335e-02  2.85186e+00  1.42870e-01  1.53909e+00  2.61399e-02  2.81490e+00  1.42061e-01  1.52208e+00  3.71259e-01
  352 -1.86194e-01  1.32831e-01  2.79529e-01 -4.59714e-01  2.61562e-02  2.52193e+00  1.44737e-01 -1.02448e+00  2.61399e-02  2.50074e+00  1.42061e-01 -1.03340e+00  3.71259e-01
  353 -1.33222e-01  1.87283e-01 -4.81845e-01  2.30877e-01  2.64116e-02  2.18909e+00  1.42739e-01  2.69476e+00  2.61400e-02  2.18658e+00  1.42061e-01  2.69430e+00  3.71259e-01
  354 -7.28143e-02  2.19465e-01  5.23521e-01  7.58510e-02  2.67333e-02  1.89115e+00  1.39914e-01  1.43885e-01  2.61401e-02  1.87242e+00  1.42061e-01  1.38823e-01  3.71260e-01
  355 -7.22442e-03  2.25663e-01 -3.92205e-01 -3.57415e-01  2.54880e-02  1.60280e+00  1.40785e-01 -2.40257e+00  2.61401e-02  1.55826e+00  1.42061e-01 -2.41666e+00  3.71259e-01
  356  6.25742e-02  2.10021e-01  1.32504e-01  5.18757e-01  2.40122e-02  1.28123e+00  1.43333e-01  1.32072e+00  2.61401e-02  1.24410e+00  1.42061e-01  1.31105e+00  3.71259e-01
  357  1.30078e-01  1.78359e-01  1.70681e-01 -5.06355e-01  2.43661e-02  9.40675e-01  1.42764e-01 -1.24568e+00  2.61401e-02  9.29942e-01  1.42061e-01 -1.24443e+00  3.71259e-01
  358  1.83691e-01  1.32415e-01 -4.18997e-01  3.25775e-01  2.56380e-02  6.24586e-01  1.40844e-01  2.48072e+00  2.61400e-02  6.15785e-01  1.42061e-01  2.48327e+00  3.71259e-01
  359  2.14318e-01  7.12131e-02  5.30677e-01 -3.77187e-02  2.55018e-02  3.20800e-01  1.41521e-01 -7.09573e-02  2.61400e-02  3.01627e-01  1.42061e-01 -7.22039e-02  3.71259e-01
  360  2.20720e-01 -2.51401e-03 -4.67740e-01 -2.62135e-01  2.43619e-02 -1.13895e-02  1.43748e-01 -2.63078e+00  2.61400e-02 -1.25325e-02  1.42061e-01 -2.62768e+00  3.71259e-01
  361  2.07156e-01 -7.87036e-02  2.49757e-01  4.73952e-01  2.45538e-02 -3.63082e-01  1.43505e-01  1.08581e+00  2.61400e-02 -3.26693e-01  1.42061e-01  1.10002e+00  3.71259e-01
  362  1.76816e-01 -1.44133e-01  5.23361e-02 -5.27698e-01  2.60192e-02 -6.83914e-01  1.40602e-01 -1.47194e+00  2.61400e-02 -6.40853e-01  1.42061e-01 -1.45546e+00  3.71259e-01
  363  1.29415e-01 -1.90613e-01 -3.38658e-01  4.06504e-01  2.65407e-02 -9.74343e-01  1.39967e-01  2.26540e+00  2.61400e-02 -9.55014e-01  1.42061e-01  2.27225e+00  3.71260e-01
  364  6.54445e-02 -2.17965e-01  5.12247e-01 -1.50619e-01  2.58959e-02 -1.27911e+00  1.42541e-01 -2.85976e-01  2.61399e-02 -1.26918e+00  1.42061e-01 -2.83235e-01  3.71259e-01
  365 -9.14566e-03 -2.28606e-01 -5.12732e-01 -1.55777e-01  2.61722e-02 -1.61078e+00  1.43580e-01 -2.84664e+00  2.61399e-02 -1.58334e+00  1.42061e-01 -2.83871e+00  3.71259e-01
  366 -8.32313e-02 -2.20831e-01  3.39206e-01  4.10790e-01  2.78469e-02 -1.93123e+00  1.41904e-01  8.80556e-01  2.61398e-02 -1.89749e+00  1.42061e-01  8.88991e-01  3.71259e-01
  367 -1.45834e-01 -1.89658e-01 -5.09470e-02 -5.28862e-01  2.86189e-02 -2.22630e+00  1.41145e-01 -1.66683e+00  2.61399e-02 -2.21165e+00  1.42061e-01 -1.66649e+00  3.71259e-01
  368 -1.91603e-01 -1.34778e-01 -2.53878e-01  4.70369e-01  2.74384e-02 -2.52857e+00  1.42850e-01  2.06573e+00  2.61399e-02 -2.52581e+00  1.42061e-01  2.06122e+00  3.71259e-01
  369 -2.20501e-01 -6.51502e-02  4.71780e-01 -2.54390e-01  2.64326e-02 -2.85430e+00  1.43645e-01 -4.94524e-01  2.61400e-02 -2.83998e+00  1.42061e-01 -4.94266e-01  3.71260e-01
  370 -2.32635e-01  6.33268e-03 -5.29117e-01 -4.78618e-02  2.70797e-02  3.11438e+00  1.41128e-01 -3.05138e+00  2.61400e-02  3.12905e+00  1.42061e-01 -3.04975e+00  3.71259e-01
  371 -2.24567e-01  7.16745e-02  4.07875e-01  3.35412e-01  2.77838e-02  2.83265e+00  1.39432e-01  6.88215e-01  2.61400e-02  2.81489e+00  1.42061e-01  6.77958e-01  3.71259e-01
  372 -1.92114e-01  1.29769e-01 -1.50978e-01 -5.10901e-01  2.68739e-02  2.54751e+00  1.41907e-01 -1.85813e+00  2.61399e-02  2.50073e+00  1.42061e-01 -1.87752e+00  3.71259e-01
  373 -1.37263e-01  1.80071e-01 -1.54809e-01  5.14858e-01  2.56333e-02  2.22211e+00  1.44522e-01  1.86288e+00  2.61400e-02  2.18657e+00  1.42061e-01  1.85018e+00  3.71259e-01
  374 -6.98027e-02  2.16659e-01  4.08479e-01 -3.46278e-01  2.59068e-02  1.88247e+00  1.43382e-01 -7.03172e-01  2.61400e-02  1.87241e+00  1.42061e-01 -7.05296e-01  3.71259e-01
  375 -7.25620e-04  2.30429e-01 -5.26808e-01  6.17875e-02  2.65490e-02  1.57395e+00  1.40672e-01  3.02484e+00  2.61401e-02  1.55825e+00  1.42061e-01  3.02241e+00  3.71259e-01
  376  6.45180e-02  2.16597e-01  4.71518e-01  2.43352e-01  2.55383e-02  1.28129e+00  1.40775e-01  4.76446e-01  2.61401e-02  1.24409e+00  1.42061e-01  4.66931e-01  3.71260e-01
  377  1.25127e-01  1.78984e-01 -2.61701e-01 -4.66522e-01  2.38460e-02  9.60675e-01  1.43065e-01 -2.08202e+00  2.61401e-02  9.29928e-01  1.42061e-01 -2.08855e+00  3.71259e-01
  378  1.78034e-01  1.26518e-01 -3.40558e-02  5.33254e-01  2.38515e-02  6.17832e-01  1.42760e-01  1.63457e+00  2.61401e-02  6.15768e-01  1.42061e-01  1.63916e+00  3.71259e-01
  379  2.14689e-01  6.59566e-02  3.20019e-01 -4.22730e-01  2.52209e-02  2.98066e-01  1.40556e-01 -9.22811e-01  2.61401e-02  3.01609e-01  1.42061e-01 -9.16324e-01  3.71259e-01
  380  2.26385e-01 -8.03240e-04 -5.02233e-01  1.72717e-01  2.56254e-02 -3.54810e-03  1.41035e-01  2.81036e+00  2.61400e-02 -1.25496e-02  1.42061e-01  2.81138e+00  3.71259e-01
  381  2.11176e-01 -7.21397e-02  5.18925e-01  1.33957e-01  2.48997e-02 -3.29180e-01  1.43614e-01  2.52628e-01  2.61400e-02 -3.26708e-01  1.42061e-01  2.55903e-01  3.71259e-01
  382  1.74564e-01 -1.40875e-01 -3.62842e-01 -3.95543e-01  2.51592e-02 -6.79003e-01  1.44054e-01 -2.31310e+00  2.61400e-02 -6.40867e-01  1.42061e-01 -2.29958e+00  3.71259e-01
  383  1.23923e-01 -1.94832e-01  8.47871e-02  5.25040e-01  2.66582e-02 -1.00429e+00  1.41428e-01  1.41069e+00  2.61400e-02 -9.55027e-01  1.42061e-01  1.42813e+00  3.71260e-01
  384  6.32974e-02 -2.24459e-01  2.22890e-01 -4.79970e-01  2.71942e-02 -1.29593e+00  1.40025e-01 -1.13605e+00  2.61400e-02 -1.26919e+00  1.42061e-01 -1.12735e+00  3.71260e-01
  385 -5.52503e-03 -2.29131e-01 -4.56203e-01  2.75541e-01  2.62657e-02 -1.59490e+00  1.42022e-01  2.59825e+00  2.61399e-02 -1.58335e+00  1.42061e-01  2.60035e+00  3.71260e-01
  386 -7.82167e-02 -2.14498e-01  5.34816e-01  2.11203e-02  2.60636e-02 -1.92046e+00  1.43237e-01  3.94702e-02  2.61399e-02 -1.89751e+00  1.42061e-01  4.48707e-02  3.71259e-01
  387 -1.45588e-01 -1.84353e-01 -4.31406e-01 -3.11740e-01  2.75908e-02 -2.23924e+00  1.41646e-01 -2.51585e+00  2.61398e-02 -2.21167e+00  1.42061e-01 -2.51061e+00  3.71259e-01
  388 -1.96585e-01 -1.37278e-01  1.81957e-01  4.98766e-01  2.87454e-02 -2.53200e+00  1.40938e-01  1.22098e+00  2.61398e-02 -2.52583e+00  1.42061e-01  1.21710e+00  3.71259e-01
  389 -2.24666e-01 -7.24444e-02  1.28005e-01 -5.19085e-01  2.78615e-02 -2.82967e+00  1.42917e-01 -1.32902e+00  2.61399e-02 -2.83999e+00  1.42061e-01 -1.33838e+00  3.71259e-01
  390 -2.30645e-01  3.21932e-03 -3.93545e-01  3.65583e-01  2.66038e-02  3.12764e+00  1.44265e-01  2.39301e+00  2.61399e-02  3.12903e+00  1.42061e-01  2.38932e+00  3.71259e-01
  391 -2.18536e-01  7.65393e-02  5.25425e-01 -8.89070e-02  2.68082e-02  2.80471e+00  1.41988e-01 -1.67622e-01  2.61400e-02  2.81487e+00  1.42061e-01 -1.66160e-01  3.71260e-01
  392 -1.89561e-01  1.36709e-01 -4.80382e-01 -2.18807e-01  2.73114e-02  2.51679e+00  1.39322e-01 -2.71419e+00  2.61400e-02  2.50071e+00  1.42061e-01 -2.72164e+00  3.71259e-01
  393 -1.41656e-01  1.80798e-01  2.75621e-01  4.53713e-01  2.63770e-02  2.23540e+00  1.40911e-01  1.02490e+00  2.61400e-02  2.18655e+00  1.42061e-01  1.00606e+00  3.71259e-01
  394 -7.58049e-02  2.10471e-01  1.92976e-02 -5.36176e-01  2.50223e-02  1.91650e+00  1.43929e-01 -1.53482e+00  2.61400e-02  1.87239e+00  1.42061e-01 -1.54942e+00  3.71259e-01
  395 -8.77234e-04  2.24740e-01 -3.07253e-01  4.38972e-01  2.52544e-02  1.57470e+00  1.43550e-01  2.18148e+00  2.61400e-02  1.55823e+00  1.42061e-01  2.17829e+00  3.71259e-01
  396  7.04645e-02  2.18012e-01  4.94209e-01 -1.95403e-01  2.62472e-02  1.25818e+00  1.41213e-01 -3.76522e-01  2.61400e-02  1.24408e+00  1.42061e-01 -3.77187e-01  3.71259e-01
  397  1.29867e-01  1.85662e-01 -5.18916e-01 -1.12998e-01  2.56678e-02  9.60418e-01  1.41021e-01 -2.92718e+00  2.61401e-02  9.29917e-01  1.42061e-01 -2.93267e+00  3.71260e-01
  398  1.75845e-01  1.30441e-01  3.73405e-01  3.83031e-01  2.39681e-02  6.38228e-01  1.43072e-01  7.98123e-01  2.61401e-02  6.15756e-01  1.42061e-01  7.95038e-01  3.71259e-01
  399  2.08496e-01  6.25006e-02 -1.05088e-01 -5.24454e-01  2.36885e-02  2.91245e-01  1.43048e-01 -1.76855e+00  2.61401e-02  3.01595e-01  1.42061e-01 -1.76044e+00  3.71259e-01
  400  2.23697e-01 -7.35010e-03 -1.99179e-01  4.91226e-01  2.50472e-02 -3.28456e-02  1.40488e-01  1.95601e+00  2.61401e-02 -1.25654e-02  1.42061e-01  1.96726e+00  3.71259e-01
  401  2.14907e-01 -7.37533e-02  4.39593e-01 -2.95671e-01  2.58123e-02 -3.30592e-01  1.40332e-01 -5.92101e-01  2.61400e-02 -3.26725e-01  1.42061e-01 -5.88216e-01  3.71259e-01
  402  1.79999e-01 -1.35510e-01 -5.34941e-01  2.62635e-03  2.53812e-02 -6.45315e-01  1.43084e-01  3.13668e+00  2.61399e-02 -6.40885e-01  1.42061e-01  3.13949e+00  3.71259e-01
  403  1.24579e-01 -1.89142e-01  4.51341e-01  2.91090e-01  2.56473e-02 -9.88360e-01  1.44221e-01  5.72814e-01  2.61399e-02 -9.55043e-01  1.42061e-01  5.84010e-01  3.71259e-01
  404  5.86346e-02 -2.25711e-01 -2.15632e-01 -4.87686e-01  2.71917e-02 -1.31664e+00  1.42167e-01 -1.98711e+00  2.61399e-02 -1.26920e+00  1.42061e-01 -1.97147e+00  3.71260e-01
  405 -9.79077e-03 -2.35920e-01 -9.33295e-02  5.21779e-01  2.78771e-02 -1.61227e+00  1.40482e-01  1.74779e+00  2.61399e-02 -1.58336e+00  1.42061e-01  1.75624e+00  3.71260e-01
  406 -7.70034e-02 -2.18295e-01  3.71061e-01 -3.82258e-01  2.67910e-02 -1.90992e+00  1.41903e-01 -8.00261e-01  2.61399e-02 -1.89753e+00  1.42061e-01 -7.99246e-01  3.71260e-01
  407 -1.40276e-01 -1.80202e-01 -5.22579e-01  1.14919e-01  2.60749e-02 -2.23225e+00  1.43147e-01  2.92513e+00  2.61399e-02 -2.21169e+00  1.42061e-01  2.92846e+00  3.71259e-01
  408 -1.93657e-01 -1.30217e-01  4.95945e-01  1.92017e-01  2.72299e-02 -2.54962e+00  1.41416e-01  3.69401e-01  2.61399e-02 -2.52585e+00  1.42061e-01  3.72976e-01  3.71259e-01
  409 -2.27978e-01 -7.12953e-02 -3.01275e-01 -4.35770e-01  2.85284e-02 -2.83850e+00  1.40331e-01 -2.17570e+00  2.61399e-02 -2.84001e+00  1.42061e-01 -2.18250e+00  3.71259e-01
  410 -2.36309e-01 -3.00892e-03  6.05036e-03  5.33872e-01  2.79256e-02 -3.12886e+00  1.42528e-01  1.55946e+00  2.61399e-02  3.12902e+00  1.42061e-01  1.54520e+00  3.71259e-01
  411 -2.19456e-01  7.05413e-02  2.89797e-01 -4.53055e-01  2.65685e-02  2.83059e+00  1.44621e-01 -1.00173e+00  2.61399e-02  2.81486e+00  1.42061e-01 -1.01028e+00  3.71259e-01
  412 -1.84248e-01  1.38136e-01 -4.87416e-01  2.20087e-01  2.65144e-02  2.49826e+00  1.43006e-01  2.71746e+00  2.61400e-02  2.50070e+00  1.42061e-01  2.71743e+00  3.71259e-01
  413 -1.36551e-01  1.87853e-01  5.21556e-01  8.74905e-02  2.69674e-02  2.19935e+00  1.39837e-01  1.66202e-01  2.61401e-02  2.18654e+00  1.42061e-01  1.61947e-01  3.71260e-01
  414 -7.74306e-02  2.14731e-01 -3.82555e-01 -3.66312e-01  2.60524e-02  1.91688e+00  1.40266e-01 -2.37788e+00  2.61400e-02  1.87238e+00  1.42061e-01 -2.39353e+00  3.71259e-01
  415 -7.32294e-03  2.21296e-01  1.18120e-01  5.22014e-01  2.45128e-02  1.60388e+00  1.43226e-01  1.34827e+00  2.61400e-02  1.55822e+00  1.42061e-01  1.33417e+00  3.71259e-01
  416  6.71489e-02  2.11116e-01  1.84733e-01 -5.02673e-01  2.45395e-02  1.26285e+00  1.43403e-01 -1.21862e+00  2.61400e-02  1.24406e+00  1.42061e-01 -1.22131e+00  3.71259e-01
  417  1.33682e-01  1.83460e-01 -4.27570e-01  3.15988e-01  2.57642e-02  9.41086e-01  1.41332e-01  2.50515e+00  2.61400e-02  9.29900e-01  1.42061e-01  2.50640e+00  3.71259e-01
  418  1.82047e-01  1.35409e-01  5.30754e-01 -2.47729e-02  2.57384e-02  6.39529e-01  1.41157e-01 -4.66410e-02  2.61400e-02  6.15742e-01  1.42061e-01 -4.90796e-02  3.71259e-01
  419  2.09571e-01  6.85712e-02 -4.59720e-01 -2.73967e-01  2.43111e-02  3.16218e-01  1.43200e-01 -2.60416e+00  2.61400e-02  3.01582e-01  1.42061e-01 -2.60456e+00  3.71259e-01
  420  2.18644e-01 -7.54774e-03  2.37052e-01  4.80569e-01  2.39310e-02 -3.45070e-02  1.43570e-01  1.11254e+00  2.61401e-02 -1.25782e-02  1.42061e-01  1.12315e+00  3.71259e-01
  421  2.10043e-01 -7.99396e-02  6.50872e-02 -5.26796e-01  2.52542e-02 -3.63660e-01  1.40875e-01 -1.44787e+00  2.61401e-02 -3.26739e-01  1.42061e-01 -1.43233e+00  3.71259e-01
  422  1.80946e-01 -1.40027e-01 -3.47536e-01  3.98508e-01  2.61745e-02 -6.58600e-01  1.39795e-01  2.28798e+00  2.61400e-02 -6.40899e-01  1.42061e-01  2.29537e+00  3.71259e-01
  423  1.29916e-01 -1.86273e-01  5.15193e-01 -1.38494e-01  2.57879e-02 -9.61783e-01  1.42302e-01 -2.62611e-01  2.61399e-02 -9.55061e-01  1.42061e-01 -2.60110e-01  3.71259e-01
  424  6.18877e-02 -2.18913e-01 -5.09748e-01 -1.67643e-01  2.58764e-02 -1.29528e+00  1.43973e-01 -2.82386e+00  2.61399e-02 -1.26922e+00  1.42061e-01 -2.81559e+00  3.71259e-01
  425 -1.24531e-02 -2.33811e-01  3.31839e-01  4.18187e-01  2.74113e-02 -1.62401e+00  1.42499e-01  9.00020e-01  2.61399e-02 -1.58338e+00  1.42061e-01  9.12116e-01  3.71259e-01
  426 -8.22831e-02 -2.23740e-01 -4.15603e-02 -5.29316e-01  2.84151e-02 -1.92321e+00  1.40951e-01 -1.64915e+00  2.61399e-02 -1.89754e+00  1.42061e-01 -1.64336e+00  3.71259e-01
  427 -1.41777e-01 -1.86462e-01 -2.62561e-01  4.63963e-01  2.74345e-02 -2.22089e+00  1.42100e-01  2.08577e+00  2.61399e-02 -2.21170e+00  1.42061e-01  2.08434e+00  3.71260e-01
  428 -1.89386e-01 -1.29379e-01  4.77011e-01 -2.43521e-01  2.63031e-02 -2.54227e+00  1.43421e-01 -4.72025e-01  2.61400e-02 -2.52586e+00  1.42061e-01 -4.71141e-01  3.71260e-01
  429 -2.23007e-01 -6.42568e-02 -5.28797e-01 -5.94497e-02  2.69305e-02 -2.86105e+00  1.41580e-01 -3.02964e+00  2.61400e-02 -2.84002e+00  1.42061e-01 -3.02662e+00  3.71259e-01
  430 -2.36997e-01  1.57627e-03  4.01424e-01  3.43888e-01  2.80851e-02  3.13494e+00  1.39700e-01  7.08354e-01  2.61399e-02  3.12900e+00  1.42061e-01  7.01083e-01  3.71259e-01
  431 -2.25265e-01  6.70762e-02 -1.39918e-01 -5.13598e-01  2.76217e-02  2.85219e+00  1.41680e-01 -1.83677e+00  2.61399e-02  2.81484e+00  1.42061e-01 -1.85440e+00  3.71259e-01
  432 -1.88022e-01  1.30882e-01 -1.66933e-01  5.11010e-01  2.62411e-02  2.53349e+00  1.44499e-01  1.88654e+00  2.61399e-02  2.50068e+00  1.42061e-01  1.87331e+00  3.71259e-01
  433 -1.33379e-01  1.85471e-01  4.17098e-01 -3.37034e-01  2.60947e-02  2.19425e+00  1.43781e-01 -6.79627e-01  2.61400e-02  2.18652e+00  1.42061e-01 -6.82171e-01  3.71259e-01
  434 -7.10161e-02  2.19918e-01 -5.28131e-01  4.98373e-02  2.67036e-02  1.88315e+00  1.40703e-01  3.04751e+00  2.61401e-02  1.87236e+00  1.42061e-01  3.04553e+00  3.71259e-01
  435 -5.65609e-03  2.27805e-01  4.64337e-01  2.54388e-01  2.59635e-02  1.59562e+00  1.40161e-01  5.01192e-01  2.61401e-02  1.55820e+00  1.42061e-01  4.90054e-01  3.71260e-01
  436  6.19660e-02  2.11302e-01 -2.48180e-01 -4.73068e-01  2.42441e-02  1.28554e+00  1.42693e-01 -2.05394e+00  2.61401e-02  1.24404e+00  1.42061e-01 -2.06543e+00  3.71259e-01
  437  1.28086e-01  1.77298e-01 -4.91552e-02  5.32955e-01  2.39204e-02  9.45173e-01  1.43228e-01  1.66277e+00  2.61401e-02  9.29882e-01  1.42061e-01  1.66228e+00  3.71259e-01
  438  1.82764e-01  1.30322e-01  3.31330e-01 -4.15385e-01  2.51933e-02  6.19438e-01  1.41162e-01 -8.97493e-01  2.61400e-02  6.15723e-01  1.42061e-01 -8.93200e-01  3.71259e-01
  439  2.15515e-01  7.05843e-02 -5.06031e-01  1.60562e-01  2.57143e-02  3.16505e-01  1.40924e-01  2.83434e+00  2.61400e-02  3.01566e-01  1.42061e-01  2.83451e+00  3.71259e-01
  440  2.22540e-01 -9.50091e-04  5.14577e-01  1.46847e-01  2.47626e-02 -4.26927e-03  1.43177e-01  2.77986e-01  2.61400e-02 -1.25926e-02  1.42061e-01  2.79028e-01  3.71259e-01
  441  2.07416e-01 -7.68875e-02 -3.52738e-01 -4.04677e-01  2.44665e-02 -3.54989e-01  1.44094e-01 -2.28773e+00  2.61400e-02 -3.26752e-01  1.42061e-01 -2.27645e+00  3.71259e-01
  442  1.75306e-01 -1.44347e-01  7.28859e-02  5.27247e-01  2.57842e-02 -6.88847e-01  1.41651e-01  1.43343e+00  2.61400e-02 -6.40913e-01  1.42061e-01  1.45125e+00  3.71259e-01
  443  1.28006e-01 -1.92626e-01  2.32814e-01 -4.74641e-01  2.67452e-02 -9.84274e-01  1.39743e-01 -1.11477e+00  2.61400e-02 -9.55074e-01  1.42061e-01 -1.10423e+00  3.71259e-01
  444  6.57544e-02 -2.19268e-01 -4.61612e-01  2.64776e-01  2.62010e-02 -1.27945e+00  1.41596e-01  2.62082e+00  2.61399e-02 -1.26924e+00  1.42061e-01  2.62348e+00  3.71259e-01
  445 -7.53745e-03 -2.27512e-01  5.34712e-01  3.33788e-02  2.59093e-02 -1.60391e+00  1.43515e-01  6.23431e-02  2.61399e-02 -1.58340e+00  1.42061e-01  6.79958e-02  3.71259e-01
  446 -8.22875e-02 -2.18657e-01 -4.26222e-01 -3.21130e-01  2.72911e-02 -1.93073e+00  1.42395e-01 -2.49590e+00  2.61398e-02 -1.89756e+00  1.42061e-01 -2.48748e+00  3.71259e-01
  447 -1.46747e-01 -1.89155e-01  1.73276e-01  5.02081e-01  2.86572e-02 -2.23061e+00  1.41055e-01  1.23848e+00  2.61398e-02 -2.21171e+00  1.42061e-01  1.24022e+00  3.71259e-01
  448 -1.93293e-01 -1.36618e-01  1.37668e-01 -5.15396e-01  2.80134e-02 -2.52633e+00  1.42293e-01 -1.30978e+00  2.61399e-02 -2.52587e+00  1.42061e-01 -1.31526e+00  3.71259e-01
  449 -2.20894e-01 -6.70511e-02 -4.01034e-01  3.56351e-01  2.66451e-02 -2.84689e+00  1.43907e-01  2.41512e+00  2.61400e-02 -2.84004e+00  1.42061e-01  2.41245e+00  3.71260e-01
  450 -2.31152e-01  6.72989e-03  5.27748e-01 -7.72689e-02  2.67382e-02  3.11249e+00  1.42244e-01 -1.45380e-01  2.61400e-02  3.12899e+00  1.42061e-01 -1.43035e-01  3.71260e-01
  451 -2.22978e-01  7.39076e-02 -4.75921e-01 -2.29089e-01  2.75908e-02  2.82153e+00  1.39491e-01 -2.69297e+00  2.61400e-02  2.81483e+00  1.42061e-01 -2.69852e+00  3.71259e-01
  452 -1.92471e-01  1.31148e-01  2.65089e-01  4.59402e-01  2.71224e-02  2.54346e+00  1.40661e-01  1.04744e+00  2.61400e-02  2.50067e+00  1.42061e-01  1.02919e+00  3.71259e-01
  453 -1.39190e-01  1.78981e-01  3.26839e-02 -5.35493e-01  2.57041e-02  2.23178e+00  1.43910e-01 -1.50984e+00  2.61400e-02  2.18651e+00  1.42061e-01 -1.52629e+00  3.71259e-01
  454 -7.09053e-02  2.14453e-01 -3.18674e-01  4.31992e-01  2.55088e-02  1.89011e+00  1.44085e-01  2.20637e+00  2.61400e-02  1.87235e+00  1.42061e-01  2.20141e+00  3.71259e-01
  455  4.02180e-04  2.29710e-01  4.99087e-01 -1.84029e-01  2.63833e-02  1.56905e+00  1.41477e-01 -3.53264e-01  2.61401e-02  1.55819e+00  1.42061e-01 -3.54063e-01  3.71259e-01
  456  6.65290e-02  2.18163e-01 -5.14984e-01 -1.25390e-01  2.60106e-02  1.27480e+00  1.40466e-01 -2.90276e+00  2.61401e-02  1.24403e+00  1.42061e-01 -2.90954e+00  3.71260e-01
  457  1.25557e-01  1.80938e-01  3.61875e-01  3.92448e-01  2.42515e-02  9.64158e-01  1.42485e-01  8.25906e-01  2.61401e-02  9.29869e-01  1.42061e-01  8.18162e-01  3.71259e-01
  458  1.76416e-01  1.26531e-01 -9.01607e-02 -5.27624e-01  2.35663e-02  6.22198e-01  1.43258e-01 -1.74004e+00  2.61401e-02  6.15708e-01  1.42061e-01 -1.73732e+00  3.71259e-01
  459  2.13057e-01  6.40482e-02 -2.12209e-01  4.86884e-01  2.47477e-02  2.92021e-01  1.41045e-01  1.98182e+00  2.61401e-02  3.01548e-01  1.42061e-01  1.99039e+00  3.71259e-01
  460  2.26651e-01 -2.31669e-03  4.46555e-01 -2.85180e-01  2.56881e-02 -1.02210e-02  1.40370e-01 -5.68336e-01  2.61400e-02 -1.26102e-02  1.42061e-01 -5.65092e-01  3.71259e-01
  461  2.12925e-01 -7.14231e-02 -5.34292e-01 -1.03972e-02  2.52192e-02 -3.23643e-01  1.42788e-01 -3.12214e+00  2.61399e-02 -3.26769e-01  1.42061e-01 -3.12057e+00  3.71259e-01
  462  1.75661e-01 -1.38814e-01  4.44364e-01  3.02048e-01  2.50631e-02 -6.68761e-01  1.44346e-01  5.96993e-01  2.61400e-02 -6.40928e-01  1.42061e-01  6.07134e-01  3.71259e-01
  463  1.23100e-01 -1.94025e-01 -2.05386e-01 -4.92734e-01  2.63996e-02 -1.00543e+00  1.42485e-01 -1.96573e+00  2.61400e-02 -9.55087e-01  1.42061e-01 -1.94835e+00  3.71260e-01
  464  6.16185e-02 -2.25975e-01 -1.03465e-01  5.19302e-01  2.74309e-02 -1.30459e+00  1.40190e-01  1.76746e+00  2.61400e-02 -1.26925e+00  1.42061e-01  1.77936e+00  3.71260e-01
  465 -6.06674e-03 -2.31097e-01  3.78303e-01 -3.73378e-01  2.67214e-02 -1.59704e+00  1.41262e-01 -7.78846e-01  2.61399e-02 -1.58341e+00  1.42061e-01 -7.76122e-01  3.71260e-01
  466 -7.69996e-02 -2.14410e-01 -5.25095e-01  1.02934e-01  2.59504e-02 -1.91558e+00  1.43160e-01  2.94802e+00  2.61399e-02 -1.89757e+00  1.42061e-01  2.95158e+00  3.71259e-01
  467 -1.44076e-01 -1.82245e-01  4.93065e-01  2.02860e-01  2.69855e-02 -2.23976e+00  1.42133e-01  3.90317e-01  2.61399e-02 -2.21173e+00  1.42061e-01  3.96102e-01  3.71259e-01
  468 -1.96683e-01 -1.35763e-01 -2.93668e-01 -4.41763e-01  2.85579e-02 -2.53743e+00  1.40698e-01 -2.15748e+00  2.61398e-02 -2.52589e+00  1.42061e-01 -2.15938e+00  3.71259e-01
  469 -2.26332e-01 -7.34278e-02 -4.19286e-03  5.33148e-01  2.83089e-02 -2.82788e+00  1.42132e-01  1.57866e+00  2.61398e-02 -2.84005e+00  1.42061e-01  1.56833e+00  3.71259e-01
  470 -2.31847e-01  9.54927e-04  2.99353e-01 -4.46062e-01  2.68770e-02  3.13747e+00  1.44292e-01 -9.79729e-01  2.61399e-02  3.12897e+00  1.42061e-01 -9.87153e-01  3.71259e-01
  471 -2.17713e-01  7.57645e-02 -4.92572e-01  2.09167e-01  2.65696e-02  2.80670e+00  1.43189e-01  2.74003e+00  2.61400e-02  2.81481e+00  1.42061e-01  2.74055e+00  3.71259e-01
  472 -1.87621e-01  1.38356e-01  5.19660e-01  9.89106e-02  2.71721e-02  2.50619e+00  1.39915e-01  1.88087e-01  2.61400e-02  2.50065e+00  1.42061e-01  1.85071e-01  3.71260e-01
  473 -1.41023e-01  1.82889e-01 -3.73366e-01 -3.74682e-01  2.66679e-02  2.22766e+00  1.39895e-01 -2.35444e+00  2.61400e-02  2.18649e+00  1.42061e-01 -2.37041e+00  3.71259e-01
  474 -7.73258e-02  2.10539e-01  1.04298e-01  5.24666e-01  2.51529e-02  1.92278e+00  1.43076e-01  1.37457e+00  2.61400e-02  1.87233e+00  1.42061e-01  1.35730e+00  3.71259e-01
  475 -2.66530e-03  2.22768e-01  1.98376e-01 -4.98572e-01  2.48164e-02  1.58276e+00  1.43964e-01 -1.19211e+00  2.61400e-02  1.55817e+00  1.42061e-01 -1.19818e+00  3.71259e-01
  476  7.06207e-02  2.16358e-01 -4.35903e-01  3.06095e-01  2.58990e-02  1.25529e+00  1.41853e-01  2.52939e+00  2.61400e-02  1.24401e+00  1.42061e-01  2.52952e+00  3.71259e-01
  477  1.31781e-01  1.86240e-01  5.30553e-01 -1.19750e-02  2.60258e-02  9.54998e-01  1.40815e-01 -2.25669e-02  2.61401e-02  9.29857e-01  1.42061e-01 -2.59555e-02  3.71259e-01
  478  1.77180e-01  1.32511e-01 -4.51153e-01 -2.85551e-01  2.44760e-02  6.42147e-01  1.42539e-01 -2.57731e+00  2.61401e-02  6.15697e-01  1.42061e-01 -2.58144e+00  3.71259e-01
  479  2.07677e-01  6.35459e-02  2.23524e-01  4.86962e-01  2.35838e-02  2.96938e-01  1.43548e-01  1.14047e+00  2.61401e-02  3.01536e-01  1.42061e-01  1.14627e+00  3.71259e-01
  480  2.21823e-01 -8.59378e-03  7.86392e-02 -5.25719e-01  2.46397e-02 -3.87222e-02  1.41282e-01 -1.42231e+00  2.61401e-02 -1.26249e-02  1.42061e-01 -1.40921e+00  3.71259e-01
  481  2.14230e-01 -7.57605e-02 -3.56778e-01  3.90338e-01  2.58171e-02 -3.39915e-01  1.39827e-01  2.31131e+00  2.61400e-02 -3.26785e-01  1.42061e-01  2.31849e+00  3.71259e-01
  482  1.81220e-01 -1.35809e-01  5.17867e-01 -1.26170e-01  2.56424e-02 -6.43124e-01  1.42052e-01 -2.38979e-01  2.61399e-02 -6.40945e-01  1.42061e-01 -2.36985e-01  3.71259e-01
  483  1.26171e-01 -1.87335e-01 -5.06039e-01 -1.79696e-01  2.55067e-02 -9.78072e-01  1.44183e-01 -2.80038e+00  2.61399e-02 -9.55104e-01  1.42061e-01 -2.79246e+00  3.71259e-01
  484  5.86804e-02 -2.24058e-01  3.23754e-01  4.25690e-01  2.68226e-02 -1.31465e+00  1.43014e-01  9.20585e-01  2.61399e-02 -1.26926e+00  1.42061e-01  9.35241e-01  3.71259e-01
  485 -1.13063e-02 -2.36559e-01 -3.18601e-02 -5.29743e-01  2.80440e-02 -1.61855e+00  1.40822e-01 -1.63087e+00  2.61399e-02 -1.58342e+00  1.42061e-01 -1.62024e+00  3.71260e-01
  486 -7.82486e-02 -2.20474e-01 -2.71086e-01  4.57409e-01  2.73658e-02 -1.91184e+00  1.41356e-01  2.10580e+00  2.61399e-02 -1.89758e+00  1.42061e-01  2.10747e+00  3.71260e-01
  487 -1.39756e-01 -1.81180e-01  4.81892e-01 -2.32474e-01  2.61790e-02 -2.22783e+00  1.43132e-01 -4.49485e-01  2.61399e-02 -2.21175e+00  1.42061e-01 -4.48017e-01  3.71260e-01
  488 -1.91954e-01 -1.28711e-01 -5.28334e-01 -7.11027e-02  2.67065e-02 -2.55092e+00  1.42096e-01 -3.00782e+00  2.61399e-02 -2.52591e+00  1.42061e-01 -3.00350e+00  3.71259e-01
  489 -2.27199e-01 -6.91283e-02  3.95286e-01  3.52204e-01  2.81992e-02 -2.84623e+00  1.40149e-01  7.27826e-01  2.61399e-02 -2.84007e+00  1.42061e-01  7.24207e-01  3.71259e-01
  490 -2.37523e-01 -2.85015e-03 -1.29573e-01 -5.15921e-01  2.82127e-02 -3.12959e+00  1.41482e-01 -1.81686e+00  2.61399e-02  3.12896e+00  1.42061e-01 -1.83127e+00  3.71259e-01
  491 -2.21214e-01  6.85192e-02 -1.78239e-01  5.06747e-01  2.68153e-02  2.84122e+00  1.44281e-01  1.90901e+00  2.61399e-02  2.81480e+00  1.42061e-01  1.89643e+00  3.71259e-01
  492 -1.84335e-01  1.36399e-01  4.25144e-01 -3.27582e-01  2.62921e-02  2.50455e+00  1.44029e-01 -6.56504e-01  2.61400e-02  2.50064e+00  1.42061e-01 -6.59047e-01  3.71259e-01
  493 -1.34750e-01  1.88464e-01 -5.29308e-01  3.80484e-02  2.68381e-02  2.19151e+00  1.40808e-01  3.06983e+00  2.61401e-02  2.18648e+00  1.42061e-01  3.06866e+00  3.71260e-01
  494 -7.59306e-02  2.16935e-01  4.57354e-01  2.64928e-01  2.64132e-02  1.90748e+00  1.39680e-01  5.25031e-01  2.61401e-02  1.87232e+00  1.42061e-01  5.13178e-01  3.71260e-01
  495 -8.01501e-03  2.22477e-01 -2.34932e-01 -4.78998e-01  2.47800e-02  1.60681e+00  1.42316e-01 -2.02679e+00  2.61401e-02  1.55816e+00  1.42061e-01 -2.04230e+00  3.71259e-01
  496  6.51372e-02  2.09924e-01 -6.41179e-02  5.32168e-01  2.41554e-02  1.26993e+00  1.43657e-01  1.69070e+00  2.61401e-02  1.24400e+00  1.42061e-01  1.68540e+00  3.71259e-01
  497  1.32832e-01  1.81358e-01  3.42598e-01 -4.07800e-01  2.52677e-02  9.38635e-01  1.41837e-01 -8.72070e-01  2.61400e-02  9.29839e-01  1.42061e-01 -8.70076e-01  3.71259e-01
  498  1.83357e-01  1.34882e-01 -5.09619e-01  1.48367e-01  2.59065e-02  6.34236e-01  1.40862e-01  2.85829e+00  2.61400e-02  6.15681e-01  1.42061e-01  2.85763e+00  3.71259e-01
  499  2.11419e-01  7.02051e-02  5.09615e-01  1.59694e-01  2.48134e-02  3.20610e-01  1.42605e-01  3.03670e-01  2.61400e-02  3.01523e-01  1.42061e-01  3.02152e-01  3.71259e-01
  500  2.18810e-01 -5.76916e-03 -3.41650e-01 -4.13761e-01  2.39557e-02 -2.63599e-02  1.43961e-01 -2.26102e+00  2.61400e-02 -1.26378e-02  1.42061e-01 -2.25333e+00  3.71259e-01
