    1  5.05080e-01 -2.02631e-01 -1.13775e+00 -7.36255e-01  1.48083e-01 -3.81529e-01  9.18271e-01 -2.56725e+00  1.72859e-01 -3.41045e-01  8.89684e-01 -2.55248e+00  2.32768e+00
    2  4.12424e-01 -3.98929e-01  5.63751e-01  1.22189e+00  1.64619e-01 -7.68767e-01  9.05416e-01  1.13852e+00  1.72870e-01 -6.55907e-01  8.89715e-01  1.17585e+00  2.32779e+00
    3  2.96808e-01 -5.33660e-01  2.05400e-01 -1.29807e+00  1.86444e-01 -1.06322e+00  8.63584e-01 -1.41386e+00  1.72872e-01 -9.70849e-01  8.89728e-01 -1.37905e+00  2.32779e+00
    4  1.46791e-01 -5.85354e-01 -9.14658e-01  9.50413e-01  1.82094e-01 -1.32509e+00  8.69943e-01  2.33703e+00  1.72832e-01 -1.28592e+00  8.89794e-01  2.34914e+00  2.32787e+00
    5 -3.80111e-02 -5.80208e-01  1.31264e+00 -2.89014e-01  1.69043e-01 -1.63622e+00  9.03281e-01 -2.16720e-01  1.72789e-01 -1.60109e+00  8.89714e-01 -2.05917e-01  2.32769e+00
    6 -2.38071e-01 -5.50935e-01 -1.25074e+00 -4.76477e-01  1.80104e-01 -1.97868e+00  8.95696e-01 -2.77761e+00  1.72770e-01 -1.91595e+00  8.89608e-01 -2.76080e+00  2.32746e+00
    7 -4.16098e-01 -4.90850e-01  7.51958e-01  1.08717e+00  2.07036e-01 -2.27396e+00  8.73691e-01  9.65687e-01  1.72748e-01 -2.23064e+00  8.89610e-01  9.67558e-01  2.32766e+00
    8 -5.34141e-01 -3.63591e-01  9.62315e-04 -1.33293e+00  2.08752e-01 -2.54394e+00  8.88347e-01 -1.57007e+00  1.72768e-01 -2.54545e+00  8.89637e-01 -1.58729e+00  2.32761e+00
    9 -5.86505e-01 -1.66364e-01 -7.46759e-01  1.13370e+00  1.85832e-01 -2.86520e+00  9.21457e-01  2.15326e+00  1.72810e-01 -2.86038e+00  8.89730e-01  2.14097e+00  2.32776e+00
   10 -5.94359e-01  4.80066e-02  1.23195e+00 -5.54144e-01  1.77783e-01  3.06100e+00  9.12384e-01 -4.22698e-01  1.72879e-01  3.10773e+00  8.89769e-01 -4.14022e-01  2.32788e+00
   11 -5.75506e-01  2.22846e-01 -1.28962e+00 -2.20947e-01  1.90434e-01  2.77215e+00  8.55972e-01 -2.97191e+00  1.72903e-01  2.79270e+00  8.89771e-01 -2.96900e+00  2.32784e+00
   12 -5.15747e-01  3.45982e-01  9.08702e-01  9.31702e-01  1.92850e-01  2.55071e+00  8.46904e-01  7.97895e-01  1.72868e-01  2.47771e+00  8.89726e-01  7.59256e-01  2.32765e+00
   13 -3.83858e-01  4.43613e-01 -2.35100e-01 -1.32566e+00  1.72070e-01  2.28411e+00  9.06330e-01 -1.74632e+00  1.72843e-01  2.16281e+00  8.89688e-01 -1.79562e+00  2.32756e+00
   14 -1.90263e-01  5.31660e-01 -5.07917e-01  1.26589e+00  1.59431e-01  1.91446e+00  9.30233e-01  1.95236e+00  1.72865e-01  1.84798e+00  8.89656e-01  1.93271e+00  2.32754e+00
   15  9.83276e-03  5.86667e-01  1.08705e+00 -7.82264e-01  1.72137e-01  1.55404e+00  8.96804e-01 -6.23775e-01  1.72893e-01  1.53336e+00  8.89602e-01 -6.22013e-01  2.32752e+00
   16  1.72202e-01  5.70062e-01 -1.31271e+00  3.78839e-02  1.77312e-01  1.27744e+00  8.62318e-01  3.11274e+00  1.72911e-01  1.21869e+00  8.89705e-01  3.10641e+00  2.32772e+00
   17  2.97849e-01  4.66918e-01  1.11220e+00  7.20778e-01  1.53363e-01  1.00297e+00  8.78253e-01  5.75014e-01  1.72937e-01  9.03709e-01  8.89771e-01  5.51503e-01  2.32781e+00
   18  4.13859e-01  3.03797e-01 -5.59221e-01 -1.23151e+00  1.31786e-01  6.33222e-01  9.14671e-01 -1.99705e+00  1.72949e-01  5.88689e-01  8.89756e-01 -2.00340e+00  2.32766e+00
   19  5.18648e-01  1.27603e-01 -1.74362e-01  1.32372e+00  1.42639e-01  2.41239e-01  8.91315e-01  1.70176e+00  1.72945e-01  2.73751e-01  8.89735e-01  1.72490e+00  2.32775e+00
   20  5.70098e-01 -3.71277e-02  8.66819e-01 -9.83963e-01  1.63195e-01 -6.50333e-02  8.59779e-01 -8.48608e-01  1.72909e-01 -4.10827e-02  8.89702e-01 -8.29927e-01  2.32769e+00
   21  5.36501e-01 -1.98420e-01 -1.28782e+00  3.28275e-01  1.63602e-01 -3.54240e-01  8.83127e-01  2.89200e+00  1.72847e-01 -3.55879e-01  8.89664e-01  2.89841e+00  2.32759e+00
   22  4.25674e-01 -3.67423e-01  1.28163e+00  4.36616e-01  1.58099e-01 -7.12082e-01  9.16604e-01  3.28341e-01  1.72827e-01 -6.70676e-01  8.89649e-01  3.43591e-01  2.32757e+00
   23  2.73374e-01 -5.24500e-01 -8.41497e-01 -1.05528e+00  1.74917e-01 -1.09033e+00  9.10864e-01 -2.24396e+00  1.72842e-01 -9.85454e-01  8.89670e-01 -2.21123e+00  2.32779e+00
   24  1.11880e-01 -6.18706e-01  1.12979e-01  1.31767e+00  1.97657e-01 -1.39190e+00  8.74511e-01  1.48526e+00  1.72847e-01 -1.30033e+00  8.89715e-01  1.51707e+00  2.32786e+00
   25 -5.38805e-02 -6.16578e-01  6.58697e-01 -1.14473e+00  1.91536e-01 -1.65796e+00  8.72145e-01 -1.04865e+00  1.72830e-01 -1.61538e+00  8.89784e-01 -1.03789e+00  2.32792e+00
   26 -2.26419e-01 -5.40375e-01 -1.20425e+00  5.94814e-01  1.71635e-01 -1.96758e+00  9.02008e-01  2.68281e+00  1.72810e-01 -1.93064e+00  8.89790e-01  2.69018e+00  2.32788e+00
   27 -3.97392e-01 -4.39028e-01  1.32659e+00  1.60355e-01  1.75333e-01 -2.30646e+00  8.92777e-01  1.20294e-01  1.72797e-01 -2.24570e+00  8.89666e-01  1.35189e-01  2.32758e+00
   28 -5.41853e-01 -3.30265e-01 -9.83180e-01 -8.71157e-01  2.01340e-01 -2.59421e+00  8.62779e-01 -2.41653e+00  1.72767e-01 -2.56048e+00  8.89622e-01 -2.41967e+00  2.32760e+00
   29 -6.19636e-01 -1.87049e-01  3.06007e-01  1.29150e+00  2.09468e-01 -2.84842e+00  8.80810e-01  1.33815e+00  1.72767e-01 -2.87523e+00  8.89615e-01  1.30868e+00  2.32768e+00
   30 -6.14765e-01  8.87724e-03  4.66199e-01 -1.27691e+00  1.89007e-01  3.12715e+00  9.23916e-01 -1.22073e+00  1.72781e-01  3.09317e+00  8.89667e-01 -1.24618e+00  2.32764e+00
   31 -5.53113e-01  2.21586e-01 -1.07543e+00  8.33681e-01  1.77517e-01  2.76055e+00  9.25786e-01  2.48215e+00  1.72840e-01  2.77827e+00  8.89688e-01  2.48211e+00  2.32770e+00
   32 -4.69518e-01  3.91550e-01  1.31622e+00 -1.04963e-01  1.86879e-01  2.44650e+00  8.71728e-01 -7.95772e-02  1.72903e-01  2.46335e+00  8.89760e-01 -7.27932e-02  2.32785e+00
   33 -3.68248e-01  4.89313e-01 -1.11062e+00 -6.69257e-01  1.87517e-01  2.21595e+00  8.40695e-01 -2.59927e+00  1.72899e-01  2.14828e+00  8.89778e-01 -2.62776e+00  2.32781e+00
   34 -2.20086e-01  5.30581e-01  5.44550e-01  1.21814e+00  1.64977e-01  1.96400e+00  8.90200e-01  1.15041e+00  1.72882e-01  1.83322e+00  8.89721e-01  1.10050e+00  2.32753e+00
   35 -1.84331e-02  5.45340e-01  1.89076e-01 -1.34726e+00  1.48868e-01  1.60458e+00  9.25435e-01 -1.43137e+00  1.72883e-01  1.51838e+00  8.89684e-01 -1.45437e+00  2.32755e+00
   36  1.89343e-01  5.35272e-01 -8.64482e-01  1.02406e+00  1.61183e-01  1.23080e+00  8.98010e-01  2.27190e+00  1.72890e-01  1.20374e+00  8.89599e-01  2.27407e+00  2.32747e+00
   37  3.48294e-01  4.72912e-01  1.26724e+00 -3.65370e-01  1.72477e-01  9.36000e-01  8.69691e-01 -2.80708e-01  1.72879e-01  8.89150e-01  8.89634e-01 -2.80637e-01  2.32756e+00
   38  4.43453e-01  3.36195e-01 -1.26114e+00 -4.13882e-01  1.54839e-01  6.48684e-01  8.80887e-01 -2.82449e+00  1.72903e-01  5.74341e-01  8.89724e-01 -2.83546e+00  2.32776e+00
   39  4.98648e-01  1.39268e-01  8.49540e-01  1.05155e+00  1.34022e-01  2.72351e-01  9.13740e-01  8.91262e-01  1.72920e-01  2.59370e-01  8.89735e-01  8.92836e-01  2.32766e+00
   40  5.32735e-01 -6.84654e-02 -1.63219e-01 -1.33010e+00  1.44247e-01 -1.27816e-01  8.97898e-01 -1.69290e+00  1.72925e-01 -5.55774e-02  8.89751e-01 -1.66206e+00  2.32769e+00
   41  5.24424e-01 -2.42969e-01 -5.88966e-01  1.16947e+00  1.67027e-01 -4.33863e-01  8.57271e-01  2.03733e+00  1.72912e-01 -3.70503e-01  8.89733e-01  2.06625e+00  2.32773e+00
   42  4.43937e-01 -3.78646e-01  1.16066e+00 -6.32232e-01  1.70227e-01 -7.06192e-01  8.73429e-01 -4.98777e-01  1.72845e-01 -6.85440e-01  8.89727e-01 -4.88678e-01  2.32770e+00
   43  2.92852e-01 -4.93979e-01 -1.34483e+00 -1.13998e-01  1.64889e-01 -1.03566e+00  9.10781e-01 -3.05703e+00  1.72801e-01 -1.00036e+00  8.89643e-01 -3.04357e+00  2.32752e+00
   44  1.01870e-01 -5.91173e-01  1.06641e+00  8.26003e-01  1.79931e-01 -1.40015e+00  9.09758e-01  6.59036e-01  1.72810e-01 -1.31510e+00  8.89624e-01  6.84806e-01  2.32759e+00
   45 -8.74675e-02 -6.33879e-01 -4.20167e-01 -1.25984e+00  2.04727e-01 -1.70792e+00  8.81874e-01 -1.89270e+00  1.72815e-01 -1.62986e+00  8.89679e-01 -1.87004e+00  2.32780e+00
   46 -2.52670e-01 -5.81684e-01 -3.70219e-01  1.27303e+00  2.01099e-01 -1.98058e+00  8.78830e-01  1.85381e+00  1.72820e-01 -1.94484e+00  8.89737e-01  1.85823e+00  2.32781e+00
   47 -3.94521e-01 -4.46449e-01  1.03099e+00 -8.65931e-01  1.77482e-01 -2.29452e+00  9.06391e-01 -6.98602e-01  1.72835e-01 -2.26005e+00  8.89820e-01 -6.96843e-01  2.32797e+00
   48 -5.16371e-01 -2.84652e-01 -1.32969e+00  1.65880e-01  1.73833e-01 -2.63779e+00  8.97797e-01  3.01748e+00  1.72853e-01 -2.57523e+00  8.89753e-01  3.03127e+00  2.32778e+00
   49 -6.09563e-01 -1.35963e-01  1.16145e+00  6.01183e-01  1.95026e-01 -2.92213e+00  8.55198e-01  4.77639e-01  1.72832e-01 -2.89015e+00  8.89681e-01  4.76356e-01  2.32760e+00
   50 -6.40792e-01  1.06364e-02 -5.96927e-01 -1.17243e+00  2.05364e-01  3.12500e+00  8.65458e-01 -2.04173e+00  1.72812e-01  3.07824e+00  8.89647e-01 -2.07850e+00  2.32771e+00
   51 -5.83887e-01  1.82695e-01 -1.58894e-01  1.34636e+00  1.87151e-01  2.83835e+00  9.18963e-01  1.68827e+00  1.72800e-01  2.76347e+00  8.89660e-01  1.64984e+00  2.32769e+00
   52 -4.61045e-01  3.67126e-01  8.55462e-01 -1.06529e+00  1.73672e-01  2.46912e+00  9.33331e-01 -8.94210e-01  1.72823e-01  2.44864e+00  8.89641e-01 -9.05024e-01  2.32759e+00
   53 -3.19789e-01  5.12733e-01 -1.26411e+00  4.24646e-01  1.82580e-01  2.12846e+00  8.89149e-01  2.81751e+00  1.72883e-01  2.13390e+00  8.89682e-01  2.82337e+00  2.32769e+00
   54 -1.83573e-01  5.78725e-01  1.24822e+00  3.65838e-01  1.84311e-01  1.87796e+00  8.45944e-01  2.85104e-01  1.72915e-01  1.81896e+00  8.89783e-01  2.68458e-01  2.32792e+00
   55 -3.29654e-02  5.65651e-01 -8.25056e-01 -1.03603e+00  1.60524e-01  1.62901e+00  8.77037e-01 -2.24332e+00  1.72926e-01  1.50381e+00  8.89767e-01 -2.28650e+00  2.32770e+00
   56  1.52571e-01  5.06831e-01  1.44813e-01  1.34845e+00  1.40078e-01  1.27840e+00  9.19645e-01  1.46381e+00  1.72919e-01  1.18886e+00  8.89727e-01  1.44179e+00  2.32765e+00
   57  3.42876e-01  4.27403e-01  5.83641e-01 -1.20518e+00  1.50118e-01  8.94696e-01  8.96546e-01 -1.11981e+00  1.72901e-01  8.74099e-01  8.89642e-01 -1.11302e+00  2.32757e+00
   58  4.80709e-01  3.19385e-01 -1.13626e+00  6.69471e-01  1.66544e-01  5.86435e-01  8.69638e-01  2.60916e+00  1.72863e-01  5.59467e-01  8.89614e-01  2.61544e+00  2.32751e+00
   59  5.38041e-01  1.61564e-01  1.32692e+00  8.30172e-02  1.57795e-01  2.91715e-01  8.83806e-01  6.24823e-02  1.72859e-01  2.44780e-01  8.89660e-01  6.06690e-02  2.32763e+00
   60  5.30320e-01 -4.45903e-02 -1.08564e+00 -8.06667e-01  1.41614e-01 -8.38846e-02  9.14661e-01 -2.50256e+00  1.72880e-01 -7.00734e-02  8.89705e-01 -2.49418e+00  2.32770e+00
   61  4.88760e-01 -2.57708e-01  4.88390e-01  1.25488e+00  1.52650e-01 -4.85224e-01  9.06630e-01  1.19964e+00  1.72889e-01 -3.84980e-01  8.89731e-01  1.23414e+00  2.32772e+00
   62  4.17044e-01 -4.22859e-01  2.78479e-01 -1.28343e+00  1.76368e-01 -7.92322e-01  8.62377e-01 -1.35713e+00  1.72890e-01 -6.99929e-01  8.89731e-01 -1.32076e+00  2.32773e+00
   63  2.95241e-01 -5.19178e-01 -9.64779e-01  8.94975e-01  1.78357e-01 -1.05373e+00  8.65889e-01  2.39371e+00  1.72842e-01 -1.01495e+00  8.89777e-01  2.40746e+00  2.32780e+00
   64  1.20785e-01 -5.67738e-01  1.32716e+00 -2.12232e-01  1.68458e-01 -1.36117e+00  9.03200e-01 -1.58572e-01  1.72791e-01 -1.33004e+00  8.89689e-01 -1.47546e-01  2.32762e+00
   65 -8.37867e-02 -5.92087e-01 -1.22794e+00 -5.47738e-01  1.78794e-01 -1.71137e+00  9.03926e-01 -2.72202e+00  1.72780e-01 -1.64485e+00  8.89605e-01 -2.70240e+00  2.32745e+00
   66 -2.78407e-01 -5.77663e-01  7.00931e-01  1.12702e+00  2.05602e-01 -2.01990e+00  8.80736e-01  1.01440e+00  1.72770e-01 -1.95952e+00  8.89626e-01  1.02596e+00  2.32769e+00
   67 -4.27077e-01 -4.84529e-01  6.45234e-02 -1.32792e+00  2.08582e-01 -2.29325e+00  8.83765e-01 -1.52224e+00  1.72787e-01 -2.27439e+00  8.89667e-01 -1.52890e+00  2.32764e+00
   68 -5.23986e-01 -3.09920e-01 -8.02682e-01  1.08744e+00  1.85306e-01 -2.60747e+00  9.13415e-01  2.20666e+00  1.72826e-01 -2.58942e+00  8.89772e-01  2.19931e+00  2.32786e+00
   69 -5.82903e-01 -1.07163e-01  1.25956e+00 -4.82637e-01  1.75630e-01 -2.95978e+00  9.09717e-01 -3.65922e-01  1.72881e-01 -2.90458e+00  8.89791e-01 -3.55735e-01  2.32791e+00
   70 -6.13013e-01  6.84165e-02 -1.27637e+00 -2.94248e-01  1.90233e-01  3.03045e+00  8.57849e-01 -2.91502e+00  1.72887e-01  3.06357e+00  8.89749e-01 -2.91071e+00  2.32776e+00
   71 -5.95024e-01  2.08306e-01  8.56331e-01  9.82133e-01  1.98722e-01  2.80485e+00  8.48944e-01  8.53719e-01  1.72853e-01  2.74866e+00  8.89699e-01  8.17565e-01  2.32765e+00
   72 -4.96770e-01  3.40012e-01 -1.58846e-01 -1.33710e+00  1.81195e-01  2.54138e+00  9.06537e-01 -1.68904e+00  1.72829e-01  2.43383e+00  8.89675e-01 -1.73729e+00  2.32765e+00
   73 -3.28780e-01  4.73132e-01 -5.83249e-01  1.23598e+00  1.65975e-01  2.17809e+00  9.33909e-01  2.01171e+00  1.72843e-01  2.11898e+00  8.89655e-01  1.99103e+00  2.32757e+00
   74 -1.43762e-01  5.74864e-01  1.13320e+00 -7.19713e-01  1.75568e-01  1.81585e+00  9.01069e-01 -5.65839e-01  1.72883e-01  1.80432e+00  8.89614e-01 -5.63712e-01  2.32756e+00
   75  1.74450e-02  6.02117e-01 -1.30936e+00 -3.97649e-02  1.81424e-01  1.54183e+00  8.58008e-01 -3.11123e+00  1.72914e-01  1.48959e+00  8.89732e-01 -3.11851e+00  2.32780e+00
   76  1.58967e-01  5.40766e-01  1.05804e+00  7.89107e-01  1.58849e-01  1.28488e+00  8.71073e-01  6.40819e-01  1.72941e-01  1.17454e+00  8.89784e-01  6.09736e-01  2.32784e+00
   77  3.07687e-01  4.17865e-01 -4.72952e-01 -1.26675e+00  1.34641e-01  9.36101e-01  9.14172e-01 -1.92813e+00  1.72950e-01  8.59500e-01  8.89756e-01 -1.94517e+00  2.32768e+00
   78  4.55819e-01  2.74823e-01 -2.63295e-01  1.31322e+00  1.41650e-01  5.42565e-01  8.96934e-01  1.76867e+00  1.72936e-01  5.44596e-01  8.89712e-01  1.78314e+00  2.32773e+00
   79  5.54384e-01  1.27275e-01  9.28953e-01 -9.30683e-01  1.61770e-01  2.25668e-01  8.64563e-01 -7.86328e-01  1.72896e-01  2.29829e-01  8.89664e-01 -7.71647e-01  2.32762e+00
   80  5.67560e-01 -3.74093e-02 -1.30407e+00  2.49314e-01  1.61762e-01 -6.58172e-02  8.81373e-01  2.95269e+00  1.72849e-01 -8.48874e-02  8.89644e-01  2.95674e+00  2.32756e+00
   81  5.01522e-01 -2.27945e-01  1.25104e+00  5.14204e-01  1.51742e-01 -4.26595e-01  9.14754e-01  3.89971e-01  1.72845e-01 -3.99653e-01  8.89668e-01  4.01929e-01  2.32763e+00
   82  3.90688e-01 -4.18774e-01 -7.80222e-01 -1.10377e+00  1.64005e-01 -8.20081e-01  9.13531e-01 -2.18612e+00  1.72859e-01 -7.14481e-01  8.89692e-01 -2.15291e+00  2.32779e+00
   83  2.60762e-01 -5.55464e-01  4.33983e-02  1.32076e+00  1.88268e-01 -1.13189e+00  8.73141e-01  1.53795e+00  1.72864e-01 -1.02938e+00  8.89723e-01  1.57539e+00  2.32783e+00
   84  1.08378e-01 -6.03575e-01  7.16261e-01 -1.10329e+00  1.88024e-01 -1.39313e+00  8.65145e-01 -9.94982e-01  1.72840e-01 -1.34442e+00  8.89782e-01 -9.79570e-01  2.32789e+00
   85 -7.06626e-02 -5.81047e-01 -1.23376e+00  5.23782e-01  1.71304e-01 -1.69181e+00  8.98261e-01  2.74011e+00  1.72799e-01 -1.65963e+00  8.89765e-01  2.74852e+00  2.32780e+00
   86 -2.63426e-01 -5.28845e-01  1.31952e+00  2.36771e-01  1.74535e-01 -2.03293e+00  8.98597e-01  1.77548e-01  1.72778e-01 -1.97463e+00  8.89635e-01  1.93570e-01  2.32751e+00
   87 -4.39504e-01 -4.57269e-01 -9.42045e-01 -9.25644e-01  2.01129e-01 -2.33639e+00  8.72133e-01 -2.36498e+00  1.72750e-01 -2.28935e+00  8.89605e-01 -2.36126e+00  2.32760e+00
   88 -5.57604e-01 -3.35063e-01  2.43204e-01  1.30489e+00  2.11595e-01 -2.60051e+00  8.80945e-01  1.38653e+00  1.72756e-01 -2.60412e+00  8.89616e-01  1.36708e+00  2.32764e+00
   89 -6.01654e-01 -1.44752e-01  5.30975e-01 -1.24669e+00  1.91471e-01 -2.90549e+00  9.18079e-01 -1.16816e+00  1.72787e-01 -2.91896e+00  8.89689e-01 -1.18779e+00  2.32767e+00
   90 -5.91517e-01  7.38951e-02 -1.11873e+00  7.71323e-01  1.77676e-01  3.01731e+00  9.23244e-01  2.53797e+00  1.72854e-01  3.04923e+00  8.89737e-01  2.54043e+00  2.32780e+00
   91 -5.53743e-01  2.59243e-01  1.31955e+00 -3.03852e-02  1.86919e-01  2.70374e+00  8.71071e-01 -2.30228e-02  1.72906e-01  2.73422e+00  8.89776e-01 -1.45247e-02  2.32788e+00
   92 -4.87160e-01  3.83966e-01 -1.06930e+00 -7.31997e-01  1.92377e-01  2.47411e+00  8.39607e-01 -2.54130e+00  1.72885e-01  2.41918e+00  8.89756e-01 -2.56948e+00  2.32774e+00
   93 -3.60646e-01  4.66408e-01  4.69924e-01  1.24840e+00  1.73801e-01  2.22901e+00  8.89669e-01  1.21078e+00  1.72856e-01  2.10420e+00  8.89700e-01  1.15880e+00  2.32753e+00
   94 -1.68947e-01  5.32443e-01  2.73511e-01 -1.33555e+00  1.56019e-01  1.87805e+00  9.29256e-01 -1.36880e+00  1.72865e-01  1.78936e+00  8.89678e-01 -1.39607e+00  2.32754e+00
   95  3.98389e-02  5.73776e-01 -9.28953e-01  9.73274e-01  1.65403e-01  1.50147e+00  9.05107e-01  2.33290e+00  1.72891e-01  1.47470e+00  8.89598e-01  2.33237e+00  2.32748e+00
   96  2.12031e-01  5.55414e-01  1.28612e+00 -2.89083e-01  1.76721e-01  1.20612e+00  8.68839e-01 -2.21096e-01  1.72899e-01  1.16011e+00  8.89658e-01 -2.22345e-01  2.32762e+00
   97  3.34673e-01  4.53648e-01 -1.22592e+00 -4.92459e-01  1.58901e-01  9.35189e-01  8.72692e-01 -2.75962e+00  1.72924e-01  8.45233e-01  8.89754e-01 -2.77721e+00  2.32781e+00
   98  4.32261e-01  2.83655e-01  7.73887e-01  1.10546e+00  1.33655e-01  5.80730e-01  9.10474e-01  9.60032e-01  1.72941e-01  5.30215e-01  8.89750e-01  9.51076e-01  2.32765e+00
   99  5.18133e-01  9.27542e-02 -7.46455e-02 -1.34027e+00  1.38533e-01  1.77140e-01  9.00949e-01 -1.62643e+00  1.72943e-01  2.15258e-01  8.89754e-01 -1.60382e+00  2.32773e+00
  100  5.61763e-01 -8.14113e-02 -6.61523e-01  1.13299e+00  1.61103e-01 -1.43919e-01  8.60638e-01  2.09927e+00  1.72924e-01 -9.96305e-02  8.89718e-01  2.12451e+00  2.32772e+00
  101  5.26691e-01 -2.37184e-01  1.19598e+00 -5.61887e-01  1.66830e-01 -4.23127e-01  8.73044e-01 -4.39207e-01  1.72858e-01 -4.14475e-01  8.89695e-01 -4.30361e-01  2.32765e+00
  102  4.11677e-01 -3.89713e-01 -1.33577e+00 -1.93900e-01  1.60677e-01 -7.57997e-01  9.10933e-01 -2.99744e+00  1.72817e-01 -7.29313e-01  8.89645e-01 -2.98520e+00  2.32754e+00
  103  2.47626e-01 -5.33295e-01  1.02162e+00  8.86914e-01  1.72861e-01 -1.13609e+00  9.15161e-01  7.14934e-01  1.72829e-01 -1.04408e+00  8.89646e-01  7.43166e-01  2.32768e+00
  104  7.34716e-02 -6.25166e-01 -3.57439e-01 -1.28016e+00  1.98115e-01 -1.45381e+00  8.83283e-01 -1.84308e+00  1.72837e-01 -1.35889e+00  8.89700e-01 -1.81169e+00  2.32787e+00
  105 -9.48184e-02 -6.22412e-01 -4.31809e-01  1.24717e+00  1.98194e-01 -1.72197e+00  8.70941e-01  1.90411e+00  1.72832e-01 -1.67388e+00  8.89752e-01  1.91657e+00  2.32787e+00
  106 -2.59363e-01 -5.34088e-01  1.07311e+00 -8.03957e-01  1.76260e-01 -2.02287e+00  8.98959e-01 -6.42978e-01  1.72819e-01 -1.98912e+00  8.89818e-01 -6.38525e-01  2.32795e+00
  107 -4.17550e-01 -4.11345e-01 -1.33806e+00  8.86132e-02  1.71776e-01 -2.36368e+00  8.99127e-01  3.07546e+00  1.72818e-01 -2.30429e+00  8.89715e-01  3.08960e+00  2.32769e+00
  108 -5.53377e-01 -2.88097e-01  1.13193e+00  6.67027e-01  1.94613e-01 -2.66159e+00  8.63093e-01  5.32503e-01  1.72793e-01 -2.61915e+00  8.89643e-01  5.34715e-01  2.32756e+00
  109 -6.29855e-01 -1.48810e-01 -5.37708e-01 -1.20366e+00  2.09431e-01 -2.90959e+00  8.68966e-01 -1.99092e+00  1.72779e-01 -2.93391e+00  8.89624e-01 -2.02013e+00  2.32770e+00
  110 -6.20422e-01  3.38889e-02 -2.29772e-01  1.33403e+00  1.93036e-01  3.08702e+00  9.16221e-01  1.74136e+00  1.72782e-01  3.03452e+00  8.89650e-01  1.70822e+00  2.32765e+00
  111 -5.43770e-01  2.41072e-01  9.13453e-01 -1.01554e+00  1.76901e-01  2.72430e+00  9.32857e-01 -8.38271e-01  1.72816e-01  2.71967e+00  8.89664e-01 -8.46671e-01  2.32764e+00
  112 -4.40690e-01  4.15908e-01 -1.28578e+00  3.53101e-01  1.83594e-01  2.38512e+00  8.88954e-01  2.87358e+00  1.72888e-01  2.40483e+00  8.89720e-01  2.88166e+00  2.32777e+00
  113 -3.29391e-01  5.17230e-01  1.22182e+00  4.37284e-01  1.88013e-01  2.13786e+00  8.42026e-01  3.43693e-01  1.72908e-01  2.08982e+00  8.89786e-01  3.26715e-01  2.32789e+00
  114 -1.87473e-01  5.48407e-01 -7.56751e-01 -1.08408e+00  1.67948e-01  1.90019e+00  8.73948e-01 -2.18022e+00  1.72900e-01  1.77469e+00  8.89748e-01 -2.22824e+00  2.32761e+00
  115  4.45428e-03  5.41300e-01  5.61053e-02  1.35677e+00  1.46513e-01  1.56257e+00  9.21993e-01  1.52947e+00  1.72894e-01  1.45977e+00  8.89708e-01  1.50006e+00  2.32758e+00
  116  2.12633e-01  5.12237e-01  6.62794e-01 -1.17015e+00  1.53800e-01  1.17734e+00  9.04274e-01 -1.05544e+00  1.72893e-01  1.14507e+00  8.89621e-01 -1.05473e+00  2.32750e+00
  117  3.78089e-01  4.43731e-01 -1.17699e+00  6.00188e-01  1.69924e-01  8.65104e-01  8.72766e-01  2.67003e+00  1.72871e-01  8.30490e-01  8.89608e-01  2.67376e+00  2.32750e+00
  118  4.72714e-01  3.10500e-01  1.31427e+00  1.65774e-01  1.59935e-01  5.81171e-01  8.77387e-01  1.25472e-01  1.72881e-01  5.15776e-01  8.89687e-01  1.18973e-01  2.32769e+00
  119  5.12357e-01  1.14962e-01 -1.02673e+00 -8.74881e-01  1.37863e-01  2.20723e-01  9.09792e-01 -2.43588e+00  1.72905e-01  2.00855e-01  8.89725e-01 -2.43590e+00  2.32770e+00
  120  5.24531e-01 -1.00224e-01  4.07153e-01  1.28441e+00  1.42589e-01 -1.88797e-01  9.07745e-01  1.26382e+00  1.72911e-01 -1.14084e-01  8.89746e-01  1.29241e+00  2.32768e+00
  121  5.03298e-01 -2.82643e-01  3.54628e-01 -1.26510e+00  1.66598e-01 -5.11692e-01  8.63116e-01 -1.29749e+00  1.72911e-01 -4.29029e-01  8.89732e-01 -1.26248e+00  2.32771e+00
  122  4.20086e-01 -4.13825e-01 -1.01392e+00  8.36544e-01  1.73862e-01 -7.77890e-01  8.63924e-01  2.45176e+00  1.72856e-01 -7.43988e-01  8.89755e-01  2.46577e+00  2.32775e+00
  123  2.68987e-01 -5.10891e-01  1.33741e+00 -1.34203e-01  1.66682e-01 -1.08617e+00  9.03344e-01 -1.00011e-01  1.72799e-01 -1.05899e+00  8.89669e-01 -8.91762e-02  2.32758e+00
  124  7.40221e-02 -5.88506e-01 -1.20025e+00 -6.17840e-01  1.75909e-01 -1.44567e+00  9.11164e-01 -2.66621e+00  1.72797e-01 -1.37378e+00  8.89613e-01 -2.64401e+00  2.32748e+00
  125 -1.23477e-01 -6.24031e-01  6.47169e-01  1.16377e+00  2.02331e-01 -1.76614e+00  8.86595e-01  1.06328e+00  1.72799e-01 -1.68847e+00  8.89652e-01  1.08435e+00  2.32775e+00
  126 -2.91062e-01 -5.73763e-01  1.27546e-01 -1.31912e+00  2.06961e-01 -2.04026e+00  8.78179e-01 -1.47441e+00  1.72810e-01 -2.00338e+00  8.89699e-01 -1.47053e+00  2.32772e+00
  127 -4.24073e-01 -4.33768e-01 -8.55506e-01  1.03780e+00  1.83996e-01 -2.34489e+00  9.04463e-01  2.26021e+00  1.72830e-01 -2.31850e+00  8.89804e-01  2.25764e+00  2.32794e+00
  128 -5.29673e-01 -2.55602e-01  1.28332e+00 -4.09138e-01  1.72943e-01 -2.69199e+00  9.07158e-01 -3.08624e-01  1.72867e-01 -2.63372e+00  8.89788e-01 -2.97446e-01  2.32788e+00
  129 -6.08473e-01 -9.15166e-02 -1.26048e+00 -3.67079e-01  1.89308e-01 -2.99231e+00  8.61776e-01 -2.85821e+00  1.72859e-01 -2.94872e+00  8.89714e-01 -2.85241e+00  2.32766e+00
  130 -6.35891e-01  5.41285e-02  8.03823e-01  1.02925e+00  2.03644e-01  3.05668e+00  8.52748e-01  9.07763e-01  1.72831e-01  3.01962e+00  8.89671e-01  8.75895e-01  2.32767e+00
  131 -5.78743e-01  2.10127e-01 -8.51235e-02 -1.34357e+00  1.89549e-01  2.79332e+00  9.06212e-01 -1.63407e+00  1.72814e-01  2.70485e+00  8.89660e-01 -1.67895e+00  2.32770e+00
  132 -4.46644e-01  3.80132e-01 -6.53984e-01  1.20161e+00  1.71996e-01  2.43647e+00  9.35782e-01  2.06922e+00  1.72820e-01  2.39000e+00  8.89653e-01  2.04937e+00  2.32760e+00
  133 -2.88189e-01  5.22895e-01  1.17402e+00 -6.55192e-01  1.78236e-01  2.07451e+00  9.03801e-01 -5.09022e-01  1.72872e-01  2.07528e+00  8.89636e-01 -5.05405e-01  2.32761e+00
  134 -1.39810e-01  5.91811e-01 -1.30161e+00 -1.15841e-01  1.84893e-01  1.80278e+00  8.53800e-01 -3.05283e+00  1.72911e-01  1.76048e+00  8.89754e-01 -3.06025e+00  2.32786e+00
  135  6.09410e-03  5.74367e-01  1.00136e+00  8.52713e-01  1.64967e-01  1.56019e+00  8.64921e-01  7.05396e-01  1.72933e-01  1.44537e+00  8.89787e-01  6.67973e-01  2.32782e+00
  136  1.76389e-01  4.98102e-01 -3.85824e-01 -1.29593e+00  1.39609e-01  1.23045e+00  9.14145e-01 -1.86016e+00  1.72935e-01  1.13033e+00  8.89746e-01 -1.88694e+00  2.32766e+00
  137  3.58054e-01  3.98097e-01 -3.51613e-01  1.29732e+00  1.43342e-01  8.38306e-01  9.03335e-01  1.83547e+00  1.72917e-01  8.15487e-01  8.89681e-01  1.84140e+00  2.32766e+00
  138  4.96951e-01  2.80209e-01  9.88299e-01 -8.73700e-01  1.62739e-01  5.13419e-01  8.70044e-01 -7.23930e-01  1.72878e-01  5.00799e-01  8.89627e-01 -7.13353e-01  2.32753e+00
  139  5.54548e-01  1.26257e-01 -1.31479e+00  1.68677e-01  1.61732e-01  2.23859e-01  8.78564e-01  3.01400e+00  1.72850e-01  1.86130e-01  8.89638e-01  3.01507e+00  2.32757e+00
  140  5.36070e-01 -7.14715e-02  1.21314e+00  5.91300e-01  1.46239e-01 -1.32543e-01  9.10677e-01  4.53526e-01  1.72864e-01 -1.28652e-01  8.89689e-01  4.60248e-01  2.32768e+00
  141  4.74084e-01 -2.83219e-01 -7.12052e-01 -1.14992e+00  1.52484e-01 -5.38507e-01  9.14665e-01 -2.12523e+00  1.72876e-01 -4.43530e-01  8.89712e-01 -2.09460e+00  2.32774e+00
  142  3.86577e-01 -4.52838e-01 -3.03461e-02  1.32061e+00  1.77252e-01 -8.64172e-01  8.72471e-01  1.59377e+00  1.72882e-01 -7.58458e-01  8.89728e-01  1.63369e+00  2.32775e+00
  143  2.60908e-01 -5.46271e-01  7.73986e-01 -1.05890e+00  1.83243e-01 -1.12521e+00  8.60163e-01 -9.39610e-01  1.72852e-01 -1.07347e+00  8.89775e-01 -9.21258e-01  2.32783e+00
  144  8.96084e-02 -5.77564e-01 -1.26017e+00  4.51148e-01  1.70805e-01 -1.41687e+00  8.95786e-01  2.79780e+00  1.72798e-01 -1.38861e+00  8.89738e-01  2.80688e+00  2.32773e+00
  145 -1.11524e-01 -5.79078e-01  1.30850e+00  3.12595e-01  1.73884e-01 -1.76106e+00  9.04943e-01  2.34500e-01  1.72776e-01 -1.70354e+00  8.89619e-01  2.51965e-01  2.32746e+00
  146 -3.07802e-01 -5.52772e-01 -8.98691e-01 -9.77346e-01  2.00150e-01 -2.07887e+00  8.81425e-01 -2.31429e+00  1.72759e-01 -2.01822e+00  8.89607e-01 -2.30285e+00  2.32761e+00
  147 -4.58055e-01 -4.62749e-01  1.81057e-01  1.31422e+00  2.11976e-01 -2.35110e+00  8.79974e-01  1.43389e+00  1.72767e-01 -2.33301e+00  8.89636e-01  1.42548e+00  2.32763e+00
  148 -5.47023e-01 -2.91381e-01  5.92600e-01 -1.21232e+00  1.92069e-01 -2.65215e+00  9.10446e-01 -1.11614e+00  1.72803e-01 -2.64795e+00  8.89726e-01 -1.12943e+00  2.32774e+00
  149 -5.88551e-01 -8.02221e-02 -1.15776e+00  7.05952e-01  1.76414e-01 -3.00612e+00  9.19384e-01  2.59403e+00  1.72867e-01 -2.96304e+00  8.89778e-01  2.59874e+00  2.32789e+00
  150 -6.00294e-01  1.08774e-01  1.31939e+00  4.47227e-02  1.86093e-01  2.96234e+00  8.71398e-01  3.38835e-02  1.72900e-01  3.00507e+00  8.89773e-01  4.37462e-02  2.32785e+00
  151 -5.75108e-01  2.51134e-01 -1.02686e+00 -7.92007e-01  1.96909e-01  2.72988e+00  8.40855e-01 -2.48460e+00  1.72872e-01  2.69010e+00  8.89729e-01 -2.51119e+00  2.32769e+00
  152 -4.79964e-01  3.67865e-01  3.96978e-01  1.27360e+00  1.82845e-01  2.48765e+00  8.89821e-01  1.26864e+00  1.72840e-01  2.37521e+00  8.89682e-01  1.21712e+00  2.32760e+00
  153 -3.10310e-01  4.80561e-01  3.54038e-01 -1.31878e+00  1.63616e-01  2.14416e+00  9.32265e-01 -1.30852e+00  1.72845e-01  2.06036e+00  8.89675e-01 -1.33775e+00  2.32758e+00
  154 -1.13308e-01  5.71205e-01 -9.88246e-01  9.19546e-01  1.69557e-01  1.76662e+00  9.11097e-01  2.39219e+00  1.72882e-01  1.74566e+00  8.89602e-01  2.39067e+00  2.32752e+00
  155  6.00476e-02  5.98108e-01  1.29971e+00 -2.13012e-01  1.80669e-01  1.47074e+00  8.67308e-01 -1.62448e-01  1.72906e-01  1.43103e+00  8.89684e-01 -1.64067e-01  2.32768e+00
  156  1.99714e-01  5.36823e-01 -1.18618e+00 -5.67794e-01  1.64032e-01  1.21463e+00  8.64703e-01 -2.69515e+00  1.72934e-01  1.11609e+00  8.89777e-01 -2.71897e+00  2.32787e+00
  157  3.31246e-01  4.03675e-01  6.94768e-01  1.15433e+00  1.36339e-01  8.83635e-01  9.07588e-01  1.02899e+00  1.72951e-01  8.01030e-01  8.89758e-01  1.00930e+00  2.32766e+00
  158  4.62834e-01  2.42733e-01  1.61240e-02 -1.34525e+00  1.36567e-01  4.83015e-01  9.04973e-01 -1.55881e+00  1.72947e-01  4.86079e-01  8.89743e-01 -1.54559e+00  2.32776e+00
  159  5.55891e-01  8.35735e-02 -7.33889e-01  1.09225e+00  1.58000e-01  1.49224e-01  8.65802e-01  2.16242e+00  1.72919e-01  1.71243e-01  8.89690e-01  2.18278e+00  2.32768e+00
  160  5.68395e-01 -7.77675e-02  1.22764e+00 -4.88780e-01  1.64560e-01 -1.35975e-01  8.72998e-01 -3.78909e-01  1.72861e-01 -1.43516e-01  8.89663e-01 -3.72045e-01  2.32760e+00
  161  4.96492e-01 -2.54883e-01 -1.32025e+00 -2.74503e-01  1.55735e-01 -4.74284e-01  9.09202e-01 -2.93660e+00  1.72834e-01 -4.58280e-01  8.89654e-01 -2.92686e+00  2.32757e+00
  162  3.70481e-01 -4.35621e-01  9.70121e-01  9.46295e-01  1.63511e-01 -8.66032e-01  9.18304e-01  7.72966e-01  1.72847e-01 -7.73081e-01  8.89669e-01  8.01505e-01  2.32773e+00
  163  2.25071e-01 -5.71892e-01 -2.90460e-01 -1.29753e+00  1.88859e-01 -1.19586e+00  8.83977e-01 -1.79102e+00  1.72854e-01 -1.08793e+00  8.89715e-01 -1.75336e+00  2.32787e+00
  164  6.81378e-02 -6.19055e-01 -4.93864e-01  1.21823e+00  1.93936e-01 -1.46117e+00  8.63996e-01  1.95594e+00  1.72844e-01 -1.40293e+00  8.89757e-01  1.97489e+00  2.32788e+00
  165 -1.05417e-01 -5.83027e-01  1.11263e+00 -7.39832e-01  1.75517e-01 -1.74967e+00  8.92648e-01 -5.86806e-01  1.72809e-01 -1.71814e+00  8.89803e-01 -5.80196e-01  2.32790e+00
  166 -2.88685e-01 -5.08096e-01 -1.34292e+00  1.09953e-02  1.70750e-01 -2.08748e+00  9.01777e-01  3.13341e+00  1.72791e-01 -2.03327e+00  8.89679e-01 -3.13522e+00  2.32762e+00
  167 -4.59220e-01 -4.20956e-01  1.10028e+00  7.30934e-01  1.94043e-01 -2.39964e+00  8.72439e-01  5.86374e-01  1.72764e-01 -2.34806e+00  8.89613e-01  5.93102e-01  2.32754e+00
  168 -5.77068e-01 -3.01059e-01 -4.78915e-01 -1.23102e+00  2.11822e-01 -2.66073e+00  8.72390e-01 -1.94182e+00  1.72753e-01 -2.66281e+00  8.89611e-01 -1.96174e+00  2.32768e+00
  169 -6.15753e-01 -1.20768e-01 -2.97742e-01  1.31711e+00  1.96868e-01 -2.94792e+00  9.11715e-01  1.79312e+00  1.72775e-01 -2.97759e+00  8.89654e-01  1.76660e+00  2.32762e+00
  170 -5.89782e-01  9.66347e-02  9.66952e-01 -9.62003e-01  1.78590e-01  2.97919e+00  9.30223e-01 -7.82833e-01  1.72824e-01  2.99068e+00  8.89703e-01 -7.88321e-01  2.32772e+00
  171 -5.32009e-01  2.90346e-01 -1.30307e+00  2.80218e-01  1.83668e-01  2.64202e+00  8.88262e-01  2.92977e+00  1.72896e-01  2.67572e+00  8.89756e-01  2.93994e+00  2.32785e+00
  172 -4.54685e-01  4.19761e-01  1.19300e+00  5.06558e-01  1.91469e-01  2.39611e+00  8.39929e-01  4.01538e-01  1.72900e-01  2.36069e+00  8.89776e-01  3.84981e-01  2.32783e+00
  173 -3.32503e-01  4.91376e-01 -6.88746e-01 -1.12703e+00  1.76005e-01  2.16570e+00  8.72286e-01 -2.11935e+00  1.72873e-01  2.04563e+00  8.89723e-01 -2.16995e+00  2.32755e+00
  174 -1.46954e-01  5.35309e-01 -3.01067e-02  1.35935e+00  1.54075e-01  1.83872e+00  9.24364e-01  1.59294e+00  1.72869e-01  1.73074e+00  8.89695e-01  1.55836e+00  2.32754e+00
  175  6.61301e-02  5.58791e-01  7.37923e-01 -1.13093e+00  1.58310e-01  1.45300e+00  9.11769e-01 -9.92672e-01  1.72890e-01  1.41604e+00  8.89614e-01 -9.96439e-01  2.32748e+00
  176  2.47786e-01  5.35185e-01 -1.21258e+00  5.29339e-01  1.73911e-01  1.13719e+00  8.75276e-01  2.72999e+00  1.72888e-01  1.10148e+00  8.89620e-01  2.73206e+00  2.32753e+00
  177  3.71147e-01  4.35674e-01  1.29581e+00  2.47398e-01  1.63781e-01  8.65205e-01  8.70161e-01  1.88652e-01  1.72906e-01  7.86717e-01  8.89720e-01  1.77252e-01  2.32776e+00
  178  4.53217e-01  2.63436e-01 -9.62026e-01 -9.39889e-01  1.37402e-01  5.26524e-01  9.04442e-01 -2.36783e+00  1.72929e-01  4.71732e-01  8.89744e-01 -2.37764e+00  2.32769e+00
  179  5.17784e-01  6.09598e-02  3.21065e-01  1.30976e+00  1.35908e-01  1.17193e-01  9.09280e-01  1.33040e+00  1.72935e-01  1.56771e-01  8.89756e-01  1.35065e+00  2.32769e+00
  180  5.49585e-01 -1.23997e-01  4.33158e-01 -1.24269e+00  1.58710e-01 -2.21904e-01  8.65947e-01 -1.23540e+00  1.72929e-01 -1.58158e-01  8.89728e-01 -1.20422e+00  2.32772e+00
  181  5.11893e-01 -2.77312e-01 -1.06161e+00  7.74941e-01  1.69468e-01 -4.96478e-01  8.63770e-01  2.51103e+00  1.72872e-01 -4.73042e-01  8.89727e-01  2.52407e+00  2.32771e+00
  182  3.94941e-01 -4.13782e-01  1.34279e+00 -5.47964e-02  1.63597e-01 -8.08691e-01  9.03040e-01 -4.07853e-02  1.72814e-01 -7.87942e-01  8.89656e-01 -3.08149e-02  2.32756e+00
  183  2.22980e-01 -5.40120e-01 -1.16680e+00 -6.86928e-01  1.70725e-01 -1.17927e+00  9.16651e-01 -2.60950e+00  1.72815e-01 -1.10273e+00  8.89629e-01 -2.58563e+00  2.32756e+00
  184  3.69777e-02 -6.25948e-01  5.89691e-01  1.19764e+00  1.96589e-01 -1.51179e+00  8.91038e-01  1.11327e+00  1.72824e-01 -1.41747e+00  8.89676e-01  1.14272e+00  2.32783e+00
  185 -1.35893e-01 -6.23962e-01  1.90816e-01 -1.30687e+00  2.03898e-01 -1.78524e+00  8.72155e-01 -1.42581e+00  1.72828e-01 -1.73240e+00  8.89721e-01 -1.41218e+00  2.32780e+00
  186 -2.93615e-01 -5.28218e-01 -9.05689e-01  9.85202e-01  1.82612e-01 -2.07813e+00  8.95448e-01  2.31417e+00  1.72823e-01 -2.04757e+00  8.89818e-01  2.31597e+00  2.32797e+00
  187 -4.38045e-01 -3.86408e-01  1.30346e+00 -3.34094e-01  1.70597e-01 -2.41874e+00  9.05317e-01 -2.50911e-01  1.72837e-01 -2.36281e+00  8.89765e-01 -2.39138e-01  2.32782e+00
  188 -5.61759e-01 -2.45902e-01 -1.24207e+00 -4.39155e-01  1.88021e-01 -2.72898e+00  8.67792e-01 -2.80174e+00  1.72822e-01 -2.67777e+00  8.89673e-01 -2.79408e+00  2.32758e+00
  189 -6.35003e-01 -1.06330e-01  7.51199e-01  1.07307e+00  2.07267e-01 -2.97568e+00  8.57891e-01  9.60040e-01  1.72797e-01 -2.99257e+00  8.89643e-01  9.34248e-01  2.32768e+00
  190 -6.23675e-01  6.24602e-02 -1.38750e-02 -1.34524e+00  1.96436e-01  3.04178e+00  9.04935e-01 -1.58111e+00  1.72793e-01  2.97587e+00  8.89642e-01 -1.62058e+00  2.32769e+00
  191 -5.35566e-01  2.58909e-01 -7.20230e-01  1.16288e+00  1.76932e-01  2.69129e+00  9.35510e-01  2.12532e+00  1.72803e-01  2.66104e+00  8.89660e-01  2.10773e+00  2.32762e+00
  192 -4.13610e-01  4.34576e-01  1.20974e+00 -5.88634e-01  1.79965e-01  2.33148e+00  9.04979e-01 -4.52854e-01  1.72868e-01  2.34625e+00  8.89670e-01 -4.47095e-01  2.32767e+00
  193 -2.88896e-01  5.40383e-01 -1.28999e+00 -1.90394e-01  1.87737e-01  2.06175e+00  8.50168e-01 -2.99506e+00  1.72909e-01  2.03136e+00  8.89772e-01 -3.00199e+00  2.32788e+00
  194 -1.50193e-01  5.66106e-01  9.43127e-01  9.11510e-01  1.71517e-01  1.83013e+00  8.60170e-01  7.68352e-01  1.72915e-01  1.71621e+00  8.89776e-01  7.26224e-01  2.32775e+00
  195  2.94339e-02  5.39730e-01 -2.99154e-01 -1.31894e+00  1.46088e-01  1.51632e+00  9.14549e-01 -1.79384e+00  1.72910e-01  1.40121e+00  8.89728e-01 -1.82868e+00  2.32760e+00
  196  2.32866e-01  4.89398e-01 -4.37935e-01  1.27613e+00  1.46869e-01  1.12668e+00  9.10148e-01  1.90138e+00  1.72900e-01  1.08643e+00  8.89656e-01  1.89967e+00  2.32758e+00
  197  4.02625e-01  4.10828e-01  1.04386e+00 -8.13454e-01  1.65443e-01  7.95481e-01  8.75677e-01 -6.61974e-01  1.72873e-01  7.71811e-01  8.89603e-01 -6.55047e-01  2.32748e+00
  198  4.98975e-01  2.80007e-01 -1.31970e+00  8.70732e-02  1.63690e-01  5.11375e-01  8.74590e-01  3.07571e+00  1.72862e-01  4.57156e-01  8.89650e-01  3.07339e+00  2.32761e+00
  199  5.27133e-01  8.93569e-02  1.16816e+00  6.67176e-01  1.42927e-01  1.67919e-01  9.04865e-01  5.18922e-01  1.72887e-01  1.42315e-01  8.89712e-01  5.18546e-01  2.32772e+00
  200  5.17626e-01 -1.28824e-01 -6.37226e-01 -1.19319e+00  1.42266e-01 -2.43919e-01  9.14885e-01 -2.06131e+00  1.72897e-01 -1.72608e-01  8.89729e-01 -2.03632e+00  2.32768e+00
  201  4.80082e-01 -3.18752e-01 -1.08285e-01  1.31694e+00  1.66041e-01 -5.86123e-01  8.73033e-01  1.65284e+00  1.72902e-01 -4.87551e-01  8.89733e-01  1.69197e+00  2.32770e+00
  202  3.92184e-01 -4.48523e-01  8.31946e-01 -1.01135e+00  1.77491e-01 -8.52312e-01  8.57483e-01 -8.82422e-01  1.72867e-01 -8.02520e-01  8.89763e-01 -8.62955e-01  2.32778e+00
  203  2.42023e-01 -5.29370e-01 -1.28321e+00  3.76793e-01  1.69404e-01 -1.14198e+00  8.94300e-01  2.85599e+00  1.72804e-01 -1.11758e+00  8.89711e-01  2.86523e+00  2.32766e+00
  204  4.66019e-02 -5.85187e-01  1.29286e+00  3.87844e-01  1.72308e-01 -1.49133e+00  9.10952e-01  2.91447e-01  1.72787e-01 -1.43246e+00  8.89616e-01  3.10359e-01  2.32745e+00
  205 -1.56512e-01 -6.09143e-01 -8.52323e-01 -1.02629e+00  1.97776e-01 -1.82229e+00  8.89862e-01 -2.26385e+00  1.72785e-01 -1.74713e+00  8.89624e-01 -2.24445e+00  2.32765e+00
  206 -3.27771e-01 -5.60406e-01  1.18974e-01  1.31968e+00  2.10745e-01 -2.10003e+00  8.77856e-01  1.48089e+00  1.72793e-01 -2.06195e+00  8.89667e-01  1.48387e+00  2.32768e+00
  207 -4.53976e-01 -4.20275e-01  6.51420e-01 -1.17416e+00  1.91363e-01 -2.39472e+00  9.01499e-01 -1.06428e+00  1.72817e-01 -2.37698e+00  8.89764e-01 -1.07108e+00  2.32784e+00
  208 -5.43603e-01 -2.29944e-01 -1.19278e+00  6.37894e-01  1.74189e-01 -2.74142e+00  9.14822e-01  2.65050e+00  1.72867e-01 -2.69217e+00  8.89801e-01  2.65703e+00  2.32793e+00
  209 -6.05347e-01 -4.97315e-02  1.31599e+00  1.20234e-01  1.84459e-01 -3.05962e+00  8.73146e-01  9.11107e-02  1.72881e-01 -3.00725e+00  8.89750e-01  1.02031e-01  2.32777e+00
  210 -6.25713e-01  9.94892e-02 -9.83496e-01 -8.49408e-01  2.00708e-01  2.98391e+00  8.44379e-01 -2.42922e+00  1.72852e-01  2.96103e+00  8.89699e-01 -2.45288e+00  2.32766e+00
  211 -5.69705e-01  2.41397e-01  3.25871e-01  1.29397e+00  1.91418e-01  2.74080e+00  8.90270e-01  1.32409e+00  1.72827e-01  2.64622e+00  8.89665e-01  1.27545e+00  2.32768e+00
  212 -4.32780e-01  3.93377e-01  4.30435e-01 -1.29714e+00  1.71022e-01  2.40385e+00  9.33918e-01 -1.25039e+00  1.72824e-01  2.33138e+00  8.89670e-01 -1.27942e+00  2.32762e+00
  213 -2.59536e-01  5.28290e-01 -1.04221e+00  8.63022e-01  1.73225e-01  2.02744e+00  9.15503e-01  2.44997e+00  1.72866e-01  2.01664e+00  8.89612e-01  2.44898e+00  2.32756e+00
  214 -9.70042e-02  5.98697e-01  1.30828e+00 -1.37487e-01  1.83924e-01  1.73143e+00  8.65253e-01 -1.04705e-01  1.72904e-01  1.70194e+00  8.89710e-01 -1.05795e-01  2.32775e+00
  215  4.83188e-02  5.80357e-01 -1.14289e+00 -6.39282e-01  1.69574e-01  1.48773e+00  8.57444e-01 -2.63160e+00  1.72933e-01  1.38693e+00  8.89791e-01 -2.66073e+00  2.32790e+00
  216  2.03285e-01  4.91010e-01  6.13666e-01  1.19748e+00  1.41208e-01  1.17827e+00  9.05267e-01  1.09723e+00  1.72946e-01  1.07184e+00  8.89757e-01  1.06753e+00  2.32766e+00
  217  3.71530e-01  3.70656e-01  1.07512e-01 -1.34460e+00  1.37710e-01  7.84220e-01  9.09755e-01 -1.49101e+00  1.72934e-01  7.56926e-01  8.89721e-01 -1.48735e+00  2.32773e+00
  218  5.07893e-01  2.39629e-01 -8.04795e-01  1.04723e+00  1.57689e-01  4.40843e-01  8.72189e-01  2.22603e+00  1.72901e-01  4.42161e-01  8.89652e-01  2.24105e+00  2.32760e+00
  219  5.66239e-01  8.71440e-02  1.25484e+00 -4.13190e-01  1.64111e-01  1.52702e-01  8.72674e-01 -3.18096e-01  1.72854e-01  1.27472e-01  8.89637e-01 -3.13724e-01  2.32755e+00
  220  5.40824e-01 -1.00383e-01 -1.29782e+00 -3.55477e-01  1.51284e-01 -1.83522e-01  9.05349e-01 -2.87425e+00  1.72850e-01 -1.87261e-01  8.89668e-01 -2.86852e+00  2.32763e+00
  221  4.60960e-01 -3.06019e-01  9.11445e-01  1.00395e+00  1.53066e-01 -5.86066e-01  9.19325e-01  8.33656e-01  1.72865e-01 -5.02104e-01  8.89691e-01  8.59822e-01  2.32773e+00
  222  3.55820e-01 -4.77935e-01 -2.18582e-01 -1.31190e+00  1.77515e-01 -9.30827e-01  8.84434e-01 -1.73589e+00  1.72872e-01 -8.16994e-01  8.89726e-01 -1.69506e+00  2.32780e+00
  223  2.23942e-01 -5.71038e-01 -5.56963e-01  1.18623e+00  1.88117e-01 -1.19706e+00  8.58675e-01  2.00977e+00  1.72858e-01 -1.13198e+00  8.89756e-01  2.03321e+00  2.32783e+00
  224  5.57175e-02 -5.88475e-01  1.14971e+00 -6.73665e-01  1.74703e-01 -1.47640e+00  8.87830e-01 -5.30019e-01  1.72808e-01 -1.44714e+00  8.89781e-01 -5.21859e-01  2.32782e+00
  225 -1.39460e-01 -5.66855e-01 -1.34400e+00 -6.67130e-02  1.70387e-01 -1.81203e+00  9.05399e-01 -3.09200e+00  1.72780e-01 -1.76220e+00  8.89652e-01 -3.07684e+00  2.32755e+00
  226 -3.33869e-01 -5.24460e-01  1.06609e+00  7.92650e-01  1.93264e-01 -2.13769e+00  8.82422e-01  6.39335e-01  1.72758e-01 -2.07693e+00  8.89600e-01  6.51507e-01  2.32753e+00
  227 -4.85646e-01 -4.35179e-01 -4.20247e-01 -1.25451e+00  2.12617e-01 -2.41095e+00  8.75206e-01 -1.89404e+00  1.72752e-01 -2.39167e+00  8.89617e-01 -1.90333e+00  2.32766e+00
  228 -5.69300e-01 -2.70499e-01 -3.62985e-01  1.29581e+00  1.98636e-01 -2.69803e+00  9.05441e-01  1.84392e+00  1.72783e-01 -2.70653e+00  8.89677e-01  1.82499e+00  2.32764e+00
  229 -5.95051e-01 -5.63166e-02  1.01618e+00 -9.04881e-01  1.78628e-01 -3.04723e+00  9.25718e-01 -7.27525e-01  1.72841e-01 -3.02153e+00  8.89750e-01 -7.29987e-01  2.32782e+00
  230 -5.87026e-01  1.44498e-01 -1.31633e+00  2.05980e-01  1.82739e-01  2.90024e+00  8.87573e-01  2.98637e+00  1.72900e-01  2.94659e+00  8.89778e-01  2.99822e+00  2.32789e+00
  231 -5.50815e-01  2.92864e-01  1.16219e+00  5.73882e-01  1.94583e-01  2.65291e+00  8.40012e-01  4.58671e-01  1.72890e-01  2.63158e+00  8.89756e-01  4.43258e-01  2.32777e+00
  232 -4.58173e-01  3.98610e-01 -6.21542e-01 -1.16520e+00  1.84406e-01  2.42560e+00  8.72001e-01 -2.06082e+00  1.72853e-01  2.31661e+00  8.89699e-01 -2.11165e+00  2.32757e+00
  233 -2.91175e-01  4.89874e-01 -1.13148e-01  1.35647e+00  1.62380e-01  2.10708e+00  9.26411e-01  1.65402e+00  1.72848e-01  2.00174e+00  8.89687e-01  1.61667e+00  2.32757e+00
  234 -8.62145e-02  5.64739e-01  8.08337e-01 -1.08791e+00  1.63181e-01  1.72229e+00  9.18480e-01 -9.31780e-01  1.72882e-01  1.68701e+00  8.89613e-01 -9.38137e-01  2.32750e+00
  235  9.93910e-02  5.88015e-01 -1.24281e+00  4.57573e-01  1.77820e-01  1.40335e+00  8.76980e-01  2.78882e+00  1.72899e-01  1.37242e+00  8.89639e-01  2.79035e+00  2.32759e+00
  236  2.41160e-01  5.28226e-01  1.27218e+00  3.26926e-01  1.68590e-01  1.14251e+00  8.62663e-01  2.51538e-01  1.72923e-01  1.05761e+00  8.89751e-01  2.35510e-01  2.32783e+00
  237  3.57884e-01  3.89577e-01 -8.92846e-01 -1.00066e+00  1.39926e-01  8.27774e-01  8.99242e-01 -2.29932e+00  1.72945e-01  7.42567e-01  8.89759e-01 -2.31941e+00  2.32769e+00
  238  4.69800e-01  2.13331e-01  2.31543e-01  1.33017e+00  1.33111e-01  4.26249e-01  9.11488e-01  1.39845e+00  1.72948e-01  4.27592e-01  8.89759e-01  1.40888e+00  2.32772e+00
  239  5.53080e-01  4.07327e-02  5.12964e-01 -1.21585e+00  1.53778e-01  7.35144e-02  8.70709e-01 -1.17156e+00  1.72935e-01  1.12694e-01  8.89712e-01 -1.14597e+00  2.32772e+00
  240  5.63887e-01 -1.20290e-01 -1.10705e+00  7.10097e-01  1.66219e-01 -2.10172e-01  8.64900e-01  2.57127e+00  1.72878e-01 -2.02113e-01  8.89693e-01  2.58237e+00  2.32766e+00
  241  4.88742e-01 -2.84015e-01  1.34260e+00  2.59910e-02  1.59767e-01 -5.26418e-01  9.01623e-01  1.93563e-02  1.72829e-01 -5.16913e-01  8.89650e-01  2.75351e-02  2.32756e+00
  242  3.51329e-01 -4.50627e-01 -1.12678e+00 -7.55075e-01  1.63248e-01 -9.08592e-01  9.19891e-01 -2.55121e+00  1.72833e-01 -8.31706e-01  8.89651e-01 -2.52728e+00  2.32764e+00
  243  1.90664e-01 -5.82886e-01  5.27539e-01  1.22879e+00  1.88054e-01 -1.25466e+00  8.94109e-01  1.16528e+00  1.72844e-01 -1.14650e+00  8.89697e-01  1.20106e+00  2.32788e+00
  244  2.69357e-02 -6.30537e-01  2.55164e-01 -1.29139e+00  1.99151e-01 -1.52810e+00  8.66396e-01 -1.37572e+00  1.72843e-01 -1.46145e+00  8.89732e-01 -1.35385e+00  2.32785e+00
  245 -1.42070e-01 -5.85326e-01 -9.53697e-01  9.29991e-01  1.81395e-01 -1.80891e+00  8.87211e-01  2.36878e+00  1.72817e-01 -1.77662e+00  8.89817e-01  2.37429e+00  2.32796e+00
  246 -3.14535e-01 -4.89445e-01  1.32010e+00 -2.57951e-01  1.69244e-01 -2.14198e+00  9.04597e-01 -1.92972e-01  1.72807e-01 -2.09184e+00  8.89733e-01 -1.80803e-01  2.32775e+00
  247 -4.75949e-01 -3.83633e-01 -1.22109e+00 -5.10102e-01  1.86851e-01 -2.46318e+00  8.75639e-01 -2.74589e+00  1.72786e-01 -2.40674e+00  8.89635e-01 -2.73571e+00  2.32752e+00
  248 -5.91882e-01 -2.62098e-01  6.98385e-01  1.11350e+00  2.09510e-01 -2.72472e+00  8.63813e-01  1.01062e+00  1.72763e-01 -2.72150e+00  8.89619e-01  9.92629e-01  2.32768e+00
  249 -6.27755e-01 -9.31209e-02  5.50030e-02 -1.34228e+00  2.01374e-01 -2.99433e+00  9.02373e-01 -1.52984e+00  1.72774e-01 -3.03625e+00  8.89631e-01 -1.56220e+00  2.32764e+00
  250 -5.88929e-01  1.17592e-01 -7.82168e-01  1.11990e+00  1.80333e-01  2.94451e+00  9.32982e-01  2.18047e+00  1.72800e-01  2.93209e+00  8.89680e-01  2.16609e+00  2.32766e+00
  251 -5.11320e-01  3.15997e-01  1.24068e+00 -5.19958e-01  1.80651e-01  2.58804e+00  9.04824e-01 -3.96855e-01  1.72876e-01  2.61719e+00  8.89715e-01 -3.88792e-01  2.32776e+00
  252 -4.19747e-01  4.51647e-01 -1.27506e+00 -2.63620e-01  1.90086e-01  2.31960e+00  8.47639e-01 -2.93771e+00  1.72908e-01  2.30222e+00  8.89779e-01 -2.94373e+00  2.32788e+00
  253 -2.99272e-01  5.17137e-01  8.84149e-01  9.65675e-01  1.78497e-01  2.09541e+00  8.57124e-01  8.29442e-01  1.72891e-01  1.98710e+00  8.89754e-01  7.84494e-01  2.32766e+00
  254 -1.22860e-01  5.40782e-01 -2.14017e-01 -1.33597e+00  1.53770e-01  1.79419e+00  9.15308e-01 -1.72964e+00  1.72881e-01  1.67214e+00  8.89709e-01 -1.77040e+00  2.32754e+00
  255  8.94798e-02  5.43328e-01 -5.21097e-01  1.24998e+00  1.51606e-01  1.40757e+00  9.16990e-01  1.96577e+00  1.72890e-01  1.35739e+00  8.89641e-01  1.95796e+00  2.32752e+00
  256  2.78768e-01  5.10379e-01  1.09486e+00 -7.50558e-01  1.69099e-01  1.07088e+00  8.81026e-01 -6.00948e-01  1.72883e-01  1.04281e+00  8.89598e-01 -5.96741e-01  2.32748e+00
  257  4.05539e-01  4.12425e-01 -1.31880e+00  5.41098e-03  1.67278e-01  7.93816e-01  8.69625e-01  3.13749e+00  1.72886e-01  7.28148e-01  8.89678e-01  3.13169e+00  2.32766e+00
  258  4.76009e-01  2.41788e-01  1.11680e+00  7.40866e-01  1.42523e-01  4.69987e-01  8.98058e-01  5.85727e-01  1.72912e-01  4.13233e-01  8.89736e-01  5.76818e-01  2.32774e+00
  259  5.18694e-01  3.19663e-02 -5.56552e-01 -1.23287e+00  1.35032e-01  6.15507e-02  9.14865e-01 -1.99484e+00  1.72922e-01  9.82737e-02  8.89745e-01 -1.97806e+00  2.32766e+00
  260  5.34725e-01 -1.63766e-01 -1.89910e-01  1.30933e+00  1.56375e-01 -2.97193e-01  8.75205e-01  1.71484e+00  1.72924e-01 -2.16672e-01  8.89736e-01  1.75023e+00  2.32770e+00
  261  4.92370e-01 -3.17667e-01  8.89839e-01 -9.60415e-01  1.71670e-01 -5.72980e-01  8.57105e-01 -8.23524e-01  1.72884e-01 -5.31588e-01  8.89745e-01 -8.04663e-01  2.32775e+00
  262  3.74703e-01 -4.39724e-01 -1.30241e+00  3.00554e-01  1.66880e-01 -8.65066e-01  8.93305e-01  2.91480e+00  1.72816e-01 -8.46550e-01  8.89686e-01  2.92359e+00  2.32762e+00
  263  1.98573e-01 -5.46212e-01  1.27181e+00  4.62650e-01  1.68889e-01 -1.22211e+00  9.15768e-01  3.48892e-01  1.72801e-01 -1.16140e+00  8.89623e-01  3.68742e-01  2.32748e+00
  264  2.89695e-03 -6.21621e-01 -8.01993e-01 -1.07263e+00  1.93211e-01 -1.56614e+00  8.96865e-01 -2.21282e+00  1.72811e-01 -1.47609e+00  8.89646e-01 -2.18607e+00  2.32773e+00
  265 -1.76092e-01 -6.20209e-01  5.61623e-02  1.32156e+00  2.07833e-01 -1.84744e+00  8.74837e-01  1.52832e+00  1.72818e-01 -1.79095e+00  8.89695e-01  1.54224e+00  2.32776e+00
  266 -3.28725e-01 -5.21519e-01  7.07921e-01 -1.13261e+00  1.90021e-01 -2.13321e+00  8.91974e-01 -1.01217e+00  1.72822e-01 -2.10604e+00  8.89791e-01 -1.01274e+00  2.32792e+00
  267 -4.59281e-01 -3.64359e-01 -1.22409e+00  5.67576e-01  1.71848e-01 -2.47094e+00  9.10275e-01  2.70743e+00  1.72849e-01 -2.42129e+00  8.89800e-01  2.71533e+00  2.32791e+00
  268 -5.68011e-01 -2.05358e-01  1.30954e+00  1.95868e-01  1.82404e-01 -2.79468e+00  8.76633e-01  1.48469e-01  1.72849e-01 -2.73635e+00  8.89713e-01  1.60341e-01  2.32766e+00
  269 -6.35000e-01 -6.09572e-02 -9.39306e-01 -9.04192e-01  2.03471e-01 -3.04589e+00  8.49929e-01 -2.37524e+00  1.72821e-01 -3.05120e+00  8.89667e-01 -2.39454e+00  2.32764e+00
  270 -6.23325e-01  9.52263e-02  2.56605e-01  1.30969e+00  1.98801e-01  2.98999e+00  8.90567e-01  1.37732e+00  1.72809e-01  2.91723e+00  8.89644e-01  1.33380e+00  2.32772e+00
  271 -5.27792e-01  2.76721e-01  5.02717e-01 -1.27074e+00  1.77569e-01  2.65869e+00  9.33758e-01 -1.19408e+00  1.72803e-01  2.60241e+00  8.89666e-01 -1.22106e+00  2.32764e+00
  272 -3.88859e-01  4.48258e-01 -1.09094e+00  8.03703e-01  1.76073e-01  2.28536e+00  9.18040e-01  2.50665e+00  1.72852e-01  2.28763e+00  8.89633e-01  2.50730e+00  2.32760e+00
  273 -2.48403e-01  5.57707e-01  1.31226e+00 -6.25483e-02  1.86371e-01  1.98982e+00  8.62973e-01 -4.76284e-02  1.72903e-01  1.97285e+00  8.89737e-01 -4.75248e-02  2.32780e+00
  274 -1.08970e-01  5.81891e-01 -1.09699e+00 -7.06692e-01  1.75236e-01  1.75592e+00  8.51397e-01 -2.56930e+00  1.72922e-01  1.65777e+00  8.89793e-01 -2.60248e+00  2.32788e+00
  275  5.76523e-02  5.40205e-01  5.31926e-01  1.23460e+00  1.47573e-01  1.46448e+00  9.03588e-01  1.16398e+00  1.72927e-01  1.34268e+00  8.89746e-01  1.12577e+00  2.32762e+00
  276  2.51299e-01  4.67976e-01  1.98026e-01 -1.33821e+00  1.41076e-01  1.07800e+00  9.15011e-01 -1.42388e+00  1.72913e-01  1.02782e+00  8.89694e-01 -1.42909e+00  2.32766e+00
  277  4.21930e-01  3.75607e-01 -8.73021e-01  9.98136e-01  1.59553e-01  7.27380e-01  8.79220e-01  2.28943e+00  1.72885e-01  7.13138e-01  8.89617e-01  2.29934e+00  2.32752e+00
  278  5.20898e-01  2.44927e-01  1.27697e+00 -3.35644e-01  1.65662e-01  4.39526e-01  8.71653e-01 -2.57030e-01  1.72853e-01  3.98498e-01  8.89628e-01 -2.55401e-01  2.32755e+00
  279  5.41618e-01  6.13419e-02 -1.26838e+00 -4.36213e-01  1.48557e-01  1.12776e-01  8.99537e-01 -2.81035e+00  1.72869e-01  8.37395e-02  8.89690e-01 -2.81021e+00  2.32769e+00
  280  5.12405e-01 -1.55038e-01  8.45587e-01  1.05943e+00  1.43298e-01 -2.93812e-01  9.18707e-01  8.97184e-01  1.72884e-01 -2.31154e-01  8.89711e-01  9.18120e-01  2.32770e+00
  281  4.55994e-01 -3.50579e-01 -1.41572e-01 -1.32302e+00  1.65418e-01 -6.55440e-01  8.85214e-01 -1.67740e+00  1.72891e-01 -5.46075e-01  8.89735e-01 -1.63677e+00  2.32772e+00
  282  3.60865e-01 -4.81463e-01 -6.21406e-01  1.15100e+00  1.81015e-01 -9.27605e-01  8.55473e-01  2.06584e+00  1.72874e-01 -8.61046e-01  8.89752e-01  2.09151e+00  2.32778e+00
  283  2.11725e-01 -5.49068e-01  1.18433e+00 -6.05376e-01  1.73151e-01 -1.20276e+00  8.84557e-01 -4.72532e-01  1.72813e-01 -1.17614e+00  8.89755e-01 -4.63517e-01  2.32775e+00
  284  1.86829e-02 -5.82318e-01 -1.34083e+00 -1.44458e-01  1.69722e-01 -1.53872e+00  9.09343e-01 -3.03427e+00  1.72782e-01 -1.49113e+00  8.89637e-01 -3.01845e+00  2.32749e+00
  285 -1.86640e-01 -5.90380e-01  1.02868e+00  8.52087e-01  1.91692e-01 -1.87699e+00  8.92120e-01  6.91777e-01  1.72774e-01 -1.80582e+00  8.89605e-01  7.09914e-01  2.32755e+00
  286 -3.61801e-01 -5.41116e-01 -3.61166e-01 -1.27422e+00  2.11853e-01 -2.16015e+00  8.77037e-01 -1.84699e+00  1.72773e-01 -2.12057e+00  8.89642e-01 -1.84493e+00  2.32768e+00
  287 -4.83536e-01 -4.04481e-01 -4.25807e-01  1.27042e+00  1.98706e-01 -2.44499e+00  8.97637e-01  1.89420e+00  1.72800e-01 -2.43551e+00  8.89713e-01  1.88336e+00  2.32771e+00
  288 -5.58300e-01 -2.07094e-01  1.06139e+00 -8.44467e-01  1.77294e-01 -2.78639e+00  9.19840e-01 -6.72065e-01  1.72854e-01 -2.75062e+00  8.89790e-01 -6.71671e-01  2.32791e+00
  289 -6.01286e-01 -1.17973e-02 -1.32582e+00  1.30499e-01  1.80842e-01 -3.12198e+00  8.87417e-01  3.04348e+00  1.72892e-01 -3.06574e+00  8.89778e-01  3.05649e+00  2.32786e+00
  290 -6.10882e-01  1.44875e-01  1.12964e+00  6.39385e-01  1.97083e-01  2.90874e+00  8.42453e-01  5.15049e-01  1.72873e-01  2.90248e+00  8.89728e-01  5.01551e-01  2.32770e+00
  291 -5.55783e-01  2.76225e-01 -5.55400e-01 -1.19884e+00  1.92597e-01  2.68035e+00  8.72843e-01 -2.00464e+00  1.72840e-01  2.58761e+00  8.89678e-01 -2.05333e+00  2.32764e+00
  292 -4.18275e-01  4.08302e-01 -1.92664e-01  1.34840e+00  1.70832e-01  2.36826e+00  9.27655e-01  1.71272e+00  1.72829e-01  2.27276e+00  8.89681e-01  1.67499e+00  2.32763e+00
  293 -2.33822e-01  5.30298e-01  8.73669e-01 -1.04132e+00  1.67945e-01  1.98608e+00  9.23822e-01 -8.72722e-01  1.72864e-01  1.95798e+00  8.89615e-01 -8.79825e-01  2.32754e+00
  294 -5.65798e-02  5.99262e-01 -1.26771e+00  3.85304e-01  1.81158e-01  1.66493e+00  8.77773e-01  2.84653e+00  1.72898e-01  1.64336e+00  8.89661e-01  2.84864e+00  2.32765e+00
  295  9.22618e-02  5.82048e-01  1.24415e+00  4.03637e-01  1.73646e-01  1.41359e+00  8.55413e-01  3.13715e-01  1.72928e-01  1.32847e+00  8.89774e-01  2.93755e-01  2.32790e+00
  296  2.33709e-01  4.84390e-01 -8.20586e-01 -1.05633e+00  1.44627e-01  1.12126e+00  8.94593e-01 -2.23125e+00  1.72948e-01  1.01338e+00  8.89767e-01 -2.26118e+00  2.32770e+00
  297  3.84778e-01  3.45623e-01  1.40177e-01  1.34501e+00  1.33755e-01  7.31842e-01  9.14349e-01  1.46695e+00  1.72946e-01  6.98410e-01  8.89748e-01  1.46711e+00  2.32774e+00
  298  5.14213e-01  1.99069e-01  5.92708e-01 -1.18435e+00  1.52022e-01  3.69365e-01  8.76990e-01 -1.10679e+00  1.72923e-01  3.83566e-01  8.89682e-01 -1.08772e+00  2.32768e+00
  299  5.72500e-01  4.50057e-02 -1.14935e+00  6.42113e-01  1.64891e-01  7.84512e-02  8.66659e-01  2.63211e+00  1.72871e-01  6.88325e-02  8.89656e-01  2.64068e+00  2.32759e+00
  300  5.43160e-01 -1.31983e-01  1.33623e+00  1.07949e-01  1.56221e-01 -2.38371e-01  8.98585e-01  8.06112e-02  1.72842e-01 -2.45893e-01  8.89651e-01  8.58747e-02  2.32758e+00
  301  4.49017e-01 -3.27214e-01 -1.07958e+00 -8.22168e-01  1.54343e-01 -6.29752e-01  9.20728e-01 -2.49073e+00  1.72851e-01 -5.60701e-01  8.89674e-01 -2.46895e+00  2.32769e+00
  302  3.25795e-01 -4.97977e-01  4.59940e-01  1.25723e+00  1.77062e-01 -9.91448e-01  8.96088e-01  1.22008e+00  1.72861e-01 -8.75545e-01  8.89714e-01  1.25938e+00  2.32785e+00
  303  1.85194e-01 -5.92218e-01  3.21333e-01 -1.27278e+00  1.92509e-01 -1.26772e+00  8.61608e-01 -1.32350e+00  1.72859e-01 -1.19050e+00  8.89736e-01 -1.29553e+00  2.32783e+00
  304  1.92645e-02 -5.99711e-01 -9.99910e-01  8.72351e-01  1.80012e-01 -1.53868e+00  8.80408e-01  2.42422e+00  1.72818e-01 -1.50564e+00  8.89805e-01  2.43262e+00  2.32790e+00
  305 -1.68324e-01 -5.56198e-01  1.33317e+00 -1.81039e-01  1.68845e-01 -1.86467e+00  9.05053e-01 -1.34970e-01  1.72788e-01 -1.82081e+00  8.89701e-01 -1.22443e-01  2.32767e+00
  306 -3.57203e-01 -4.94320e-01 -1.19730e+00 -5.79577e-01  1.85973e-01 -2.19654e+00  8.84715e-01 -2.69077e+00  1.72766e-01 -2.13565e+00  8.89609e-01 -2.67732e+00  2.32749e+00
  307 -5.09120e-01 -4.02109e-01  6.45150e-01  1.15044e+00  2.10448e-01 -2.47309e+00  8.69863e-01  1.05971e+00  1.72746e-01 -2.45037e+00  8.89610e-01  1.05103e+00  2.32767e+00
  308 -5.89861e-01 -2.45902e-01  1.21660e-01 -1.33485e+00  2.04202e-01 -2.74662e+00  8.98318e-01 -1.47991e+00  1.72769e-01 -2.76516e+00  8.89639e-01 -1.50381e+00  2.32761e+00
  309 -6.02245e-01 -3.42205e-02 -8.39992e-01  1.07286e+00  1.81935e-01 -3.08483e+00  9.28306e-01  2.23505e+00  1.72812e-01 -3.08007e+00  8.89717e-01  2.22445e+00  2.32774e+00
  310 -5.74198e-01  1.75182e-01  1.26717e+00 -4.49153e-01  1.80196e-01  2.84547e+00  9.03733e-01 -3.40636e-01  1.72886e-01  2.88810e+00  8.89757e-01 -3.30500e-01  2.32785e+00
  311 -5.23392e-01  3.31666e-01 -1.25726e+00 -3.35732e-01  1.91970e-01  2.57677e+00  8.46706e-01 -2.88065e+00  1.72904e-01  2.57309e+00  8.89774e-01 -2.88546e+00  2.32785e+00
  312 -4.31035e-01  4.31067e-01  8.25013e-01  1.01549e+00  1.85805e-01  2.35616e+00  8.55938e-01  8.88525e-01  1.72869e-01  2.25804e+00  8.89728e-01  8.42783e-01  2.32761e+00
  313 -2.69967e-01  5.01866e-01 -1.31202e-01 -1.34731e+00  1.62376e-01  2.06432e+00  9.16234e-01 -1.66787e+00  1.72855e-01  1.94313e+00  8.89695e-01 -1.71210e+00  2.32754e+00
  314 -6.18560e-02  5.57120e-01 -6.00211e-01  1.21924e+00  1.57104e-01  1.68137e+00  9.23397e-01  2.02825e+00  1.72880e-01  1.62836e+00  8.89637e-01  2.01625e+00  2.32751e+00
  315  1.34596e-01  5.72625e-01  1.14076e+00 -6.85643e-01  1.73008e-01  1.33994e+00  8.85715e-01 -5.41186e-01  1.72894e-01  1.31378e+00  8.89606e-01 -5.38441e-01  2.32752e+00
  316  2.81551e-01  5.14112e-01 -1.31237e+00 -7.53599e-02  1.71791e-01  1.06976e+00  8.64002e-01 -3.08423e+00  1.72908e-01  9.99082e-01  8.89710e-01 -3.09322e+00  2.32773e+00
  317  3.87117e-01  3.74135e-01  1.06010e+00  8.11299e-01  1.44918e-01  7.68346e-01  8.91008e-01  6.53224e-01  1.72934e-01  6.84098e-01  8.89757e-01  6.35065e-01  2.32775e+00
  318  4.77974e-01  1.86471e-01 -4.71306e-01 -1.26811e+00  1.31615e-01  3.71967e-01  9.15111e-01 -1.92664e+00  1.72943e-01  3.69111e-01  8.89756e-01 -1.91983e+00  2.32767e+00
  319  5.47078e-01 -5.47202e-05 -2.74217e-01  1.29731e+00  1.49647e-01 -1.00023e-04  8.79102e-01  1.77910e+00  1.72940e-01  5.41756e-02  8.89732e-01  1.80848e+00  2.32773e+00
  320  5.54128e-01 -1.63857e-01  9.46985e-01 -9.05912e-01  1.66954e-01 -2.87509e-01  8.58728e-01 -7.63235e-01  1.72896e-01 -2.60679e-01  8.89719e-01 -7.46379e-01  2.32771e+00
  321  4.77282e-01 -3.15489e-01 -1.31715e+00  2.22346e-01  1.63666e-01 -5.84077e-01  8.92167e-01  2.97436e+00  1.72831e-01 -5.75534e-01  8.89666e-01  2.98193e+00  2.32759e+00
  322  3.32367e-01 -4.64995e-01  1.24454e+00  5.37125e-01  1.63344e-01 -9.50222e-01  9.18695e-01  4.07434e-01  1.72819e-01 -8.90348e-01  8.89639e-01  4.27107e-01  2.32755e+00
  323  1.58150e-01 -5.88882e-01 -7.46721e-01 -1.11655e+00  1.85897e-01 -1.30843e+00  9.02142e-01 -2.16026e+00  1.72833e-01 -1.20510e+00  8.89670e-01 -2.12771e+00  2.32781e+00
  324 -1.42257e-02 -6.36965e-01 -8.27305e-03  1.32013e+00  2.02964e-01 -1.59313e+00  8.71401e-01  1.57706e+00  1.72837e-01 -1.51999e+00  8.89713e-01  1.60058e+00  2.32783e+00
  325 -1.80202e-01 -5.86801e-01  7.62672e-01 -1.08804e+00  1.88404e-01 -1.86875e+00  8.82748e-01 -9.59426e-01  1.72822e-01 -1.83509e+00  8.89802e-01 -9.54412e-01  2.32795e+00
  326 -3.41402e-01 -4.73157e-01 -1.25194e+00  4.95457e-01  1.70216e-01 -2.19583e+00  9.06410e-01  2.76475e+00  1.72822e-01 -2.15036e+00  8.89782e-01  2.77365e+00  2.32786e+00
  327 -4.90615e-01 -3.46977e-01  1.30012e+00  2.71232e-01  1.80548e-01 -2.52603e+00  8.81940e-01  2.05670e-01  1.72811e-01 -2.46538e+00  8.89670e-01  2.18682e-01  2.32758e+00
  328 -6.01828e-01 -2.19322e-01 -8.94286e-01 -9.56231e-01  2.05149e-01 -2.79212e+00  8.57063e-01 -2.32273e+00  1.72782e-01 -2.78018e+00  8.89636e-01 -2.33618e+00  2.32764e+00
  329 -6.36522e-01 -6.09830e-02  1.89112e-01  1.32091e+00  2.04440e-01 -3.04608e+00  8.90277e-01  1.42859e+00  1.72783e-01 -3.09492e+00  8.89625e-01  1.39217e+00  2.32769e+00
  330 -5.88395e-01  1.38348e-01  5.71016e-01 -1.23974e+00  1.82674e-01  2.91066e+00  9.31513e-01 -1.13917e+00  1.72789e-01  2.87347e+00  8.89668e-01 -1.16269e+00  2.32764e+00
  331 -4.92335e-01  3.36652e-01 -1.13467e+00  7.41544e-01  1.77864e-01  2.54183e+00  9.18685e-01  2.56274e+00  1.72851e-01  2.55862e+00  8.89670e-01  2.56563e+00  2.32767e+00
  332 -3.83919e-01  4.78309e-01  1.31212e+00  1.19467e-02  1.88087e-01  2.24716e+00  8.60903e-01  9.10465e-03  1.72905e-01  2.24374e+00  8.89761e-01  1.07433e-02  2.32785e+00
  333 -2.61448e-01  5.41935e-01 -1.04926e+00 -7.70105e-01  1.81025e-01  2.02029e+00  8.47009e-01 -2.50844e+00  1.72906e-01  1.92863e+00  8.89781e-01 -2.54423e+00  2.32780e+00
  334 -9.54218e-02  5.48713e-01  4.50687e-01  1.26573e+00  1.55095e-01  1.74298e+00  9.02595e-01  1.22873e+00  1.72898e-01  1.61357e+00  8.89727e-01  1.18404e+00  2.32755e+00
  335  1.11033e-01  5.28795e-01  2.86362e-01 -1.32624e+00  1.45976e-01  1.36383e+00  9.20458e-01 -1.35814e+00  1.72895e-01  1.29876e+00  8.89674e-01 -1.37082e+00  2.32758e+00
  336  3.04794e-01  4.82357e-01 -9.37514e-01  9.45427e-01  1.62784e-01  1.00726e+00  8.86383e-01  2.35199e+00  1.72884e-01  9.84138e-01  8.89598e-01  2.35764e+00  2.32747e+00
  337  4.36320e-01  3.83897e-01  1.29366e+00 -2.56901e-01  1.68876e-01  7.21572e-01  8.69777e-01 -1.96035e-01  1.72868e-01  6.69523e-01  8.89639e-01 -1.97085e-01  2.32758e+00
  338  4.99365e-01  2.17462e-01 -1.23227e+00 -5.15838e-01  1.48328e-01  4.10712e-01  8.92295e-01 -2.74515e+00  1.72893e-01  3.54703e-01  8.89717e-01 -2.75192e+00  2.32774e+00
  339  5.21467e-01  5.06742e-03  7.73097e-01  1.11204e+00  1.35977e-01  9.71731e-03  9.17157e-01  9.63295e-01  1.72907e-01  3.97588e-02  8.89728e-01  9.76394e-01  2.32766e+00
  340  5.18467e-01 -1.99915e-01 -5.97304e-02 -1.33047e+00  1.54387e-01 -3.68022e-01  8.86854e-01 -1.61566e+00  1.72913e-01 -2.75183e-01  8.89743e-01 -1.57850e+00  2.32769e+00
  341  4.68696e-01 -3.56972e-01 -6.87102e-01  1.11229e+00  1.73552e-01 -6.50901e-01  8.54648e-01  2.12416e+00  1.72892e-01 -5.90122e-01  8.89745e-01  2.14979e+00  2.32775e+00
  342  3.50568e-01 -4.67219e-01  1.21622e+00 -5.34790e-01  1.70596e-01 -9.27086e-01  8.82596e-01 -4.14268e-01  1.72823e-01 -9.05128e-01  8.89727e-01 -4.05177e-01  2.32770e+00
  343  1.73419e-01 -5.52640e-01 -1.33274e+00 -2.22341e-01  1.67743e-01 -1.26673e+00  9.12816e-01 -2.97629e+00  1.72792e-01 -1.22006e+00  8.89631e-01 -2.96007e+00  2.32748e+00
  344 -2.87164e-02 -6.13196e-01  9.87176e-01  9.09325e-01  1.88417e-01 -1.61759e+00  9.00694e-01  7.44371e-01  1.72798e-01 -1.53475e+00  8.89620e-01  7.68307e-01  2.32760e+00
  345 -2.14391e-01 -6.10542e-01 -3.00904e-01 -1.29034e+00  2.09362e-01 -1.90849e+00  8.77757e-01 -1.79990e+00  1.72802e-01 -1.84953e+00  8.89672e-01 -1.78655e+00  2.32774e+00
  346 -3.64039e-01 -5.12576e-01 -4.86688e-01  1.24129e+00  1.97629e-01 -2.18835e+00  8.88833e-01  1.94446e+00  1.72814e-01 -2.16453e+00  8.89747e-01  1.94172e+00  2.32781e+00
  347 -4.81397e-01 -3.44794e-01  1.10288e+00 -7.81158e-01  1.75313e-01 -2.52005e+00  9.13278e-01 -6.16267e-01  1.72851e-01 -2.47974e+00  8.89812e-01 -6.13365e-01  2.32795e+00
  348 -5.73154e-01 -1.67793e-01 -1.33180e+00  5.40388e-02  1.78330e-01 -2.85680e+00  8.88302e-01  3.10104e+00  1.72870e-01 -2.79487e+00  8.89755e-01  3.11478e+00  2.32778e+00
  349 -6.30279e-01 -1.44412e-02  1.09553e+00  7.03061e-01  1.98730e-01 -3.11868e+00  8.47241e-01  5.70556e-01  1.72846e-01 -3.10979e+00  8.89695e-01  5.59867e-01  2.32764e+00
  350 -6.18332e-01  1.32158e-01 -4.90400e-01 -1.22815e+00  1.99900e-01  2.93103e+00  8.74422e-01 -1.95070e+00  1.72825e-01  2.85860e+00  8.89657e-01 -1.99499e+00  2.32770e+00
  351 -5.19412e-01  2.96039e-01 -2.68566e-01  1.33532e+00  1.78714e-01  2.62356e+00  9.27602e-01  1.76927e+00  1.72810e-01  2.54379e+00  8.89672e-01  1.73334e+00  2.32766e+00
  352 -3.66572e-01  4.58151e-01  9.33849e-01 -9.91230e-01  1.72139e-01  2.24561e+00  9.27306e-01 -8.15197e-01  1.72844e-01  2.22898e+00  8.89623e-01 -8.21497e-01  2.32757e+00
  353 -2.09392e-01  5.68758e-01 -1.28749e+00  3.12662e-01  1.83665e-01  1.92355e+00  8.77692e-01  2.90336e+00  1.72893e-01  1.91429e+00  8.89688e-01  2.90692e+00  2.32770e+00
  354 -6.50834e-02  5.94015e-01  1.21250e+00  4.77164e-01  1.78545e-01  1.67993e+00  8.48920e-01  3.74923e-01  1.72923e-01  1.59932e+00  8.89788e-01  3.52000e-01  2.32793e+00
  355  8.97632e-02  5.41696e-01 -7.46578e-01 -1.10639e+00  1.50746e-01  1.40658e+00  8.90734e-01 -2.16440e+00  1.72938e-01  1.28420e+00  8.89763e-01 -2.20295e+00  2.32768e+00
  356  2.69383e-01  4.48729e-01  4.85267e-02  1.35390e+00  1.36962e-01  1.03014e+00  9.17694e-01  1.53497e+00  1.72929e-01  9.69261e-01  8.89728e-01  1.52535e+00  2.32770e+00
  357  4.36506e-01  3.39558e-01  6.71010e-01 -1.14817e+00  1.52918e-01  6.61119e-01  8.84269e-01 -1.04191e+00  1.72904e-01  6.54493e-01  8.89646e-01 -1.02945e+00  2.32759e+00
  358  5.37595e-01  2.05943e-01 -1.18763e+00  5.71321e-01  1.65710e-01  3.65838e-01  8.68434e-01  2.69321e+00  1.72859e-01  3.39828e-01  8.89627e-01  2.69899e+00  2.32753e+00
  359  5.54268e-01  3.01346e-02  1.32331e+00  1.90608e-01  1.54061e-01  5.43147e-02  8.93734e-01  1.43056e-01  1.72854e-01  2.51242e-02  8.89662e-01  1.44203e-01  2.32762e+00
  360  5.08649e-01 -1.79933e-01 -1.02496e+00 -8.87843e-01  1.45550e-01 -3.40009e-01  9.19400e-01 -2.42775e+00  1.72870e-01 -2.89721e-01  8.89695e-01 -2.41064e+00  2.32770e+00
  361  4.32168e-01 -3.77842e-01  3.86475e-01  1.28278e+00  1.64767e-01 -7.18431e-01  8.97446e-01  1.27817e+00  1.72879e-01 -6.04611e-01  8.89728e-01  1.31768e+00  2.32777e+00
  362  3.26969e-01 -5.11368e-01  3.89827e-01 -1.25094e+00  1.84203e-01 -1.00191e+00  8.58402e-01 -1.26871e+00  1.72875e-01 -9.19571e-01  8.89737e-01 -1.23723e+00  2.32778e+00
  363  1.78167e-01 -5.69262e-01 -1.04453e+00  8.12260e-01  1.77901e-01 -1.26748e+00  8.75409e-01  2.48064e+00  1.72824e-01 -1.23466e+00  8.89786e-01  2.49094e+00  2.32783e+00
  364 -1.05371e-02 -5.80670e-01  1.34240e+00 -1.03481e-01  1.68645e-01 -1.58894e+00  9.06369e-01 -7.69344e-02  1.72784e-01 -1.54976e+00  8.89675e-01 -6.40668e-02  2.32759e+00
  365 -2.14351e-01 -5.69188e-01 -1.17013e+00 -6.47377e-01  1.84961e-01 -1.93096e+00  8.94157e-01 -2.63626e+00  1.72769e-01 -1.86453e+00  8.89600e-01 -2.61891e+00  2.32747e+00
  366 -3.92343e-01 -5.15981e-01  5.91031e-01  1.18384e+00  2.10085e-01 -2.22091e+00  8.75402e-01  1.10775e+00  1.72756e-01 -2.17923e+00  8.89621e-01  1.10944e+00  2.32768e+00
  367 -5.11862e-01 -3.84977e-01  1.86362e-01 -1.32317e+00  2.05105e-01 -2.49674e+00  8.92751e-01 -1.43087e+00  1.72781e-01 -2.49409e+00  8.89665e-01 -1.44542e+00  2.32763e+00
  368 -5.73639e-01 -1.85984e-01 -8.93917e-01  1.02202e+00  1.81826e-01 -2.82807e+00  9.21806e-01  2.28943e+00  1.72830e-01 -2.80910e+00  8.89761e-01  2.28279e+00  2.32783e+00
  369 -5.97230e-01  2.16591e-02  1.28950e+00 -3.76322e-01  1.78576e-01  3.10534e+00  9.02216e-01 -2.83950e-01  1.72891e-01 -3.12421e+00  8.89783e-01 -2.72219e-01  2.32790e+00
  370 -5.92453e-01  1.88400e-01 -1.23692e+00 -4.06863e-01  1.93248e-01  2.83370e+00  8.47749e-01 -2.82381e+00  1.72892e-01  2.84395e+00  8.89755e-01 -2.82719e+00  2.32778e+00
  371 -5.36435e-01  3.13654e-01  7.66083e-01  1.06125e+00  1.93071e-01  2.61250e+00  8.56563e-01  9.45542e-01  1.72855e-01  2.52901e+00  8.89702e-01  9.01089e-01  2.32762e+00
  372 -4.01777e-01  4.25930e-01 -5.11909e-02 -1.35327e+00  1.71420e-01  2.32702e+00  9.16975e-01 -1.60861e+00  1.72836e-01  2.21415e+00  8.89685e-01 -1.65378e+00  2.32760e+00
  373 -2.10573e-01  5.30541e-01 -6.74708e-01  1.18421e+00  1.62908e-01  1.94863e+00  9.28795e-01  2.08868e+00  1.72864e-01  1.89934e+00  8.89637e-01  2.07456e+00  2.32753e+00
  374 -1.95632e-02  5.94018e-01  1.18129e+00 -6.19179e-01  1.76620e-01  1.60372e+00  8.89409e-01 -4.82786e-01  1.72894e-01  1.58473e+00  8.89620e-01 -4.80146e-01  2.32756e+00
  375  1.36205e-01  5.78280e-01 -1.30091e+00 -1.54446e-01  1.76480e-01  1.33948e+00  8.58115e-01 -3.02342e+00  1.72919e-01  1.26998e+00  8.89739e-01 -3.03496e+00  2.32781e+00
  376  2.67424e-01  4.76761e-01  9.99312e-01  8.77492e-01  1.49408e-01  1.05961e+00  8.84309e-01  7.20581e-01  1.72944e-01  9.54930e-01  8.89773e-01  6.93297e-01  2.32777e+00
  377  3.99176e-01  3.22997e-01 -3.83027e-01 -1.29807e+00  1.31835e-01  6.80301e-01  9.15849e-01 -1.85773e+00  1.72951e-01  6.39924e-01  8.89758e-01 -1.86160e+00  2.32770e+00
  378  5.16955e-01  1.59813e-01 -3.59864e-01  1.28046e+00  1.46391e-01  2.99823e-01  8.84537e-01  1.84477e+00  1.72939e-01  3.25017e-01  8.89713e-01  1.86672e+00  2.32773e+00
  379  5.73199e-01  9.37849e-04  1.00243e+00 -8.47783e-01  1.64279e-01  1.63617e-03  8.61803e-01 -7.02007e-01  1.72893e-01  1.02280e-02  8.89683e-01 -6.88094e-01  2.32765e+00
  380  5.41845e-01 -1.66498e-01 -1.32674e+00  1.42261e-01  1.60659e-01 -2.98123e-01  8.90241e-01  3.03477e+00  1.72842e-01 -3.04529e-01  8.89650e-01  3.04027e+00  2.32757e+00
  381  4.37411e-01 -3.47989e-01  1.21037e+00  6.11232e-01  1.56212e-01 -6.72032e-01  9.19298e-01  4.67637e-01  1.72837e-01 -6.19318e-01  8.89659e-01  4.85452e-01  2.32762e+00
  382  2.97227e-01 -5.13280e-01 -6.85647e-01 -1.15813e+00  1.75900e-01 -1.04591e+00  9.05692e-01 -2.10533e+00  1.72850e-01 -9.34121e-01  8.89691e-01 -2.06938e+00  2.32784e+00
  383  1.45663e-01 -6.08721e-01 -7.51953e-02  1.31554e+00  1.95880e-01 -1.33592e+00  8.68147e-01  1.62789e+00  1.72854e-01 -1.24904e+00  8.89722e-01  1.65891e+00  2.32784e+00
  384 -1.93716e-02 -6.10205e-01  8.16225e-01 -1.04070e+00  1.86362e-01 -1.60253e+00  8.74641e-01 -9.05700e-01  1.72826e-01 -1.56413e+00  8.89802e-01 -8.96089e-01  2.32793e+00
  385 -1.98593e-01 -5.47439e-01 -1.27644e+00  4.21915e-01  1.69564e-01 -1.91880e+00  9.03655e-01  2.82236e+00  1.72800e-01 -1.87937e+00  8.89754e-01  2.83199e+00  2.32779e+00
  386 -3.78655e-01 -4.63969e-01  1.28761e+00  3.45916e-01  1.79324e-01 -2.25529e+00  8.88802e-01  2.62452e-01  1.72782e-01 -2.19433e+00  8.89634e-01  2.77055e-01  2.32751e+00
  387 -5.28133e-01 -3.64456e-01 -8.48290e-01 -1.00534e+00  2.05876e-01 -2.53755e+00  8.65148e-01 -2.27167e+00  1.72753e-01 -2.50907e+00  8.89613e-01 -2.27779e+00  2.32764e+00
  388 -6.07629e-01 -2.16601e-01  1.23272e-01  1.32772e+00  2.08065e-01 -2.79917e+00  8.89024e-01  1.47822e+00  1.72764e-01 -2.82384e+00  8.89618e-01  1.45056e+00  2.32764e+00
  389 -6.09679e-01 -1.24237e-02  6.35496e-01 -1.20431e+00  1.85931e-01 -3.12122e+00  9.27112e-01 -1.08525e+00  1.72790e-01 -3.13867e+00  8.89686e-01 -1.10432e+00  2.32766e+00
  390 -5.62501e-01  2.01044e-01 -1.17371e+00  6.76547e-01  1.78413e-01  2.79833e+00  9.17657e-01  2.61869e+00  1.72861e-01  2.82958e+00  8.89718e-01  2.62395e+00  2.32777e+00
  391 -4.94297e-01  3.66030e-01  1.30831e+00  8.61871e-02  1.89154e-01  2.50420e+00  8.59554e-01  6.57815e-02  1.72908e-01  2.51460e+00  8.89775e-01  6.90090e-02  2.32787e+00
  392 -3.98815e-01  4.63581e-01 -1.00037e+00 -8.29770e-01  1.86980e-01  2.28124e+00  8.44630e-01 -2.44914e+00  1.72887e-01  2.19952e+00  8.89759e-01 -2.48595e+00  2.32772e+00
  393 -2.45379e-01  5.16682e-01  3.70831e-01  1.29112e+00  1.63585e-01  2.01417e+00  9.02252e-01  1.29111e+00  1.72869e-01  1.88453e+00  8.89706e-01  1.24233e+00  2.32751e+00
  394 -3.92128e-02  5.49906e-01  3.71471e-01 -1.30902e+00  1.51967e-01  1.64198e+00  9.25758e-01 -1.29429e+00  1.72880e-01  1.56973e+00  8.89665e-01 -1.31253e+00  2.32753e+00
  395  1.65288e-01  5.53181e-01 -9.97453e-01  8.89661e-01  1.66665e-01  1.28044e+00  8.93204e-01  2.41325e+00  1.72891e-01  1.25512e+00  8.89594e-01  2.41594e+00  2.32747e+00
  396  3.19227e-01  4.94206e-01  1.30483e+00 -1.77843e-01  1.73073e-01  9.97281e-01  8.67100e-01 -1.35462e-01  1.72891e-01  9.40502e-01  8.89665e-01 -1.38788e-01  2.32763e+00
  397  4.17832e-01  3.55943e-01 -1.19023e+00 -5.93305e-01  1.50640e-01  7.05584e-01  8.84332e-01 -2.67916e+00  1.72918e-01  6.25611e-01  8.89745e-01 -2.69365e+00  2.32778e+00
  398  4.88190e-01  1.61515e-01  6.95042e-01  1.16089e+00  1.32208e-01  3.19510e-01  9.15372e-01  1.03132e+00  1.72931e-01  3.10624e-01  8.89744e-01  1.03464e+00  2.32764e+00
  399  5.39207e-01 -3.78938e-02  2.60879e-02 -1.33370e+00  1.46090e-01 -7.01616e-02  8.89717e-01 -1.55124e+00  1.72934e-01 -4.32500e-03  8.89747e-01 -1.52025e+00  2.32771e+00
  400  5.39586e-01 -2.07185e-01 -7.53519e-01  1.06984e+00  1.67039e-01 -3.66612e-01  8.56173e-01  2.18442e+00  1.72908e-01 -3.19223e-01  8.89731e-01  2.20807e+00  2.32774e+00
  401  4.61501e-01 -3.49023e-01  1.24489e+00 -4.61758e-01  1.67400e-01 -6.47507e-01  8.81480e-01 -3.55193e-01  1.72838e-01 -6.34129e-01  8.89698e-01 -3.46843e-01  2.32765e+00
  402  3.12537e-01 -4.79782e-01 -1.31901e+00 -3.00499e-01  1.63935e-01 -9.93427e-01  9.15040e-01 -2.91759e+00  1.72807e-01 -9.48996e-01  8.89636e-01 -2.90170e+00  2.32751e+00
  403  1.27699e-01 -5.90756e-01  9.40612e-01  9.64530e-01  1.82650e-01 -1.35791e+00  9.07535e-01  7.97952e-01  1.72820e-01 -1.26373e+00  8.89641e-01  8.26679e-01  2.32769e+00
  404 -5.43008e-02 -6.37647e-01 -2.38542e-01 -1.30313e+00  2.04771e-01 -1.65575e+00  8.77520e-01 -1.75185e+00  1.72827e-01 -1.57854e+00  8.89696e-01 -1.72819e+00  2.32782e+00
  405 -2.19202e-01 -5.86116e-01 -5.46254e-01  1.20880e+00  1.95791e-01 -1.92868e+00  8.79793e-01  1.99523e+00  1.72823e-01 -1.89358e+00  8.89768e-01  2.00006e+00  2.32788e+00
  406 -3.69438e-01 -4.58977e-01  1.14098e+00 -7.15408e-01  1.73572e-01 -2.24853e+00  9.06822e-01 -5.60045e-01  1.72832e-01 -2.20883e+00  8.89813e-01 -5.55055e-01  2.32794e+00
  407 -5.04180e-01 -3.12394e-01 -1.33442e+00 -2.30086e-02  1.75894e-01 -2.58688e+00  8.90607e-01 -3.12435e+00  1.72836e-01 -2.52395e+00  8.89717e-01 -3.11009e+00  2.32768e+00
  408 -6.07171e-01 -1.74339e-01  1.05993e+00  7.64759e-01  1.99525e-01 -2.86198e+00  8.54155e-01  6.25022e-01  1.72809e-01 -2.83882e+00  8.89659e-01  6.18212e-01  2.32760e+00
  409 -6.40998e-01 -2.41463e-02 -4.26523e-01 -1.25325e+00  2.05731e-01 -3.10394e+00  8.76276e-01 -1.89883e+00  1.72798e-01  3.12960e+00  8.89633e-01 -1.93664e+00  2.32772e+00
  410 -5.87292e-01  1.60480e-01 -3.40931e-01  1.31738e+00  1.85333e-01  2.87485e+00  9.25862e-01  1.82404e+00  1.72792e-01  2.81483e+00  8.89662e-01  1.79170e+00  2.32766e+00
  411 -4.75309e-01  3.53307e-01  9.89019e-01 -9.37649e-01  1.75372e-01  2.50238e+00  9.28672e-01 -7.58742e-01  1.72831e-01  2.50000e+00  8.89644e-01 -7.63158e-01  2.32761e+00
  412 -3.48688e-01  4.99008e-01 -1.30251e+00  2.39572e-01  1.85296e-01  2.18069e+00  8.76969e-01  2.95970e+00  1.72894e-01  2.18521e+00  8.89721e-01  2.96520e+00  2.32777e+00
  413 -2.20122e-01  5.63928e-01  1.17799e+00  5.47481e-01  1.83234e-01  1.94294e+00  8.43703e-01  4.35058e-01  1.72914e-01  1.87018e+00  8.89791e-01  4.10251e-01  2.32790e+00
  414 -6.38130e-02  5.58284e-01 -6.71989e-01 -1.15070e+00  1.57877e-01  1.68460e+00  8.87838e-01 -2.09936e+00  1.72916e-01  1.55505e+00  8.89749e-01 -2.14469e+00  2.32761e+00
  415  1.32182e-01  5.16194e-01 -4.20014e-02  1.35679e+00  1.41964e-01  1.32011e+00  9.21328e-01  1.60174e+00  1.72907e-01  1.24016e+00  8.89706e-01  1.58361e+00  2.32763e+00
  416  3.26181e-01  4.52649e-01  7.46605e-01 -1.10755e+00  1.55643e-01  9.46375e-01  8.92039e-01 -9.77660e-01  1.72892e-01  9.25467e-01  8.89617e-01 -9.71163e-01  2.32751e+00
  417  4.62352e-01  3.50627e-01 -1.22118e+00  4.98296e-01  1.68354e-01  6.48827e-01  8.69793e-01  2.75417e+00  1.72860e-01  6.10859e-01  8.89617e-01  2.75731e+00  2.32752e+00
  418  5.21700e-01  1.89511e-01  1.30379e+00  2.73225e-01  1.54043e-01  3.48435e-01  8.87262e-01  2.06572e-01  1.72872e-01  2.96127e-01  8.89686e-01  2.02515e-01  2.32769e+00
  419  5.26091e-01 -2.07796e-02 -9.63175e-01 -9.51468e-01  1.38602e-01 -3.94776e-02  9.16499e-01 -2.36231e+00  1.72892e-01 -1.87758e-02  8.89714e-01 -2.35235e+00  2.32769e+00
  420  5.02062e-01 -2.32059e-01  3.07230e-01  1.30505e+00  1.52959e-01 -4.32962e-01  8.98771e-01  1.33959e+00  1.72899e-01 -3.33700e-01  8.89741e-01  1.37596e+00  2.32770e+00
  421  4.41696e-01 -3.93927e-01  4.60772e-01 -1.22563e+00  1.75137e-01 -7.28294e-01  8.57239e-01 -1.21120e+00  1.72894e-01 -6.48652e-01  8.89736e-01 -1.17894e+00  2.32773e+00
  422  3.22494e-01 -4.95570e-01 -1.08754e+00  7.49556e-01  1.74796e-01 -9.93892e-01  8.72287e-01  2.53814e+00  1.72834e-01 -9.63675e-01  8.89762e-01  2.54927e+00  2.32776e+00
  423  1.46616e-01 -5.60167e-01  1.34733e+00 -2.52165e-02  1.67642e-01 -1.31480e+00  9.07961e-01 -1.87138e-02  1.72789e-01 -1.27870e+00  8.89657e-01 -5.68653e-03  2.32754e+00
  424 -5.82526e-02 -6.01978e-01 -1.13884e+00 -7.13491e-01  1.82886e-01 -1.66726e+00  9.03018e-01 -2.58191e+00  1.72786e-01 -1.59344e+00  8.89606e-01 -2.56051e+00  2.32749e+00
  425 -2.49909e-01 -5.94882e-01  5.35314e-01  1.21381e+00  2.08170e-01 -1.96851e+00  8.79945e-01  1.15543e+00  1.72783e-01 -1.90815e+00  8.89646e-01  1.16784e+00  2.32772e+00
  426 -3.98718e-01 -4.99984e-01  2.49557e-01 -1.30750e+00  2.04480e-01 -2.24399e+00  8.85924e-01 -1.38220e+00  1.72801e-01 -2.22307e+00  8.89699e-01 -1.38705e+00  2.32769e+00
  427 -5.04277e-01 -3.26816e-01 -9.44225e-01  9.67745e-01  1.80552e-01 -2.56656e+00  9.14046e-01  2.34389e+00  1.72840e-01 -2.53819e+00  8.89798e-01  2.34112e+00  2.32792e+00
  428 -5.78067e-01 -1.34025e-01  1.30793e+00 -3.01709e-01  1.76062e-01 -2.91377e+00  9.00855e-01 -2.26711e-01  1.72882e-01 -2.85336e+00  8.89784e-01 -2.13937e-01  2.32787e+00
  429 -6.21710e-01  3.13265e-02 -1.21427e+00 -4.77014e-01  1.93752e-01  3.09125e+00  8.51001e-01 -2.76727e+00  1.72871e-01  3.11484e+00  8.89725e-01 -2.76889e+00  2.32769e+00
  430 -6.08013e-01  1.72532e-01  7.07529e-01  1.10314e+00  1.99724e-01  2.86510e+00  8.58752e-01  1.00050e+00  1.72840e-01  2.79998e+00  8.89678e-01  9.59411e-01  2.32767e+00
  431 -5.09163e-01  3.18065e-01  2.58212e-02 -1.35406e+00  1.80206e-01  2.58322e+00  9.17073e-01 -1.55173e+00  1.72821e-01  2.48518e+00  8.89674e-01 -1.59544e+00  2.32767e+00
  432 -3.46434e-01  4.65785e-01 -7.44345e-01  1.14506e+00  1.68486e-01  2.21029e+00  9.32601e-01  2.14721e+00  1.72842e-01  2.17034e+00  8.89637e-01  2.13289e+00  2.32757e+00
  433 -1.73002e-01  5.73742e-01  1.21644e+00 -5.51387e-01  1.79555e-01  1.86366e+00  8.91873e-01 -4.25579e-01  1.72886e-01  1.85568e+00  8.89640e-01 -4.21850e-01  2.32761e+00
  434 -2.01671e-02  6.01045e-01 -1.28501e+00 -2.31365e-01  1.80831e-01  1.60434e+00  8.52390e-01 -2.96345e+00  1.72919e-01  1.54085e+00  8.89762e-01 -2.97671e+00  2.32788e+00
  435  1.25770e-01  5.42741e-01  9.35689e-01  9.38749e-01  1.55193e-01  1.34308e+00  8.78382e-01  7.87030e-01  1.72942e-01  1.22575e+00  8.89779e-01  7.51528e-01  2.32777e+00
  436  2.88562e-01  4.31852e-01 -2.93300e-01 -1.32216e+00  1.34882e-01  9.81735e-01  9.17071e-01 -1.78909e+00  1.72943e-01  9.10744e-01  8.89749e-01 -1.80337e+00  2.32770e+00
  437  4.47270e-01  3.04078e-01 -4.45376e-01  1.25853e+00  1.46257e-01  5.97076e-01  8.91125e-01  1.91093e+00  1.72923e-01  5.95893e-01  8.89683e-01  1.92497e+00  2.32768e+00
  438  5.48680e-01  1.64111e-01  1.05514e+00 -7.86156e-01  1.63991e-01  2.90633e-01  8.65676e-01 -6.40342e-01  1.72877e-01  2.81177e-01  8.89644e-01 -6.29798e-01  2.32757e+00
  439  5.63631e-01 -4.60949e-03 -1.33057e+00  6.06206e-02  1.58850e-01 -8.17803e-03  8.87044e-01  3.09606e+00  1.72847e-01 -3.35187e-02  8.89644e-01  3.09860e+00  2.32757e+00
  440  5.05579e-01 -2.04693e-01  1.16884e+00  6.84706e-01  1.48755e-01 -3.84696e-01  9.17508e-01  5.29912e-01  1.72856e-01 -3.48311e-01  8.89681e-01  5.43780e-01  2.32767e+00
  441  4.09462e-01 -4.00740e-01 -6.18191e-01 -1.19726e+00  1.64126e-01 -7.74633e-01  9.07794e-01 -2.04743e+00  1.72867e-01 -6.63166e-01  8.89710e-01 -2.01107e+00  2.32780e+00
  442  2.91505e-01 -5.37108e-01 -1.45282e-01  1.30778e+00  1.86730e-01 -1.07355e+00  8.65694e-01  1.68143e+00  1.72871e-01 -9.78100e-01  8.89727e-01  1.71722e+00  2.32779e+00
  443  1.41681e-01 -5.88928e-01  8.69006e-01 -9.90647e-01  1.83455e-01 -1.33471e+00  8.68277e-01 -8.50715e-01  1.72834e-01 -1.29316e+00  8.89793e-01 -8.37768e-01  2.32787e+00
  444 -4.16112e-02 -5.80603e-01 -1.29756e+00  3.47145e-01  1.69416e-01 -1.64234e+00  9.02083e-01  2.88018e+00  1.72791e-01 -1.60834e+00  8.89726e-01  2.89035e+00  2.32772e+00
  445 -2.40433e-01 -5.47088e-01  1.27165e+00  4.19623e-01  1.78557e-01 -1.98487e+00  8.96591e-01  3.18731e-01  1.72771e-01 -1.92324e+00  8.89613e-01  3.35450e-01  2.32747e+00
  446 -4.18936e-01 -4.85694e-01 -8.00947e-01 -1.05135e+00  2.05703e-01 -2.28253e+00  8.73423e-01 -2.22183e+00  1.72748e-01 -2.23793e+00  8.89608e-01 -2.21938e+00  2.32765e+00
  447 -5.37929e-01 -3.60654e-01  5.88634e-02  1.33027e+00  2.09719e-01 -2.55098e+00  8.86543e-01  1.52658e+00  1.72764e-01 -2.55273e+00  8.89630e-01  1.50896e+00  2.32761e+00
  448 -5.89233e-01 -1.65205e-01  6.96336e-01 -1.16469e+00  1.87244e-01 -2.86824e+00  9.20691e-01 -1.03194e+00  1.72804e-01 -2.86764e+00  8.89721e-01 -1.04595e+00  2.32773e+00
  449 -5.93852e-01  5.06240e-02 -1.20833e+00  6.08815e-01  1.77611e-01  3.05655e+00  9.15355e-01  2.67487e+00  1.72874e-01  3.10049e+00  8.89763e-01  2.68225e+00  2.32786e+00
  450 -5.71740e-01  2.28404e-01  1.30121e+00  1.60304e-01  1.89528e-01  2.76153e+00  8.59421e-01  1.22578e-01  1.72905e-01  2.78546e+00  8.89774e-01  1.27277e-01  2.32786e+00
  451 -5.11705e-01  3.52175e-01 -9.50760e-01 -8.85963e-01  1.92934e-01  2.53880e+00  8.44438e-01 -2.39146e+00  1.72872e-01  2.47045e+00  8.89733e-01 -2.42766e+00  2.32767e+00
  452 -3.81948e-01  4.46682e-01  2.92953e-01  1.31107e+00  1.72705e-01  2.27823e+00  9.02366e-01  1.35096e+00  1.72846e-01  2.15554e+00  8.89690e-01  1.30064e+00  2.32755e+00
  453 -1.88907e-01  5.30658e-01  4.52609e-01 -1.28687e+00  1.58642e-01  1.91279e+00  9.30446e-01 -1.23260e+00  1.72864e-01  1.84071e+00  8.89662e-01 -1.25422e+00  2.32754e+00
  454  1.35011e-02  5.84015e-01 -1.05229e+00  8.31332e-01  1.70628e-01  1.54768e+00  8.99210e-01  2.47296e+00  1.72892e-01  1.52608e+00  8.89599e-01  2.47424e+00  2.32751e+00
  455  1.78426e-01  5.68458e-01  1.31062e+00 -9.92863e-02  1.77490e-01  1.26666e+00  8.63792e-01 -7.56108e-02  1.72908e-01  1.21143e+00  8.89694e-01 -8.05096e-02  2.32770e+00
  456  3.03522e-01  4.66568e-01 -1.14325e+00 -6.67567e-01  1.54906e-01  9.94041e-01  8.76336e-01 -2.61308e+00  1.72935e-01  8.96472e-01  8.89769e-01 -2.63541e+00  2.32782e+00
  457  4.15758e-01  3.02234e-01  6.12840e-01  1.20503e+00  1.32100e-01  6.28583e-01  9.13835e-01  1.10032e+00  1.72948e-01  5.81450e-01  8.89755e-01  1.09288e+00  2.32765e+00
  458  5.17426e-01  1.22863e-01  1.14600e-01 -1.33215e+00  1.41413e-01  2.33133e-01  8.93882e-01 -1.48498e+00  1.72945e-01  2.66505e-01  8.89740e-01 -1.46201e+00  2.32775e+00
  459  5.68642e-01 -4.37709e-02 -8.19744e-01  1.02345e+00  1.62635e-01 -7.68229e-02  8.59713e-01  2.24612e+00  1.72914e-01 -4.83417e-02  8.89706e-01  2.26634e+00  2.32770e+00
  460  5.36011e-01 -2.03711e-01  1.26964e+00 -3.86259e-01  1.64403e-01 -3.63191e-01  8.80585e-01 -2.95331e-01  1.72849e-01 -3.63148e-01  8.89670e-01 -2.88516e-01  2.32760e+00
  461  4.25011e-01 -3.69413e-01 -1.29890e+00 -3.78967e-01  1.58550e-01 -7.15527e-01  9.15379e-01 -2.85771e+00  1.72824e-01 -6.77951e-01  8.89648e-01 -2.84334e+00  2.32756e+00
  462  2.70404e-01 -5.24602e-01  8.88084e-01  1.01783e+00  1.74163e-01 -1.09487e+00  9.12331e-01  8.53367e-01  1.72839e-01 -9.92725e-01  8.89664e-01  8.85027e-01  2.32777e+00
  463  1.06416e-01 -6.19782e-01 -1.73138e-01 -1.31279e+00  1.97727e-01 -1.40075e+00  8.76700e-01 -1.70193e+00  1.72845e-01 -1.30758e+00  8.89712e-01 -1.66985e+00  2.32786e+00
  464 -5.96134e-02 -6.18685e-01 -6.05180e-01  1.17324e+00  1.93162e-01 -1.66685e+00  8.71371e-01  2.04702e+00  1.72831e-01 -1.62262e+00  8.89777e-01  2.05838e+00  2.32791e+00
  465 -2.30457e-01 -5.40430e-01  1.17598e+00 -6.47628e-01  1.72588e-01 -1.97388e+00  9.01176e-01 -5.03391e-01  1.72812e-01 -1.93788e+00  8.89799e-01 -4.96731e-01  2.32790e+00
  466 -3.99150e-01 -4.34829e-01 -1.33373e+00 -1.00200e-01  1.74198e-01 -2.31344e+00  8.94444e-01 -3.06661e+00  1.72802e-01 -2.25297e+00  8.89676e-01 -3.05174e+00  2.32760e+00
  467 -5.42806e-01 -3.23647e-01  1.02279e+00  8.24231e-01  1.99693e-01 -2.60394e+00  8.62728e-01  6.78307e-01  1.72772e-01 -2.56776e+00  8.89626e-01  6.76587e-01  2.32758e+00
  468 -6.21556e-01 -1.82169e-01 -3.63689e-01 -1.27419e+00  2.09759e-01 -2.85649e+00  8.77919e-01 -1.84883e+00  1.72769e-01 -2.88252e+00  8.89615e-01 -1.87825e+00  2.32769e+00
  469 -6.16601e-01  1.06627e-02 -4.09889e-01  1.29476e+00  1.90155e-01  3.12430e+00  9.22206e-01  1.87739e+00  1.72780e-01  3.08589e+00  8.89662e-01  1.85008e+00  2.32764e+00
  470 -5.52267e-01  2.22871e-01  1.03942e+00 -8.80599e-01  1.77335e-01  2.75802e+00  9.27923e-01 -7.02869e-01  1.72833e-01  2.77101e+00  8.89681e-01 -7.04816e-01  2.32768e+00
  471 -4.64979e-01  3.94957e-01 -1.31320e+00  1.65878e-01  1.86098e-01  2.43744e+00  8.76002e-01  3.01594e+00  1.72900e-01  2.45611e+00  8.89752e-01  3.02348e+00  2.32783e+00
  472 -3.62390e-01  4.94284e-01  1.14129e+00  6.14777e-01  1.87822e-01  2.20343e+00  8.40252e-01  4.94101e-01  1.72902e-01  2.14105e+00  8.89782e-01  4.68513e-01  2.32784e+00
  473 -2.16440e-01  5.33765e-01 -5.97767e-01 -1.18942e+00  1.65876e-01  1.95603e+00  8.86019e-01 -2.03650e+00  1.72886e-01  1.82596e+00  8.89727e-01 -2.08642e+00  2.32754e+00
  474 -1.69713e-02  5.44328e-01 -1.30235e-01  1.35392e+00  1.48291e-01  1.60196e+00  9.25036e-01  1.66669e+00  1.72885e-01  1.51111e+00  8.89690e-01  1.64189e+00  2.32756e+00
  475  1.91599e-01  5.31204e-01  8.18425e-01 -1.06293e+00  1.59444e-01  1.22463e+00  8.99821e-01 -9.14636e-01  1.72891e-01  1.19645e+00  8.89603e-01 -9.12868e-01  2.32747e+00
  476  3.52852e-01  4.68825e-01 -1.24957e+00  4.23798e-01  1.72151e-01  9.25613e-01  8.70509e-01  2.81461e+00  1.72877e-01  8.81871e-01  8.89627e-01  2.81562e+00  2.32754e+00
  477  4.48484e-01  3.33851e-01  1.27806e+00  3.54833e-01  1.56297e-01  6.39907e-01  8.79669e-01  2.70814e-01  1.72898e-01  5.67086e-01  8.89717e-01  2.60802e-01  2.32775e+00
  478  5.00673e-01  1.37439e-01 -8.95039e-01 -1.01217e+00  1.34782e-01  2.67909e-01  9.12791e-01 -2.29486e+00  1.72917e-01  2.52123e-01  8.89733e-01 -2.29408e+00  2.32767e+00
  479  5.30818e-01 -7.22977e-02  2.22864e-01  1.32346e+00  1.43497e-01 -1.35368e-01  9.00613e-01  1.40397e+00  1.72922e-01 -6.28231e-02  8.89751e-01  1.43422e+00  2.32769e+00
  480  5.21037e-01 -2.48954e-01  5.33821e-01 -1.19655e+00  1.66729e-01 -4.45734e-01  8.58349e-01 -1.15116e+00  1.72913e-01 -3.77754e-01  8.89733e-01 -1.12067e+00  2.32772e+00
  481  4.41189e-01 -3.83950e-01 -1.12860e+00  6.84047e-01  1.71033e-01 -7.16140e-01  8.70831e-01  2.59670e+00  1.72848e-01 -6.92696e-01  8.89734e-01  2.60759e+00  2.32772e+00
  482  2.90809e-01 -4.95753e-01  1.34734e+00  5.38995e-02  1.65170e-01 -1.04029e+00  9.09120e-01  3.99830e-02  1.72800e-01 -1.00764e+00  8.89648e-01  5.26877e-02  2.32753e+00
  483  9.90133e-02 -5.89695e-01 -1.10253e+00 -7.78047e-01  1.78772e-01 -1.40444e+00  9.10464e-01 -2.52706e+00  1.72807e-01 -1.32239e+00  8.89621e-01 -2.50213e+00  2.32756e+00
  484 -9.23449e-02 -6.32370e-01  4.77091e-01  1.24053e+00  2.04210e-01 -1.71580e+00  8.83267e-01  1.20365e+00  1.72812e-01 -1.63713e+00  8.89673e-01  1.22622e+00  2.32779e+00
  485 -2.58269e-01 -5.81900e-01  3.11887e-01 -1.28821e+00  2.02655e-01 -1.98851e+00  8.78376e-01 -1.33326e+00  1.72818e-01 -1.95209e+00  8.89728e-01 -1.32869e+00  2.32778e+00
  486 -3.98544e-01 -4.46165e-01 -9.91286e-01  9.10462e-01  1.78950e-01 -2.29988e+00  9.05795e-01  2.39867e+00  1.72834e-01 -2.26728e+00  8.89819e-01  2.39944e+00  2.32797e+00
  487 -5.17481e-01 -2.80847e-01  1.32269e+00 -2.25688e-01  1.73331e-01 -2.64436e+00  9.00228e-01 -1.69000e-01  1.72857e-01 -2.58248e+00  8.89762e-01 -1.55641e-01  2.32780e+00
  488 -6.08618e-01 -1.28992e-01 -1.18948e+00 -5.46034e-01  1.93527e-01 -2.93274e+00  8.56510e-01 -2.71124e+00  1.72838e-01 -2.89742e+00  8.89687e-01 -2.71057e+00  2.32761e+00
  489 -6.40408e-01  1.69052e-02  6.49397e-01  1.14127e+00  2.05204e-01  3.11520e+00  8.62112e-01  1.05347e+00  1.72816e-01  3.07096e+00  8.89652e-01  1.01775e+00  2.32770e+00
  490 -5.84479e-01  1.85328e-01  9.98378e-02 -1.34988e+00  1.87981e-01  2.83454e+00  9.16076e-01 -1.49697e+00  1.72803e-01  2.75620e+00  8.89659e-01 -1.53709e+00  2.32769e+00
  491 -4.60074e-01  3.67361e-01 -8.09143e-01  1.10183e+00  1.73311e-01  2.46778e+00  9.34369e-01  2.20421e+00  1.72821e-01  2.44136e+00  8.89643e-01  2.19123e+00  2.32759e+00
  492 -3.15269e-01  5.13645e-01  1.24641e+00 -4.82266e-01  1.81613e-01  2.12129e+00  8.93062e-01 -3.69183e-01  1.72880e-01  2.12663e+00  8.89670e-01 -3.63552e-01  2.32767e+00
  493 -1.76801e-01  5.81466e-01 -1.26531e+00 -3.05976e-01  1.84681e-01  1.86597e+00  8.47311e-01 -2.90433e+00  1.72915e-01  1.81172e+00  8.89778e-01 -2.91845e+00  2.32791e+00
  494 -2.78063e-02  5.68137e-01  8.70382e-01  9.94752e-01  1.61777e-01  1.61970e+00  8.73548e-01  8.51981e-01  1.72928e-01  1.49658e+00  8.89773e-01  8.09770e-01  2.32773e+00
  495  1.54393e-01  5.05967e-01 -2.03593e-01 -1.34011e+00  1.39920e-01  1.27463e+00  9.18677e-01 -1.72157e+00  1.72923e-01  1.18160e+00  8.89732e-01 -1.74513e+00  2.32765e+00
  496  3.43694e-01  4.22768e-01 -5.29328e-01  1.23153e+00  1.48429e-01  8.88202e-01  8.98422e-01  1.97674e+00  1.72905e-01  8.66824e-01  8.89651e-01  1.98324e+00  2.32759e+00
  497  4.82993e-01  3.13590e-01  1.10412e+00 -7.21398e-01  1.65810e-01  5.75857e-01  8.69753e-01 -5.78738e-01  1.72866e-01  5.52182e-01  8.89615e-01 -5.71490e-01  2.32751e+00
  498  5.41396e-01  1.57427e-01 -1.32828e+00 -2.19882e-02  1.58947e-01  2.82977e-01  8.82402e-01 -3.12504e+00  1.72856e-01  2.37504e-01  8.89653e-01 -3.12626e+00  2.32761e+00
  499  5.31920e-01 -4.67785e-02  1.11995e+00  7.57006e-01  1.42564e-01 -8.77170e-02  9.13670e-01  5.94389e-01  1.72876e-01 -7.73330e-02  8.89702e-01  6.02087e-01  2.32770e+00
  500  4.86525e-01 -2.60286e-01 -5.44227e-01 -1.23359e+00  1.52227e-01 -4.91247e-01  9.08969e-01 -1.98628e+00  1.72886e-01 -3.92234e-01  8.89727e-01 -1.95278e+00  2.32772e+00
