
tpsa, NO = 8, NV = 7, INA = 48097
------------------------------------------------------------------

   |I|         a                i  i  i  i  i  i  i
                I                1  2  3  4  5  6  7

    3 -1.3636403799222431e-07   3  0  0  0  0  0  0
    3 -9.2014467649061202e-07   2  1  0  0  0  0  0
    3  9.2014467649061202e-07   1  2  0  0  0  0  0
    3  1.3636403799222431e-07   0  3  0  0  0  0  0
    3  9.5059085345396923e-07   1  0  2  0  0  0  0
    3  2.0045600451429754e-08   0  1  2  0  0  0  0
    3 -4.6130323617300999e-07   1  0  1  1  0  0  0
    3  4.6130323617300999e-07   0  1  1  1  0  0  0
    3 -2.0045600451429754e-08   1  0  0  2  0  0  0
    3 -9.5059085345396923e-07   0  1  0  2  0  0  0
    3 -4.6467940906775975e-07   2  0  0  0  1  0  0
    3  4.6467940906775975e-07   0  2  0  0  1  0  0
    3  4.2791927131619378e-07   0  0  2  0  1  0  0
    3 -4.2791927131619378e-07   0  0  0  2  1  0  0
    3  2.5765242437883993e-23   1  0  0  0  2  0  0
    3 -2.5765242437883993e-23   0  1  0  0  2  0  0
    4 -7.2260981895617273e-08   4  0  0  0  0  0  0
    4 -1.5881021564068891e-08   3  1  0  0  0  0  0
    4  1.5881021564068891e-08   1  3  0  0  0  0  0
    4  7.2260981895617273e-08   0  4  0  0  0  0  0
    4 -1.2226161701246660e-08   2  0  2  0  0  0  0
    4 -3.6939101159181066e-07   1  1  2  0  0  0  0
    4  1.0587224145951439e-07   0  2  2  0  0  0  0
    4  2.4032100669478859e-08   0  0  4  0  0  0  0
    4 -1.5321611316514014e-07   2  0  1  1  0  0  0
    4  1.5321611316514014e-07   0  2  1  1  0  0  0
    4 -1.2776347294101551e-07   0  0  3  1  0  0  0
    4 -1.0587224145951439e-07   2  0  0  2  0  0  0
    4  3.6939101159181066e-07   1  1  0  2  0  0  0
    4  1.2226161701246660e-08   0  2  0  2  0  0  0
    4  1.2776347294101551e-07   0  0  1  3  0  0  0
    4 -2.4032100669478859e-08   0  0  0  4  0  0  0
    4  3.4619116592247605e-08   3  0  0  0  1  0  0
    4 -1.8580918201473614e-07   2  1  0  0  1  0  0
    4  1.8580918201473614e-07   1  2  0  0  1  0  0
    4 -3.4619116592247605e-08   0  3  0  0  1  0  0
    4 -5.0135095568608684e-08   1  0  2  0  1  0  0
    4  1.0231189774052011e-07   0  1  2  0  1  0  0
    4 -5.0013579974252010e-08   1  0  1  1  1  0  0
    4  5.0013579974252010e-08   0  1  1  1  1  0  0
    4 -1.0231189774052011e-07   1  0  0  2  1  0  0
    4  5.0135095568608684e-08   0  1  0  2  1  0  0
    4 -1.3390192295437202e-07   2  0  0  0  2  0  0
    4  1.3390192295437202e-07   0  2  0  0  2  0  0
    4  2.3147753505736259e-07   0  0  2  0  2  0  0
    4 -2.3147753505736259e-07   0  0  0  2  2  0  0
    4  1.1588188342299563e-22   1  0  0  0  3  0  0
    4 -1.1588188342299563e-22   0  1  0  0  3  0  0
    5  1.8774236955221199e-08   5  0  0  0  0  0  0
    5  3.9515351941216079e-08   4  1  0  0  0  0  0
    5  1.0197579105405888e-07   3  2  0  0  0  0  0
    5 -1.0197579105405888e-07   2  3  0  0  0  0  0
    5 -3.9515351941216079e-08   1  4  0  0  0  0  0
    5 -1.8774236955221199e-08   0  5  0  0  0  0  0
    5  6.6425498416642527e-09   3  0  2  0  0  0  0
    5  1.6449678656327187e-08   2  1  2  0  0  0  0
    5  6.0727301393801769e-08   1  2  2  0  0  0  0
    5  5.6049330570780815e-08   0  3  2  0  0  0  0
    5 -2.6746282409868229e-08   1  0  4  0  0  0  0
    5 -7.5169668598353448e-08   0  1  4  0  0  0  0
    5 -1.9060684973781025e-08   3  0  1  1  0  0  0
    5  2.4472180893926618e-07   2  1  1  1  0  0  0
    5 -2.4472180893926618e-07   1  2  1  1  0  0  0
    5  1.9060684973781025e-08   0  3  1  1  0  0  0
    5 -4.2045911037089336e-08   1  0  3  1  0  0  0
    5  6.9471845587387605e-09   0  1  3  1  0  0  0
    5 -5.6049330570780815e-08   3  0  0  2  0  0  0
    5 -6.0727301393801769e-08   2  1  0  2  0  0  0
    5 -1.6449678656327187e-08   1  2  0  2  0  0  0
    5 -6.6425498416642527e-09   0  3  0  2  0  0  0
    5  5.0167895873169068e-08   1  0  2  2  0  0  0
    5 -5.0167895873169068e-08   0  1  2  2  0  0  0
    5 -6.9471845587387605e-09   1  0  1  3  0  0  0
    5  4.2045911037089336e-08   0  1  1  3  0  0  0
    5  7.5169668598353448e-08   1  0  0  4  0  0  0
    5  2.6746282409868229e-08   0  1  0  4  0  0  0
    5 -2.7102414753153126e-08   4  0  0  0  1  0  0
    5  1.3022802550541065e-08   3  1  0  0  1  0  0
    5 -1.3022802550541065e-08   1  3  0  0  1  0  0
    5  2.7102414753153126e-08   0  4  0  0  1  0  0
    5 -2.8966692180079458e-08   2  0  2  0  1  0  0
    5 -3.8173689406497774e-08   1  1  2  0  1  0  0
    5  2.9351409838271646e-08   0  2  2  0  1  0  0
    5 -1.5272592197177454e-08   0  0  4  0  1  0  0
    5 -1.3933232333837913e-08   2  0  1  1  1  0  0
    5  1.3933232333837913e-08   0  2  1  1  1  0  0
    5 -5.5849796782474356e-09   0  0  3  1  1  0  0
    5 -2.9351409838271646e-08   2  0  0  2  1  0  0
    5  3.8173689406497774e-08   1  1  0  2  1  0  0
    5  2.8966692180079458e-08   0  2  0  2  1  0  0
    5  5.5849796782474356e-09   0  0  1  3  1  0  0
    5  1.5272592197177454e-08   0  0  0  4  1  0  0
    5  8.9182970440363855e-09   3  0  0  0  2  0  0
    5 -1.3642060348945703e-07   2  1  0  0  2  0  0
    5  1.3642060348945703e-07   1  2  0  0  2  0  0
    5 -8.9182970440363855e-09   0  3  0  0  2  0  0
    5  1.5869659206381857e-08   1  0  2  0  2  0  0
    5  3.7931910971109626e-07   0  1  2  0  2  0  0
    5  2.0906856488035202e-08   1  0  1  1  2  0  0
    5 -2.0906856488035202e-08   0  1  1  1  2  0  0
    5 -3.7931910971109626e-07   1  0  0  2  2  0  0
    5 -1.5869659206381857e-08   0  1  0  2  2  0  0
    5  6.8678623244397218e-09   2  0  0  0  3  0  0
    5 -6.8678623244397218e-09   0  2  0  0  3  0  0
    5 -6.3567866165137432e-08   0  0  2  0  3  0  0
    5  6.3567866165137432e-08   0  0  0  2  3  0  0
    5 -5.1438304879104794e-22   1  0  0  0  4  0  0
    5  5.1438304879104794e-22   0  1  0  0  4  0  0
    6 -4.5557018431677260e-10   6  0  0  0  0  0  0
    6  1.8923212704294047e-08   5  1  0  0  0  0  0
    6 -2.4090232192203790e-08   4  2  0  0  0  0  0
    6  2.4090232192203790e-08   2  4  0  0  0  0  0
    6 -1.8923212704294047e-08   1  5  0  0  0  0  0
    6  4.5557018431677260e-10   0  6  0  0  0  0  0
    6 -1.5916869147749431e-07   4  0  2  0  0  0  0
    6  1.5875876437492209e-08   3  1  2  0  0  0  0
    6  1.0698613605859041e-07   2  2  2  0  0  0  0
    6 -4.2816070244315530e-08   1  3  2  0  0  0  0
    6  8.0257137153465412e-09   0  4  2  0  0  0  0
    6  2.1622868053474755e-09   2  0  4  0  0  0  0
    6  1.0695101168534751e-08   1  1  4  0  0  0  0
    6  7.2266555595697850e-09   0  2  4  0  0  0  0
    6 -1.2168547502428009e-09   0  0  6  0  0  0  0
    6 -1.4020180195118750e-08   4  0  1  1  0  0  0
    6 -3.3893618896692884e-08   3  1  1  1  0  0  0
    6  3.3893618896692884e-08   1  3  1  1  0  0  0
    6  1.4020180195118750e-08   0  4  1  1  0  0  0
    6  1.4935028512986066e-08   2  0  3  1  0  0  0
    6  1.2982902100562059e-08   1  1  3  1  0  0  0
    6 -2.3100273567224215e-08   0  2  3  1  0  0  0
    6  3.9812886795225984e-09   0  0  5  1  0  0  0
    6 -8.0257137153465412e-09   4  0  0  2  0  0  0
    6  4.2816070244315530e-08   3  1  0  2  0  0  0
    6 -1.0698613605859041e-07   2  2  0  2  0  0  0
    6 -1.5875876437492209e-08   1  3  0  2  0  0  0
    6  1.5916869147749431e-07   0  4  0  2  0  0  0
    6 -2.8632085240994100e-09   2  0  2  2  0  0  0
    6  2.8632085240994100e-09   0  2  2  2  0  0  0
    6  6.8628680626636903e-09   0  0  4  2  0  0  0
    6  2.3100273567224215e-08   2  0  1  3  0  0  0
    6 -1.2982902100562059e-08   1  1  1  3  0  0  0
    6 -1.4935028512986066e-08   0  2  1  3  0  0  0
    6 -7.2266555595697850e-09   2  0  0  4  0  0  0
    6 -1.0695101168534751e-08   1  1  0  4  0  0  0
    6 -2.1622868053474755e-09   0  2  0  4  0  0  0
    6 -6.8628680626636903e-09   0  0  2  4  0  0  0
    6 -3.9812886795225984e-09   0  0  1  5  0  0  0
    6  1.2168547502428009e-09   0  0  0  6  0  0  0
    6  5.2949818321857269e-08   5  0  0  0  1  0  0
    6 -3.0507331458237009e-08   4  1  0  0  1  0  0
    6 -1.1444723677325378e-08   3  2  0  0  1  0  0
    6  1.1444723677325378e-08   2  3  0  0  1  0  0
    6  3.0507331458237009e-08   1  4  0  0  1  0  0
    6 -5.2949818321857269e-08   0  5  0  0  1  0  0
    6 -8.7399460436260979e-09   3  0  2  0  1  0  0
    6  3.7832237635343668e-08   2  1  2  0  1  0  0
    6 -2.2225930060774527e-07   1  2  2  0  1  0  0
    6 -5.1640601688400254e-09   0  3  2  0  1  0  0
    6 -5.6658498743033599e-09   1  0  4  0  1  0  0
    6  2.2842723216584911e-08   0  1  4  0  1  0  0
    6 -3.7652588504250116e-08   3  0  1  1  1  0  0
    6 -6.2866057293198519e-08   2  1  1  1  1  0  0
    6  6.2866057293198519e-08   1  2  1  1  1  0  0
    6  3.7652588504250116e-08   0  3  1  1  1  0  0
    6  4.0452772463756327e-09   1  0  3  1  1  0  0
    6 -8.7742564024184458e-08   0  1  3  1  1  0  0
    6  5.1640601688400254e-09   3  0  0  2  1  0  0
    6  2.2225930060774527e-07   2  1  0  2  1  0  0
    6 -3.7832237635343668e-08   1  2  0  2  1  0  0
    6  8.7399460436260979e-09   0  3  0  2  1  0  0
    6 -4.4521901379176798e-08   1  0  2  2  1  0  0
    6  4.4521901379176798e-08   0  1  2  2  1  0  0
    6  8.7742564024184458e-08   1  0  1  3  1  0  0
    6 -4.0452772463756327e-09   0  1  1  3  1  0  0
    6 -2.2842723216584911e-08   1  0  0  4  1  0  0
    6  5.6658498743033599e-09   0  1  0  4  1  0  0
    6  9.5243743442118822e-08   4  0  0  0  2  0  0
    6 -2.1176335972438426e-08   3  1  0  0  2  0  0
    6  2.1176335972438426e-08   1  3  0  0  2  0  0
    6 -9.5243743442118822e-08   0  4  0  0  2  0  0
    6 -6.5064877642163095e-09   2  0  2  0  2  0  0
    6  1.3875649877994392e-08   1  1  2  0  2  0  0
    6  9.6702271682568774e-09   0  2  2  0  2  0  0
    6 -5.8735613901231741e-09   0  0  4  0  2  0  0
    6  9.2165172270169040e-10   2  0  1  1  2  0  0
    6 -9.2165172270169040e-10   0  2  1  1  2  0  0
    6  5.9869388925707779e-09   0  0  3  1  2  0  0
    6 -9.6702271682568774e-09   2  0  0  2  2  0  0
    6 -1.3875649877994392e-08   1  1  0  2  2  0  0
    6  6.5064877642163095e-09   0  2  0  2  2  0  0
    6 -5.9869388925707779e-09   0  0  1  3  2  0  0
    6  5.8735613901231741e-09   0  0  0  4  2  0  0
    6 -3.3961193921668581e-08   3  0  0  0  3  0  0
    6  2.7572725369440050e-07   2  1  0  0  3  0  0
    6 -2.7572725369440050e-07   1  2  0  0  3  0  0
    6  3.3961193921668581e-08   0  3  0  0  3  0  0
    6  1.6965630290269488e-09   1  0  2  0  3  0  0
    6  4.0801381951399505e-08   0  1  2  0  3  0  0
    6  1.8945779817339154e-08   1  0  1  1  3  0  0
    6 -1.8945779817339154e-08   0  1  1  1  3  0  0
    6 -4.0801381951399505e-08   1  0  0  2  3  0  0
    6 -1.6965630290269488e-09   0  1  0  2  3  0  0
    6 -1.2063250808970396e-08   2  0  0  0  4  0  0
    6  1.2063250808970396e-08   0  2  0  0  4  0  0
    6  5.9582930284371743e-09   0  0  2  0  4  0  0
    6 -5.9582930284371743e-09   0  0  0  2  4  0  0
    6  1.9036420272907639e-22   1  0  0  0  5  0  0
    6 -1.9036420272907639e-22   0  1  0  0  5  0  0
    7 -7.8923656616264677e-10   7  0  0  0  0  0  0
    7 -2.2075944827786116e-08   6  1  0  0  0  0  0
    7  3.4672190031460103e-09   5  2  0  0  0  0  0
    7  3.0647490109330090e-08   4  3  0  0  0  0  0
    7 -3.0647490109330090e-08   3  4  0  0  0  0  0
    7 -3.4672190031460103e-09   2  5  0  0  0  0  0
    7  2.2075944827786116e-08   1  6  0  0  0  0  0
    7  7.8923656616264677e-10   0  7  0  0  0  0  0
    7  1.9188436046320686e-09   5  0  2  0  0  0  0
    7  7.3838635774606597e-09   4  1  2  0  0  0  0
    7 -4.6812734210500365e-08   3  2  2  0  0  0  0
    7  1.2893500609891529e-07   2  3  2  0  0  0  0
    7 -1.6522680599879907e-09   1  4  2  0  0  0  0
    7  5.1345544986352244e-09   0  5  2  0  0  0  0
    7  9.8336941320221656e-09   3  0  4  0  0  0  0
    7  5.2610571431246525e-09   2  1  4  0  0  0  0
    7  1.3883122760768903e-08   1  2  4  0  0  0  0
    7 -6.0255920571691160e-09   0  3  4  0  0  0  0
    7 -1.6320780991891287e-09   1  0  6  0  0  0  0
    7 -4.7105829574444412e-11   0  1  6  0  0  0  0
    7 -2.7327877608384302e-08   5  0  1  1  0  0  0
    7  1.4913177899191201e-08   4  1  1  1  0  0  0
    7  7.1427304680473089e-08   3  2  1  1  0  0  0
    7 -7.1427304680473089e-08   2  3  1  1  0  0  0
    7 -1.4913177899191201e-08   1  4  1  1  0  0  0
    7  2.7327877608384302e-08   0  5  1  1  0  0  0
    7 -6.0922364622346797e-09   3  0  3  1  0  0  0
    7 -4.0560088590688963e-08   2  1  3  1  0  0  0
    7  9.6196591404586091e-08   1  2  3  1  0  0  0
    7 -2.4798047669437682e-09   0  3  3  1  0  0  0
    7  5.5559918621150189e-09   1  0  5  1  0  0  0
    7 -6.1908100805283509e-09   0  1  5  1  0  0  0
    7 -5.1345544986352244e-09   5  0  0  2  0  0  0
    7  1.6522680599879907e-09   4  1  0  2  0  0  0
    7 -1.2893500609891529e-07   3  2  0  2  0  0  0
    7  4.6812734210500365e-08   2  3  0  2  0  0  0
    7 -7.3838635774606597e-09   1  4  0  2  0  0  0
    7 -1.9188436046320686e-09   0  5  0  2  0  0  0
    7  1.3693700506134794e-08   3  0  2  2  0  0  0
    7  7.0632536810639507e-08   2  1  2  2  0  0  0
    7 -7.0632536810639507e-08   1  2  2  2  0  0  0
    7 -1.3693700506134794e-08   0  3  2  2  0  0  0
    7 -6.2624029597442649e-10   1  0  4  2  0  0  0
    7  1.4108213387249585e-08   0  1  4  2  0  0  0
    7  2.4798047669437682e-09   3  0  1  3  0  0  0
    7 -9.6196591404586091e-08   2  1  1  3  0  0  0
    7  4.0560088590688963e-08   1  2  1  3  0  0  0
    7  6.0922364622346797e-09   0  3  1  3  0  0  0
    7  1.4853331880978230e-08   1  0  3  3  0  0  0
    7 -1.4853331880978230e-08   0  1  3  3  0  0  0
    7  6.0255920571691160e-09   3  0  0  4  0  0  0
    7 -1.3883122760768903e-08   2  1  0  4  0  0  0
    7 -5.2610571431246525e-09   1  2  0  4  0  0  0
    7 -9.8336941320221656e-09   0  3  0  4  0  0  0
    7 -1.4108213387249585e-08   1  0  2  4  0  0  0
    7  6.2624029597442649e-10   0  1  2  4  0  0  0
    7  6.1908100805283509e-09   1  0  1  5  0  0  0
    7 -5.5559918621150189e-09   0  1  1  5  0  0  0
    7  4.7105829574444412e-11   1  0  0  6  0  0  0
    7  1.6320780991891287e-09   0  1  0  6  0  0  0
    7  5.1987123759840766e-09   6  0  0  0  1  0  0
    7 -4.2800788627999702e-09   5  1  0  0  1  0  0
    7  2.2151897266767881e-08   4  2  0  0  1  0  0
    7 -2.2151897266767881e-08   2  4  0  0  1  0  0
    7  4.2800788627999702e-09   1  5  0  0  1  0  0
    7 -5.1987123759840766e-09   0  6  0  0  1  0  0
    7 -8.6536400823348685e-07   4  0  2  0  1  0  0
    7  1.4485185033557457e-08   3  1  2  0  1  0  0
    7 -7.9322769945533440e-08   2  2  2  0  1  0  0
    7  4.2581154760879008e-08   1  3  2  0  1  0  0
    7  2.9275160332507807e-09   0  4  2  0  1  0  0
    7 -7.4616477878801343e-09   2  0  4  0  1  0  0
    7  3.5633823632734357e-09   1  1  4  0  1  0  0
    7 -9.1600336884119042e-09   0  2  4  0  1  0  0
    7  1.8393841056327224e-10   0  0  6  0  1  0  0
    7 -3.2533378941587969e-08   4  0  1  1  1  0  0
    7  4.3066198740250918e-08   3  1  1  1  1  0  0
    7 -4.3066198740250918e-08   1  3  1  1  1  0  0
    7  3.2533378941587969e-08   0  4  1  1  1  0  0
    7 -8.7683240267438777e-09   2  0  3  1  1  0  0
    7 -2.5431415006806225e-08   1  1  3  1  1  0  0
    7  2.8974953319165791e-08   0  2  3  1  1  0  0
    7  3.1004517315196826e-09   0  0  5  1  1  0  0
    7 -2.9275160332507807e-09   4  0  0  2  1  0  0
    7 -4.2581154760879008e-08   3  1  0  2  1  0  0
    7  7.9322769945533440e-08   2  2  0  2  1  0  0
    7 -1.4485185033557457e-08   1  3  0  2  1  0  0
    7  8.6536400823348685e-07   0  4  0  2  1  0  0
    7  2.5075877110150440e-08   2  0  2  2  1  0  0
    7 -2.5075877110150440e-08   0  2  2  2  1  0  0
    7 -5.0548264339147133e-09   0  0  4  2  1  0  0
    7 -2.8974953319165791e-08   2  0  1  3  1  0  0
    7  2.5431415006806225e-08   1  1  1  3  1  0  0
    7  8.7683240267438777e-09   0  2  1  3  1  0  0
    7  9.1600336884119042e-09   2  0  0  4  1  0  0
    7 -3.5633823632734357e-09   1  1  0  4  1  0  0
    7  7.4616477878801343e-09   0  2  0  4  1  0  0
    7  5.0548264339147133e-09   0  0  2  4  1  0  0
    7 -3.1004517315196826e-09   0  0  1  5  1  0  0
    7 -1.8393841056327224e-10   0  0  0  6  1  0  0
    7 -1.4980792151000885e-07   5  0  0  0  2  0  0
    7 -1.5435495461308213e-08   4  1  0  0  2  0  0
    7 -9.2250100811469939e-08   3  2  0  0  2  0  0
    7  9.2250100811469939e-08   2  3  0  0  2  0  0
    7  1.5435495461308213e-08   1  4  0  0  2  0  0
    7  1.4980792151000885e-07   0  5  0  0  2  0  0
    7 -1.3761948419031523e-08   3  0  2  0  2  0  0
    7 -3.3364946404821660e-09   2  1  2  0  2  0  0
    7 -1.9050695832003454e-07   1  2  2  0  2  0  0
    7 -7.6285377412002251e-09   0  3  2  0  2  0  0
    7  2.0470025893645733e-09   1  0  4  0  2  0  0
    7  3.9961459012242522e-09   0  1  4  0  2  0  0
    7  4.5012697871051328e-09   3  0  1  1  2  0  0
    7 -4.9628340537652451e-08   2  1  1  1  2  0  0
    7  4.9628340537652451e-08   1  2  1  1  2  0  0
    7 -4.5012697871051328e-09   0  3  1  1  2  0  0
    7  3.8189604094155702e-09   1  0  3  1  2  0  0
    7  8.6714319228822831e-09   0  1  3  1  2  0  0
    7  7.6285377412002251e-09   3  0  0  2  2  0  0
    7  1.9050695832003454e-07   2  1  0  2  2  0  0
    7  3.3364946404821660e-09   1  2  0  2  2  0  0
    7  1.3761948419031523e-08   0  3  0  2  2  0  0
    7 -4.7547287894216369e-09   1  0  2  2  2  0  0
    7  4.7547287894216369e-09   0  1  2  2  2  0  0
    7 -8.6714319228822831e-09   1  0  1  3  2  0  0
    7 -3.8189604094155702e-09   0  1  1  3  2  0  0
    7 -3.9961459012242522e-09   1  0  0  4  2  0  0
    7 -2.0470025893645733e-09   0  1  0  4  2  0  0
    7 -3.3805506363880622e-08   4  0  0  0  3  0  0
    7  1.3158375364274033e-08   3  1  0  0  3  0  0
    7 -1.3158375364274033e-08   1  3  0  0  3  0  0
    7  3.3805506363880622e-08   0  4  0  0  3  0  0
    7  8.8398011132156590e-09   2  0  2  0  3  0  0
    7  5.1757656286997714e-08   1  1  2  0  3  0  0
    7  5.2253041694799767e-10   0  2  2  0  3  0  0
    7 -1.4944967694299467e-09   0  0  4  0  3  0  0
    7 -1.6361433151288388e-08   2  0  1  1  3  0  0
    7  1.6361433151288388e-08   0  2  1  1  3  0  0
    7 -5.5228232436379926e-09   0  0  3  1  3  0  0
    7 -5.2253041694799767e-10   2  0  0  2  3  0  0
    7 -5.1757656286997714e-08   1  1  0  2  3  0  0
    7 -8.8398011132156590e-09   0  2  0  2  3  0  0
    7  5.5228232436379926e-09   0  0  1  3  3  0  0
    7  1.4944967694299467e-09   0  0  0  4  3  0  0
    7  1.6510478842306699e-08   3  0  0  0  4  0  0
    7 -1.6169092630200746e-07   2  1  0  0  4  0  0
    7  1.6169092630200746e-07   1  2  0  0  4  0  0
    7 -1.6510478842306699e-08   0  3  0  0  4  0  0
    7 -2.0461806971096658e-09   1  0  2  0  4  0  0
    7 -4.1092894740723293e-08   0  1  2  0  4  0  0
    7 -2.9465111389809325e-08   1  0  1  1  4  0  0
    7  2.9465111389809325e-08   0  1  1  1  4  0  0
    7  4.1092894740723293e-08   1  0  0  2  4  0  0
    7  2.0461806971096658e-09   0  1  0  2  4  0  0
    7  1.3086519679943572e-08   2  0  0  0  5  0  0
    7 -1.3086519679943572e-08   0  2  0  0  5  0  0
    7  1.9088942297100918e-09   0  0  2  0  5  0  0
    7 -1.9088942297100918e-09   0  0  0  2  5  0  0
    7 -1.1079906841584242e-22   1  0  0  0  6  0  0
    7  1.1079906841584242e-22   0  1  0  0  6  0  0
    8  1.5574073586774450e-10   8  0  0  0  0  0  0
    8  1.4304336547273503e-09   7  1  0  0  0  0  0
    8 -1.5748152136731008e-08   6  2  0  0  0  0  0
    8 -2.1716044424614552e-09   5  3  0  0  0  0  0
    8  2.1716044424614552e-09   3  5  0  0  0  0  0
    8  1.5748152136731008e-08   2  6  0  0  0  0  0
    8 -1.4304336547273503e-09   1  7  0  0  0  0  0
    8 -1.5574073586774450e-10   0  8  0  0  0  0  0
    8 -3.5365292806012988e-10   6  0  2  0  0  0  0
    8  3.7143099885367861e-07   5  1  2  0  0  0  0
    8  2.8656209912561738e-09   4  2  2  0  0  0  0
    8  3.3979902672139059e-08   3  3  2  0  0  0  0
    8 -4.6121565682918862e-09   2  4  2  0  0  0  0
    8 -1.2241205820085507e-09   1  5  2  0  0  0  0
    8 -1.0474936102905441e-09   0  6  2  0  0  0  0
    8 -1.6602040546854231e-09   4  0  4  0  0  0  0
    8 -2.3253241917345020e-09   3  1  4  0  0  0  0
    8 -6.0414413355662097e-09   2  2  4  0  0  0  0
    8  1.6652688344678945e-08   1  3  4  0  0  0  0
    8 -1.0291481087945203e-09   0  4  4  0  0  0  0
    8  2.3350852392615378e-09   2  0  6  0  0  0  0
    8  9.4427910740270017e-10   1  1  6  0  0  0  0
    8  1.2728295241250008e-10   0  2  6  0  0  0  0
    8 -1.6469155324521272e-10   0  0  8  0  0  0  0
    8  1.5705717466529175e-09   6  0  1  1  0  0  0
    8 -1.4923050650887880e-08   5  1  1  1  0  0  0
    8 -1.5504731988997399e-09   4  2  1  1  0  0  0
    8  1.5504731988997399e-09   2  4  1  1  0  0  0
    8  1.4923050650887880e-08   1  5  1  1  0  0  0
    8 -1.5705717466529175e-09   0  6  1  1  0  0  0
    8  2.3714167744353076e-07   4  0  3  1  0  0  0
    8  1.6152335157003693e-09   3  1  3  1  0  0  0
    8  5.4985306343115548e-08   2  2  3  1  0  0  0
    8 -2.7388943370605568e-09   1  3  3  1  0  0  0
    8 -2.2884892021515836e-09   0  4  3  1  0  0  0
    8  4.0419954208279480e-10   2  0  5  1  0  0  0
    8 -4.0511447789027924e-09   1  1  5  1  0  0  0
    8  5.6132527369808619e-09   0  2  5  1  0  0  0
    8 -9.0045185373190503e-11   0  0  7  1  0  0  0
    8  1.0474936102905441e-09   6  0  0  2  0  0  0
    8  1.2241205820085507e-09   5  1  0  2  0  0  0
    8  4.6121565682918862e-09   4  2  0  2  0  0  0
    8 -3.3979902672139059e-08   3  3  0  2  0  0  0
    8 -2.8656209912561738e-09   2  4  0  2  0  0  0
    8 -3.7143099885367861e-07   1  5  0  2  0  0  0
    8  3.5365292806012988e-10   0  6  0  2  0  0  0
    8  9.0768887593735736e-09   4  0  2  2  0  0  0
    8 -1.7058193502029610e-08   3  1  2  2  0  0  0
    8  1.7058193502029610e-08   1  3  2  2  0  0  0
    8 -9.0768887593735736e-09   0  4  2  2  0  0  0
    8  2.2772589270805980e-09   2  0  4  2  0  0  0
    8  1.7453244727026711e-08   1  1  4  2  0  0  0
    8 -8.1436808923897688e-09   0  2  4  2  0  0  0
    8 -1.4255174260641753e-10   0  0  6  2  0  0  0
    8  2.2884892021515836e-09   4  0  1  3  0  0  0
    8  2.7388943370605568e-09   3  1  1  3  0  0  0
    8 -5.4985306343115548e-08   2  2  1  3  0  0  0
    8 -1.6152335157003693e-09   1  3  1  3  0  0  0
    8 -2.3714167744353076e-07   0  4  1  3  0  0  0
    8 -3.8249425946310720e-09   2  0  3  3  0  0  0
    8  3.8249425946310720e-09   0  2  3  3  0  0  0
    8  9.1877853816974680e-10   0  0  5  3  0  0  0
    8  1.0291481087945203e-09   4  0  0  4  0  0  0
    8 -1.6652688344678945e-08   3  1  0  4  0  0  0
    8  6.0414413355662097e-09   2  2  0  4  0  0  0
    8  2.3253241917345020e-09   1  3  0  4  0  0  0
    8  1.6602040546854231e-09   0  4  0  4  0  0  0
    8  8.1436808923897688e-09   2  0  2  4  0  0  0
    8 -1.7453244727026711e-08   1  1  2  4  0  0  0
    8 -2.2772589270805980e-09   0  2  2  4  0  0  0
    8 -5.6132527369808619e-09   2  0  1  5  0  0  0
    8  4.0511447789027924e-09   1  1  1  5  0  0  0
    8 -4.0419954208279480e-10   0  2  1  5  0  0  0
    8 -9.1877853816974680e-10   0  0  3  5  0  0  0
    8 -1.2728295241250008e-10   2  0  0  6  0  0  0
    8 -9.4427910740270017e-10   1  1  0  6  0  0  0
    8 -2.3350852392615378e-09   0  2  0  6  0  0  0
    8  1.4255174260641753e-10   0  0  2  6  0  0  0
    8  9.0045185373190503e-11   0  0  1  7  0  0  0
    8  1.6469155324521272e-10   0  0  0  8  0  0  0
    8  1.4413612548609943e-09   7  0  0  0  1  0  0
    8  6.5213314551083888e-08   6  1  0  0  1  0  0
    8  1.0550658078079431e-08   5  2  0  0  1  0  0
    8 -2.0527081220398964e-09   4  3  0  0  1  0  0
    8  2.0527081220398964e-09   3  4  0  0  1  0  0
    8 -1.0550658078079431e-08   2  5  0  0  1  0  0
    8 -6.5213314551083888e-08   1  6  0  0  1  0  0
    8 -1.4413612548609943e-09   0  7  0  0  1  0  0
    8  6.3021945305742985e-09   5  0  2  0  1  0  0
    8 -3.5294007139028001e-11   4  1  2  0  1  0  0
    8  6.0558130342694721e-09   3  2  2  0  1  0  0
    8 -3.6291629677030817e-08   2  3  2  0  1  0  0
    8  2.2955871449627491e-09   1  4  2  0  1  0  0
    8 -1.2315534473820665e-08   0  5  2  0  1  0  0
    8  9.8861478679233528e-09   3  0  4  0  1  0  0
    8  3.0629753271809041e-09   2  1  4  0  1  0  0
    8 -4.9020632908849611e-08   1  2  4  0  1  0  0
    8  4.7200373994727120e-10   0  3  4  0  1  0  0
    8 -2.0391313196367332e-10   1  0  6  0  1  0  0
    8  7.2940391865873064e-10   0  1  6  0  1  0  0
    8  5.5348131198596700e-08   5  0  1  1  1  0  0
    8  1.5483822606296182e-08   4  1  1  1  1  0  0
    8 -2.9168565182908015e-08   3  2  1  1  1  0  0
    8  2.9168565182908015e-08   2  3  1  1  1  0  0
    8 -1.5483822606296182e-08   1  4  1  1  1  0  0
    8 -5.5348131198596700e-08   0  5  1  1  1  0  0
    8  2.7223508712346541e-09   3  0  3  1  1  0  0
    8  3.0654462525734358e-08   2  1  3  1  1  0  0
    8 -6.6219492318457379e-08   1  2  3  1  1  0  0
    8  2.5394268298418947e-09   0  3  3  1  1  0  0
    8 -3.7661347118860597e-09   1  0  5  1  1  0  0
    8  1.6926963157503357e-09   0  1  5  1  1  0  0
    8  1.2315534473820665e-08   5  0  0  2  1  0  0
    8 -2.2955871449627491e-09   4  1  0  2  1  0  0
    8  3.6291629677030817e-08   3  2  0  2  1  0  0
    8 -6.0558130342694721e-09   2  3  0  2  1  0  0
    8  3.5294007139028001e-11   1  4  0  2  1  0  0
    8 -6.3021945305742985e-09   0  5  0  2  1  0  0
    8 -3.7893262871775200e-09   3  0  2  2  1  0  0
    8 -3.2154285251791925e-08   2  1  2  2  1  0  0
    8  3.2154285251791925e-08   1  2  2  2  1  0  0
    8  3.7893262871775200e-09   0  3  2  2  1  0  0
    8  3.7486696087913590e-09   1  0  4  2  1  0  0
    8 -2.3416381669610467e-08   0  1  4  2  1  0  0
    8 -2.5394268298418947e-09   3  0  1  3  1  0  0
    8  6.6219492318457379e-08   2  1  1  3  1  0  0
    8 -3.0654462525734358e-08   1  2  1  3  1  0  0
    8 -2.7223508712346541e-09   0  3  1  3  1  0  0
    8 -7.5310704453336126e-09   1  0  3  3  1  0  0
    8  7.5310704453336126e-09   0  1  3  3  1  0  0
    8 -4.7200373994727120e-10   3  0  0  4  1  0  0
    8  4.9020632908849611e-08   2  1  0  4  1  0  0
    8 -3.0629753271809041e-09   1  2  0  4  1  0  0
    8 -9.8861478679233528e-09   0  3  0  4  1  0  0
    8  2.3416381669610467e-08   1  0  2  4  1  0  0
    8 -3.7486696087913590e-09   0  1  2  4  1  0  0
    8 -1.6926963157503357e-09   1  0  1  5  1  0  0
    8  3.7661347118860597e-09   0  1  1  5  1  0  0
    8 -7.2940391865873064e-10   1  0  0  6  1  0  0
    8  2.0391313196367332e-10   0  1  0  6  1  0  0
    8 -1.0968416226415119e-08   6  0  0  0  2  0  0
    8 -9.1473103080757730e-09   5  1  0  0  2  0  0
    8  5.1781645321490549e-09   4  2  0  0  2  0  0
    8 -5.1781645321490549e-09   2  4  0  0  2  0  0
    8  9.1473103080757730e-09   1  5  0  0  2  0  0
    8  1.0968416226415119e-08   0  6  0  0  2  0  0
    8 -4.3326619559017930e-06   4  0  2  0  2  0  0
    8 -1.6191508252917320e-08   3  1  2  0  2  0  0
    8 -1.1681445966595205e-08   2  2  2  0  2  0  0
    8 -1.4156731015830797e-08   1  3  2  0  2  0  0
    8  7.6109748305806684e-09   0  4  2  0  2  0  0
    8 -1.2090146191851167e-09   2  0  4  0  2  0  0
    8  3.3284803048941751e-09   1  1  4  0  2  0  0
    8 -5.8498917785138981e-09   0  2  4  0  2  0  0
    8  6.2380275669673958e-10   0  0  6  0  2  0  0
    8  9.9127775327453716e-10   4  0  1  1  2  0  0
    8  8.8367082840315228e-09   3  1  1  1  2  0  0
    8 -8.8367082840315228e-09   1  3  1  1  2  0  0
    8 -9.9127775327453716e-10   0  4  1  1  2  0  0
    8 -4.9547693020418354e-09   2  0  3  1  2  0  0
    8 -2.9218414894316421e-08   1  1  3  1  2  0  0
    8 -3.5526023194835199e-09   0  2  3  1  2  0  0
    8 -5.3469187348348772e-10   0  0  5  1  2  0  0
    8 -7.6109748305806684e-09   4  0  0  2  2  0  0
    8  1.4156731015830797e-08   3  1  0  2  2  0  0
    8  1.1681445966595205e-08   2  2  0  2  2  0  0
    8  1.6191508252917320e-08   1  3  0  2  2  0  0
    8  4.3326619559017930e-06   0  4  0  2  2  0  0
    8 -6.2860696454354096e-09   2  0  2  2  2  0  0
    8  6.2860696454354096e-09   0  2  2  2  2  0  0
    8  4.1212760596869786e-09   0  0  4  2  2  0  0
    8  3.5526023194835199e-09   2  0  1  3  2  0  0
    8  2.9218414894316421e-08   1  1  1  3  2  0  0
    8  4.9547693020418354e-09   0  2  1  3  2  0  0
    8  5.8498917785138981e-09   2  0  0  4  2  0  0
    8 -3.3284803048941751e-09   1  1  0  4  2  0  0
    8  1.2090146191851167e-09   0  2  0  4  2  0  0
    8 -4.1212760596869786e-09   0  0  2  4  2  0  0
    8  5.3469187348348772e-10   0  0  1  5  2  0  0
    8 -6.2380275669673958e-10   0  0  0  6  2  0  0
    8  1.6928253785628428e-07   5  0  0  0  3  0  0
    8  2.9466982720640407e-09   4  1  0  0  3  0  0
    8  5.2694179934571085e-08   3  2  0  0  3  0  0
    8 -5.2694179934571085e-08   2  3  0  0  3  0  0
    8 -2.9466982720640407e-09   1  4  0  0  3  0  0
    8 -1.6928253785628428e-07   0  5  0  0  3  0  0
    8 -1.3347158131462678e-09   3  0  2  0  3  0  0
    8  1.0427929492926059e-08   2  1  2  0  3  0  0
    8  2.4265016338895422e-07   1  2  2  0  3  0  0
    8  1.0367666813127079e-08   0  3  2  0  3  0  0
    8  1.6301782708799578e-09   1  0  4  0  3  0  0
    8 -1.4535567509363365e-09   0  1  4  0  3  0  0
    8 -1.2071992850061677e-08   3  0  1  1  3  0  0
    8  7.7663551261475907e-08   2  1  1  1  3  0  0
    8 -7.7663551261475907e-08   1  2  1  1  3  0  0
    8  1.2071992850061677e-08   0  3  1  1  3  0  0
    8 -8.8212194741886534e-09   1  0  3  1  3  0  0
    8  7.5434153467790857e-08   0  1  3  1  3  0  0
    8 -1.0367666813127079e-08   3  0  0  2  3  0  0
    8 -2.4265016338895422e-07   2  1  0  2  3  0  0
    8 -1.0427929492926059e-08   1  2  0  2  3  0  0
    8  1.3347158131462678e-09   0  3  0  2  3  0  0
    8  2.4660710089128941e-08   1  0  2  2  3  0  0
    8 -2.4660710089128941e-08   0  1  2  2  3  0  0
    8 -7.5434153467790857e-08   1  0  1  3  3  0  0
    8  8.8212194741886534e-09   0  1  1  3  3  0  0
    8  1.4535567509363365e-09   1  0  0  4  3  0  0
    8 -1.6301782708799578e-09   0  1  0  4  3  0  0
    8  1.4787610125724126e-08   4  0  0  0  4  0  0
    8 -2.1926923213396190e-08   3  1  0  0  4  0  0
    8  2.1926923213396190e-08   1  3  0  0  4  0  0
    8 -1.4787610125724126e-08   0  4  0  0  4  0  0
    8 -7.1411529565147612e-09   2  0  2  0  4  0  0
    8 -1.2859639060907649e-08   1  1  2  0  4  0  0
    8 -1.1057285877043440e-08   0  2  2  0  4  0  0
    8  9.7590244447869418e-10   0  0  4  0  4  0  0
    8  5.9054310073114501e-10   2  0  1  1  4  0  0
    8 -5.9054310073114501e-10   0  2  1  1  4  0  0
    8 -2.1734052801627613e-09   0  0  3  1  4  0  0
    8  1.1057285877043440e-08   2  0  0  2  4  0  0
    8  1.2859639060907649e-08   1  1  0  2  4  0  0
    8  7.1411529565147612e-09   0  2  0  2  4  0  0
    8  2.1734052801627613e-09   0  0  1  3  4  0  0
    8 -9.7590244447869418e-10   0  0  0  4  4  0  0
    8 -6.8201992767957010e-09   3  0  0  0  5  0  0
    8  7.7003364921251326e-08   2  1  0  0  5  0  0
    8 -7.7003364921251326e-08   1  2  0  0  5  0  0
    8  6.8201992767957010e-09   0  3  0  0  5  0  0
    8  3.8713578253748806e-09   1  0  2  0  5  0  0
    8  1.8560839061142588e-08   0  1  2  0  5  0  0
    8  1.1958438834080689e-08   1  0  1  1  5  0  0
    8 -1.1958438834080689e-08   0  1  1  1  5  0  0
    8 -1.8560839061142588e-08   1  0  0  2  5  0  0
    8 -3.8713578253748806e-09   0  1  0  2  5  0  0
    8 -8.0240927324634255e-09   2  0  0  0  6  0  0
    8  8.0240927324634255e-09   0  2  0  0  6  0  0
    8 -6.7676801952750606e-10   0  0  2  0  6  0  0
    8  6.7676801952750606e-10   0  0  0  2  6  0  0
    8 -3.5137241323841938e-23   1  0  0  0  7  0  0
    8  3.5137241323841938e-23   0  1  0  0  7  0  0
 -608  0.0000000000000000e+00   0  0  0  0  0  0  0

tpsa, NO = 8, NV = 7, INA = 50238
------------------------------------------------------------------

   |I|         a                i  i  i  i  i  i  i
                I                1  2  3  4  5  6  7

    3 -1.3002922521579545e-14   3  0  0  0  0  0  0
    3 -8.7739921120064966e-14   2  1  0  0  0  0  0
    3  8.7739921120064966e-14   1  2  0  0  0  0  0
    3  1.3002922521579545e-14   0  3  0  0  0  0  0
    3  7.6172182230522818e-14   1  0  2  0  0  0  0
    3  1.6062821612037488e-15   0  1  2  0  0  0  0
    3 -3.6964877204135594e-14   1  0  1  1  0  0  0
    3  3.6964877204135594e-14   0  1  1  1  0  0  0
    3 -1.6062821612037488e-15   1  0  0  2  0  0  0
    3 -7.6172182230522818e-14   0  1  0  2  0  0  0
    3 -2.9096143567565278e-13   2  0  0  0  1  0  0
    3  2.9096143567565278e-13   0  2  0  0  1  0  0
    3  2.2516738941402533e-13   0  0  2  0  1  0  0
    3 -2.2516738941402533e-13   0  0  0  2  1  0  0
    4 -3.1479320860558976e-17   4  0  0  0  0  0  0
    4 -6.9183086126747173e-18   3  1  0  0  0  0  0
    4  6.9183086126747173e-18   1  3  0  0  0  0  0
    4  3.1479320860558976e-17   0  4  0  0  0  0  0
    4 -4.4758268355073261e-18   2  0  2  0  0  0  0
    4 -1.3522888400120207e-16   1  1  2  0  0  0  0
    4  3.8758347144344355e-17   0  2  2  0  0  0  0
    4  7.3932691988893034e-18   0  0  4  0  0  0  0
    4 -5.6090276547441375e-17   2  0  1  1  0  0  0
    4  5.6090276547441375e-17   0  2  1  1  0  0  0
    4 -3.9305334237284577e-17   0  0  3  1  0  0  0
    4 -3.8758347144344355e-17   2  0  0  2  0  0  0
    4  1.3522888400120207e-16   1  1  0  2  0  0  0
    4  4.4758268355073261e-18   0  2  0  2  0  0  0
    4  3.9305334237284577e-17   0  0  1  3  0  0  0
    4 -7.3932691988893034e-18   0  0  0  4  0  0  0
    4  9.9032640300705836e-17   3  0  0  0  1  0  0
    4 -5.3153216194876538e-16   2  1  0  0  1  0  0
    4  5.3153216194876538e-16   1  2  0  0  1  0  0
    4 -9.9032640300705836e-17   0  3  0  0  1  0  0
    4 -1.2052187190485086e-16   1  0  2  0  1  0  0
    4  2.4595188847203311e-16   0  1  2  0  1  0  0
    4 -1.2022975543970010e-16   1  0  1  1  1  0  0
    4  1.2022975543970010e-16   0  1  1  1  1  0  0
    4 -2.4595188847203311e-16   1  0  0  2  1  0  0
    4  1.2052187190485086e-16   0  1  0  2  1  0  0
    4 -2.5153016240183902e-15   2  0  0  0  2  0  0
    4  2.5153016240183902e-15   0  2  0  0  2  0  0
    4  3.6540438188174279e-15   0  0  2  0  2  0  0
    4 -3.6540438188174279e-15   0  0  0  2  2  0  0
    5  3.7364929275748203e-20   5  0  0  0  0  0  0
    5  7.8644385607331977e-20   4  1  0  0  0  0  0
    5  2.0295462498217376e-19   3  2  0  0  0  0  0
    5 -2.0295462498217376e-19   2  3  0  0  0  0  0
    5 -7.8644385607331977e-20   1  4  0  0  0  0  0
    5 -3.7364929275748203e-20   0  5  0  0  0  0  0
    5  1.1109597791002511e-20   3  0  2  0  0  0  0
    5  2.7511922081001178e-20   2  1  2  0  0  0  0
    5  1.0156580070900794e-19   1  2  2  0  0  0  0
    5  9.3741941564461894e-20   0  3  2  0  0  0  0
    5 -3.7591407338311513e-20   1  0  4  0  0  0  0
    5 -1.0564958480824288e-19   0  1  4  0  0  0  0
    5 -3.1878803882133618e-20   3  0  1  1  0  0  0
    5  4.0929476372895985e-19   2  1  1  1  0  0  0
    5 -4.0929476372895985e-19   1  2  1  1  0  0  0
    5  3.1878803882133618e-20   0  3  1  1  0  0  0
    5 -5.9094753599194502e-20   1  0  3  1  0  0  0
    5  9.7641399503664077e-21   0  1  3  1  0  0  0
    5 -9.3741941564461894e-20   3  0  0  2  0  0  0
    5 -1.0156580070900794e-19   2  1  0  2  0  0  0
    5 -2.7511922081001178e-20   1  2  0  2  0  0  0
    5 -1.1109597791002511e-20   0  3  0  2  0  0  0
    5  7.0510053702958216e-20   1  0  2  2  0  0  0
    5 -7.0510053702958216e-20   0  1  2  2  0  0  0
    5 -9.7641399503664077e-21   1  0  1  3  0  0  0
    5  5.9094753599194502e-20   0  1  1  3  0  0  0
    5  1.0564958480824288e-19   1  0  0  4  0  0  0
    5  3.7591407338311513e-20   0  1  0  4  0  0  0
    5 -3.5420177849625934e-19   4  0  0  0  1  0  0
    5  1.7019516033605901e-19   3  1  0  0  1  0  0
    5 -1.7019516033605901e-19   1  3  0  0  1  0  0
    5  3.5420177849625934e-19   0  4  0  0  1  0  0
    5 -3.1812902862783145e-19   2  0  2  0  1  0  0
    5 -4.1924561681161771e-19   1  1  2  0  1  0  0
    5  3.2235422127792020e-19   0  2  2  0  1  0  0
    5 -1.4095445133765466e-19   0  0  4  0  1  0  0
    5 -1.5302284570338501e-19   2  0  1  1  1  0  0
    5  1.5302284570338501e-19   0  2  1  1  1  0  0
    5 -5.1545129740634782e-20   0  0  3  1  1  0  0
    5 -3.2235422127792020e-19   2  0  0  2  1  0  0
    5  4.1924561681161771e-19   1  1  0  2  1  0  0
    5  3.1812902862783145e-19   0  2  0  2  1  0  0
    5  5.1545129740634782e-20   0  0  1  3  1  0  0
    5  1.4095445133765466e-19   0  0  0  4  1  0  0
    5  7.6535965402538537e-19   3  0  0  0  2  0  0
    5 -1.1707484665858268e-17   2  1  0  0  2  0  0
    5  1.1707484665858268e-17   1  2  0  0  2  0  0
    5 -7.6535965402538537e-19   0  3  0  0  2  0  0
    5  1.1444923036565000e-18   1  0  2  0  2  0  0
    5  2.7355836445410510e-17   0  1  2  0  2  0  0
    5  1.5077662370080956e-18   1  0  1  1  2  0  0
    5 -1.5077662370080956e-18   0  1  1  1  2  0  0
    5 -2.7355836445410510e-17   1  0  0  2  2  0  0
    5 -1.1444923036565000e-18   0  1  0  2  2  0  0
    5  3.8703130344329179e-18   2  0  0  0  3  0  0
    5 -3.8703130344329179e-18   0  2  0  0  3  0  0
    5 -3.0103971218447510e-17   0  0  2  0  3  0  0
    5  3.0103971218447510e-17   0  0  0  2  3  0  0
    6 -4.1422617319304267e-24   6  0  0  0  0  0  0
    6  1.7205888912096446e-22   5  1  0  0  0  0  0
    6 -2.1903989847961244e-22   4  2  0  0  0  0  0
    6  2.1903989847961244e-22   2  4  0  0  0  0  0
    6 -1.7205888912096446e-22   1  5  0  0  0  0  0
    6  4.1422617319304267e-24   0  6  0  0  0  0  0
    6 -1.2161902971447518e-21   4  0  2  0  0  0  0
    6  1.2130580896731870e-22   3  1  2  0  0  0  0
    6  8.1746918565240342e-22   2  2  2  0  0  0  0
    6 -3.2715283834803321e-22   1  3  2  0  0  0  0
    6  6.1323587306402841e-23   0  4  2  0  0  0  0
    6  1.3884135108472280e-23   2  0  4  0  0  0  0
    6  6.8673697335379062e-23   1  1  4  0  0  0  0
    6  4.6402661258128270e-23   0  2  4  0  0  0  0
    6 -6.5660762164964261e-24   0  0  6  0  0  0  0
    6 -1.0712664003985604e-22   4  0  1  1  0  0  0
    6 -2.5897737836908938e-22   3  1  1  1  0  0  0
    6  2.5897737836908938e-22   1  3  1  1  0  0  0
    6  1.0712664003985604e-22   0  4  1  1  0  0  0
    6  9.5898450293628840e-23   2  0  3  1  0  0  0
    6  8.3363763964376289e-23   1  1  3  1  0  0  0
    6 -1.4832783442826940e-22   0  2  3  1  0  0  0
    6  2.1482798094352471e-23   0  0  5  1  0  0  0
    6 -6.1323587306402841e-23   4  0  0  2  0  0  0
    6  3.2715283834803321e-22   3  1  0  2  0  0  0
    6 -8.1746918565240342e-22   2  2  0  2  0  0  0
    6 -1.2130580896731870e-22   1  3  0  2  0  0  0
    6  1.2161902971447518e-21   0  4  0  2  0  0  0
    6 -1.8384783135157436e-23   2  0  2  2  0  0  0
    6  1.8384783135157436e-23   0  2  2  2  0  0  0
    6  3.7031629908349907e-23   0  0  4  2  0  0  0
    6  1.4832783442826940e-22   2  0  1  3  0  0  0
    6 -8.3363763964376289e-23   1  1  1  3  0  0  0
    6 -9.5898450293628840e-23   0  2  1  3  0  0  0
    6 -4.6402661258128270e-23   2  0  0  4  0  0  0
    6 -6.8673697335379062e-23   1  1  0  4  0  0  0
    6 -1.3884135108472280e-23   0  2  0  4  0  0  0
    6 -3.7031629908349907e-23   0  0  2  4  0  0  0
    6 -2.1482798094352471e-23   0  0  1  5  0  0  0
    6  6.5660762164964261e-24   0  0  0  6  0  0  0
    6  3.1614593255834451e-21   5  0  0  0  1  0  0
    6 -1.8214923222408062e-21   4  1  0  0  1  0  0
    6 -6.8332677136817138e-22   3  2  0  0  1  0  0
    6  6.8332677136817138e-22   2  3  0  0  1  0  0
    6  1.8214923222408062e-21   1  4  0  0  1  0  0
    6 -3.1614593255834451e-21   0  5  0  0  1  0  0
    6 -4.3852415521547278e-22   3  0  2  0  1  0  0
    6  1.8982211064162316e-21   2  1  2  0  1  0  0
    6 -1.1151793335025649e-20   1  2  2  0  1  0  0
    6 -2.5910516057178118e-22   0  3  2  0  1  0  0
    6 -2.3889742949555735e-22   1  0  4  0  1  0  0
    6  9.6315080353088139e-22   0  1  4  0  1  0  0
    6 -1.8892072654777687e-21   3  0  1  1  1  0  0
    6 -3.1542854530929852e-21   2  1  1  1  1  0  0
    6  3.1542854530929852e-21   1  2  1  1  1  0  0
    6  1.8892072654777687e-21   0  3  1  1  1  0  0
    6  1.7056688002606649e-22   1  0  3  1  1  0  0
    6 -3.6996167331920940e-21   0  1  3  1  1  0  0
    6  2.5910516057178118e-22   3  0  0  2  1  0  0
    6  1.1151793335025649e-20   2  1  0  2  1  0  0
    6 -1.8982211064162316e-21   1  2  0  2  1  0  0
    6  4.3852415521547278e-22   0  3  0  2  1  0  0
    6 -1.8772413727336550e-21   1  0  2  2  1  0  0
    6  1.8772413727336550e-21   0  1  2  2  1  0  0
    6  3.6996167331920940e-21   1  0  1  3  1  0  0
    6 -1.7056688002606649e-22   0  1  1  3  1  0  0
    6 -9.6315080353088139e-22   1  0  0  4  1  0  0
    6  2.3889742949555735e-22   0  1  0  4  1  0  0
    6  3.7342248237030353e-20   4  0  0  0  2  0  0
    6 -8.3026135476722026e-21   3  1  0  0  2  0  0
    6  8.3026135476722026e-21   1  3  0  0  2  0  0
    6 -3.7342248237030353e-20   0  4  0  0  2  0  0
    6 -2.1437407688881589e-21   2  0  2  0  2  0  0
    6  4.5717132524043708e-21   1  1  2  0  2  0  0
    6  3.1861214492730385e-21   0  2  2  0  2  0  0
    6 -1.6262556070131634e-21   0  0  4  0  2  0  0
    6  3.0366342707010316e-22   2  0  1  1  2  0  0
    6 -3.0366342707010316e-22   0  2  1  1  2  0  0
    6  1.6576472596780380e-21   0  0  3  1  2  0  0
    6 -3.1861214492730385e-21   2  0  0  2  2  0  0
    6 -4.5717132524043708e-21   1  1  0  2  2  0  0
    6  2.1437407688881589e-21   0  2  0  2  2  0  0
    6 -1.6576472596780380e-21   0  0  1  3  2  0  0
    6  1.6262556070131634e-21   0  0  0  4  2  0  0
    6 -8.7435507592422047e-20   3  0  0  0  3  0  0
    6  7.0987941235046973e-19   2  1  0  0  3  0  0
    6 -7.0987941235046973e-19   1  2  0  0  3  0  0
    6  8.7435507592422047e-20   0  3  0  0  3  0  0
    6  3.6705955133718210e-21   1  0  2  0  3  0  0
    6  8.8275747477577570e-20   0  1  2  0  3  0  0
    6  4.0990103641914777e-20   1  0  1  1  3  0  0
    6 -4.0990103641914777e-20   0  1  1  1  3  0  0
    6 -8.8275747477577570e-20   1  0  0  2  3  0  0
    6 -3.6705955133718210e-21   0  1  0  2  3  0  0
    6 -2.0394362017471165e-19   2  0  0  0  4  0  0
    6  2.0394362017471165e-19   0  2  0  0  4  0  0
    6  8.4650449665803103e-20   0  0  2  0  4  0  0
    6 -8.4650449665803103e-20   0  0  0  2  4  0  0
    7 -9.1702656654333496e-25   6  1  0  0  0  0  0
    7  1.4402699239884127e-25   5  2  0  0  0  0  0
    7  1.2730853808239134e-24   4  3  0  0  0  0  0
    7 -1.2730853808239134e-24   3  4  0  0  0  0  0
    7 -1.4402699239884127e-25   2  5  0  0  0  0  0
    7  9.1702656654333496e-25   1  6  0  0  0  0  0
    7  2.5775549129629034e-25   4  1  2  0  0  0  0
    7 -1.6341362728020238e-24   3  2  2  0  0  0  0
    7  4.5008558857672328e-24   2  3  2  0  0  0  0
    7  1.7923673744774725e-25   0  5  2  0  0  0  0
    7  2.8847129407709468e-25   3  0  4  0  0  0  0
    7  1.5433304533528585e-25   2  1  4  0  0  0  0
    7  4.0726123213338378e-25   1  2  4  0  0  0  0
    7 -1.7676066745374748e-25   0  3  4  0  0  0  0
    7 -9.5396000280064995e-25   5  0  1  1  0  0  0
    7  5.2058836893042359e-25   4  1  1  1  0  0  0
    7  2.4933803037862600e-24   3  2  1  1  0  0  0
    7 -2.4933803037862600e-24   2  3  1  1  0  0  0
    7 -5.2058836893042359e-25   1  4  1  1  0  0  0
    7  9.5396000280064995e-25   0  5  1  1  0  0  0
    7 -1.7871568024081981e-25   3  0  3  1  0  0  0
    7 -1.1898296903029276e-24   2  1  3  1  0  0  0
    7  2.8219258028295084e-24   1  2  3  1  0  0  0
    7  1.3696485833062310e-25   1  0  5  1  0  0  0
    7 -1.5261423102743296e-25   0  1  5  1  0  0  0
    7 -1.7923673744774725e-25   5  0  0  2  0  0  0
    7 -4.5008558857672328e-24   3  2  0  2  0  0  0
    7  1.6341362728020238e-24   2  3  0  2  0  0  0
    7 -2.5775549129629034e-25   1  4  0  2  0  0  0
    7  4.0170453266849347e-25   3  0  2  2  0  0  0
    7  2.0720045818145930e-24   2  1  2  2  0  0  0
    7 -2.0720045818145930e-24   1  2  2  2  0  0  0
    7 -4.0170453266849347e-25   0  3  2  2  0  0  0
    7  3.4779198671238754e-25   0  1  4  2  0  0  0
    7 -2.8219258028295084e-24   2  1  1  3  0  0  0
    7  1.1898296903029276e-24   1  2  1  3  0  0  0
    7  1.7871568024081981e-25   0  3  1  3  0  0  0
    7  3.6616045294952516e-25   1  0  3  3  0  0  0
    7 -3.6616045294952516e-25   0  1  3  3  0  0  0
    7  1.7676066745374748e-25   3  0  0  4  0  0  0
    7 -4.0726123213338378e-25   2  1  0  4  0  0  0
    7 -1.5433304533528585e-25   1  2  0  4  0  0  0
    7 -2.8847129407709468e-25   0  3  0  4  0  0  0
    7 -3.4779198671238750e-25   1  0  2  4  0  0  0
    7  1.5261423102743296e-25   1  0  1  5  0  0  0
    7 -1.3696485833062310e-25   0  1  1  5  0  0  0
    7  1.4180752870810151e-24   6  0  0  0  1  0  0
    7 -1.1674956456781373e-24   5  1  0  0  1  0  0
    7  6.0424689430937723e-24   4  2  0  0  1  0  0
    7 -6.0424689430937723e-24   2  4  0  0  1  0  0
    7  1.1674956456781373e-24   1  5  0  0  1  0  0
    7 -1.4180752870810151e-24   0  6  0  0  1  0  0
    7 -1.9836450885078780e-22   4  0  2  0  1  0  0
    7  3.3203907112567823e-24   3  1  2  0  1  0  0
    7 -1.8182894309471103e-23   2  2  2  0  1  0  0
    7  9.7607362567385010e-24   1  3  2  0  1  0  0
    7  6.7106474797125252e-25   0  4  2  0  1  0  0
    7 -1.4373466891055602e-24   2  0  4  0  1  0  0
    7  6.8641886986243486e-25   1  1  4  0  1  0  0
    7 -1.7645089219461489e-24   0  2  4  0  1  0  0
    7 -7.4575180774833282e-24   4  0  1  1  1  0  0
    7  9.8719212723200370e-24   3  1  1  1  1  0  0
    7 -9.8719212723200370e-24   1  3  1  1  1  0  0
    7  7.4575180774833282e-24   0  4  1  1  1  0  0
    7 -1.6890533923775050e-24   2  0  3  1  1  0  0
    7 -4.8988857687274145e-24   1  1  3  1  1  0  0
    7  5.5814820538618727e-24   0  2  3  1  1  0  0
    7  5.0189562157680345e-25   0  0  5  1  1  0  0
    7 -6.7106474797125252e-25   4  0  0  2  1  0  0
    7 -9.7607362567385010e-24   3  1  0  2  1  0  0
    7  1.8182894309471103e-23   2  2  0  2  1  0  0
    7 -3.3203907112567823e-24   1  3  0  2  1  0  0
    7  1.9836450885078780e-22   0  4  0  2  1  0  0
    7  4.8303980521884739e-24   2  0  2  2  1  0  0
    7 -4.8303980521884739e-24   0  2  2  2  1  0  0
    7 -8.1826632849045413e-25   0  0  4  2  1  0  0
    7 -5.5814820538618727e-24   2  0  1  3  1  0  0
    7  4.8988857687274145e-24   1  1  1  3  1  0  0
    7  1.6890533923775050e-24   0  2  1  3  1  0  0
    7  1.7645089219461489e-24   2  0  0  4  1  0  0
    7 -6.8641886986243486e-25   1  1  0  4  1  0  0
    7  1.4373466891055602e-24   0  2  0  4  1  0  0
    7  8.1826632849045413e-25   0  0  2  4  1  0  0
    7 -5.0189562157680345e-25   0  0  1  5  1  0  0
    7 -2.6833613344538357e-22   5  0  0  0  2  0  0
    7 -2.7648078473770742e-23   4  1  0  0  2  0  0
    7 -1.6523849414760645e-22   3  2  0  0  2  0  0
    7  1.6523849414760645e-22   2  3  0  0  2  0  0
    7  2.7648078473770742e-23   1  4  0  0  2  0  0
    7  2.6833613344538357e-22   0  5  0  0  2  0  0
    7 -2.0715048266147704e-23   3  0  2  0  2  0  0
    7 -5.0222283511650527e-24   2  1  2  0  2  0  0
    7 -2.8675887428694661e-22   1  2  2  0  2  0  0
    7 -1.1482787371194990e-23   0  3  2  0  2  0  0
    7  2.5893219955642079e-24   1  0  4  0  2  0  0
    7  5.0548585201036324e-24   0  1  4  0  2  0  0
    7  6.7754955955137299e-24   3  0  1  1  2  0  0
    7 -7.4702610292055795e-23   2  1  1  1  2  0  0
    7  7.4702610292055795e-23   1  2  1  1  2  0  0
    7 -6.7754955955137299e-24   0  3  1  1  2  0  0
    7  4.8307306691576800e-24   1  0  3  1  2  0  0
    7  1.0968784078542171e-23   0  1  3  1  2  0  0
    7  1.1482787371194990e-23   3  0  0  2  2  0  0
    7  2.8675887428694661e-22   2  1  0  2  2  0  0
    7  5.0222283511650527e-24   1  2  0  2  2  0  0
    7  2.0715048266147704e-23   0  3  0  2  2  0  0
    7 -6.0144153707267872e-24   1  0  2  2  2  0  0
    7  6.0144153707267872e-24   0  1  2  2  2  0  0
    7 -1.0968784078542171e-23   1  0  1  3  2  0  0
    7 -4.8307306691576800e-24   0  1  1  3  2  0  0
    7 -5.0548585201036324e-24   1  0  0  4  2  0  0
    7 -2.5893219955642079e-24   0  1  0  4  2  0  0
    7 -3.9762410573006441e-22   4  0  0  0  3  0  0
    7  1.5477026673590012e-22   3  1  0  0  3  0  0
    7 -1.5477026673590012e-22   1  3  0  0  3  0  0
    7  3.9762410573006441e-22   0  4  0  0  3  0  0
    7  8.7375444580794576e-23   2  0  2  0  3  0  0
    7  5.1158936390270045e-22   1  1  2  0  3  0  0
    7  5.1648591300953862e-24   0  2  2  0  3  0  0
    7 -1.2413765292564047e-23   0  0  4  0  3  0  0
    7 -1.6172168098165864e-22   2  0  1  1  3  0  0
    7  1.6172168098165864e-22   0  2  1  1  3  0  0
    7 -4.5874325660128474e-23   0  0  3  1  3  0  0
    7 -5.1648591300953862e-24   2  0  0  2  3  0  0
    7 -5.1158936390270045e-22   1  1  0  2  3  0  0
    7 -8.7375444580794576e-23   0  2  0  2  3  0  0
    7  4.5874325660128474e-23   0  0  1  3  3  0  0
    7  1.2413765292564047e-23   0  0  0  4  3  0  0
    7  1.2752220385720502e-21   3  0  0  0  4  0  0
    7 -1.2488543465444504e-20   2  1  0  0  4  0  0
    7  1.2488543465444504e-20   1  2  0  0  4  0  0
    7 -1.2752220385720502e-21   0  3  0  0  4  0  0
    7 -1.3281030338141585e-22   1  0  2  0  4  0  0
    7 -2.6671934815166273e-21   0  1  2  0  4  0  0
    7 -1.9124754663043601e-21   1  0  1  1  4  0  0
    7  1.9124754663043601e-21   0  1  1  1  4  0  0
    7  2.6671934815166273e-21   1  0  0  2  4  0  0
    7  1.3281030338141585e-22   0  1  0  2  4  0  0
    7  6.6372959692523223e-21   2  0  0  0  5  0  0
    7 -6.6372959692523223e-21   0  2  0  0  5  0  0
    7  8.1359923457037447e-22   0  0  2  0  5  0  0
    7 -8.1359923457037447e-22   0  0  0  2  5  0  0
    8 -2.9794850007225948e-23   4  0  2  0  2  0  0
    8 -1.1134576495849001e-25   3  1  2  0  2  0  0
    8 -1.6885141098782567e-25   1  1  3  1  2  0  0
    8  1.1134576495849001e-25   1  3  0  2  2  0  0
    8  2.9794850007225948e-23   0  4  0  2  2  0  0
    8  1.6885141098782567e-25   1  1  1  3  2  0  0
    8  9.0965727066326493e-24   5  0  0  0  3  0  0
    8  1.5834388718283423e-25   4  1  0  0  3  0  0
    8  2.8315763992039816e-24   3  2  0  0  3  0  0
    8 -2.8315763992039816e-24   2  3  0  0  3  0  0
    8 -1.5834388718283423e-25   1  4  0  0  3  0  0
    8 -9.0965727066326493e-24   0  5  0  0  3  0  0
    8  4.7089639384904083e-25   2  1  2  0  3  0  0
    8  1.0957408849403053e-23   1  2  2  0  3  0  0
    8  4.6817509825337447e-25   0  3  2  0  3  0  0
    8 -5.4513773837095090e-25   3  0  1  1  3  0  0
    8  3.5070707226538061e-24   2  1  1  1  3  0  0
    8 -3.5070707226538061e-24   1  2  1  1  3  0  0
    8  5.4513773837095090e-25   0  3  1  1  3  0  0
    8 -3.3474766076343272e-25   1  0  3  1  3  0  0
    8  2.8625754623722609e-24   0  1  3  1  3  0  0
    8 -4.6817509825337447e-25   3  0  0  2  3  0  0
    8 -1.0957408849403053e-23   2  1  0  2  3  0  0
    8 -4.7089639384904083e-25   1  2  0  2  3  0  0
    8  9.3582469399565354e-25   1  0  2  2  3  0  0
    8 -9.3582469399565354e-25   0  1  2  2  3  0  0
    8 -2.8625754623722609e-24   1  0  1  3  3  0  0
    8  3.3474766076343272e-25   0  1  1  3  3  0  0
    8  5.2180051872332883e-24   4  0  0  0  4  0  0
    8 -7.7372068978566349e-24   3  1  0  0  4  0  0
    8  7.7372068978566349e-24   1  3  0  0  4  0  0
    8 -5.2180051872332883e-24   0  4  0  0  4  0  0
    8 -2.1175637542187441e-24   2  0  2  0  4  0  0
    8 -3.8132645713562402e-24   1  1  2  0  4  0  0
    8 -3.2788133703117671e-24   0  2  2  0  4  0  0
    8  2.4318467878961627e-25   0  0  4  0  4  0  0
    8  1.7511355281522131e-25   2  0  1  1  4  0  0
    8 -1.7511355281522131e-25   0  2  1  1  4  0  0
    8 -5.4158985657462001e-25   0  0  3  1  4  0  0
    8  3.2788133703117671e-24   2  0  0  2  4  0  0
    8  3.8132645713562402e-24   1  1  0  2  4  0  0
    8  2.1175637542187441e-24   0  2  0  2  4  0  0
    8  5.4158985657462001e-25   0  0  1  3  4  0  0
    8 -2.4318467878961627e-25   0  0  0  4  4  0  0
    8 -1.5803179014294286e-23   3  0  0  0  5  0  0
    8  1.7842557250398886e-22   2  1  0  0  5  0  0
    8 -1.7842557250398886e-22   1  2  0  0  5  0  0
    8  1.5803179014294286e-23   0  3  0  0  5  0  0
    8  7.5382815605532012e-24   1  0  2  0  5  0  0
    8  3.6141539261992137e-23   0  1  2  0  5  0  0
    8  2.3285390558601885e-23   1  0  1  1  5  0  0
    8 -2.3285390558601885e-23   0  1  1  1  5  0  0
    8 -3.6141539261992137e-23   1  0  0  2  5  0  0
    8 -7.5382815605532012e-24   0  1  0  2  5  0  0
    8 -1.2209115865628527e-22   2  0  0  0  6  0  0
    8  1.2209115865628527e-22   0  2  0  0  6  0  0
    8 -8.6534591717988072e-24   0  0  2  0  6  0  0
    8  8.6534591717988072e-24   0  0  0  2  6  0  0
 -400  0.0000000000000000e+00   0  0  0  0  0  0  0
