
tpsa, NO = 8, NV = 7, INA = 48092
------------------------------------------------------------------

   |I|         a                i  i  i  i  i  i  i
                I                1  2  3  4  5  6  7

    2 -1.3825415166261782e-05   1  1  0  0  0  0  0
    2 -4.0772194708693144e-06   0  0  1  1  0  0  0
    2  8.6189624646016180e-06   0  0  0  0  2  0  0
    3 -5.4196162619123843e-07   3  0  0  0  0  0  0
    3 -1.2189995557589719e-06   2  1  0  0  0  0  0
    3 -1.2189995557589719e-06   1  2  0  0  0  0  0
    3 -5.4196162619123843e-07   0  3  0  0  0  0  0
    3  2.1432184784289785e-06   1  0  2  0  0  0  0
    3 -7.9173141741803396e-09   0  1  2  0  0  0  0
    3 -6.1113046060296657e-07   1  0  1  1  0  0  0
    3 -6.1113046060296657e-07   0  1  1  1  0  0  0
    3 -7.9173141741803396e-09   1  0  0  2  0  0  0
    3  2.1432184784289785e-06   0  1  0  2  0  0  0
    3 -1.2312063693816742e-06   2  0  0  0  1  0  0
    3 -5.2455345252617575e-07   1  1  0  0  1  0  0
    3 -1.2312063693816742e-06   0  2  0  0  1  0  0
    3  3.9789046658902896e-07   0  0  2  0  1  0  0
    3 -4.4080995295903561e-07   0  0  1  1  1  0  0
    3  3.9789046658902896e-07   0  0  0  2  1  0  0
    3  3.4133566044842459e-23   1  0  0  0  2  0  0
    3  3.4133566044842459e-23   0  1  0  0  2  0  0
    3 -1.3365660693304511e-07   0  0  0  0  3  0  0
    4 -3.3355842199203876e-07   4  0  0  0  0  0  0
    4 -2.2690240965705622e-07   3  1  0  0  0  0  0
    4 -3.0945958967458139e-07   2  2  0  0  0  0  0
    4 -2.2690240965705622e-07   1  3  0  0  0  0  0
    4 -3.3355842199203876e-07   0  4  0  0  0  0  0
    4 -1.5793393654580042e-07   2  0  2  0  0  0  0
    4  1.6586502741155761e-07   1  1  2  0  0  0  0
    4 -7.5501969322570121e-08   0  2  2  0  0  0  0
    4  5.5894280210713376e-08   0  0  4  0  0  0  0
    4 -4.3670009499040482e-07   2  0  1  1  0  0  0
    4 -9.2750899885095126e-07   1  1  1  1  0  0  0
    4 -4.3670009499040482e-07   0  2  1  1  0  0  0
    4 -5.0645708699866877e-08   0  0  3  1  0  0  0
    4 -7.5501969322570121e-08   2  0  0  2  0  0  0
    4  1.6586502741155761e-07   1  1  0  2  0  0  0
    4 -1.5793393654580042e-07   0  2  0  2  0  0  0
    4 -1.7250157321362608e-07   0  0  2  2  0  0  0
    4 -5.0645708699866877e-08   0  0  1  3  0  0  0
    4  5.5894280210713376e-08   0  0  0  4  0  0  0
    4  1.7139078418727879e-07   3  0  0  0  1  0  0
    4 -7.3900374664618076e-07   2  1  0  0  1  0  0
    4 -7.3900374664618076e-07   1  2  0  0  1  0  0
    4  1.7139078418727879e-07   0  3  0  0  1  0  0
    4  3.6780420966342373e-08   1  0  2  0  1  0  0
    4  2.0557078016305885e-07   0  1  2  0  1  0  0
    4 -4.9245374250271645e-07   1  0  1  1  1  0  0
    4 -4.9245374250271645e-07   0  1  1  1  1  0  0
    4  2.0557078016305885e-07   1  0  0  2  1  0  0
    4  3.6780420966342373e-08   0  1  0  2  1  0  0
    4 -4.0149767568010268e-07   2  0  0  0  2  0  0
    4 -1.0349047279914350e-07   1  1  0  0  2  0  0
    4 -4.0149767568010268e-07   0  2  0  0  2  0  0
    4  2.5825189319083039e-07   0  0  2  0  2  0  0
    4 -3.3399145635054843e-09   0  0  1  1  2  0  0
    4  2.5825189319083039e-07   0  0  0  2  2  0  0
    4  1.6990027539428578e-22   1  0  0  0  3  0  0
    4  1.6990027539428578e-22   0  1  0  0  3  0  0
    4  2.4442696269969476e-07   0  0  0  0  4  0  0
    5  2.5399713685381266e-07   5  0  0  0  0  0  0
    5 -8.6253892275715436e-08   4  1  0  0  0  0  0
    5  3.0919336735880825e-09   3  2  0  0  0  0  0
    5  3.0919336735880825e-09   2  3  0  0  0  0  0
    5 -8.6253892275715436e-08   1  4  0  0  0  0  0
    5  2.5399713685381266e-07   0  5  0  0  0  0  0
    5  9.8301906451323816e-08   3  0  2  0  0  0  0
    5  1.8355781101324128e-08   2  1  2  0  0  0  0
    5  1.8620531822254088e-08   1  2  2  0  0  0  0
    5  1.3802481490879597e-08   0  3  2  0  0  0  0
    5 -6.3144623242178588e-08   1  0  4  0  0  0  0
    5 -1.2202933174664912e-08   0  1  4  0  0  0  0
    5 -4.7377184291506621e-08   3  0  1  1  0  0  0
    5  2.3768965611811168e-07   2  1  1  1  0  0  0
    5  2.3768965611811168e-07   1  2  1  1  0  0  0
    5 -4.7377184291506621e-08   0  3  1  1  0  0  0
    5 -1.0409611101413464e-09   1  0  3  1  0  0  0
    5 -8.8744871749170619e-09   0  1  3  1  0  0  0
    5  1.3802481490879597e-08   3  0  0  2  0  0  0
    5  1.8620531822254088e-08   2  1  0  2  0  0  0
    5  1.8355781101324128e-08   1  2  0  2  0  0  0
    5  9.8301906451323816e-08   0  3  0  2  0  0  0
    5  1.2565917029630330e-07   1  0  2  2  0  0  0
    5  1.2565917029630330e-07   0  1  2  2  0  0  0
    5 -8.8744871749170619e-09   1  0  1  3  0  0  0
    5 -1.0409611101413464e-09   0  1  1  3  0  0  0
    5 -1.2202933174664912e-08   1  0  0  4  0  0  0
    5 -6.3144623242178588e-08   0  1  0  4  0  0  0
    5 -2.2322895169898930e-07   4  0  0  0  1  0  0
    5 -6.3852331114815122e-08   3  1  0  0  1  0  0
    5  2.7836374901324797e-07   2  2  0  0  1  0  0
    5 -6.3852331114815122e-08   1  3  0  0  1  0  0
    5 -2.2322895169898930e-07   0  4  0  0  1  0  0
    5  3.6376822086012230e-09   2  0  2  0  1  0  0
    5 -1.9811593028156541e-09   1  1  2  0  1  0  0
    5 -2.8693369194062921e-08   0  2  2  0  1  0  0
    5 -2.1944276488505722e-08   0  0  4  0  1  0  0
    5 -8.6715333587733017e-09   2  0  1  1  1  0  0
    5 -1.5885431507390760e-07   1  1  1  1  1  0  0
    5 -8.6715333587733017e-09   0  2  1  1  1  0  0
    5  1.5776402730858601e-08   0  0  3  1  1  0  0
    5 -2.8693369194062921e-08   2  0  0  2  1  0  0
    5 -1.9811593028156541e-09   1  1  0  2  1  0  0
    5  3.6376822086012230e-09   0  2  0  2  1  0  0
    5  3.1493058843083618e-08   0  0  2  2  1  0  0
    5  1.5776402730858601e-08   0  0  1  3  1  0  0
    5 -2.1944276488505722e-08   0  0  0  4  1  0  0
    5  7.2330272251591834e-08   3  0  0  0  2  0  0
    5 -3.8464378745049750e-07   2  1  0  0  2  0  0
    5 -3.8464378745049750e-07   1  2  0  0  2  0  0
    5  7.2330272251591834e-08   0  3  0  0  2  0  0
    5 -1.7598099401064219e-08   1  0  2  0  2  0  0
    5 -1.9455291271465868e-08   0  1  2  0  2  0  0
    5 -1.1996068307883451e-07   1  0  1  1  2  0  0
    5 -1.1996068307883451e-07   0  1  1  1  2  0  0
    5 -1.9455291271465868e-08   1  0  0  2  2  0  0
    5 -1.7598099401064219e-08   0  1  0  2  2  0  0
    5  8.5427440303408693e-09   2  0  0  0  3  0  0
    5  3.1215870774266476e-08   1  1  0  0  3  0  0
    5  8.5427440303408693e-09   0  2  0  0  3  0  0
    5 -4.7346398286630643e-08   0  0  2  0  3  0  0
    5 -9.1415857185668338e-08   0  0  1  1  3  0  0
    5 -4.7346398286630643e-08   0  0  0  2  3  0  0
    5 -6.3534216881981548e-22   1  0  0  0  4  0  0
    5 -6.3534216881981548e-22   0  1  0  0  4  0  0
    5 -6.1634563510922821e-08   0  0  0  0  5  0  0
    6 -9.3582635193981078e-08   6  0  0  0  0  0  0
    6  2.5820687950392212e-07   5  1  0  0  0  0  0
    6  2.5663045814333916e-08   4  2  0  0  0  0  0
    6 -1.5090146828200738e-07   3  3  0  0  0  0  0
    6  2.5663045814333916e-08   2  4  0  0  0  0  0
    6  2.5820687950392212e-07   1  5  0  0  0  0  0
    6 -9.3582635193981078e-08   0  6  0  0  0  0  0
    6 -8.9603298747528437e-07   4  0  2  0  0  0  0
    6 -2.1288469313121431e-08   3  1  2  0  0  0  0
    6  1.7513787419737835e-08   2  2  2  0  0  0  0
    6  1.7410623233622915e-08   1  3  2  0  0  0  0
    6 -1.5691224587160906e-07   0  4  2  0  0  0  0
    6  2.7127773328410172e-08   2  0  4  0  0  0  0
    6 -1.7880970603370842e-09   1  1  4  0  0  0  0
    6 -1.6148194641722300e-09   0  2  4  0  0  0  0
    6 -2.4902886792221487e-09   0  0  6  0  0  0  0
    6  1.3248136762425491e-08   4  0  1  1  0  0  0
    6 -9.5033025554624243e-08   3  1  1  1  0  0  0
    6 -1.1499072356596039e-07   2  2  1  1  0  0  0
    6 -9.5033025554624243e-08   1  3  1  1  0  0  0
    6  1.3248136762425491e-08   0  4  1  1  0  0  0
    6 -1.1604560748580130e-08   2  0  3  1  0  0  0
    6  3.2580968531924494e-09   1  1  3  1  0  0  0
    6  1.5498528734555264e-08   0  2  3  1  0  0  0
    6  1.7057664335455149e-09   0  0  5  1  0  0  0
    6 -1.5691224587160906e-07   4  0  0  2  0  0  0
    6  1.7410623233622915e-08   3  1  0  2  0  0  0
    6  1.7513787419737835e-08   2  2  0  2  0  0  0
    6 -2.1288469313121431e-08   1  3  0  2  0  0  0
    6 -8.9603298747528437e-07   0  4  0  2  0  0  0
    6 -4.0357317509774465e-08   2  0  2  2  0  0  0
    6 -4.8919434988694697e-08   1  1  2  2  0  0  0
    6 -4.0357317509774465e-08   0  2  2  2  0  0  0
    6  3.3045591549411573e-09   0  0  4  2  0  0  0
    6  1.5498528734555264e-08   2  0  1  3  0  0  0
    6  3.2580968531924494e-09   1  1  1  3  0  0  0
    6 -1.1604560748580130e-08   0  2  1  3  0  0  0
    6 -1.1622693846558604e-08   0  0  3  3  0  0  0
    6 -1.6148194641722300e-09   2  0  0  4  0  0  0
    6 -1.7880970603370842e-09   1  1  0  4  0  0  0
    6  2.7127773328410172e-08   0  2  0  4  0  0  0
    6  3.3045591549411573e-09   0  0  2  4  0  0  0
    6  1.7057664335455149e-09   0  0  1  5  0  0  0
    6 -2.4902886792221487e-09   0  0  0  6  0  0  0
    6  4.3800422389382447e-07   5  0  0  0  1  0  0
    6 -1.4003408837264346e-07   4  1  0  0  1  0  0
    6  7.5939118475141829e-08   3  2  0  0  1  0  0
    6  7.5939118475141829e-08   2  3  0  0  1  0  0
    6 -1.4003408837264346e-07   1  4  0  0  1  0  0
    6  4.3800422389382447e-07   0  5  0  0  1  0  0
    6 -3.9289439301508041e-08   3  0  2  0  1  0  0
    6 -4.5725354054679942e-08   2  1  2  0  1  0  0
    6 -3.4780962046949612e-09   1  2  2  0  1  0  0
    6  8.8411670719985422e-08   0  3  2  0  1  0  0
    6  1.3424383089520700e-09   1  0  4  0  1  0  0
    6 -6.4201514854335381e-09   0  1  4  0  1  0  0
    6 -1.0670206404157136e-07   3  0  1  1  1  0  0
    6  2.8462767548631932e-08   2  1  1  1  1  0  0
    6  2.8462767548631932e-08   1  2  1  1  1  0  0
    6 -1.0670206404157136e-07   0  3  1  1  1  0  0
    6  4.6946051994160964e-09   1  0  3  1  1  0  0
    6  1.5253983991312443e-08   0  1  3  1  1  0  0
    6  8.8411670719985422e-08   3  0  0  2  1  0  0
    6 -3.4780962046949612e-09   2  1  0  2  1  0  0
    6 -4.5725354054679942e-08   1  2  0  2  1  0  0
    6 -3.9289439301508041e-08   0  3  0  2  1  0  0
    6 -2.7540705459944333e-08   1  0  2  2  1  0  0
    6 -2.7540705459944333e-08   0  1  2  2  1  0  0
    6  1.5253983991312443e-08   1  0  1  3  1  0  0
    6  4.6946051994160964e-09   0  1  1  3  1  0  0
    6 -6.4201514854335381e-09   1  0  0  4  1  0  0
    6  1.3424383089520700e-09   0  1  0  4  1  0  0
    6  4.7140344424995572e-07   4  0  0  0  2  0  0
    6 -5.1591321617016599e-08   3  1  0  0  2  0  0
    6 -2.8349621947769631e-07   2  2  0  0  2  0  0
    6 -5.1591321617016599e-08   1  3  0  0  2  0  0
    6  4.7140344424995572e-07   0  4  0  0  2  0  0
    6  2.1670619996333261e-08   2  0  2  0  2  0  0
    6  2.9145048874753976e-08   1  1  2  0  2  0  0
    6 -4.6511200279240077e-08   0  2  2  0  2  0  0
    6 -7.8439765517227250e-09   0  0  4  0  2  0  0
    6  8.3873245917262184e-08   2  0  1  1  2  0  0
    6  2.0705650926397236e-08   1  1  1  1  2  0  0
    6  8.3873245917262184e-08   0  2  1  1  2  0  0
    6 -1.0088068489769577e-10   0  0  3  1  2  0  0
    6 -4.6511200279240077e-08   2  0  0  2  2  0  0
    6  2.9145048874753976e-08   1  1  0  2  2  0  0
    6  2.1670619996333261e-08   0  2  0  2  2  0  0
    6  2.5472225577168707e-08   0  0  2  2  2  0  0
    6 -1.0088068489769577e-10   0  0  1  3  2  0  0
    6 -7.8439765517227250e-09   0  0  0  4  2  0  0
    6 -1.5374759218136824e-07   3  0  0  0  3  0  0
    6  3.3012922888246260e-07   2  1  0  0  3  0  0
    6  3.3012922888246260e-07   1  2  0  0  3  0  0
    6 -1.5374759218136824e-07   0  3  0  0  3  0  0
    6  4.8486942062609080e-09   1  0  2  0  3  0  0
    6 -4.9170592564345182e-09   0  1  2  0  3  0  0
    6  6.1096019832308215e-08   1  0  1  1  3  0  0
    6  6.1096019832308215e-08   0  1  1  1  3  0  0
    6 -4.9170592564345182e-09   1  0  0  2  3  0  0
    6  4.8486942062609080e-09   0  1  0  2  3  0  0
    6 -1.9387886754002992e-08   2  0  0  0  4  0  0
    6 -2.3500870767708717e-07   1  1  0  0  4  0  0
    6 -1.9387886754002992e-08   0  2  0  0  4  0  0
    6 -3.7668920686067647e-09   0  0  2  0  4  0  0
    6  1.5874145032846194e-08   0  0  1  1  4  0  0
    6 -3.7668920686067647e-09   0  0  0  2  4  0  0
    6  1.8249514375413944e-22   1  0  0  0  5  0  0
    6  1.8249514375413944e-22   0  1  0  0  5  0  0
    6 -7.9995887212441553e-10   0  0  0  0  6  0  0
    7  2.2101132779569085e-08   7  0  0  0  0  0  0
    7 -2.3150214389222686e-07   6  1  0  0  0  0  0
    7  1.1203510754423982e-07   5  2  0  0  0  0  0
    7  8.2421429355334426e-08   4  3  0  0  0  0  0
    7  8.2421429355334426e-08   3  4  0  0  0  0  0
    7  1.1203510754423982e-07   2  5  0  0  0  0  0
    7 -2.3150214389222686e-07   1  6  0  0  0  0  0
    7  2.2101132779569085e-08   0  7  0  0  0  0  0
    7  4.2264356956967609e-07   5  0  2  0  0  0  0
    7 -5.6423896820175937e-07   4  1  2  0  0  0  0
    7 -2.3863628222691243e-07   3  2  2  0  0  0  0
    7  4.5226226476265143e-09   2  3  2  0  0  0  0
    7 -1.0693257436636815e-07   1  4  2  0  0  0  0
    7  5.2181424307401821e-08   0  5  2  0  0  0  0
    7 -6.1847951826505134e-07   3  0  4  0  0  0  0
    7  9.3727355178313512e-09   2  1  4  0  0  0  0
    7 -4.8944616681099083e-09   1  2  4  0  0  0  0
    7  3.1372780079066008e-08   0  3  4  0  0  0  0
    7  1.1329203744338565e-09   1  0  6  0  0  0  0
    7 -3.0175339991241219e-10   0  1  6  0  0  0  0
    7 -8.9870188434248541e-07   5  0  1  1  0  0  0
    7  5.8197200087477938e-07   4  1  1  1  0  0  0
    7 -3.8552658684858581e-08   3  2  1  1  0  0  0
    7 -3.8552658684858581e-08   2  3  1  1  0  0  0
    7  5.8197200087477938e-07   1  4  1  1  0  0  0
    7 -8.9870188434248541e-07   0  5  1  1  0  0  0
    7 -2.2631980288084492e-07   3  0  3  1  0  0  0
    7  4.4394907618532974e-09   2  1  3  1  0  0  0
    7  2.2673653057923958e-08   1  2  3  1  0  0  0
    7 -1.9509326989658444e-08   0  3  3  1  0  0  0
    7  3.6422192601480152e-10   1  0  5  1  0  0  0
    7  1.3096862958494589e-09   0  1  5  1  0  0  0
    7  5.2181424307401821e-08   5  0  0  2  0  0  0
    7 -1.0693257436636815e-07   4  1  0  2  0  0  0
    7  4.5226226476265143e-09   3  2  0  2  0  0  0
    7 -2.3863628222691243e-07   2  3  0  2  0  0  0
    7 -5.6423896820175937e-07   1  4  0  2  0  0  0
    7  4.2264356956967609e-07   0  5  0  2  0  0  0
    7  3.9052970642104841e-07   3  0  2  2  0  0  0
    7 -1.2431110065491889e-08   2  1  2  2  0  0  0
    7 -1.2431110065491889e-08   1  2  2  2  0  0  0
    7  3.9052970642104841e-07   0  3  2  2  0  0  0
    7 -3.0301003007488059e-09   1  0  4  2  0  0  0
    7  4.9697856325265643e-10   0  1  4  2  0  0  0
    7 -1.9509326989658444e-08   3  0  1  3  0  0  0
    7  2.2673653057923958e-08   2  1  1  3  0  0  0
    7  4.4394907618532974e-09   1  2  1  3  0  0  0
    7 -2.2631980288084492e-07   0  3  1  3  0  0  0
    7  4.6000400904258305e-10   1  0  3  3  0  0  0
    7  4.6000400904258305e-10   0  1  3  3  0  0  0
    7  3.1372780079066008e-08   3  0  0  4  0  0  0
    7 -4.8944616681099083e-09   2  1  0  4  0  0  0
    7  9.3727355178313512e-09   1  2  0  4  0  0  0
    7 -6.1847951826505134e-07   0  3  0  4  0  0  0
    7  4.9697856325265643e-10   1  0  2  4  0  0  0
    7 -3.0301003007488059e-09   0  1  2  4  0  0  0
    7  1.3096862958494589e-09   1  0  1  5  0  0  0
    7  3.6422192601480152e-10   0  1  1  5  0  0  0
    7 -3.0175339991241219e-10   1  0  0  6  0  0  0
    7  1.1329203744338565e-09   0  1  0  6  0  0  0
    7 -1.3561911049064748e-07   6  0  0  0  1  0  0
    7  3.8737169889360867e-07   5  1  0  0  1  0  0
    7  9.3709649480404299e-08   4  2  0  0  1  0  0
    7 -7.6451244765675630e-09   3  3  0  0  1  0  0
    7  9.3709649480404299e-08   2  4  0  0  1  0  0
    7  3.8737169889360867e-07   1  5  0  0  1  0  0
    7 -1.3561911049064748e-07   0  6  0  0  1  0  0
    7 -5.4195765077522967e-06   4  0  2  0  1  0  0
    7 -2.9132183589114111e-07   3  1  2  0  1  0  0
    7 -1.5581412427013897e-08   2  2  2  0  1  0  0
    7 -9.3400922485029686e-09   1  3  2  0  1  0  0
    7 -2.0887495807435110e-07   0  4  2  0  1  0  0
    7 -8.4923369801322970e-09   2  0  4  0  1  0  0
    7 -2.7705995344377542e-09   1  1  4  0  1  0  0
    7 -1.1732735562705702e-08   0  2  4  0  1  0  0
    7  3.6318361700416428e-10   0  0  6  0  1  0  0
    7 -3.0606187277683900e-07   4  0  1  1  1  0  0
    7 -5.5274704233169385e-08   3  1  1  1  1  0  0
    7  4.1314199830987472e-08   2  2  1  1  1  0  0
    7 -5.5274704233169385e-08   1  3  1  1  1  0  0
    7 -3.0606187277683900e-07   0  4  1  1  1  0  0
    7  6.2340947282597788e-09   2  0  3  1  1  0  0
    7  1.3519600678334722e-10   1  1  3  1  1  0  0
    7  2.3439203587334834e-08   0  2  3  1  1  0  0
    7 -8.5657884813685921e-11   0  0  5  1  1  0  0
    7 -2.0887495807435110e-07   4  0  0  2  1  0  0
    7 -9.3400922485029686e-09   3  1  0  2  1  0  0
    7 -1.5581412427013897e-08   2  2  0  2  1  0  0
    7 -2.9132183589114111e-07   1  3  0  2  1  0  0
    7 -5.4195765077522967e-06   0  4  0  2  1  0  0
    7 -1.0691649486160778e-08   2  0  2  2  1  0  0
    7  1.0750278823625360e-09   1  1  2  2  1  0  0
    7 -1.0691649486160778e-08   0  2  2  2  1  0  0
    7 -1.1692721253554361e-09   0  0  4  2  1  0  0
    7  2.3439203587334834e-08   2  0  1  3  1  0  0
    7  1.3519600678334722e-10   1  1  1  3  1  0  0
    7  6.2340947282597788e-09   0  2  1  3  1  0  0
    7  3.2095603484708279e-09   0  0  3  3  1  0  0
    7 -1.1732735562705702e-08   2  0  0  4  1  0  0
    7 -2.7705995344377542e-09   1  1  0  4  1  0  0
    7 -8.4923369801322970e-09   0  2  0  4  1  0  0
    7 -1.1692721253554361e-09   0  0  2  4  1  0  0
    7 -8.5657884813685921e-11   0  0  1  5  1  0  0
    7  3.6318361700416428e-10   0  0  0  6  1  0  0
    7 -1.1566337204731670e-06   5  0  0  0  2  0  0
    7  4.4216028994412412e-07   4  1  0  0  2  0  0
    7 -9.2418445663182382e-08   3  2  0  0  2  0  0
    7 -9.2418445663182382e-08   2  3  0  0  2  0  0
    7  4.4216028994412412e-07   1  4  0  0  2  0  0
    7 -1.1566337204731670e-06   0  5  0  0  2  0  0
    7 -7.7581489533536086e-08   3  0  2  0  2  0  0
    7  7.7485904402756033e-09   2  1  2  0  2  0  0
    7  3.7541766939905522e-08   1  2  2  0  2  0  0
    7 -1.3505333409087489e-07   0  3  2  0  2  0  0
    7  7.5018495078172869e-09   1  0  4  0  2  0  0
    7  3.0813102475016172e-09   0  1  4  0  2  0  0
    7  9.0590169368304507e-08   3  0  1  1  2  0  0
    7 -1.2568890678394015e-07   2  1  1  1  2  0  0
    7 -1.2568890678394015e-07   1  2  1  1  2  0  0
    7  9.0590169368304507e-08   0  3  1  1  2  0  0
    7 -1.9908759452409044e-10   1  0  3  1  2  0  0
    7  5.6141889029766190e-10   0  1  3  1  2  0  0
    7 -1.3505333409087489e-07   3  0  0  2  2  0  0
    7  3.7541766939905522e-08   2  1  0  2  2  0  0
    7  7.7485904402756033e-09   1  2  0  2  2  0  0
    7 -7.7581489533536086e-08   0  3  0  2  2  0  0
    7 -1.5463508747772714e-08   1  0  2  2  2  0  0
    7 -1.5463508747772714e-08   0  1  2  2  2  0  0
    7  5.6141889029766190e-10   1  0  1  3  2  0  0
    7 -1.9908759452409044e-10   0  1  1  3  2  0  0
    7  3.0813102475016172e-09   1  0  0  4  2  0  0
    7  7.5018495078172869e-09   0  1  0  4  2  0  0
    7 -1.0756489134938920e-07   4  0  0  0  3  0  0
    7  1.4083192341885362e-07   3  1  0  0  3  0  0
    7  1.9229651078785029e-07   2  2  0  0  3  0  0
    7  1.4083192341885362e-07   1  3  0  0  3  0  0
    7 -1.0756489134938920e-07   0  4  0  0  3  0  0
    7 -1.4965398139520861e-08   2  0  2  0  3  0  0
    7 -5.1741571777147786e-08   1  1  2  0  3  0  0
    7  3.1882846501071564e-08   0  2  2  0  3  0  0
    7  2.2338634986826742e-09   0  0  4  0  3  0  0
    7 -1.9357990190929065e-08   2  0  1  1  3  0  0
    7  7.3037521031154512e-08   1  1  1  1  3  0  0
    7 -1.9357990190929065e-08   0  2  1  1  3  0  0
    7  3.9745521311996723e-10   0  0  3  1  3  0  0
    7  3.1882846501071564e-08   2  0  0  2  3  0  0
    7 -5.1741571777147786e-08   1  1  0  2  3  0  0
    7 -1.4965398139520861e-08   0  2  0  2  3  0  0
    7 -1.1225979559952329e-08   0  0  2  2  3  0  0
    7  3.9745521311996723e-10   0  0  1  3  3  0  0
    7  2.2338634986826742e-09   0  0  0  4  3  0  0
    7  7.8591715462533291e-08   3  0  0  0  4  0  0
    7 -2.0849504275246819e-07   2  1  0  0  4  0  0
    7 -2.0849504275246819e-07   1  2  0  0  4  0  0
    7  7.8591715462533291e-08   0  3  0  0  4  0  0
    7  1.1853870610485235e-08   1  0  2  0  4  0  0
    7  5.5751810162406310e-09   0  1  2  0  4  0  0
    7 -1.6129766002307666e-08   1  0  1  1  4  0  0
    7 -1.6129766002307666e-08   0  1  1  1  4  0  0
    7  5.5751810162406310e-09   1  0  0  2  4  0  0
    7  1.1853870610485235e-08   0  1  0  2  4  0  0
    7  1.6503299848427195e-08   2  0  0  0  5  0  0
    7  1.9435185709936321e-07   1  1  0  0  5  0  0
    7  1.6503299848427195e-08   0  2  0  0  5  0  0
    7  6.0384091623664723e-09   0  0  2  0  5  0  0
    7  1.2069845257426242e-08   0  0  1  1  5  0  0
    7  6.0384091623664723e-09   0  0  0  2  5  0  0
    7 -1.3145949721048827e-22   1  0  0  0  6  0  0
    7 -1.3145949721048827e-22   0  1  0  0  6  0  0
    7  1.1166012417246097e-08   0  0  0  0  7  0  0
    8 -4.5787350168776343e-09   8  0  0  0  0  0  0
    8  8.2018897321943285e-08   7  1  0  0  0  0  0
    8 -2.7228325583918048e-07   6  2  0  0  0  0  0
    8 -1.3422097629521491e-08   5  3  0  0  0  0  0
    8  9.5884377879491784e-08   4  4  0  0  0  0  0
    8 -1.3422097629521491e-08   3  5  0  0  0  0  0
    8 -2.7228325583918048e-07   2  6  0  0  0  0  0
    8  8.2018897321943285e-08   1  7  0  0  0  0  0
    8 -4.5787350168776343e-09   0  8  0  0  0  0  0
    8  1.2085696051214769e-07   6  0  2  0  0  0  0
    8  2.4212840542089537e-06   5  1  2  0  0  0  0
    8 -1.1290380033394923e-07   4  2  2  0  0  0  0
    8 -3.8155642065451307e-07   3  3  2  0  0  0  0
    8 -1.3008115248179875e-07   2  4  2  0  0  0  0
    8  3.3394847071351091e-07   1  5  2  0  0  0  0
    8  5.3454420552491916e-08   0  6  2  0  0  0  0
    8  4.5017750327835474e-07   4  0  4  0  0  0  0
    8 -5.9149816823960211e-07   3  1  4  0  0  0  0
    8 -5.3349949147637642e-08   2  2  4  0  0  0  0
    8  1.9699849594504374e-08   1  3  4  0  0  0  0
    8 -1.0961588312862730e-08   0  4  4  0  0  0  0
    8  2.4797931960419963e-08   2  0  6  0  0  0  0
    8 -3.8118013604031197e-12   1  1  6  0  0  0  0
    8 -3.5763621228606472e-09   0  2  6  0  0  0  0
    8  5.2224320585718256e-11   0  0  8  0  0  0  0
    8  3.8599808350343427e-07   6  0  1  1  0  0  0
    8 -1.3537170090307022e-06   5  1  1  1  0  0  0
    8  1.8971876690214309e-07   4  2  1  1  0  0  0
    8  2.8073334716553699e-07   3  3  1  1  0  0  0
    8  1.8971876690214309e-07   2  4  1  1  0  0  0
    8 -1.3537170090307022e-06   1  5  1  1  0  0  0
    8  3.8599808350343427e-07   0  6  1  1  0  0  0
    8  1.6725359305193531e-06   4  0  3  1  0  0  0
    8  1.4483460638288688e-07   3  1  3  1  0  0  0
    8 -5.5608044646926818e-08   2  2  3  1  0  0  0
    8 -2.3440683506582926e-07   1  3  3  1  0  0  0
    8  4.3553421256735391e-07   0  4  3  1  0  0  0
    8 -7.2312440236970425e-08   2  0  5  1  0  0  0
    8  1.6956948913907599e-09   1  1  5  1  0  0  0
    8  4.6492270036592902e-09   0  2  5  1  0  0  0
    8  7.8519176070227692e-12   0  0  7  1  0  0  0
    8  5.3454420552491916e-08   6  0  0  2  0  0  0
    8  3.3394847071351091e-07   5  1  0  2  0  0  0
    8 -1.3008115248179875e-07   4  2  0  2  0  0  0
    8 -3.8155642065451307e-07   3  3  0  2  0  0  0
    8 -1.1290380033394923e-07   2  4  0  2  0  0  0
    8  2.4212840542089537e-06   1  5  0  2  0  0  0
    8  1.2085696051214769e-07   0  6  0  2  0  0  0
    8 -5.2332584936087097e-07   4  0  2  2  0  0  0
    8  3.3199270282818202e-07   3  1  2  2  0  0  0
    8  1.5184098605179214e-07   2  2  2  2  0  0  0
    8  3.3199270282818202e-07   1  3  2  2  0  0  0
    8 -5.2332584936087097e-07   0  4  2  2  0  0  0
    8  1.4267019800849272e-07   2  0  4  2  0  0  0
    8 -5.5658017598453225e-09   1  1  4  2  0  0  0
    8 -6.1549960298249836e-08   0  2  4  2  0  0  0
    8 -2.4886785986789152e-10   0  0  6  2  0  0  0
    8  4.3553421256735391e-07   4  0  1  3  0  0  0
    8 -2.3440683506582926e-07   3  1  1  3  0  0  0
    8 -5.5608044646926818e-08   2  2  1  3  0  0  0
    8  1.4483460638288688e-07   1  3  1  3  0  0  0
    8  1.6725359305193531e-06   0  4  1  3  0  0  0
    8  6.8603490560341146e-08   2  0  3  3  0  0  0
    8  7.7299848876944151e-09   1  1  3  3  0  0  0
    8  6.8603490560341146e-08   0  2  3  3  0  0  0
    8 -2.3599628120193446e-10   0  0  5  3  0  0  0
    8 -1.0961588312862730e-08   4  0  0  4  0  0  0
    8  1.9699849594504374e-08   3  1  0  4  0  0  0
    8 -5.3349949147637642e-08   2  2  0  4  0  0  0
    8 -5.9149816823960211e-07   1  3  0  4  0  0  0
    8  4.5017750327835474e-07   0  4  0  4  0  0  0
    8 -6.1549960298249836e-08   2  0  2  4  0  0  0
    8 -5.5658017598453225e-09   1  1  2  4  0  0  0
    8  1.4267019800849272e-07   0  2  2  4  0  0  0
    8  6.0962432966018093e-10   0  0  4  4  0  0  0
    8  4.6492270036592902e-09   2  0  1  5  0  0  0
    8  1.6956948913907599e-09   1  1  1  5  0  0  0
    8 -7.2312440236970425e-08   0  2  1  5  0  0  0
    8 -2.3599628120193446e-10   0  0  3  5  0  0  0
    8 -3.5763621228606472e-09   2  0  0  6  0  0  0
    8 -3.8118013604031197e-12   1  1  0  6  0  0  0
    8  2.4797931960419963e-08   0  2  0  6  0  0  0
    8 -2.4886785986789152e-10   0  0  2  6  0  0  0
    8  7.8519176070227692e-12   0  0  1  7  0  0  0
    8  5.2224320585718256e-11   0  0  0  8  0  0  0
    8  2.3942959685649991e-08   7  0  0  0  1  0  0
    8  3.0750233029189216e-07   6  1  0  0  1  0  0
    8  1.3934610092155888e-07   5  2  0  0  1  0  0
    8  1.6156299933159897e-07   4  3  0  0  1  0  0
    8  1.6156299933159897e-07   3  4  0  0  1  0  0
    8  1.3934610092155888e-07   2  5  0  0  1  0  0
    8  3.0750233029189216e-07   1  6  0  0  1  0  0
    8  2.3942959685649991e-08   0  7  0  0  1  0  0
    8  2.7763299672122952e-06   5  0  2  0  1  0  0
    8 -3.9292619410152141e-06   4  1  2  0  1  0  0
    8 -1.6764571310904690e-06   3  2  2  0  1  0  0
    8 -1.0580173044803282e-07   2  3  2  0  1  0  0
    8 -1.0763013786589191e-07   1  4  2  0  1  0  0
    8  3.1660427357179542e-07   0  5  2  0  1  0  0
    8 -3.8767805263518513e-06   3  0  4  0  1  0  0
    8 -1.6004767272738423e-07   2  1  4  0  1  0  0
    8  3.8138416025646166e-09   1  2  4  0  1  0  0
    8  3.7357050882763534e-08   0  3  4  0  1  0  0
    8 -4.1952978562188294e-10   1  0  6  0  1  0  0
    8  4.2199503812844402e-10   0  1  6  0  1  0  0
    8 -4.0057672086897545e-06   5  0  1  1  1  0  0
    8  2.2830144544394565e-06   4  1  1  1  1  0  0
    8  1.5002003179505834e-07   3  2  1  1  1  0  0
    8  1.5002003179505834e-07   2  3  1  1  1  0  0
    8  2.2830144544394565e-06   1  4  1  1  1  0  0
    8 -4.0057672086897545e-06   0  5  1  1  1  0  0
    8 -1.2241391893587401e-06   3  0  3  1  1  0  0
    8 -6.2965068152680326e-08   2  1  3  1  1  0  0
    8  4.8146695260167751e-09   1  2  3  1  1  0  0
    8  7.4166116448140914e-08   0  3  3  1  1  0  0
    8  1.8875576926276944e-10   1  0  5  1  1  0  0
    8 -1.3736538039366277e-09   0  1  5  1  1  0  0
    8  3.1660427357179542e-07   5  0  0  2  1  0  0
    8 -1.0763013786589191e-07   4  1  0  2  1  0  0
    8 -1.0580173044803282e-07   3  2  0  2  1  0  0
    8 -1.6764571310904690e-06   2  3  0  2  1  0  0
    8 -3.9292619410152141e-06   1  4  0  2  1  0  0
    8  2.7763299672122952e-06   0  5  0  2  1  0  0
    8  2.3162077039158032e-06   3  0  2  2  1  0  0
    8  9.5718807648921390e-08   2  1  2  2  1  0  0
    8  9.5718807648921390e-08   1  2  2  2  1  0  0
    8  2.3162077039158032e-06   0  3  2  2  1  0  0
    8 -4.4653716920390318e-12   1  0  4  2  1  0  0
    8 -3.0997281929924088e-10   0  1  4  2  1  0  0
    8  7.4166116448140914e-08   3  0  1  3  1  0  0
    8  4.8146695260167751e-09   2  1  1  3  1  0  0
    8 -6.2965068152680326e-08   1  2  1  3  1  0  0
    8 -1.2241391893587401e-06   0  3  1  3  1  0  0
    8  3.4321860044330036e-10   1  0  3  3  1  0  0
    8  3.4321860044330036e-10   0  1  3  3  1  0  0
    8  3.7357050882763534e-08   3  0  0  4  1  0  0
    8  3.8138416025646166e-09   2  1  0  4  1  0  0
    8 -1.6004767272738423e-07   1  2  0  4  1  0  0
    8 -3.8767805263518513e-06   0  3  0  4  1  0  0
    8 -3.0997281929924088e-10   1  0  2  4  1  0  0
    8 -4.4653716920390318e-12   0  1  2  4  1  0  0
    8 -1.3736538039366277e-09   1  0  1  5  1  0  0
    8  1.8875576926276944e-10   0  1  1  5  1  0  0
    8  4.2199503812844402e-10   1  0  0  6  1  0  0
    8 -4.1952978562188294e-10   0  1  0  6  1  0  0
    8  3.6180104368605994e-07   6  0  0  0  2  0  0
    8 -9.9429968126676134e-07   5  1  0  0  2  0  0
    8 -1.4747540374100856e-08   4  2  0  0  2  0  0
    8  1.6413283893182661e-07   3  3  0  0  2  0  0
    8 -1.4747540374100856e-08   2  4  0  0  2  0  0
    8 -9.9429968126676134e-07   1  5  0  0  2  0  0
    8  3.6180104368605994e-07   0  6  0  0  2  0  0
    8 -2.7164553200549049e-05   4  0  2  0  2  0  0
    8 -2.1436632089297337e-06   3  1  2  0  2  0  0
    8 -3.2286791265381920e-08   2  2  2  0  2  0  0
    8 -1.2324536191567189e-07   1  3  2  0  2  0  0
    8  5.9410089290005765e-07   0  4  2  0  2  0  0
    8 -5.9361509039301389e-09   2  0  4  0  2  0  0
    8 -3.1692682700856629e-09   1  1  4  0  2  0  0
    8  1.5683533528435146e-08   0  2  4  0  2  0  0
    8  1.4110332441856434e-10   0  0  6  0  2  0  0
    8 -1.6379300714365110e-06   4  0  1  1  2  0  0
    8 -2.9047249218830788e-08   3  1  1  1  2  0  0
    8 -7.7807712941592680e-08   2  2  1  1  2  0  0
    8 -2.9047249218830788e-08   1  3  1  1  2  0  0
    8 -1.6379300714365110e-06   0  4  1  1  2  0  0
    8 -8.8255975103050639e-09   2  0  3  1  2  0  0
    8  1.3674021505326248e-08   1  1  3  1  2  0  0
    8 -1.4768499496194374e-08   0  2  3  1  2  0  0
    8  4.1510852512991003e-10   0  0  5  1  2  0  0
    8  5.9410089290005765e-07   4  0  0  2  2  0  0
    8 -1.2324536191567189e-07   3  1  0  2  2  0  0
    8 -3.2286791265381920e-08   2  2  0  2  2  0  0
    8 -2.1436632089297337e-06   1  3  0  2  2  0  0
    8 -2.7164553200549049e-05   0  4  0  2  2  0  0
    8  1.5960074312226690e-08   2  0  2  2  2  0  0
    8 -1.6432156421447809e-08   1  1  2  2  2  0  0
    8  1.5960074312226690e-08   0  2  2  2  2  0  0
    8  3.2912093385447777e-10   0  0  4  2  2  0  0
    8 -1.4768499496194374e-08   2  0  1  3  2  0  0
    8  1.3674021505326248e-08   1  1  1  3  2  0  0
    8 -8.8255975103050639e-09   0  2  1  3  2  0  0
    8 -1.2680249329732790e-09   0  0  3  3  2  0  0
    8  1.5683533528435146e-08   2  0  0  4  2  0  0
    8 -3.1692682700856629e-09   1  1  0  4  2  0  0
    8 -5.9361509039301389e-09   0  2  0  4  2  0  0
    8  3.2912093385447777e-10   0  0  2  4  2  0  0
    8  4.1510852512991003e-10   0  0  1  5  2  0  0
    8  1.4110332441856434e-10   0  0  0  6  2  0  0
    8  1.1184507825076636e-06   5  0  0  0  3  0  0
    8 -4.4100890932146935e-07   4  1  0  0  3  0  0
    8  1.2882186105353543e-07   3  2  0  0  3  0  0
    8  1.2882186105353543e-07   2  3  0  0  3  0  0
    8 -4.4100890932146935e-07   1  4  0  0  3  0  0
    8  1.1184507825076636e-06   0  5  0  0  3  0  0
    8  3.3206455075631760e-08   3  0  2  0  3  0  0
    8 -1.2723385217776288e-08   2  1  2  0  3  0  0
    8 -5.9094953964071264e-08   1  2  2  0  3  0  0
    8  2.5465783663753114e-08   0  3  2  0  3  0  0
    8 -1.4715083638722227e-09   1  0  4  0  3  0  0
    8 -1.9536686317135752e-09   0  1  4  0  3  0  0
    8 -6.7876403757687883e-09   3  0  1  1  3  0  0
    8  9.5545996493217901e-08   2  1  1  1  3  0  0
    8  9.5545996493217901e-08   1  2  1  1  3  0  0
    8 -6.7876403757687883e-09   0  3  1  1  3  0  0
    8 -3.1196965731377179e-09   1  0  3  1  3  0  0
    8 -1.6978272792778494e-09   0  1  3  1  3  0  0
    8  2.5465783663753114e-08   3  0  0  2  3  0  0
    8 -5.9094953964071264e-08   2  1  0  2  3  0  0
    8 -1.2723385217776288e-08   1  2  0  2  3  0  0
    8  3.3206455075631760e-08   0  3  0  2  3  0  0
    8  1.0665408520769538e-08   1  0  2  2  3  0  0
    8  1.0665408520769538e-08   0  1  2  2  3  0  0
    8 -1.6978272792778494e-09   1  0  1  3  3  0  0
    8 -3.1196965731377179e-09   0  1  1  3  3  0  0
    8 -1.9536686317135752e-09   1  0  0  4  3  0  0
    8 -1.4715083638722227e-09   0  1  0  4  3  0  0
    8  4.8601813369111128e-08   4  0  0  0  4  0  0
    8 -3.7592259056459461e-08   3  1  0  0  4  0  0
    8 -1.0096784881974784e-07   2  2  0  0  4  0  0
    8 -3.7592259056459461e-08   1  3  0  0  4  0  0
    8  4.8601813369111128e-08   0  4  0  0  4  0  0
    8 -4.0762908623737448e-09   2  0  2  0  4  0  0
    8  3.4997550534213815e-08   1  1  2  0  4  0  0
    8 -6.5072065523259165e-09   0  2  2  0  4  0  0
    8  9.3992629130349540e-11   0  0  4  0  4  0  0
    8 -1.7115904226502951e-08   2  0  1  1  4  0  0
    8 -9.4063592924735637e-08   1  1  1  1  4  0  0
    8 -1.7115904226502951e-08   0  2  1  1  4  0  0
    8  1.9884540291406252e-09   0  0  3  1  4  0  0
    8 -6.5072065523259165e-09   2  0  0  2  4  0  0
    8  3.4997550534213815e-08   1  1  0  2  4  0  0
    8 -4.0762908623737448e-09   0  2  0  2  4  0  0
    8 -3.3164018468701996e-09   0  0  2  2  4  0  0
    8  1.9884540291406252e-09   0  0  1  3  4  0  0
    8  9.3992629130349540e-11   0  0  0  4  4  0  0
    8 -2.6853078912386576e-08   3  0  0  0  5  0  0
    8  1.0640117423224584e-07   2  1  0  0  5  0  0
    8  1.0640117423224584e-07   1  2  0  0  5  0  0
    8 -2.6853078912386576e-08   0  3  0  0  5  0  0
    8 -1.2310571114034519e-08   1  0  2  0  5  0  0
    8 -5.8880010546402242e-09   0  1  2  0  5  0  0
    8  1.1676421660097894e-08   1  0  1  1  5  0  0
    8  1.1676421660097894e-08   0  1  1  1  5  0  0
    8 -5.8880010546402242e-09   1  0  0  2  5  0  0
    8 -1.2310571114034519e-08   0  1  0  2  5  0  0
    8 -8.0399130814755036e-09   2  0  0  0  6  0  0
    8 -1.0768850598661814e-07   1  1  0  0  6  0  0
    8 -8.0399130814755036e-09   0  2  0  0  6  0  0
    8 -4.2294840430657877e-09   0  0  2  0  6  0  0
    8 -9.5545592495405768e-09   0  0  1  1  6  0  0
    8 -4.2294840430657877e-09   0  0  0  2  6  0  0
    8 -5.2606207433640261e-23   1  0  0  0  7  0  0
    8 -5.2606207433640261e-23   0  1  0  0  7  0  0
    8 -8.9650195669263917e-09   0  0  0  0  8  0  0
 -661  0.0000000000000000e+00   0  0  0  0  0  0  0

tpsa, NO = 8, NV = 7, INA = 50240
------------------------------------------------------------------

   |I|         a                i  i  i  i  i  i  i
                I                1  2  3  4  5  6  7

    2 -2.8856186057808049e-10   1  1  0  0  0  0  0
    2 -7.1513244503643462e-11   0  0  1  1  0  0  0
    2  7.7570662181414564e-09   0  0  0  0  2  0  0
    3 -5.1678471382871228e-14   3  0  0  0  0  0  0
    3 -1.1623707401710720e-13   2  1  0  0  0  0  0
    3 -1.1623707401710720e-13   1  2  0  0  0  0  0
    3 -5.1678471382871228e-14   0  3  0  0  0  0  0
    3  1.7173911142268452e-13   1  0  2  0  0  0  0
    3 -6.3442552162234674e-16   0  1  2  0  0  0  0
    3 -4.8970743451327219e-14   1  0  1  1  0  0  0
    3 -4.8970743451327219e-14   0  1  1  1  0  0  0
    3 -6.3442552162234674e-16   1  0  0  2  0  0  0
    3  1.7173911142268452e-13   0  1  0  2  0  0  0
    3 -7.7092628994899624e-13   2  0  0  0  1  0  0
    3 -3.2845188027985260e-13   1  1  0  0  1  0  0
    3 -7.7092628994899624e-13   0  2  0  0  1  0  0
    3  2.0936649419647131e-13   0  0  2  0  1  0  0
    3 -2.3195035369688714e-13   0  0  1  1  1  0  0
    3  2.0936649419647131e-13   0  0  0  2  1  0  0
    3 -3.6087283871922177e-12   0  0  0  0  3  0  0
    4 -1.4530929854782352e-16   4  0  0  0  0  0  0
    4 -9.8846342386356155e-17   3  1  0  0  0  0  0
    4 -1.3481103440879083e-16   2  2  0  0  0  0  0
    4 -9.8846342386356155e-17   1  3  0  0  0  0  0
    4 -1.4530929854782352e-16   0  4  0  0  0  0  0
    4 -5.7817405715885966e-17   2  0  2  0  0  0  0
    4  6.0720867178217469e-17   1  1  2  0  0  0  0
    4 -2.7640215194696165e-17   0  2  2  0  0  0  0
    4  1.7195394857877665e-17   0  0  4  0  0  0  0
    4 -1.5986979822353805e-16   2  0  1  1  0  0  0
    4 -3.3954807474927478e-16   1  1  1  1  0  0  0
    4 -1.5986979822353805e-16   0  2  1  1  0  0  0
    4 -1.5580716947569511e-17   0  0  3  1  0  0  0
    4 -2.7640215194696165e-17   2  0  0  2  0  0  0
    4  6.0720867178217469e-17   1  1  0  2  0  0  0
    4 -5.7817405715885966e-17   0  2  0  2  0  0  0
    4 -5.3068626232078202e-17   0  0  2  2  0  0  0
    4 -1.5580716947569511e-17   0  0  1  3  0  0  0
    4  1.7195394857877665e-17   0  0  0  4  0  0  0
    4  4.9028639526508239e-16   3  0  0  0  1  0  0
    4 -2.1140196350034501e-15   2  1  0  0  1  0  0
    4 -2.1140196350034501e-15   1  2  0  0  1  0  0
    4  4.9028639526508239e-16   0  3  0  0  1  0  0
    4  8.8418006070134307e-17   1  0  2  0  1  0  0
    4  4.9418027338329044e-16   0  1  2  0  1  0  0
    4 -1.1838303328205640e-15   1  0  1  1  1  0  0
    4 -1.1838303328205640e-15   0  1  1  1  1  0  0
    4  4.9418027338329044e-16   1  0  0  2  1  0  0
    4  8.8418006070134307e-17   0  1  0  2  1  0  0
    4 -7.5419959130975071e-15   2  0  0  0  2  0  0
    4 -1.9440329799506986e-15   1  1  0  0  2  0  0
    4 -7.5419959130975071e-15   0  2  0  0  2  0  0
    4  4.0766968327099328e-15   0  0  2  0  2  0  0
    4 -5.2723017648910052e-17   0  0  1  1  2  0  0
    4  4.0766968327099328e-15   0  0  0  2  2  0  0
    4  1.9798583978675274e-13   0  0  0  0  4  0  0
    5  5.0551109360244194e-19   5  0  0  0  0  0  0
    5 -1.7166453115122832e-19   4  1  0  0  0  0  0
    5  6.1536393364202029e-21   3  2  0  0  0  0  0
    5  6.1536393364202029e-21   2  3  0  0  0  0  0
    5 -1.7166453115122832e-19   1  4  0  0  0  0  0
    5  5.0551109360244194e-19   0  5  0  0  0  0  0
    5  1.6440894969473718e-19   3  0  2  0  0  0  0
    5  3.0699859246265563e-20   2  1  2  0  0  0  0
    5  3.1142652163822786e-20   1  2  2  0  0  0  0
    5  2.3084511450652594e-20   0  3  2  0  0  0  0
    5 -8.8748605026512259e-20   1  0  4  0  0  0  0
    5 -1.7150997834441979e-20   0  1  4  0  0  0  0
    5 -7.9237864147808785e-20   3  0  1  1  0  0  0
    5  3.9753355887388018e-19   2  1  1  1  0  0  0
    5  3.9753355887388018e-19   1  2  1  1  0  0  0
    5 -7.9237864147808785e-20   0  3  1  1  0  0  0
    5 -1.4630516688265650e-21   1  0  3  1  0  0  0
    5 -1.2472928282094372e-20   0  1  3  1  0  0  0
    5  2.3084511450652594e-20   3  0  0  2  0  0  0
    5  3.1142652163822786e-20   2  1  0  2  0  0  0
    5  3.0699859246265563e-20   1  2  0  2  0  0  0
    5  1.6440894969473718e-19   0  3  0  2  0  0  0
    5  1.7661164957488626e-19   1  0  2  2  0  0  0
    5  1.7661164957488626e-19   0  1  2  2  0  0  0
    5 -1.2472928282094372e-20   1  0  1  3  0  0  0
    5 -1.4630516688265650e-21   0  1  1  3  0  0  0
    5 -1.7150997834441979e-20   1  0  0  4  0  0  0
    5 -8.8748605026512259e-20   0  1  0  4  0  0  0
    5 -2.9173818061521146e-18   4  0  0  0  1  0  0
    5 -8.3448686945388560e-19   3  1  0  0  1  0  0
    5  3.6379391234099508e-18   2  2  0  0  1  0  0
    5 -8.3448686945388560e-19   1  3  0  0  1  0  0
    5 -2.9173818061521146e-18   0  4  0  0  1  0  0
    5  3.9951137682020173e-20   2  0  2  0  1  0  0
    5 -2.1758241522488087e-20   1  1  2  0  1  0  0
    5 -3.1512723693195750e-19   0  2  2  0  1  0  0
    5 -2.0252904107599798e-19   0  0  4  0  1  0  0
    5 -9.5235813153617038e-20   2  0  1  1  1  0  0
    5 -1.7446303027501251e-18   1  1  1  1  1  0  0
    5 -9.5235813153617038e-20   0  2  1  1  1  0  0
    5  1.4560424074054865e-19   0  0  3  1  1  0  0
    5 -3.1512723693195750e-19   2  0  0  2  1  0  0
    5 -2.1758241522488087e-20   1  1  0  2  1  0  0
    5  3.9951137682020173e-20   0  2  0  2  1  0  0
    5  2.9065706547129028e-19   0  0  2  2  1  0  0
    5  1.4560424074054865e-19   0  0  1  3  1  0  0
    5 -2.0252904107599798e-19   0  0  0  4  1  0  0
    5  6.2073142296889838e-18   3  0  0  0  2  0  0
    5 -3.3009758996868590e-17   2  1  0  0  2  0  0
    5 -3.3009758996868590e-17   1  2  0  0  2  0  0
    5  6.2073142296889838e-18   0  3  0  0  2  0  0
    5 -1.2691444133469837e-18   1  0  2  0  2  0  0
    5 -1.4030818706323511e-18   0  1  2  0  2  0  0
    5 -8.6513564494120270e-18   1  0  1  1  2  0  0
    5 -8.6513564494120270e-18   0  1  1  1  2  0  0
    5 -1.4030818706323511e-18   1  0  0  2  2  0  0
    5 -1.2691444133469837e-18   0  1  0  2  2  0  0
    5  4.8141753588733370e-18   2  0  0  0  3  0  0
    5  1.7591382271727936e-17   1  1  0  0  3  0  0
    5  4.8141753588733370e-18   0  2  0  0  3  0  0
    5 -2.2421935756270007e-17   0  0  2  0  3  0  0
    5 -4.3292004272692389e-17   0  0  1  1  3  0  0
    5 -2.2421935756270007e-17   0  0  0  2  3  0  0
    5 -1.4977198933154244e-15   0  0  0  0  5  0  0
    6 -8.5089802160470664e-22   6  0  0  0  0  0  0
    6  2.3477402883472454e-21   5  1  0  0  0  0  0
    6  2.3334067123140960e-22   4  2  0  0  0  0  0
    6 -1.3720682320202909e-21   3  3  0  0  0  0  0
    6  2.3334067123140960e-22   2  4  0  0  0  0  0
    6  2.3477402883472454e-21   1  5  0  0  0  0  0
    6 -8.5089802160470664e-22   0  6  0  0  0  0  0
    6 -6.8464885598632358e-21   4  0  2  0  0  0  0
    6 -1.6266283010401530e-22   3  1  2  0  0  0  0
    6  1.3382090490548957e-22   2  2  2  0  0  0  0
    6  1.3303263881495919e-22   1  3  2  0  0  0  0
    6 -1.1989490468307691e-21   0  4  2  0  0  0  0
    6  1.7418858088214220e-22   2  0  4  0  0  0  0
    6 -1.1481446916008289e-23   1  1  4  0  0  0  0
    6 -1.0368824136054025e-23   0  2  4  0  0  0  0
    6 -1.3437450332990215e-23   0  0  6  0  0  0  0
    6  1.0122754190001469e-22   4  0  1  1  0  0  0
    6 -7.2613679559076767e-22   3  1  1  1  0  0  0
    6 -8.7863134994955704e-22   2  2  1  1  0  0  0
    6 -7.2613679559076767e-22   1  3  1  1  0  0  0
    6  1.0122754190001469e-22   0  4  1  1  0  0  0
    6 -7.4513375797004498e-23   2  0  3  1  0  0  0
    6  2.0920377812203790e-23   1  1  3  1  0  0  0
    6  9.9516709069741365e-23   0  2  3  1  0  0  0
    6  9.2042147248604197e-24   0  0  5  1  0  0  0
    6 -1.1989490468307691e-21   4  0  0  2  0  0  0
    6  1.3303263881495919e-22   3  1  0  2  0  0  0
    6  1.3382090490548957e-22   2  2  0  2  0  0  0
    6 -1.6266283010401530e-22   1  3  0  2  0  0  0
    6 -6.8464885598632358e-21   0  4  0  2  0  0  0
    6 -2.5913604408790688e-22   2  0  2  2  0  0  0
    6 -3.1411376286135937e-22   1  1  2  2  0  0  0
    6 -2.5913604408790688e-22   0  2  2  2  0  0  0
    6  1.7831205629870967e-23   0  0  4  2  0  0  0
    6  9.9516709069741365e-23   2  0  1  3  0  0  0
    6  2.0920377812203790e-23   1  1  1  3  0  0  0
    6 -7.4513375797004498e-23   0  2  1  3  0  0  0
    6 -6.2715368142566286e-23   0  0  3  3  0  0  0
    6 -1.0368824136054025e-23   2  0  0  4  0  0  0
    6 -1.1481446916008289e-23   1  1  0  4  0  0  0
    6  1.7418858088214220e-22   0  2  0  4  0  0  0
    6  1.7831205629870967e-23   0  0  2  4  0  0  0
    6  9.2042147248604197e-24   0  0  1  5  0  0  0
    6 -1.3437450332990215e-23   0  0  0  6  0  0  0
    6  2.6151790169645659e-20   5  0  0  0  1  0  0
    6 -8.3609743832212897e-21   4  1  0  0  1  0  0
    6  4.5340747501813568e-21   3  2  0  0  1  0  0
    6  4.5340747501813568e-21   2  3  0  0  1  0  0
    6 -8.3609743832212897e-21   1  4  0  0  1  0  0
    6  2.6151790169645659e-20   0  5  0  0  1  0  0
    6 -1.9713357602646194e-21   3  0  2  0  1  0  0
    6 -2.2942558407875157e-21   2  1  2  0  1  0  0
    6 -1.7451242745764146e-22   1  2  2  0  1  0  0
    6  4.4360288976778032e-21   0  3  2  0  1  0  0
    6  5.6603169582647018e-23   1  0  4  0  1  0  0
    6 -2.7070214016758401e-22   0  1  4  0  1  0  0
    6 -5.3537438629500001e-21   3  0  1  1  1  0  0
    6  1.4281107723154457e-21   2  1  1  1  1  0  0
    6  1.4281107723154457e-21   1  2  1  1  1  0  0
    6 -5.3537438629500001e-21   0  3  1  1  1  0  0
    6  1.9794543440402761e-22   1  0  3  1  1  0  0
    6  6.4317580697264541e-22   0  1  3  1  1  0  0
    6  4.4360288976778032e-21   3  0  0  2  1  0  0
    6 -1.7451242745764146e-22   2  1  0  2  1  0  0
    6 -2.2942558407875157e-21   1  2  0  2  1  0  0
    6 -1.9713357602646194e-21   0  3  0  2  1  0  0
    6 -1.1612386291269195e-21   1  0  2  2  1  0  0
    6 -1.1612386291269195e-21   0  1  2  2  1  0  0
    6  6.4317580697264541e-22   1  0  1  3  1  0  0
    6  1.9794543440402761e-22   0  1  1  3  1  0  0
    6 -2.7070214016758401e-22   1  0  0  4  1  0  0
    6  5.6603169582647018e-23   0  1  0  4  1  0  0
    6  1.8482331540938157e-19   4  0  0  0  2  0  0
    6 -2.0227427745633406e-20   3  1  0  0  2  0  0
    6 -1.1115046321577328e-19   2  2  0  0  2  0  0
    6 -2.0227427745633406e-20   1  3  0  0  2  0  0
    6  1.8482331540938157e-19   0  4  0  0  2  0  0
    6  7.1399798565237309e-21   2  0  2  0  2  0  0
    6  9.6026353615334208e-21   1  1  2  0  2  0  0
    6 -1.5324390033727951e-20   0  2  2  0  2  0  0
    6 -2.1718187656929130e-21   0  0  4  0  2  0  0
    6  2.7634340247387528e-20   2  0  1  1  2  0  0
    6  6.8220443418648304e-21   1  1  1  1  2  0  0
    6  2.7634340247387528e-20   0  2  1  1  2  0  0
    6 -2.7931568014268335e-23   0  0  3  1  2  0  0
    6 -1.5324390033727951e-20   2  0  0  2  2  0  0
    6  9.6026353615334208e-21   1  1  0  2  2  0  0
    6  7.1399798565237309e-21   0  2  0  2  2  0  0
    6  7.0526801231077317e-21   0  0  2  2  2  0  0
    6 -2.7931568014268335e-23   0  0  1  3  2  0  0
    6 -2.1718187656929130e-21   0  0  0  4  2  0  0
    6 -3.9583410390391102e-19   3  0  0  0  3  0  0
    6  8.4994116417138018e-19   2  1  0  0  3  0  0
    6  8.4994116417138018e-19   1  2  0  0  3  0  0
    6 -3.9583410390391102e-19   0  3  0  0  3  0  0
    6  1.0490382552672335e-20   1  0  2  0  3  0  0
    6 -1.0638293618836861e-20   0  1  2  0  3  0  0
    6  1.3218417025742233e-19   1  0  1  1  3  0  0
    6  1.3218417025742233e-19   0  1  1  1  3  0  0
    6 -1.0638293618836861e-20   1  0  0  2  3  0  0
    6  1.0490382552672335e-20   0  1  0  2  3  0  0
    6 -3.2777531320234468e-19   2  0  0  0  4  0  0
    6 -3.9731020580791876e-18   1  1  0  0  4  0  0
    6 -3.2777531320234468e-19   0  2  0  0  4  0  0
    6 -5.3516855570587367e-20   0  0  2  0  4  0  0
    6  2.2552659103492666e-19   0  0  1  1  4  0  0
    6 -5.3516855570587367e-20   0  0  0  2  4  0  0
    6 -5.8317001777869892e-19   0  0  0  0  6  0  0
    7  9.1807286472545039e-25   7  0  0  0  0  0  0
    7 -9.6165132598856799e-24   6  1  0  0  0  0  0
    7  4.6538968458688031e-24   5  2  0  0  0  0  0
    7  3.4237556290765637e-24   4  3  0  0  0  0  0
    7  3.4237556290765637e-24   3  4  0  0  0  0  0
    7  4.6538968458688031e-24   2  5  0  0  0  0  0
    7 -9.6165132598856799e-24   1  6  0  0  0  0  0
    7  9.1807286472545039e-25   0  7  0  0  0  0  0
    7  1.4753617774058900e-23   5  0  2  0  0  0  0
    7 -1.9696421924871524e-23   4  1  2  0  0  0  0
    7 -8.3303018157428474e-24   3  2  2  0  0  0  0
    7  1.5787545507274946e-25   2  3  2  0  0  0  0
    7 -3.7327962457913081e-24   1  4  2  0  0  0  0
    7  1.8215462024448816e-24   0  5  2  0  0  0  0
    7 -1.8143088914380252e-23   3  0  4  0  0  0  0
    7  2.7494907890888058e-25   2  1  4  0  0  0  0
    7 -1.4357897167176384e-25   1  2  4  0  0  0  0
    7  9.2032011029645781e-25   0  3  4  0  0  0  0
    7 -3.1371834446494877e-23   5  0  1  1  0  0  0
    7  2.0315445624437132e-23   4  1  1  1  0  0  0
    7 -1.3457940244761872e-24   3  2  1  1  0  0  0
    7 -1.3457940244761872e-24   2  3  1  1  0  0  0
    7  2.0315445624437132e-23   1  4  1  1  0  0  0
    7 -3.1371834446494877e-23   0  5  1  1  0  0  0
    7 -6.6390885801209060e-24   3  0  3  1  0  0  0
    7  1.3023240584073121e-25   2  1  3  1  0  0  0
    7  6.6513132819287656e-25   1  2  3  1  0  0  0
    7 -5.7230586265170572e-25   0  3  3  1  0  0  0
    7  1.8215462024448816e-24   5  0  0  2  0  0  0
    7 -3.7327962457913081e-24   4  1  0  2  0  0  0
    7  1.5787545507274946e-25   3  2  0  2  0  0  0
    7 -8.3303018157428474e-24   2  3  0  2  0  0  0
    7 -1.9696421924871524e-23   1  4  0  2  0  0  0
    7  1.4753617774058900e-23   0  5  0  2  0  0  0
    7  1.1456184041760653e-23   3  0  2  2  0  0  0
    7 -3.6466645792142680e-25   2  1  2  2  0  0  0
    7 -3.6466645792142680e-25   1  2  2  2  0  0  0
    7  1.1456184041760653e-23   0  3  2  2  0  0  0
    7 -5.7230586265170572e-25   3  0  1  3  0  0  0
    7  6.6513132819287656e-25   2  1  1  3  0  0  0
    7  1.3023240584073121e-25   1  2  1  3  0  0  0
    7 -6.6390885801209060e-24   0  3  1  3  0  0  0
    7  9.2032011029645781e-25   3  0  0  4  0  0  0
    7 -1.4357897167176384e-25   2  1  0  4  0  0  0
    7  2.7494907890888058e-25   1  2  0  4  0  0  0
    7 -1.8143088914380252e-23   0  3  0  4  0  0  0
    7 -3.6993412047784715e-23   6  0  0  0  1  0  0
    7  1.0566505576520420e-22   5  1  0  0  1  0  0
    7  2.5561586885066147e-23   4  2  0  0  1  0  0
    7 -2.0853937095964950e-24   3  3  0  0  1  0  0
    7  2.5561586885066147e-23   2  4  0  0  1  0  0
    7  1.0566505576520420e-22   1  5  0  0  1  0  0
    7 -3.6993412047784715e-23   0  6  0  0  1  0  0
    7 -1.2423114688281428e-21   4  0  2  0  1  0  0
    7 -6.6778733971177664e-23   3  1  2  0  1  0  0
    7 -3.5716752648351814e-24   2  2  2  0  1  0  0
    7 -2.1409982318047213e-24   1  3  2  0  1  0  0
    7 -4.7879710821608689e-23   0  4  2  0  1  0  0
    7 -1.6358896571061196e-24   2  0  4  0  1  0  0
    7 -5.3370410676981225e-25   1  1  4  0  1  0  0
    7 -2.2600917511274268e-24   0  2  4  0  1  0  0
    7 -7.0157543523521615e-23   4  0  1  1  1  0  0
    7 -1.2670436316698332e-23   3  1  1  1  1  0  0
    7  9.4703163987216998e-24   2  2  1  1  1  0  0
    7 -1.2670436316698332e-23   1  3  1  1  1  0  0
    7 -7.0157543523521615e-23   0  4  1  1  1  0  0
    7  1.2008815843317000e-24   2  0  3  1  1  0  0
    7  4.5151235530373841e-24   0  2  3  1  1  0  0
    7 -4.7879710821608689e-23   4  0  0  2  1  0  0
    7 -2.1409982318047213e-24   3  1  0  2  1  0  0
    7 -3.5716752648351814e-24   2  2  0  2  1  0  0
    7 -6.6778733971177664e-23   1  3  0  2  1  0  0
    7 -1.2423114688281428e-21   0  4  0  2  1  0  0
    7 -2.0595460181022989e-24   2  0  2  2  1  0  0
    7  2.0708398618329089e-25   1  1  2  2  1  0  0
    7 -2.0595460181022989e-24   0  2  2  2  1  0  0
    7 -1.8927969565907468e-25   0  0  4  2  1  0  0
    7  4.5151235530373841e-24   2  0  1  3  1  0  0
    7  1.2008815843317000e-24   0  2  1  3  1  0  0
    7  5.1955793077109607e-25   0  0  3  3  1  0  0
    7 -2.2600917511274268e-24   2  0  0  4  1  0  0
    7 -5.3370410676981225e-25   1  1  0  4  1  0  0
    7 -1.6358896571061196e-24   0  2  0  4  1  0  0
    7 -1.8927969565907468e-25   0  0  2  4  1  0  0
    7 -2.0717637441060299e-21   5  0  0  0  2  0  0
    7  7.9199805571542481e-22   4  1  0  0  2  0  0
    7 -1.6554003365325226e-22   3  2  0  0  2  0  0
    7 -1.6554003365325226e-22   2  3  0  0  2  0  0
    7  7.9199805571542481e-22   1  4  0  0  2  0  0
    7 -2.0717637441060299e-21   0  5  0  0  2  0  0
    7 -1.1677883474874487e-22   3  0  2  0  2  0  0
    7  1.1663495609600288e-23   2  1  2  0  2  0  0
    7  5.6509404807908664e-23   1  2  2  0  2  0  0
    7 -2.0328780845652406e-22   0  3  2  0  2  0  0
    7  9.4893401888825210e-24   1  0  4  0  2  0  0
    7  3.8976523236787909e-24   0  1  4  0  2  0  0
    7  1.3636003229802720e-22   3  0  1  1  2  0  0
    7 -1.8919208903210579e-22   2  1  1  1  2  0  0
    7 -1.8919208903210579e-22   1  2  1  1  2  0  0
    7  1.3636003229802720e-22   0  3  1  1  2  0  0
    7 -2.5183255274006120e-25   1  0  3  1  2  0  0
    7  7.1015751954873596e-25   0  1  3  1  2  0  0
    7 -2.0328780845652406e-22   3  0  0  2  2  0  0
    7  5.6509404807908664e-23   2  1  0  2  2  0  0
    7  1.1663495609600288e-23   1  2  0  2  2  0  0
    7 -1.1677883474874487e-22   0  3  0  2  2  0  0
    7 -1.9560309076910633e-23   1  0  2  2  2  0  0
    7 -1.9560309076910633e-23   0  1  2  2  2  0  0
    7  7.1015751954873596e-25   1  0  1  3  2  0  0
    7 -2.5183255274006120e-25   0  1  1  3  2  0  0
    7  3.8976523236787909e-24   1  0  0  4  2  0  0
    7  9.4893401888825210e-24   0  1  0  4  2  0  0
    7 -1.2651901518756810e-21   4  0  0  0  3  0  0
    7  1.6564806633838101e-21   3  1  0  0  3  0  0
    7  2.2618128335070860e-21   2  2  0  0  3  0  0
    7  1.6564806633838101e-21   1  3  0  0  3  0  0
    7 -1.2651901518756810e-21   0  4  0  0  3  0  0
    7 -1.4792282077640114e-22   2  0  2  0  3  0  0
    7 -5.1143037942092286e-22   1  1  2  0  3  0  0
    7  3.1514033538238447e-22   0  2  2  0  3  0  0
    7  1.8555180402865718e-23   0  0  4  0  3  0  0
    7 -1.9134061699582755e-22   2  0  1  1  3  0  0
    7  7.2192640868758072e-22   1  1  1  1  3  0  0
    7 -1.9134061699582755e-22   0  2  1  1  3  0  0
    7  3.3013893578768083e-24   0  0  3  1  3  0  0
    7  3.1514033538238447e-22   2  0  0  2  3  0  0
    7 -5.1143037942092286e-22   1  1  0  2  3  0  0
    7 -1.4792282077640114e-22   0  2  0  2  3  0  0
    7 -9.3246555152825888e-23   0  0  2  2  3  0  0
    7  3.3013893578768083e-24   0  0  1  3  3  0  0
    7  1.8555180402865718e-23   0  0  0  4  3  0  0
    7  6.0701987243517217e-21   3  0  0  0  4  0  0
    7 -1.6103559199608480e-20   2  1  0  0  4  0  0
    7 -1.6103559199608480e-20   1  2  0  0  4  0  0
    7  6.0701987243517217e-21   0  3  0  0  4  0  0
    7  7.6939253422065553e-22   1  0  2  0  4  0  0
    7  3.6186514867388781e-22   0  1  2  0  4  0  0
    7 -1.0469256792734355e-21   1  0  1  1  4  0  0
    7 -1.0469256792734355e-21   0  1  1  1  4  0  0
    7  3.6186514867388781e-22   1  0  0  2  4  0  0
    7  7.6939253422065553e-22   0  1  0  2  4  0  0
    7  8.3702380955576257e-21   2  0  0  0  5  0  0
    7  9.8572487513186469e-20   1  1  0  0  5  0  0
    7  8.3702380955576257e-21   0  2  0  0  5  0  0
    7  2.5736601829794536e-21   0  0  2  0  5  0  0
    7  5.1443483405134725e-21   0  0  1  1  5  0  0
    7  2.5736601829794536e-21   0  0  0  2  5  0  0
    7  2.4420069156517211e-19   0  0  0  0  7  0  0
    8  3.8614496649276027e-25   5  1  2  0  0  0  0
    8 -2.1588999778203190e-25   5  1  1  1  0  0  0
    8 -2.1588999778203190e-25   1  5  1  1  0  0  0
    8  2.2415154528776286e-25   4  0  3  1  0  0  0
    8  3.8614496649276027e-25   1  5  0  2  0  0  0
    8  2.2415154528776286e-25   0  4  1  3  0  0  0
    8  3.8320598509114076e-25   6  1  0  0  1  0  0
    8  1.7365156166968868e-25   5  2  0  0  1  0  0
    8  2.0133801345302233e-25   4  3  0  0  1  0  0
    8  2.0133801345302233e-25   3  4  0  0  1  0  0
    8  1.7365156166968868e-25   2  5  0  0  1  0  0
    8  3.8320598509114076e-25   1  6  0  0  1  0  0
    8  2.9074790745748912e-24   5  0  2  0  1  0  0
    8 -4.1148735946168200e-24   4  1  2  0  1  0  0
    8 -1.7556501156674933e-24   3  2  2  0  1  0  0
    8 -1.1079962431135129e-25   2  3  2  0  1  0  0
    8 -1.1271440258699000e-25   1  4  2  0  1  0  0
    8  3.3156012116789966e-25   0  5  2  0  1  0  0
    8 -3.4117592441111265e-24   3  0  4  0  1  0  0
    8 -1.4084989418783702e-25   2  1  4  0  1  0  0
    8 -4.1949928410628131e-24   5  0  1  1  1  0  0
    8  2.3908601757087771e-24   4  1  1  1  1  0  0
    8  1.5710672303449548e-25   3  2  1  1  1  0  0
    8  1.5710672303449548e-25   2  3  1  1  1  0  0
    8  2.3908601757087771e-24   1  4  1  1  1  0  0
    8 -4.1949928410628131e-24   0  5  1  1  1  0  0
    8 -1.0773032331813595e-24   3  0  3  1  1  0  0
    8  3.3156012116789966e-25   5  0  0  2  1  0  0
    8 -1.1271440258699000e-25   4  1  0  2  1  0  0
    8 -1.1079962431135129e-25   3  2  0  2  1  0  0
    8 -1.7556501156674933e-24   2  3  0  2  1  0  0
    8 -4.1148735946168200e-24   1  4  0  2  1  0  0
    8  2.9074790745748912e-24   0  5  0  2  1  0  0
    8  2.0383777186769077e-24   3  0  2  2  1  0  0
    8  2.0383777186769077e-24   0  3  2  2  1  0  0
    8 -1.0773032331813595e-24   0  3  1  3  1  0  0
    8 -1.4084989418783702e-25   1  2  0  4  1  0  0
    8 -3.4117592441111265e-24   0  3  0  4  1  0  0
    8  2.9607011224247720e-24   6  0  0  0  2  0  0
    8 -8.1365828919705741e-24   5  1  0  0  2  0  0
    8 -1.2068251349902716e-25   4  2  0  0  2  0  0
    8  1.3431367568798056e-24   3  3  0  0  2  0  0
    8 -1.2068251349902716e-25   2  4  0  0  2  0  0
    8 -8.1365828919705741e-24   1  5  0  0  2  0  0
    8  2.9607011224247720e-24   0  6  0  0  2  0  0
    8 -1.8680520113533966e-22   4  0  2  0  2  0  0
    8 -1.4741543288201504e-23   3  1  2  0  2  0  0
    8 -2.2202980817746313e-25   2  2  2  0  2  0  0
    8 -8.4753371247017170e-25   1  3  2  0  2  0  0
    8  4.0855130571644010e-24   0  4  2  0  2  0  0
    8 -1.1263717616902838e-23   4  0  1  1  2  0  0
    8 -1.9975212523069767e-25   3  1  1  1  2  0  0
    8 -5.3506808518541040e-25   2  2  1  1  2  0  0
    8 -1.9975212523069767e-25   1  3  1  1  2  0  0
    8 -1.1263717616902838e-23   0  4  1  1  2  0  0
    8  4.0855130571644010e-24   4  0  0  2  2  0  0
    8 -8.4753371247017170e-25   3  1  0  2  2  0  0
    8 -2.2202980817746313e-25   2  2  0  2  2  0  0
    8 -1.4741543288201504e-23   1  3  0  2  2  0  0
    8 -1.8680520113533966e-22   0  4  0  2  2  0  0
    8  6.0101112558394042e-23   5  0  0  0  3  0  0
    8 -2.3698071039797954e-23   4  1  0  0  3  0  0
    8  6.9223762835601402e-24   3  2  0  0  3  0  0
    8  6.9223762835601402e-24   2  3  0  0  3  0  0
    8 -2.3698071039797954e-23   1  4  0  0  3  0  0
    8  6.0101112558394042e-23   0  5  0  0  3  0  0
    8  1.4995114761979001e-24   3  0  2  0  3  0  0
    8 -5.7455281229772414e-25   2  1  2  0  3  0  0
    8 -2.6685643334310522e-24   1  2  2  0  3  0  0
    8  1.1499642092839173e-24   0  3  2  0  3  0  0
    8 -3.0651102674427477e-25   3  0  1  1  3  0  0
    8  4.3145923863304392e-24   2  1  1  1  3  0  0
    8  4.3145923863304392e-24   1  2  1  1  3  0  0
    8 -3.0651102674427477e-25   0  3  1  1  3  0  0
    8 -1.1838625410072348e-25   1  0  3  1  3  0  0
    8  1.1499642092839173e-24   3  0  0  2  3  0  0
    8 -2.6685643334310522e-24   2  1  0  2  3  0  0
    8 -5.7455281229772414e-25   1  2  0  2  3  0  0
    8  1.4995114761979001e-24   0  3  0  2  3  0  0
    8  4.0473095175339837e-25   1  0  2  2  3  0  0
    8  4.0473095175339837e-25   0  1  2  2  3  0  0
    8 -1.1838625410072348e-25   0  1  1  3  3  0  0
    8  1.7149797168901724e-23   4  0  0  0  4  0  0
    8 -1.3264929294774571e-23   3  1  0  0  4  0  0
    8 -3.5627850234483489e-23   2  2  0  0  4  0  0
    8 -1.3264929294774571e-23   1  3  0  0  4  0  0
    8  1.7149797168901724e-23   0  4  0  0  4  0  0
    8 -1.2087411982880228e-24   2  0  2  0  4  0  0
    8  1.0377812231298176e-23   1  1  2  0  4  0  0
    8 -1.9295798340027608e-24   0  2  2  0  4  0  0
    8 -5.0753734910071084e-24   2  0  1  1  4  0  0
    8 -2.7892646493069855e-23   1  1  1  1  4  0  0
    8 -5.0753734910071084e-24   0  2  1  1  4  0  0
    8  4.9550193987144815e-25   0  0  3  1  4  0  0
    8 -1.9295798340027608e-24   2  0  0  2  4  0  0
    8  1.0377812231298176e-23   1  1  0  2  4  0  0
    8 -1.2087411982880228e-24   0  2  0  2  4  0  0
    8 -8.2641264240221604e-25   0  0  2  2  4  0  0
    8  4.9550193987144815e-25   0  0  1  3  4  0  0
    8 -6.2221644253302925e-23   3  0  0  0  5  0  0
    8  2.4654364711074795e-22   2  1  0  0  5  0  0
    8  2.4654364711074795e-22   1  2  0  0  5  0  0
    8 -6.2221644253302925e-23   0  3  0  0  5  0  0
    8 -2.3971060133099168e-23   1  0  2  0  5  0  0
    8 -1.1465075506011684e-23   0  1  2  0  5  0  0
    8  2.2736248640368594e-23   1  0  1  1  5  0  0
    8  2.2736248640368594e-23   0  1  1  1  5  0  0
    8 -1.1465075506011684e-23   1  0  0  2  5  0  0
    8 -2.3971060133099168e-23   0  1  0  2  5  0  0
    8 -1.2233187431170347e-22   2  0  0  0  6  0  0
    8 -1.6385421889103834e-21   1  1  0  0  6  0  0
    8 -1.2233187431170347e-22   0  2  0  0  6  0  0
    8 -5.4080078296248181e-23   0  0  2  0  6  0  0
    8 -1.2216887616550807e-22   0  0  1  1  6  0  0
    8 -5.4080078296248181e-23   0  0  0  2  6  0  0
    8 -5.8819493378604049e-21   0  0  0  0  8  0  0
 -492  0.0000000000000000e+00   0  0  0  0  0  0  0
