
tpsa, NO = 8, NV = 7, INA = 48089
------------------------------------------------------------------

   |I|         a                i  i  i  i  i  i  i
                I                1  2  3  4  5  6  7

    3  1.7003902502041616e-08   3  0  0  0  0  0  0
    3 -8.2988451026384146e-07   2  1  0  0  0  0  0
    3 -8.2988451026384146e-07   1  2  0  0  0  0  0
    3  1.7003902502041616e-08   0  3  0  0  0  0  0
    3  8.6568359883934436e-07   1  0  2  0  0  0  0
    3 -7.5194452739095463e-08   0  1  2  0  0  0  0
    3 -5.2847719560609386e-07   1  0  1  1  0  0  0
    3 -5.2847719560609386e-07   0  1  1  1  0  0  0
    3 -7.5194452739095463e-08   1  0  0  2  0  0  0
    3  8.6568359883934436e-07   0  1  0  2  0  0  0
    3 -2.3490539359321798e-07   2  0  0  0  1  0  0
    3 -5.2455345252617300e-07   1  1  0  0  1  0  0
    3 -2.3490539359321798e-07   0  2  0  0  1  0  0
    3  1.4365334406646014e-07   0  0  2  0  1  0  0
    3 -4.4080995295903312e-07   0  0  1  1  1  0  0
    3  1.4365334406646014e-07   0  0  0  2  1  0  0
    3  1.4428115080871425e-06   1  0  0  0  2  0  0
    3  1.4428115080871425e-06   0  1  0  0  2  0  0
    3 -1.3365660693304469e-07   0  0  0  0  3  0  0
    4  1.9545457460396352e-08   4  0  0  0  0  0  0
    4  1.1499567468044018e-08   3  1  0  0  0  0  0
    4 -1.3656223456775745e-07   2  2  0  0  0  0  0
    4  1.1499567468044018e-08   1  3  0  0  0  0  0
    4  1.9545457460396352e-08   0  4  0  0  0  0  0
    4  6.6237337072385614e-09   2  0  2  0  0  0  0
    4 -5.2017876557142125e-08   1  1  2  0  0  0  0
    4 -1.8601789073599012e-07   0  2  2  0  0  0  0
    4  2.6508534674253519e-08   0  0  4  0  0  0  0
    4 -1.3914524004524717e-07   2  0  1  1  0  0  0
    4 -2.6058546750190164e-07   1  1  1  1  0  0  0
    4 -1.3914524004524717e-07   0  2  1  1  0  0  0
    4 -4.8361044981575746e-08   0  0  3  1  0  0  0
    4 -1.8601789073599012e-07   2  0  0  2  0  0  0
    4 -5.2017876557142125e-08   1  1  0  2  0  0  0
    4  6.6237337072385614e-09   0  2  0  2  0  0  0
    4 -3.5137784665978527e-08   0  0  2  2  0  0  0
    4 -4.8361044981575746e-08   0  0  1  3  0  0  0
    4  2.6508534674253519e-08   0  0  0  4  0  0  0
    4 -3.2940645422186539e-08   3  0  0  0  1  0  0
    4 -3.1109519491865415e-07   2  1  0  0  1  0  0
    4 -3.1109519491865415e-07   1  2  0  0  1  0  0
    4 -3.2940645422186539e-08   0  3  0  0  1  0  0
    4  4.0116488060748631e-08   1  0  2  0  1  0  0
    4  8.2610561069028414e-08   0  1  2  0  1  0  0
    4 -2.9912418628722028e-07   1  0  1  1  1  0  0
    4 -2.9912418628722028e-07   0  1  1  1  1  0  0
    4  8.2610561069028414e-08   1  0  0  2  1  0  0
    4  4.0116488060748631e-08   0  1  0  2  1  0  0
    4 -2.0694643476732870e-08   2  0  0  0  2  0  0
    4  5.5188626923249616e-07   1  1  0  0  2  0  0
    4 -2.0694643476732870e-08   0  2  0  0  2  0  0
    4  8.1647526800215126e-08   0  0  2  0  2  0  0
    4  1.4399514258804646e-07   0  0  1  1  2  0  0
    4  8.1647526800215126e-08   0  0  0  2  2  0  0
    4 -1.7000911948253874e-07   1  0  0  0  3  0  0
    4 -1.7000911948253874e-07   0  1  0  0  3  0  0
    4  6.1284651039311620e-08   0  0  0  0  4  0  0
    5 -1.2619299287050084e-08   5  0  0  0  0  0  0
    5 -2.2396230558121607e-08   4  1  0  0  0  0  0
    5  8.9460133405903589e-08   3  2  0  0  0  0  0
    5  8.9460133405903589e-08   2  3  0  0  0  0  0
    5 -2.2396230558121607e-08   1  4  0  0  0  0  0
    5 -1.2619299287050084e-08   0  5  0  0  0  0  0
    5 -1.0683716400727385e-07   3  0  2  0  0  0  0
    5 -8.2671111999132224e-08   2  1  2  0  0  0  0
    5 -1.0088073524265005e-08   1  2  2  0  0  0  0
    5 -2.5393230532315561e-08   0  3  2  0  0  0  0
    5 -1.4190852988897331e-08   1  0  4  0  0  0  0
    5 -4.5303718117247951e-08   0  1  4  0  0  0  0
    5 -1.1254362283319865e-07   3  0  1  1  0  0  0
    5  2.4851332640896708e-07   2  1  1  1  0  0  0
    5  2.4851332640896708e-07   1  2  1  1  0  0  0
    5 -1.1254362283319865e-07   0  3  1  1  0  0  0
    5 -6.7145361154588644e-08   1  0  3  1  0  0  0
    5 -2.7102409187263720e-08   0  1  3  1  0  0  0
    5 -2.5393230532315561e-08   3  0  0  2  0  0  0
    5 -1.0088073524265005e-08   2  1  0  2  0  0  0
    5 -8.2671111999132224e-08   1  2  0  2  0  0  0
    5 -1.0683716400727385e-07   0  3  0  2  0  0  0
    5  5.4347952459353123e-08   1  0  2  2  0  0  0
    5  5.4347952459353123e-08   0  1  2  2  0  0  0
    5 -2.7102409187263720e-08   1  0  1  3  0  0  0
    5 -6.7145361154588644e-08   0  1  1  3  0  0  0
    5 -4.5303718117247951e-08   1  0  0  4  0  0  0
    5 -1.4190852988897331e-08   0  1  0  4  0  0  0
    5  3.9257463914590486e-08   4  0  0  0  1  0  0
    5  7.0423514564131043e-08   3  1  0  0  1  0  0
    5  3.7912292572233503e-07   2  2  0  0  1  0  0
    5  7.0423514564131043e-08   1  3  0  0  1  0  0
    5  3.9257463914590486e-08   0  4  0  0  1  0  0
    5 -1.2616879279310308e-07   2  0  2  0  1  0  0
    5 -1.3929490349797487e-07   1  1  2  0  1  0  0
    5  1.0769592820598040e-08   0  2  2  0  1  0  0
    5  7.7911894580276572e-09   0  0  4  0  1  0  0
    5  3.8750251946434709e-09   2  0  1  1  1  0  0
    5  1.0792460003056459e-07   1  1  1  1  1  0  0
    5  3.8750251946434709e-09   0  2  1  1  1  0  0
    5 -3.6916637054503373e-08   0  0  3  1  1  0  0
    5  1.0769592820598040e-08   2  0  0  2  1  0  0
    5 -1.3929490349797487e-07   1  1  0  2  1  0  0
    5 -1.2616879279310308e-07   0  2  0  2  1  0  0
    5  3.2439838218301652e-08   0  0  2  2  1  0  0
    5 -3.6916637054503373e-08   0  0  1  3  1  0  0
    5  7.7911894580276572e-09   0  0  0  4  1  0  0
    5  5.5790965136214934e-09   3  0  0  0  2  0  0
    5 -1.0105341620341208e-07   2  1  0  0  2  0  0
    5 -1.0105341620341208e-07   1  2  0  0  2  0  0
    5  5.5790965136214934e-09   0  3  0  0  2  0  0
    5  5.3657445964674887e-08   1  0  2  0  2  0  0
    5 -6.7803554863251484e-08   0  1  2  0  2  0  0
    5  1.3450236674929802e-07   1  0  1  1  2  0  0
    5  1.3450236674929802e-07   0  1  1  1  2  0  0
    5 -6.7803554863251484e-08   1  0  0  2  2  0  0
    5  5.3657445964674887e-08   0  1  0  2  2  0  0
    5 -1.3323151581858823e-07   2  0  0  0  3  0  0
    5  2.1692246771272694e-07   1  1  0  0  3  0  0
    5 -1.3323151581858823e-07   0  2  0  0  3  0  0
    5  9.8202707812818522e-09   0  0  2  0  3  0  0
    5 -1.4675540407418938e-08   0  0  1  1  3  0  0
    5  9.8202707812818522e-09   0  0  0  2  3  0  0
    5  2.3307381901932065e-08   1  0  0  0  4  0  0
    5  2.3307381901932065e-08   0  1  0  0  4  0  0
    5  8.7885303281008434e-09   0  0  0  0  5  0  0
    6 -2.4938269130601166e-09   6  0  0  0  0  0  0
    6 -8.0129145998377829e-09   5  1  0  0  0  0  0
    6 -1.6688163082326020e-09   4  2  0  0  0  0  0
    6 -1.0277487836962046e-07   3  3  0  0  0  0  0
    6 -1.6688163082326020e-09   2  4  0  0  0  0  0
    6 -8.0129145998377829e-09   1  5  0  0  0  0  0
    6 -2.4938269130601166e-09   0  6  0  0  0  0  0
    6 -6.3703280966935156e-09   4  0  2  0  0  0  0
    6  9.7914798523504367e-08   3  1  2  0  0  0  0
    6  1.1838290528122874e-07   2  2  2  0  0  0  0
    6 -1.2482566049985000e-08   1  3  2  0  0  0  0
    6 -1.2055819388792380e-08   0  4  2  0  0  0  0
    6 -3.4040151467043747e-08   2  0  4  0  0  0  0
    6  3.4031307354487865e-10   1  1  4  0  0  0  0
    6 -5.2282427030989968e-09   0  2  4  0  0  0  0
    6 -2.6049457525282243e-09   0  0  6  0  0  0  0
    6 -1.8586685625128793e-08   4  0  1  1  0  0  0
    6 -4.6555222224342903e-08   3  1  1  1  0  0  0
    6 -1.7549102826656896e-07   2  2  1  1  0  0  0
    6 -4.6555222224342903e-08   1  3  1  1  0  0  0
    6 -1.8586685625128793e-08   0  4  1  1  0  0  0
    6  5.5202137817562164e-08   2  0  3  1  0  0  0
    6  8.0544500054681202e-08   1  1  3  1  0  0  0
    6 -4.1904821714291485e-08   0  2  3  1  0  0  0
    6 -1.5210203040636926e-09   0  0  5  1  0  0  0
    6 -1.2055819388792380e-08   4  0  0  2  0  0  0
    6 -1.2482566049985000e-08   3  1  0  2  0  0  0
    6  1.1838290528122874e-07   2  2  0  2  0  0  0
    6  9.7914798523504367e-08   1  3  0  2  0  0  0
    6 -6.3703280966935156e-09   0  4  0  2  0  0  0
    6 -4.5828837196280878e-08   2  0  2  2  0  0  0
    6 -1.1491330378255530e-07   1  1  2  2  0  0  0
    6 -4.5828837196280878e-08   0  2  2  2  0  0  0
    6  4.5744737433647374e-09   0  0  4  2  0  0  0
    6 -4.1904821714291485e-08   2  0  1  3  0  0  0
    6  8.0544500054681202e-08   1  1  1  3  0  0  0
    6  5.5202137817562164e-08   0  2  1  3  0  0  0
    6 -1.7425122594998689e-08   0  0  3  3  0  0  0
    6 -5.2282427030989968e-09   2  0  0  4  0  0  0
    6  3.4031307354487865e-10   1  1  0  4  0  0  0
    6 -3.4040151467043747e-08   0  2  0  4  0  0  0
    6  4.5744737433647374e-09   0  0  2  4  0  0  0
    6 -1.5210203040636926e-09   0  0  1  5  0  0  0
    6 -2.6049457525282243e-09   0  0  0  6  0  0  0
    6  1.3991228225989660e-08   5  0  0  0  1  0  0
    6 -1.0390502816105052e-08   4  1  0  0  1  0  0
    6  1.1359063896392290e-08   3  2  0  0  1  0  0
    6  1.1359063896392290e-08   2  3  0  0  1  0  0
    6 -1.0390502816105052e-08   1  4  0  0  1  0  0
    6  1.3991228225989660e-08   0  5  0  0  1  0  0
    6  7.3434182533032549e-09   3  0  2  0  1  0  0
    6  1.4054333292085042e-07   2  1  2  0  1  0  0
    6  7.9362881013412091e-08   1  2  2  0  1  0  0
    6  2.3705378122400371e-08   0  3  2  0  1  0  0
    6 -2.6338170959170642e-08   1  0  4  0  1  0  0
    6 -4.2366536803325135e-09   0  1  4  0  1  0  0
    6 -3.7151737391852688e-08   3  0  1  1  1  0  0
    6 -1.3141856054597450e-07   2  1  1  1  1  0  0
    6 -1.3141856054597450e-07   1  2  1  1  1  0  0
    6 -3.7151737391852688e-08   0  3  1  1  1  0  0
    6  3.4400275624253523e-08   1  0  3  1  1  0  0
    6  3.0265329521873512e-08   0  1  3  1  1  0  0
    6  2.3705378122400371e-08   3  0  0  2  1  0  0
    6  7.9362881013412091e-08   2  1  0  2  1  0  0
    6  1.4054333292085042e-07   1  2  0  2  1  0  0
    6  7.3434182533032549e-09   0  3  0  2  1  0  0
    6 -7.7494270639774433e-08   1  0  2  2  1  0  0
    6 -7.7494270639774433e-08   0  1  2  2  1  0  0
    6  3.0265329521873512e-08   1  0  1  3  1  0  0
    6  3.4400275624253523e-08   0  1  1  3  1  0  0
    6 -4.2366536803325135e-09   1  0  0  4  1  0  0
    6 -2.6338170959170642e-08   0  1  0  4  1  0  0
    6 -6.1257116998196116e-08   4  0  0  0  2  0  0
    6 -5.7274140886412097e-08   3  1  0  0  2  0  0
    6 -3.1978193985158216e-07   2  2  0  0  2  0  0
    6 -5.7274140886412097e-08   1  3  0  0  2  0  0
    6 -6.1257116998196116e-08   0  4  0  0  2  0  0
    6  4.0757731019280505e-09   2  0  2  0  2  0  0
    6  1.8004231507979950e-08   1  1  2  0  2  0  0
    6 -1.4797615619662220e-08   0  2  2  0  2  0  0
    6 -7.3872842712956961e-09   0  0  4  0  2  0  0
    6  9.5597485321352043e-10   2  0  1  1  2  0  0
    6 -7.0976115049625073e-08   1  1  1  1  2  0  0
    6  9.5597485321352043e-10   0  2  1  1  2  0  0
    6  2.0698208889536069e-08   0  0  3  1  2  0  0
    6 -1.4797615619662220e-08   2  0  0  2  2  0  0
    6  1.8004231507979950e-08   1  1  0  2  2  0  0
    6  4.0757731019280505e-09   0  2  0  2  2  0  0
    6 -1.5116494392107092e-08   0  0  2  2  2  0  0
    6  2.0698208889536069e-08   0  0  1  3  2  0  0
    6 -7.3872842712956961e-09   0  0  0  4  2  0  0
    6  4.1949376903921468e-08   3  0  0  0  3  0  0
    6  2.2823153614206036e-07   2  1  0  0  3  0  0
    6  2.2823153614206036e-07   1  2  0  0  3  0  0
    6  4.1949376903921468e-08   0  3  0  0  3  0  0
    6  2.1390327991980451e-08   1  0  2  0  3  0  0
    6 -1.4233652293817720e-08   0  1  2  0  3  0  0
    6  2.9158759850751881e-09   1  0  1  1  3  0  0
    6  2.9158759850751881e-09   0  1  1  1  3  0  0
    6 -1.4233652293817720e-08   1  0  0  2  3  0  0
    6  2.1390327991980451e-08   0  1  0  2  3  0  0
    6 -5.4054601319667202e-08   2  0  0  0  4  0  0
    6 -1.2393201218435700e-07   1  1  0  0  4  0  0
    6 -5.4054601319667202e-08   0  2  0  0  4  0  0
    6  4.5862138096831276e-09   0  0  2  0  4  0  0
    6  9.5119298105430491e-10   0  0  1  1  4  0  0
    6  4.5862138096831276e-09   0  0  0  2  4  0  0
    6  2.6587886285734299e-08   1  0  0  0  5  0  0
    6  2.6587886285734299e-08   0  1  0  0  5  0  0
    6 -1.2761207150732565e-09   0  0  0  0  6  0  0
    7 -4.2857142036486587e-11   7  0  0  0  0  0  0
    7 -4.3303176710182583e-09   6  1  0  0  0  0  0
    7  1.0140273149486996e-08   5  2  0  0  0  0  0
    7  3.1881057433886613e-09   4  3  0  0  0  0  0
    7  3.1881057433886613e-09   3  4  0  0  0  0  0
    7  1.0140273149486996e-08   2  5  0  0  0  0  0
    7 -4.3303176710182583e-09   1  6  0  0  0  0  0
    7 -4.2857142036486587e-11   0  7  0  0  0  0  0
    7 -3.5763364378915405e-09   5  0  2  0  0  0  0
    7 -1.5503676906852386e-08   4  1  2  0  0  0  0
    7 -5.9685620292674150e-08   3  2  2  0  0  0  0
    7  1.4489527703999090e-08   2  3  2  0  0  0  0
    7 -2.6919177788513522e-09   1  4  2  0  0  0  0
    7 -2.3344784820896384e-09   0  5  2  0  0  0  0
    7  1.4215932138885145e-08   3  0  4  0  0  0  0
    7  2.7939781548907456e-08   2  1  4  0  0  0  0
    7  9.5641521800484212e-09   1  2  4  0  0  0  0
    7 -1.1655752094990234e-11   0  3  4  0  0  0  0
    7 -2.0716138547725079e-09   1  0  6  0  0  0  0
    7 -1.0085461496483219e-09   0  1  6  0  0  0  0
    7 -1.6115385487257936e-08   5  0  1  1  0  0  0
    7 -1.3933303657398043e-09   4  1  1  1  0  0  0
    7  7.1968991707835796e-08   3  2  1  1  0  0  0
    7  7.1968991707835796e-08   2  3  1  1  0  0  0
    7 -1.3933303657398043e-09   1  4  1  1  0  0  0
    7 -1.6115385487257936e-08   0  5  1  1  0  0  0
    7 -1.8967841734932197e-08   3  0  3  1  0  0  0
    7 -9.0720500158745523e-08   2  1  3  1  0  0  0
    7 -7.4034122646583651e-09   1  2  3  1  0  0  0
    7 -3.8533378632568241e-09   0  3  3  1  0  0  0
    7  8.1147890549992265e-09   1  0  5  1  0  0  0
    7 -1.0135606395518769e-09   0  1  5  1  0  0  0
    7 -2.3344784820896384e-09   5  0  0  2  0  0  0
    7 -2.6919177788513522e-09   4  1  0  2  0  0  0
    7  1.4489527703999090e-08   3  2  0  2  0  0  0
    7 -5.9685620292674150e-08   2  3  0  2  0  0  0
    7 -1.5503676906852386e-08   1  4  0  2  0  0  0
    7 -3.5763364378915405e-09   0  5  0  2  0  0  0
    7 -1.8537911348271561e-08   3  0  2  2  0  0  0
    7  1.1880439655505686e-07   2  1  2  2  0  0  0
    7  1.1880439655505686e-07   1  2  2  2  0  0  0
    7 -1.8537911348271561e-08   0  3  2  2  0  0  0
    7 -2.9510730299801583e-08   1  0  4  2  0  0  0
    7 -4.5495985546215379e-09   0  1  4  2  0  0  0
    7 -3.8533378632568241e-09   3  0  1  3  0  0  0
    7 -7.4034122646583651e-09   2  1  1  3  0  0  0
    7 -9.0720500158745523e-08   1  2  1  3  0  0  0
    7 -1.8967841734932197e-08   0  3  1  3  0  0  0
    7  2.3041838515421795e-08   1  0  3  3  0  0  0
    7  2.3041838515421795e-08   0  1  3  3  0  0  0
    7 -1.1655752094990234e-11   3  0  0  4  0  0  0
    7  9.5641521800484212e-09   2  1  0  4  0  0  0
    7  2.7939781548907456e-08   1  2  0  4  0  0  0
    7  1.4215932138885145e-08   0  3  0  4  0  0  0
    7 -4.5495985546215379e-09   1  0  2  4  0  0  0
    7 -2.9510730299801583e-08   0  1  2  4  0  0  0
    7 -1.0135606395518769e-09   1  0  1  5  0  0  0
    7  8.1147890549992265e-09   0  1  1  5  0  0  0
    7 -1.0085461496483219e-09   1  0  0  6  0  0  0
    7 -2.0716138547725079e-09   0  1  0  6  0  0  0
    7  7.8501434251740824e-10   6  0  0  0  1  0  0
    7  2.8064662085226915e-08   5  1  0  0  1  0  0
    7  5.8969360069388766e-10   4  2  0  0  1  0  0
    7  6.9223201474878750e-08   3  3  0  0  1  0  0
    7  5.8969360069388766e-10   2  4  0  0  1  0  0
    7  2.8064662085226915e-08   1  5  0  0  1  0  0
    7  7.8501434251740824e-10   0  6  0  0  1  0  0
    7 -4.4810281109121444e-08   4  0  2  0  1  0  0
    7 -3.3776004048774187e-08   3  1  2  0  1  0  0
    7 -3.8956927337371366e-08   2  2  2  0  1  0  0
    7 -1.7782804013837344e-08   1  3  2  0  1  0  0
    7  3.8132003685662708e-09   0  4  2  0  1  0  0
    7  1.6042928856179613e-08   2  0  4  0  1  0  0
    7  1.8886354224810947e-08   1  1  4  0  1  0  0
    7  6.2759529592700975e-09   0  2  4  0  1  0  0
    7 -5.7465932886089472e-10   0  0  6  0  1  0  0
    7  1.7715964208106697e-08   4  0  1  1  1  0  0
    7  4.0864542593304898e-08   3  1  1  1  1  0  0
    7  1.7622097525426136e-07   2  2  1  1  1  0  0
    7  4.0864542593304898e-08   1  3  1  1  1  0  0
    7  1.7715964208106697e-08   0  4  1  1  1  0  0
    7 -4.2905228612795924e-08   2  0  3  1  1  0  0
    7 -6.9749563918238682e-08   1  1  3  1  1  0  0
    7 -1.3661486407991237e-08   0  2  3  1  1  0  0
    7  4.6950278192954351e-09   0  0  5  1  1  0  0
    7  3.8132003685662708e-09   4  0  0  2  1  0  0
    7 -1.7782804013837344e-08   3  1  0  2  1  0  0
    7 -3.8956927337371366e-08   2  2  0  2  1  0  0
    7 -3.3776004048774187e-08   1  3  0  2  1  0  0
    7 -4.4810281109121444e-08   0  4  0  2  1  0  0
    7  2.7766977696571529e-08   2  0  2  2  1  0  0
    7  1.1565809261727234e-07   1  1  2  2  1  0  0
    7  2.7766977696571529e-08   0  2  2  2  1  0  0
    7 -1.6473181793439200e-08   0  0  4  2  1  0  0
    7 -1.3661486407991237e-08   2  0  1  3  1  0  0
    7 -6.9749563918238682e-08   1  1  1  3  1  0  0
    7 -4.2905228612795924e-08   0  2  1  3  1  0  0
    7  2.1777153961478070e-08   0  0  3  3  1  0  0
    7  6.2759529592700975e-09   2  0  0  4  1  0  0
    7  1.8886354224810947e-08   1  1  0  4  1  0  0
    7  1.6042928856179613e-08   0  2  0  4  1  0  0
    7 -1.6473181793439200e-08   0  0  2  4  1  0  0
    7  4.6950278192954351e-09   0  0  1  5  1  0  0
    7 -5.7465932886089472e-10   0  0  0  6  1  0  0
    7 -1.4423342670048781e-08   5  0  0  0  2  0  0
    7  1.4493257647952956e-08   4  1  0  0  2  0  0
    7 -7.7796683189869284e-08   3  2  0  0  2  0  0
    7 -7.7796683189869284e-08   2  3  0  0  2  0  0
    7  1.4493257647952956e-08   1  4  0  0  2  0  0
    7 -1.4423342670048781e-08   0  5  0  0  2  0  0
    7 -1.8457110121516743e-08   3  0  2  0  2  0  0
    7 -8.2596658598799287e-08   2  1  2  0  2  0  0
    7  2.6748516580478576e-09   1  2  2  0  2  0  0
    7 -2.9875034564091847e-08   0  3  2  0  2  0  0
    7  1.4589716261131442e-08   1  0  4  0  2  0  0
    7  1.2496051627838633e-09   0  1  4  0  2  0  0
    7 -6.3543269903343865e-09   3  0  1  1  2  0  0
    7 -6.9473914363075441e-08   2  1  1  1  2  0  0
    7 -6.9473914363075441e-08   1  2  1  1  2  0  0
    7 -6.3543269903343865e-09   0  3  1  1  2  0  0
    7 -2.3811687801337562e-08   1  0  3  1  2  0  0
    7 -3.1577038228337988e-09   0  1  3  1  2  0  0
    7 -2.9875034564091847e-08   3  0  0  2  2  0  0
    7  2.6748516580478576e-09   2  1  0  2  2  0  0
    7 -8.2596658598799287e-08   1  2  0  2  2  0  0
    7 -1.8457110121516743e-08   0  3  0  2  2  0  0
    7 -3.7884736227587456e-09   1  0  2  2  2  0  0
    7 -3.7884736227587456e-09   0  1  2  2  2  0  0
    7 -3.1577038228337988e-09   1  0  1  3  2  0  0
    7 -2.3811687801337562e-08   0  1  1  3  2  0  0
    7  1.2496051627838633e-09   1  0  0  4  2  0  0
    7  1.4589716261131442e-08   0  1  0  4  2  0  0
    7  2.3944289471646360e-08   4  0  0  0  3  0  0
    7  8.3980594217730149e-08   3  1  0  0  3  0  0
    7  1.4872554033404121e-07   2  2  0  0  3  0  0
    7  8.3980594217730149e-08   1  3  0  0  3  0  0
    7  2.3944289471646360e-08   0  4  0  0  3  0  0
    7  2.3614690567071413e-08   2  0  2  0  3  0  0
    7  4.6026881146021940e-08   1  1  2  0  3  0  0
    7  2.1293442006626623e-08   0  2  2  0  3  0  0
    7  5.6225247014424152e-10   0  0  4  0  3  0  0
    7  1.3131200016445746e-08   2  0  1  1  3  0  0
    7  4.3047674368077973e-08   1  1  1  1  3  0  0
    7  1.3131200016445746e-08   0  2  1  1  3  0  0
    7 -6.7116022058577694e-09   0  0  3  1  3  0  0
    7  2.1293442006626623e-08   2  0  0  2  3  0  0
    7  4.6026881146021940e-08   1  1  0  2  3  0  0
    7  2.3614690567071413e-08   0  2  0  2  3  0  0
    7  7.6568678459563544e-09   0  0  2  2  3  0  0
    7 -6.7116022058577694e-09   0  0  1  3  3  0  0
    7  5.6225247014424152e-10   0  0  0  4  3  0  0
    7 -6.1629772771835397e-08   3  0  0  0  4  0  0
    7 -1.4215212344437930e-07   2  1  0  0  4  0  0
    7 -1.4215212344437930e-07   1  2  0  0  4  0  0
    7 -6.1629772771835397e-08   0  3  0  0  4  0  0
    7 -2.4110410428152675e-09   1  0  2  0  4  0  0
    7 -6.5359146664890306e-09   0  1  2  0  4  0  0
    7 -1.8822653595242449e-08   1  0  1  1  4  0  0
    7 -1.8822653595242449e-08   0  1  1  1  4  0  0
    7 -6.5359146664890306e-09   1  0  0  2  4  0  0
    7 -2.4110410428152675e-09   0  1  0  2  4  0  0
    7  5.1494350153100944e-08   2  0  0  0  5  0  0
    7  8.4844376903562142e-08   1  1  0  0  5  0  0
    7  5.1494350153100944e-08   0  2  0  0  5  0  0
    7  1.7698163819418013e-09   0  0  2  0  5  0  0
    7 -3.2135084893849814e-10   0  0  1  1  5  0  0
    7  1.7698163819418013e-09   0  0  0  2  5  0  0
    7 -2.1082545109310444e-08   1  0  0  0  6  0  0
    7 -2.1082545109310444e-08   0  1  0  0  6  0  0
    7  3.6561926629098479e-09   0  0  0  0  7  0  0
    8 -1.2444453723367187e-11   8  0  0  0  0  0  0
    8 -3.8111272748184389e-10   7  1  0  0  0  0  0
    8  1.9479476777104837e-10   6  2  0  0  0  0  0
    8  7.3936850071209501e-09   5  3  0  0  0  0  0
    8 -4.5003148735038218e-09   4  4  0  0  0  0  0
    8  7.3936850071209501e-09   3  5  0  0  0  0  0
    8  1.9479476777104837e-10   2  6  0  0  0  0  0
    8 -3.8111272748184389e-10   1  7  0  0  0  0  0
    8 -1.2444453723367187e-11   0  8  0  0  0  0  0
    8 -2.0160459045936733e-09   6  0  2  0  0  0  0
    8  1.0412892684282390e-08   5  1  2  0  0  0  0
    8  1.3803085169005933e-08   4  2  2  0  0  0  0
    8 -8.0715733485587353e-09   3  3  2  0  0  0  0
    8 -4.0677559629158888e-09   2  4  2  0  0  0  0
    8 -3.7047098338485099e-09   1  5  2  0  0  0  0
    8  6.3158573285169119e-10   0  6  2  0  0  0  0
    8 -5.3654952753489659e-09   4  0  4  0  0  0  0
    8 -1.6268569283286182e-08   3  1  4  0  0  0  0
    8  5.6856181868803897e-09   2  2  4  0  0  0  0
    8 -5.9707420986310680e-10   1  3  4  0  0  0  0
    8 -4.1391331830013244e-10   0  4  4  0  0  0  0
    8  3.4909377454215483e-09   2  0  6  0  0  0  0
    8  3.4609101727587230e-09   1  1  6  0  0  0  0
    8  3.8250957715657667e-10   0  2  6  0  0  0  0
    8 -6.7138951297517914e-11   0  0  8  0  0  0  0
    8 -1.6631306603899084e-09   6  0  1  1  0  0  0
    8  3.6245630823305245e-09   5  1  1  1  0  0  0
    8  1.7823712632527298e-08   4  2  1  1  0  0  0
    8 -4.4286156980385077e-08   3  3  1  1  0  0  0
    8  1.7823712632527298e-08   2  4  1  1  0  0  0
    8  3.6245630823305245e-09   1  5  1  1  0  0  0
    8 -1.6631306603899084e-09   0  6  1  1  0  0  0
    8  4.5577273288993738e-09   4  0  3  1  0  0  0
    8  4.3043464871479813e-08   3  1  3  1  0  0  0
    8  3.2256565654931678e-08   2  2  3  1  0  0  0
    8 -9.8874073408120924e-09   1  3  3  1  0  0  0
    8 -5.0587876035142265e-09   0  4  3  1  0  0  0
    8 -1.0130994008596133e-08   2  0  5  1  0  0  0
    8 -2.9884430950968313e-09   1  1  5  1  0  0  0
    8 -2.2221983429985174e-09   0  2  5  1  0  0  0
    8  1.6228004872678145e-10   0  0  7  1  0  0  0
    8  6.3158573285169119e-10   6  0  0  2  0  0  0
    8 -3.7047098338485099e-09   5  1  0  2  0  0  0
    8 -4.0677559629158888e-09   4  2  0  2  0  0  0
    8 -8.0715733485587353e-09   3  3  0  2  0  0  0
    8  1.3803085169005933e-08   2  4  0  2  0  0  0
    8  1.0412892684282390e-08   1  5  0  2  0  0  0
    8 -2.0160459045936733e-09   0  6  0  2  0  0  0
    8  4.7607225111439266e-09   4  0  2  2  0  0  0
    8 -2.5388367705159061e-09   3  1  2  2  0  0  0
    8 -9.4579279001829587e-08   2  2  2  2  0  0  0
    8 -2.5388367705159061e-09   1  3  2  2  0  0  0
    8  4.7607225111439266e-09   0  4  2  2  0  0  0
    8  1.8462913023378169e-08   2  0  4  2  0  0  0
    8  2.8390023766040390e-08   1  1  4  2  0  0  0
    8 -8.4559640288670332e-11   0  2  4  2  0  0  0
    8 -1.1352478521867884e-09   0  0  6  2  0  0  0
    8 -5.0587876035142265e-09   4  0  1  3  0  0  0
    8 -9.8874073408120924e-09   3  1  1  3  0  0  0
    8  3.2256565654931678e-08   2  2  1  3  0  0  0
    8  4.3043464871479813e-08   1  3  1  3  0  0  0
    8  4.5577273288993738e-09   0  4  1  3  0  0  0
    8 -5.2627567696792008e-09   2  0  3  3  0  0  0
    8 -4.3079912470863787e-08   1  1  3  3  0  0  0
    8 -5.2627567696792008e-09   0  2  3  3  0  0  0
    8  2.3978381130373643e-09   0  0  5  3  0  0  0
    8 -4.1391331830013244e-10   4  0  0  4  0  0  0
    8 -5.9707420986310680e-10   3  1  0  4  0  0  0
    8  5.6856181868803897e-09   2  2  0  4  0  0  0
    8 -1.6268569283286182e-08   1  3  0  4  0  0  0
    8 -5.3654952753489659e-09   0  4  0  4  0  0  0
    8 -8.4559640288670332e-11   2  0  2  4  0  0  0
    8  2.8390023766040390e-08   1  1  2  4  0  0  0
    8  1.8462913023378169e-08   0  2  2  4  0  0  0
    8 -4.0138875507028174e-09   0  0  4  4  0  0  0
    8 -2.2221983429985174e-09   2  0  1  5  0  0  0
    8 -2.9884430950968313e-09   1  1  1  5  0  0  0
    8 -1.0130994008596133e-08   0  2  1  5  0  0  0
    8  2.3978381130373643e-09   0  0  3  5  0  0  0
    8  3.8250957715657667e-10   2  0  0  6  0  0  0
    8  3.4609101727587230e-09   1  1  0  6  0  0  0
    8  3.4909377454215483e-09   0  2  0  6  0  0  0
    8 -1.1352478521867884e-09   0  0  2  6  0  0  0
    8  1.6228004872678145e-10   0  0  1  7  0  0  0
    8 -6.7138951297517914e-11   0  0  0  8  0  0  0
    8 -5.5402641097701625e-10   7  0  0  0  1  0  0
    8  1.2197498029715868e-09   6  1  0  0  1  0  0
    8 -2.9946038113510000e-08   5  2  0  0  1  0  0
    8  2.6696619740229023e-09   4  3  0  0  1  0  0
    8  2.6696619740229023e-09   3  4  0  0  1  0  0
    8 -2.9946038113510000e-08   2  5  0  0  1  0  0
    8  1.2197498029715868e-09   1  6  0  0  1  0  0
    8 -5.5402641097701625e-10   0  7  0  0  1  0  0
    8  9.7081926751916823e-09   5  0  2  0  1  0  0
    8  4.6590565798670192e-08   4  1  2  0  1  0  0
    8  3.7456367446917131e-08   3  2  2  0  1  0  0
    8 -9.3921296943013929e-09   2  3  2  0  1  0  0
    8  1.6340328300548828e-08   1  4  2  0  1  0  0
    8 -4.6509707302349407e-09   0  5  2  0  1  0  0
    8 -1.2415407969208587e-08   3  0  4  0  1  0  0
    8 -1.4250572392086734e-08   2  1  4  0  1  0  0
    8 -6.0302926753715822e-09   1  2  4  0  1  0  0
    8  4.3645766373440953e-10   0  3  4  0  1  0  0
    8  2.9350312761833017e-09   1  0  6  0  1  0  0
    8  1.2759338427713672e-09   0  1  6  0  1  0  0
    8  6.3010756979935409e-09   5  0  1  1  1  0  0
    8 -4.4985298823858018e-08   4  1  1  1  1  0  0
    8  1.0690137033507355e-08   3  2  1  1  1  0  0
    8  1.0690137033507355e-08   2  3  1  1  1  0  0
    8 -4.4985298823858018e-08   1  4  1  1  1  0  0
    8  6.3010756979935409e-09   0  5  1  1  1  0  0
    8  2.4302569243727855e-08   3  0  3  1  1  0  0
    8  6.0622965225085233e-08   2  1  3  1  1  0  0
    8  1.5543043212637721e-08   1  2  3  1  1  0  0
    8  6.3622082337621190e-09   0  3  3  1  1  0  0
    8 -1.1380139671476213e-08   1  0  5  1  1  0  0
    8 -3.2136982601135751e-09   0  1  5  1  1  0  0
    8 -4.6509707302349407e-09   5  0  0  2  1  0  0
    8  1.6340328300548828e-08   4  1  0  2  1  0  0
    8 -9.3921296943013929e-09   3  2  0  2  1  0  0
    8  3.7456367446917131e-08   2  3  0  2  1  0  0
    8  4.6590565798670192e-08   1  4  0  2  1  0  0
    8  9.7081926751916823e-09   0  5  0  2  1  0  0
    8 -2.2119525310047900e-08   3  0  2  2  1  0  0
    8 -3.5730592301657781e-08   2  1  2  2  1  0  0
    8 -3.5730592301657781e-08   1  2  2  2  1  0  0
    8 -2.2119525310047900e-08   0  3  2  2  1  0  0
    8  2.2442381680329246e-08   1  0  4  2  1  0  0
    8  8.4253447651686851e-09   0  1  4  2  1  0  0
    8  6.3622082337621190e-09   3  0  1  3  1  0  0
    8  1.5543043212637721e-08   2  1  1  3  1  0  0
    8  6.0622965225085233e-08   1  2  1  3  1  0  0
    8  2.4302569243727855e-08   0  3  1  3  1  0  0
    8 -1.9478997486645744e-08   1  0  3  3  1  0  0
    8 -1.9478997486645744e-08   0  1  3  3  1  0  0
    8  4.3645766373440953e-10   3  0  0  4  1  0  0
    8 -6.0302926753715822e-09   2  1  0  4  1  0  0
    8 -1.4250572392086734e-08   1  2  0  4  1  0  0
    8 -1.2415407969208587e-08   0  3  0  4  1  0  0
    8  8.4253447651686851e-09   1  0  2  4  1  0  0
    8  2.2442381680329246e-08   0  1  2  4  1  0  0
    8 -3.2136982601135751e-09   1  0  1  5  1  0  0
    8 -1.1380139671476213e-08   0  1  1  5  1  0  0
    8  1.2759338427713672e-09   1  0  0  6  1  0  0
    8  2.9350312761833017e-09   0  1  0  6  1  0  0
    8 -6.9707901338315862e-09   6  0  0  0  2  0  0
    8 -1.1105572082089680e-09   5  1  0  0  2  0  0
    8 -9.8883952316341453e-09   4  2  0  0  2  0  0
    8 -1.3516918867564612e-08   3  3  0  0  2  0  0
    8 -9.8883952316341453e-09   2  4  0  0  2  0  0
    8 -1.1105572082089680e-09   1  5  0  0  2  0  0
    8 -6.9707901338315862e-09   0  6  0  0  2  0  0
    8 -1.1596446628404820e-10   4  0  2  0  2  0  0
    8  2.8352969366976170e-09   3  1  2  0  2  0  0
    8 -2.1312875329286021e-08   2  2  2  0  2  0  0
    8  1.3699130264345537e-08   1  3  2  0  2  0  0
    8 -4.0396842280526571e-09   0  4  2  0  2  0  0
    8 -1.0753191292392724e-08   2  0  4  0  2  0  0
    8  2.4633860039284392e-09   1  1  4  0  2  0  0
    8 -4.9397190515521702e-09   0  2  4  0  2  0  0
    8  9.8755403193612575e-10   0  0  6  0  2  0  0
    8 -2.2934874283892429e-08   4  0  1  1  2  0  0
    8  4.3385571346941621e-09   3  1  1  1  2  0  0
    8 -6.9331079601041168e-08   2  2  1  1  2  0  0
    8  4.3385571346941621e-09   1  3  1  1  2  0  0
    8 -2.2934874283892429e-08   0  4  1  1  2  0  0
    8 -6.9178046417001682e-09   2  0  3  1  2  0  0
    8 -3.5009364597769744e-09   1  1  3  1  2  0  0
    8 -1.5957289556317317e-09   0  2  3  1  2  0  0
    8 -2.0419848293760575e-09   0  0  5  1  2  0  0
    8 -4.0396842280526571e-09   4  0  0  2  2  0  0
    8  1.3699130264345537e-08   3  1  0  2  2  0  0
    8 -2.1312875329286021e-08   2  2  0  2  2  0  0
    8  2.8352969366976170e-09   1  3  0  2  2  0  0
    8 -1.1596446628404820e-10   0  4  0  2  2  0  0
    8 -1.1991135591818656e-08   2  0  2  2  2  0  0
    8 -3.1558062372701819e-08   1  1  2  2  2  0  0
    8 -1.1991135591818656e-08   0  2  2  2  2  0  0
    8  5.6604408906807986e-09   0  0  4  2  2  0  0
    8 -1.5957289556317317e-09   2  0  1  3  2  0  0
    8 -3.5009364597769744e-09   1  1  1  3  2  0  0
    8 -6.9178046417001682e-09   0  2  1  3  2  0  0
    8 -1.0023139080329449e-08   0  0  3  3  2  0  0
    8 -4.9397190515521702e-09   2  0  0  4  2  0  0
    8  2.4633860039284392e-09   1  1  0  4  2  0  0
    8 -1.0753191292392724e-08   0  2  0  4  2  0  0
    8  5.6604408906807986e-09   0  0  2  4  2  0  0
    8 -2.0419848293760575e-09   0  0  1  5  2  0  0
    8  9.8755403193612575e-10   0  0  0  6  2  0  0
    8  7.8046956389531262e-09   5  0  0  0  3  0  0
    8  3.4945206251900140e-08   4  1  0  0  3  0  0
    8  3.2184238236455397e-08   3  2  0  0  3  0  0
    8  3.2184238236455397e-08   2  3  0  0  3  0  0
    8  3.4945206251900140e-08   1  4  0  0  3  0  0
    8  7.8046956389531262e-09   0  5  0  0  3  0  0
    8  1.7418308803553015e-09   3  0  2  0  3  0  0
    8  1.4504275142688285e-08   2  1  2  0  3  0  0
    8  1.0519656254485026e-08   1  2  2  0  3  0  0
    8  1.1031699972474354e-09   0  3  2  0  3  0  0
    8 -1.2054107308844559e-10   1  0  4  0  3  0  0
    8  3.0077858415996400e-09   0  1  4  0  3  0  0
    8  2.2710435679532155e-08   3  0  1  1  3  0  0
    8  6.4969123766979493e-08   2  1  1  1  3  0  0
    8  6.4969123766979493e-08   1  2  1  1  3  0  0
    8  2.2710435679532155e-08   0  3  1  1  3  0  0
    8  7.5737945400575152e-10   1  0  3  1  3  0  0
    8 -4.1387720252683552e-09   0  1  3  1  3  0  0
    8  1.1031699972474354e-09   3  0  0  2  3  0  0
    8  1.0519656254485026e-08   2  1  0  2  3  0  0
    8  1.4504275142688285e-08   1  2  0  2  3  0  0
    8  1.7418308803553015e-09   0  3  0  2  3  0  0
    8  1.3684272821857423e-08   1  0  2  2  3  0  0
    8  1.3684272821857423e-08   0  1  2  2  3  0  0
    8 -4.1387720252683552e-09   1  0  1  3  3  0  0
    8  7.5737945400575152e-10   0  1  1  3  3  0  0
    8  3.0077858415996400e-09   1  0  0  4  3  0  0
    8 -1.2054107308844559e-10   0  1  0  4  3  0  0
    8 -1.7330173262762676e-08   4  0  0  0  4  0  0
    8 -4.9575172477683437e-08   3  1  0  0  4  0  0
    8 -7.5345316871596107e-08   2  2  0  0  4  0  0
    8 -4.9575172477683437e-08   1  3  0  0  4  0  0
    8 -1.7330173262762676e-08   0  4  0  0  4  0  0
    8 -1.5469080671184530e-08   2  0  2  0  4  0  0
    8 -2.9112722966809280e-08   1  1  2  0  4  0  0
    8 -1.1181571967234118e-08   0  2  2  0  4  0  0
    8  1.5392308125120303e-10   0  0  4  0  4  0  0
    8 -1.5740441283757499e-08   2  0  1  1  4  0  0
    8 -4.4486390372124865e-08   1  1  1  1  4  0  0
    8 -1.5740441283757499e-08   0  2  1  1  4  0  0
    8 -6.2436833758068389e-10   0  0  3  1  4  0  0
    8 -1.1181571967234118e-08   2  0  0  2  4  0  0
    8 -2.9112722966809280e-08   1  1  0  2  4  0  0
    8 -1.5469080671184530e-08   0  2  0  2  4  0  0
    8 -2.2790262736876008e-09   0  0  2  2  4  0  0
    8 -6.2436833758068389e-10   0  0  1  3  4  0  0
    8  1.5392308125120303e-10   0  0  0  4  4  0  0
    8  2.5075878071931927e-08   3  0  0  0  5  0  0
    8  7.2768768266615068e-08   2  1  0  0  5  0  0
    8  7.2768768266615068e-08   1  2  0  0  5  0  0
    8  2.5075878071931927e-08   0  3  0  0  5  0  0
    8  9.5100962605918117e-09   1  0  2  0  5  0  0
    8  7.9255852236479351e-09   0  1  2  0  5  0  0
    8  1.4121986962350054e-08   1  0  1  1  5  0  0
    8  1.4121986962350054e-08   0  1  1  1  5  0  0
    8  7.9255852236479351e-09   1  0  0  2  5  0  0
    8  9.5100962605918117e-09   0  1  0  2  5  0  0
    8 -2.4224642785125207e-08   2  0  0  0  6  0  0
    8 -4.8870523698298705e-08   1  1  0  0  6  0  0
    8 -2.4224642785125207e-08   0  2  0  0  6  0  0
    8 -1.8075448438992146e-09   0  0  2  0  6  0  0
    8 -4.3907480862270790e-09   0  0  1  1  6  0  0
    8 -1.8075448438992146e-09   0  0  0  2  6  0  0
    8  1.2096709227297982e-08   1  0  0  0  7  0  0
    8  1.2096709227297982e-08   0  1  0  0  7  0  0
    8 -2.5040191434618411e-09   0  0  0  0  8  0  0
 -658  0.0000000000000000e+00   0  0  0  0  0  0  0
