
tpsa, NO = 8, NV = 7, INA = 48097
------------------------------------------------------------------

   |I|         a                i  i  i  i  i  i  i
                I                1  2  3  4  5  6  7

    3 -2.1927374266432148e-07   3  0  0  0  0  0  0
    3 -6.1293617678278151e-07   2  1  0  0  0  0  0
    3  6.1293617678278151e-07   1  2  0  0  0  0  0
    3  2.1927374266432148e-07   0  3  0  0  0  0  0
    3  4.1996391296922752e-07   1  0  2  0  0  0  0
    3  1.3774754273873756e-07   0  1  2  0  0  0  0
    3 -2.9522023370098633e-07   1  0  1  1  0  0  0
    3  2.9522023370098633e-07   0  1  1  1  0  0  0
    3 -1.3774754273873756e-07   1  0  0  2  0  0  0
    3 -4.1996391296922752e-07   0  1  0  2  0  0  0
    3 -4.7482566044968355e-07   2  0  0  0  1  0  0
    3  4.7482566044968355e-07   0  2  0  0  1  0  0
    3  1.1195253931257423e-07   0  0  2  0  1  0  0
    3 -1.1195253931257423e-07   0  0  0  2  1  0  0
    3 -1.8341962377696924e-20   1  0  0  0  2  0  0
    3  1.8341962377696924e-20   0  1  0  0  2  0  0
    4 -5.9105710137748687e-08   4  0  0  0  0  0  0
    4  4.4836969884070429e-08   3  1  0  0  0  0  0
    4 -4.4836969884070429e-08   1  3  0  0  0  0  0
    4  5.9105710137748687e-08   0  4  0  0  0  0  0
    4  1.2329762617600417e-09   2  0  2  0  0  0  0
    4 -3.2708059137096508e-07   1  1  2  0  0  0  0
    4  4.9701842497449083e-08   0  2  2  0  0  0  0
    4  8.0173168858483046e-09   0  0  4  0  0  0  0
    4 -2.1710458697424506e-07   2  0  1  1  0  0  0
    4  2.1710458697424506e-07   0  2  1  1  0  0  0
    4 -8.1936051146079116e-08   0  0  3  1  0  0  0
    4 -4.9701842497449083e-08   2  0  0  2  0  0  0
    4  3.2708059137096508e-07   1  1  0  2  0  0  0
    4 -1.2329762617600417e-09   0  2  0  2  0  0  0
    4  8.1936051146079116e-08   0  0  1  3  0  0  0
    4 -8.0173168858483046e-09   0  0  0  4  0  0  0
    4  7.1643942548244329e-08   3  0  0  0  1  0  0
    4 -3.4953175735838758e-07   2  1  0  0  1  0  0
    4  3.4953175735838758e-07   1  2  0  0  1  0  0
    4 -7.1643942548244329e-08   0  3  0  0  1  0  0
    4 -1.5988606161561456e-07   1  0  2  0  1  0  0
    4  1.4640732381938532e-07   0  1  2  0  1  0  0
    4 -9.0811195826972198e-07   1  0  1  1  1  0  0
    4  9.0811195826972198e-07   0  1  1  1  1  0  0
    4 -1.4640732381938532e-07   1  0  0  2  1  0  0
    4  1.5988606161561456e-07   0  1  0  2  1  0  0
    4 -1.7838595470640434e-07   2  0  0  0  2  0  0
    4  1.7838595470640434e-07   0  2  0  0  2  0  0
    4  2.6198575261382395e-07   0  0  2  0  2  0  0
    4 -2.6198575261382395e-07   0  0  0  2  2  0  0
    4  3.8317559715903723e-20   1  0  0  0  3  0  0
    4 -3.8317559715903723e-20   0  1  0  0  3  0  0
    5  3.6453361174880594e-08   5  0  0  0  0  0  0
    5  3.3599528624733628e-08   4  1  0  0  0  0  0
    5  8.5230426095393816e-08   3  2  0  0  0  0  0
    5 -8.5230426095393816e-08   2  3  0  0  0  0  0
    5 -3.3599528624733628e-08   1  4  0  0  0  0  0
    5 -3.6453361174880594e-08   0  5  0  0  0  0  0
    5  3.2054956785720756e-08   3  0  2  0  0  0  0
    5 -1.4274344332705241e-08   2  1  2  0  0  0  0
    5  3.2906027394282609e-08   1  2  2  0  0  0  0
    5  2.5144941705082814e-08   0  3  2  0  0  0  0
    5  1.0727397106129466e-08   1  0  4  0  0  0  0
    5 -1.5801364100892193e-08   0  1  4  0  0  0  0
    5  9.9309828875264349e-09   3  0  1  1  0  0  0
    5  1.3245183894359189e-07   2  1  1  1  0  0  0
    5 -1.3245183894359189e-07   1  2  1  1  0  0  0
    5 -9.9309828875264349e-09   0  3  1  1  0  0  0
    5  2.3005950871911005e-08   1  0  3  1  0  0  0
    5 -5.4455093984197678e-09   0  1  3  1  0  0  0
    5 -2.5144941705082814e-08   3  0  0  2  0  0  0
    5 -3.2906027394282609e-08   2  1  0  2  0  0  0
    5  1.4274344332705241e-08   1  2  0  2  0  0  0
    5 -3.2054956785720756e-08   0  3  0  2  0  0  0
    5  2.7406332564736737e-07   1  0  2  2  0  0  0
    5 -2.7406332564736737e-07   0  1  2  2  0  0  0
    5  5.4455093984197678e-09   1  0  1  3  0  0  0
    5 -2.3005950871911005e-08   0  1  1  3  0  0  0
    5  1.5801364100892193e-08   1  0  0  4  0  0  0
    5 -1.0727397106129466e-08   0  1  0  4  0  0  0
    5 -3.5675434487797559e-08   4  0  0  0  1  0  0
    5  5.9211508693896196e-09   3  1  0  0  1  0  0
    5 -5.9211508693896196e-09   1  3  0  0  1  0  0
    5  3.5675434487797559e-08   0  4  0  0  1  0  0
    5 -5.4518004511033969e-08   2  0  2  0  1  0  0
    5 -4.7869393598459019e-08   1  1  2  0  1  0  0
    5  6.7740465915006497e-08   0  2  2  0  1  0  0
    5 -2.2113640991536083e-09   0  0  4  0  1  0  0
    5  1.8728270356811276e-07   2  0  1  1  1  0  0
    5 -1.8728270356811276e-07   0  2  1  1  1  0  0
    5 -2.3689226189725286e-08   0  0  3  1  1  0  0
    5 -6.7740465915006497e-08   2  0  0  2  1  0  0
    5  4.7869393598459019e-08   1  1  0  2  1  0  0
    5  5.4518004511033969e-08   0  2  0  2  1  0  0
    5  2.3689226189725286e-08   0  0  1  3  1  0  0
    5  2.2113640991536083e-09   0  0  0  4  1  0  0
    5  5.1892939632949874e-09   3  0  0  0  2  0  0
    5 -6.8946221881382246e-08   2  1  0  0  2  0  0
    5  6.8946221881382246e-08   1  2  0  0  2  0  0
    5 -5.1892939632949874e-09   0  3  0  0  2  0  0
    5  1.4352856561736458e-08   1  0  2  0  2  0  0
    5  1.2782778687850220e-07   0  1  2  0  2  0  0
    5  3.1247933821658811e-07   1  0  1  1  2  0  0
    5 -3.1247933821658811e-07   0  1  1  1  2  0  0
    5 -1.2782778687850220e-07   1  0  0  2  2  0  0
    5 -1.4352856561736458e-08   0  1  0  2  2  0  0
    5  3.1805106687306343e-08   2  0  0  0  3  0  0
    5 -3.1805106687306343e-08   0  2  0  0  3  0  0
    5 -6.4636260716631643e-08   0  0  2  0  3  0  0
    5  6.4636260716631643e-08   0  0  0  2  3  0  0
    5 -1.5005157504046512e-20   1  0  0  0  4  0  0
    5  1.5005157504046512e-20   0  1  0  0  4  0  0
    6 -3.5508696997987541e-09   6  0  0  0  0  0  0
    6  1.1696404494398398e-08   5  1  0  0  0  0  0
    6 -1.1557050380095871e-08   4  2  0  0  0  0  0
    6  1.1557050380095871e-08   2  4  0  0  0  0  0
    6 -1.1696404494398398e-08   1  5  0  0  0  0  0
    6  3.5508696997987541e-09   0  6  0  0  0  0  0
    6 -1.6187893974681252e-07   4  0  2  0  0  0  0
    6  1.3180183874845451e-08   3  1  2  0  0  0  0
    6  1.0953143908214860e-07   2  2  2  0  0  0  0
    6 -2.7581912981921383e-08   1  3  2  0  0  0  0
    6  1.2753102284142960e-09   0  4  2  0  0  0  0
    6  1.6646149174524680e-08   2  0  4  0  0  0  0
    6  1.9803951326354354e-08   1  1  4  0  0  0  0
    6  2.1598713751587903e-08   0  2  4  0  0  0  0
    6  3.6790289406733152e-09   0  0  6  0  0  0  0
    6  1.1242473569963194e-09   4  0  1  1  0  0  0
    6  2.4939535998340376e-08   3  1  1  1  0  0  0
    6 -2.4939535998340376e-08   1  3  1  1  0  0  0
    6 -1.1242473569963194e-09   0  4  1  1  0  0  0
    6  3.1959551740911672e-08   2  0  3  1  0  0  0
    6  6.7557123832937720e-08   1  1  3  1  0  0  0
    6 -1.3273230031469828e-08   0  2  3  1  0  0  0
    6 -1.5416197986400047e-09   0  0  5  1  0  0  0
    6 -1.2753102284142960e-09   4  0  0  2  0  0  0
    6  2.7581912981921383e-08   3  1  0  2  0  0  0
    6 -1.0953143908214860e-07   2  2  0  2  0  0  0
    6 -1.3180183874845451e-08   1  3  0  2  0  0  0
    6  1.6187893974681252e-07   0  4  0  2  0  0  0
    6 -5.6848449601934876e-09   2  0  2  2  0  0  0
    6  5.6848449601934876e-09   0  2  2  2  0  0  0
    6  2.1316973065728445e-09   0  0  4  2  0  0  0
    6  1.3273230031469828e-08   2  0  1  3  0  0  0
    6 -6.7557123832937720e-08   1  1  1  3  0  0  0
    6 -3.1959551740911672e-08   0  2  1  3  0  0  0
    6 -2.1598713751587903e-08   2  0  0  4  0  0  0
    6 -1.9803951326354354e-08   1  1  0  4  0  0  0
    6 -1.6646149174524680e-08   0  2  0  4  0  0  0
    6 -2.1316973065728445e-09   0  0  2  4  0  0  0
    6  1.5416197986400047e-09   0  0  1  5  0  0  0
    6 -3.6790289406733152e-09   0  0  0  6  0  0  0
    6  5.8677833271675886e-08   5  0  0  0  1  0  0
    6 -7.2147274792187397e-08   4  1  0  0  1  0  0
    6  2.1731356601072261e-07   3  2  0  0  1  0  0
    6 -2.1731356601072261e-07   2  3  0  0  1  0  0
    6  7.2147274792187397e-08   1  4  0  0  1  0  0
    6 -5.8677833271675886e-08   0  5  0  0  1  0  0
    6 -2.7622275366104348e-09   3  0  2  0  1  0  0
    6  1.8085232056734032e-07   2  1  2  0  1  0  0
    6 -9.2340852658695316e-08   1  2  2  0  1  0  0
    6 -1.7842356013206987e-08   0  3  2  0  1  0  0
    6  1.2907186577501305e-08   1  0  4  0  1  0  0
    6 -1.6357239788491396e-08   0  1  4  0  1  0  0
    6 -3.7265427842011654e-09   3  0  1  1  1  0  0
    6 -8.5111307316233691e-08   2  1  1  1  1  0  0
    6  8.5111307316233691e-08   1  2  1  1  1  0  0
    6  3.7265427842011654e-09   0  3  1  1  1  0  0
    6  5.5718244828522221e-08   1  0  3  1  1  0  0
    6 -1.9065321427381391e-08   0  1  3  1  1  0  0
    6  1.7842356013206987e-08   3  0  0  2  1  0  0
    6  9.2340852658695316e-08   2  1  0  2  1  0  0
    6 -1.8085232056734032e-07   1  2  0  2  1  0  0
    6  2.7622275366104348e-09   0  3  0  2  1  0  0
    6 -2.6989529491995013e-07   1  0  2  2  1  0  0
    6  2.6989529491995013e-07   0  1  2  2  1  0  0
    6  1.9065321427381391e-08   1  0  1  3  1  0  0
    6 -5.5718244828522221e-08   0  1  1  3  1  0  0
    6  1.6357239788491396e-08   1  0  0  4  1  0  0
    6 -1.2907186577501305e-08   0  1  0  4  1  0  0
    6  7.8137013478019498e-08   4  0  0  0  2  0  0
    6 -5.2886265612983208e-08   3  1  0  0  2  0  0
    6  5.2886265612983208e-08   1  3  0  0  2  0  0
    6 -7.8137013478019498e-08   0  4  0  0  2  0  0
    6 -8.1950836791915009e-08   2  0  2  0  2  0  0
    6  1.6696393067318158e-08   1  1  2  0  2  0  0
    6 -5.4087182567125915e-09   0  2  2  0  2  0  0
    6 -7.9432965890780567e-09   0  0  4  0  2  0  0
    6 -1.5292992039601120e-08   2  0  1  1  2  0  0
    6  1.5292992039601120e-08   0  2  1  1  2  0  0
    6 -4.9900699932188357e-09   0  0  3  1  2  0  0
    6  5.4087182567125915e-09   2  0  0  2  2  0  0
    6 -1.6696393067318158e-08   1  1  0  2  2  0  0
    6  8.1950836791915009e-08   0  2  0  2  2  0  0
    6  4.9900699932188357e-09   0  0  1  3  2  0  0
    6  7.9432965890780567e-09   0  0  0  4  2  0  0
    6 -4.2238349633964383e-08   3  0  0  0  3  0  0
    6  2.1627684665720039e-07   2  1  0  0  3  0  0
    6 -2.1627684665720039e-07   1  2  0  0  3  0  0
    6  4.2238349633964383e-08   0  3  0  0  3  0  0
    6  5.4228933519292107e-08   1  0  2  0  3  0  0
    6  3.8589795300670711e-08   0  1  2  0  3  0  0
    6 -1.6468880276034063e-07   1  0  1  1  3  0  0
    6  1.6468880276034063e-07   0  1  1  1  3  0  0
    6 -3.8589795300670711e-08   1  0  0  2  3  0  0
    6 -5.4228933519292107e-08   0  1  0  2  3  0  0
    6 -3.3567372457127791e-08   2  0  0  0  4  0  0
    6  3.3567372457127791e-08   0  2  0  0  4  0  0
    6  1.1762236891485947e-08   0  0  2  0  4  0  0
    6 -1.1762236891485947e-08   0  0  0  2  4  0  0
    6  5.0794900335565650e-21   1  0  0  0  5  0  0
    6 -5.0794900335565650e-21   0  1  0  0  5  0  0
    7 -3.2513175255352615e-09   7  0  0  0  0  0  0
    7 -2.1053396039684235e-08   6  1  0  0  0  0  0
    7  1.5210471382950990e-08   5  2  0  0  0  0  0
    7 -8.4776093950630514e-08   4  3  0  0  0  0  0
    7  8.4776093950630514e-08   3  4  0  0  0  0  0
    7 -1.5210471382950990e-08   2  5  0  0  0  0  0
    7  2.1053396039684235e-08   1  6  0  0  0  0  0
    7  3.2513175255352615e-09   0  7  0  0  0  0  0
    7 -9.4220096519892501e-08   5  0  2  0  0  0  0
    7  4.4594922838538932e-08   4  1  2  0  0  0  0
    7 -1.5279566997857497e-07   3  2  2  0  0  0  0
    7  7.2360428886419064e-08   2  3  2  0  0  0  0
    7  4.2209403911953434e-09   1  4  2  0  0  0  0
    7 -9.5102133126720205e-10   0  5  2  0  0  0  0
    7 -3.5236063926699283e-09   3  0  4  0  0  0  0
    7 -7.4844912848851525e-09   2  1  4  0  0  0  0
    7  1.4713903151359948e-08   1  2  4  0  0  0  0
    7  2.9792045595643586e-10   0  3  4  0  0  0  0
    7  5.7644209210369621e-11   1  0  6  0  0  0  0
    7 -1.4486376592550070e-09   0  1  6  0  0  0  0
    7 -1.1271663251851612e-08   5  0  1  1  0  0  0
    7  2.1014256041397578e-09   4  1  1  1  0  0  0
    7 -1.2525778477323754e-07   3  2  1  1  0  0  0
    7  1.2525778477323754e-07   2  3  1  1  0  0  0
    7 -2.1014256041397578e-09   1  4  1  1  0  0  0
    7  1.1271663251851612e-08   0  5  1  1  0  0  0
    7 -1.1516537840959274e-08   3  0  3  1  0  0  0
    7 -1.2440005866428331e-07   2  1  3  1  0  0  0
    7  3.6353992896957526e-08   1  2  3  1  0  0  0
    7  7.6337524562477832e-10   0  3  3  1  0  0  0
    7 -1.0188123522874969e-09   1  0  5  1  0  0  0
    7  1.9653215807420331e-09   0  1  5  1  0  0  0
    7  9.5102133126720205e-10   5  0  0  2  0  0  0
    7 -4.2209403911953434e-09   4  1  0  2  0  0  0
    7 -7.2360428886419064e-08   3  2  0  2  0  0  0
    7  1.5279566997857497e-07   2  3  0  2  0  0  0
    7 -4.4594922838538932e-08   1  4  0  2  0  0  0
    7  9.4220096519892501e-08   0  5  0  2  0  0  0
    7 -2.4256763643865422e-08   3  0  2  2  0  0  0
    7  1.2420535930090191e-07   2  1  2  2  0  0  0
    7 -1.2420535930090191e-07   1  2  2  2  0  0  0
    7  2.4256763643865422e-08   0  3  2  2  0  0  0
    7 -4.4035813147544306e-08   1  0  4  2  0  0  0
    7  6.9481055984267763e-09   0  1  4  2  0  0  0
    7 -7.6337524562477832e-10   3  0  1  3  0  0  0
    7 -3.6353992896957526e-08   2  1  1  3  0  0  0
    7  1.2440005866428331e-07   1  2  1  3  0  0  0
    7  1.1516537840959274e-08   0  3  1  3  0  0  0
    7  5.6205038823274472e-08   1  0  3  3  0  0  0
    7 -5.6205038823274472e-08   0  1  3  3  0  0  0
    7 -2.9792045595643586e-10   3  0  0  4  0  0  0
    7 -1.4713903151359948e-08   2  1  0  4  0  0  0
    7  7.4844912848851525e-09   1  2  0  4  0  0  0
    7  3.5236063926699283e-09   0  3  0  4  0  0  0
    7 -6.9481055984267763e-09   1  0  2  4  0  0  0
    7  4.4035813147544306e-08   0  1  2  4  0  0  0
    7 -1.9653215807420331e-09   1  0  1  5  0  0  0
    7  1.0188123522874969e-09   0  1  1  5  0  0  0
    7  1.4486376592550070e-09   1  0  0  6  0  0  0
    7 -5.7644209210369621e-11   0  1  0  6  0  0  0
    7  4.6911074189580267e-09   6  0  0  0  1  0  0
    7  2.0407599564508980e-08   5  1  0  0  1  0  0
    7  3.1230784216600427e-08   4  2  0  0  1  0  0
    7 -3.1230784216600427e-08   2  4  0  0  1  0  0
    7 -2.0407599564508980e-08   1  5  0  0  1  0  0
    7 -4.6911074189580267e-09   0  6  0  0  1  0  0
    7 -4.0440780268774954e-07   4  0  2  0  1  0  0
    7  8.5500362672209616e-08   3  1  2  0  1  0  0
    7  1.1026907985774314e-08   2  2  2  0  1  0  0
    7  3.6390296199814647e-08   1  3  2  0  1  0  0
    7  4.0528209714908587e-09   0  4  2  0  1  0  0
    7 -2.3437202519435820e-09   2  0  4  0  1  0  0
    7 -1.8304427478588151e-09   1  1  4  0  1  0  0
    7  3.4993952894013868e-09   0  2  4  0  1  0  0
    7 -2.3379156838909320e-10   0  0  6  0  1  0  0
    7 -5.8196913983937642e-08   4  0  1  1  1  0  0
    7 -9.5176113773779345e-08   3  1  1  1  1  0  0
    7  9.5176113773779345e-08   1  3  1  1  1  0  0
    7  5.8196913983937642e-08   0  4  1  1  1  0  0
    7  1.6797041243587241e-08   2  0  3  1  1  0  0
    7 -5.7731930597848157e-08   1  1  3  1  1  0  0
    7  2.4939100980159284e-08   0  2  3  1  1  0  0
    7  3.8853703381474062e-09   0  0  5  1  1  0  0
    7 -4.0528209714908587e-09   4  0  0  2  1  0  0
    7 -3.6390296199814647e-08   3  1  0  2  1  0  0
    7 -1.1026907985774314e-08   2  2  0  2  1  0  0
    7 -8.5500362672209616e-08   1  3  0  2  1  0  0
    7  4.0440780268774954e-07   0  4  0  2  1  0  0
    7 -5.9006912620597541e-08   2  0  2  2  1  0  0
    7  5.9006912620597541e-08   0  2  2  2  1  0  0
    7 -4.4175684212508638e-09   0  0  4  2  1  0  0
    7 -2.4939100980159284e-08   2  0  1  3  1  0  0
    7  5.7731930597848157e-08   1  1  1  3  1  0  0
    7 -1.6797041243587241e-08   0  2  1  3  1  0  0
    7 -3.4993952894013868e-09   2  0  0  4  1  0  0
    7  1.8304427478588151e-09   1  1  0  4  1  0  0
    7  2.3437202519435820e-09   0  2  0  4  1  0  0
    7  4.4175684212508638e-09   0  0  2  4  1  0  0
    7 -3.8853703381474062e-09   0  0  1  5  1  0  0
    7  2.3379156838909320e-10   0  0  0  6  1  0  0
    7 -9.6090414666550530e-08   5  0  0  0  2  0  0
    7  6.8344395076767956e-08   4  1  0  0  2  0  0
    7 -3.6609443126528458e-07   3  2  0  0  2  0  0
    7  3.6609443126528458e-07   2  3  0  0  2  0  0
    7 -6.8344395076767956e-08   1  4  0  0  2  0  0
    7  9.6090414666550530e-08   0  5  0  0  2  0  0
    7  9.6985163290453977e-09   3  0  2  0  2  0  0
    7  5.6164531991814707e-08   2  1  2  0  2  0  0
    7 -7.3578403542790285e-08   1  2  2  0  2  0  0
    7 -9.8192432470684974e-09   0  3  2  0  2  0  0
    7 -4.8307229805967356e-09   1  0  4  0  2  0  0
    7  6.1512307276982320e-09   0  1  4  0  2  0  0
    7  4.8259110768054580e-08   3  0  1  1  2  0  0
    7 -1.0048181782473910e-06   2  1  1  1  2  0  0
    7  1.0048181782473910e-06   1  2  1  1  2  0  0
    7 -4.8259110768054580e-08   0  3  1  1  2  0  0
    7  1.4463477845977773e-08   1  0  3  1  2  0  0
    7 -1.9581407785994571e-08   0  1  3  1  2  0  0
    7  9.8192432470684974e-09   3  0  0  2  2  0  0
    7  7.3578403542790285e-08   2  1  0  2  2  0  0
    7 -5.6164531991814707e-08   1  2  0  2  2  0  0
    7 -9.6985163290453977e-09   0  3  0  2  2  0  0
    7 -1.3601255255649276e-07   1  0  2  2  2  0  0
    7  1.3601255255649276e-07   0  1  2  2  2  0  0
    7  1.9581407785994571e-08   1  0  1  3  2  0  0
    7 -1.4463477845977773e-08   0  1  1  3  2  0  0
    7 -6.1512307276982320e-09   1  0  0  4  2  0  0
    7  4.8307229805967356e-09   0  1  0  4  2  0  0
    7 -3.2143837777936497e-08   4  0  0  0  3  0  0
    7 -1.3880851077713002e-09   3  1  0  0  3  0  0
    7  1.3880851077713002e-09   1  3  0  0  3  0  0
    7  3.2143837777936497e-08   0  4  0  0  3  0  0
    7 -1.7593271717462821e-08   2  0  2  0  3  0  0
    7  7.9143586611275082e-08   1  1  2  0  3  0  0
    7 -3.7694959155116692e-08   0  2  2  0  3  0  0
    7 -6.4346372265088949e-09   0  0  4  0  3  0  0
    7  6.7112103156842777e-08   2  0  1  1  3  0  0
    7 -6.7112103156842777e-08   0  2  1  1  3  0  0
    7 -2.3174233546289626e-08   0  0  3  1  3  0  0
    7  3.7694959155116692e-08   2  0  0  2  3  0  0
    7 -7.9143586611275082e-08   1  1  0  2  3  0  0
    7  1.7593271717462821e-08   0  2  0  2  3  0  0
    7  2.3174233546289626e-08   0  0  1  3  3  0  0
    7  6.4346372265088949e-09   0  0  0  4  3  0  0
    7  3.7567844918344253e-08   3  0  0  0  4  0  0
    7 -1.6751633618441591e-07   2  1  0  0  4  0  0
    7  1.6751633618441591e-07   1  2  0  0  4  0  0
    7 -3.7567844918344253e-08   0  3  0  0  4  0  0
    7 -2.1960808200935812e-08   1  0  2  0  4  0  0
    7 -2.8789789252848636e-09   0  1  2  0  4  0  0
    7 -9.7937179396892401e-08   1  0  1  1  4  0  0
    7  9.7937179396892401e-08   0  1  1  1  4  0  0
    7  2.8789789252848636e-09   1  0  0  2  4  0  0
    7  2.1960808200935812e-08   0  1  0  2  4  0  0
    7  1.9903796265586524e-08   2  0  0  0  5  0  0
    7 -1.9903796265586524e-08   0  2  0  0  5  0  0
    7  4.7618268204310014e-09   0  0  2  0  5  0  0
    7 -4.7618268204310014e-09   0  0  0  2  5  0  0
    7  1.2957282570873075e-21   1  0  0  0  6  0  0
    7 -1.2957282570873075e-21   0  1  0  0  6  0  0
    8  1.0200766685331258e-09   8  0  0  0  0  0  0
    8  4.0800506834656311e-09   7  1  0  0  0  0  0
    8 -9.9776013925591005e-09   6  2  0  0  0  0  0
    8  7.0949446053684970e-09   5  3  0  0  0  0  0
    8 -7.0949446053684970e-09   3  5  0  0  0  0  0
    8  9.9776013925591005e-09   2  6  0  0  0  0  0
    8 -4.0800506834656311e-09   1  7  0  0  0  0  0
    8 -1.0200766685331258e-09   0  8  0  0  0  0  0
    8  1.2796998497847881e-08   6  0  2  0  0  0  0
    8  1.7504510445807766e-07   5  1  2  0  0  0  0
    8 -6.2917790010712439e-08   4  2  2  0  0  0  0
    8  1.2194402332185764e-08   3  3  2  0  0  0  0
    8 -7.4452675724614608e-09   2  4  2  0  0  0  0
    8 -9.4326146199854632e-09   1  5  2  0  0  0  0
    8 -3.7983951562167848e-09   0  6  2  0  0  0  0
    8 -1.6993506193093536e-09   4  0  4  0  0  0  0
    8  7.7138239555485304e-09   3  1  4  0  0  0  0
    8 -1.4645569304638774e-08   2  2  4  0  0  0  0
    8 -2.6306804874972225e-09   1  3  4  0  0  0  0
    8 -4.8458563025827785e-09   0  4  4  0  0  0  0
    8 -4.3878555427382790e-10   2  0  6  0  0  0  0
    8 -2.7830735252215370e-09   1  1  6  0  0  0  0
    8  4.4102631651561597e-09   0  2  6  0  0  0  0
    8 -1.6649612762967125e-10   0  0  8  0  0  0  0
    8 -1.0502281132204102e-09   6  0  1  1  0  0  0
    8 -1.2855359274282381e-08   5  1  1  1  0  0  0
    8  7.5700424911108487e-08   4  2  1  1  0  0  0
    8 -7.5700424911108487e-08   2  4  1  1  0  0  0
    8  1.2855359274282381e-08   1  5  1  1  0  0  0
    8  1.0502281132204102e-09   0  6  1  1  0  0  0
    8  1.0003134909606971e-07   4  0  3  1  0  0  0
    8 -1.7685319275420427e-08   3  1  3  1  0  0  0
    8  1.7560760118622783e-08   2  2  3  1  0  0  0
    8 -1.8169817287455273e-08   1  3  3  1  0  0  0
    8  6.8837446182276282e-09   0  4  3  1  0  0  0
    8  1.7287507344794490e-09   2  0  5  1  0  0  0
    8 -4.9846970549013539e-10   1  1  5  1  0  0  0
    8 -4.7478160011337468e-09   0  2  5  1  0  0  0
    8  1.4585737694193137e-09   0  0  7  1  0  0  0
    8  3.7983951562167848e-09   6  0  0  2  0  0  0
    8  9.4326146199854632e-09   5  1  0  2  0  0  0
    8  7.4452675724614608e-09   4  2  0  2  0  0  0
    8 -1.2194402332185764e-08   3  3  0  2  0  0  0
    8  6.2917790010712439e-08   2  4  0  2  0  0  0
    8 -1.7504510445807766e-07   1  5  0  2  0  0  0
    8 -1.2796998497847881e-08   0  6  0  2  0  0  0
    8  6.0005556245159402e-09   4  0  2  2  0  0  0
    8  4.4499648526348942e-08   3  1  2  2  0  0  0
    8 -4.4499648526348942e-08   1  3  2  2  0  0  0
    8 -6.0005556245159402e-09   0  4  2  2  0  0  0
    8 -1.8264964702819479e-09   2  0  4  2  0  0  0
    8  9.8780103086120429e-09   1  1  4  2  0  0  0
    8 -1.4148805850625213e-08   0  2  4  2  0  0  0
    8 -5.9855458756225432e-10   0  0  6  2  0  0  0
    8 -6.8837446182276282e-09   4  0  1  3  0  0  0
    8  1.8169817287455273e-08   3  1  1  3  0  0  0
    8 -1.7560760118622783e-08   2  2  1  3  0  0  0
    8  1.7685319275420427e-08   1  3  1  3  0  0  0
    8 -1.0003134909606971e-07   0  4  1  3  0  0  0
    8  1.3971673069343926e-08   2  0  3  3  0  0  0
    8 -1.3971673069343926e-08   0  2  3  3  0  0  0
    8  3.4322595602851734e-09   0  0  5  3  0  0  0
    8  4.8458563025827785e-09   4  0  0  4  0  0  0
    8  2.6306804874972225e-09   3  1  0  4  0  0  0
    8  1.4645569304638774e-08   2  2  0  4  0  0  0
    8 -7.7138239555485304e-09   1  3  0  4  0  0  0
    8  1.6993506193093536e-09   0  4  0  4  0  0  0
    8  1.4148805850625213e-08   2  0  2  4  0  0  0
    8 -9.8780103086120429e-09   1  1  2  4  0  0  0
    8  1.8264964702819479e-09   0  2  2  4  0  0  0
    8  4.7478160011337468e-09   2  0  1  5  0  0  0
    8  4.9846970549013539e-10   1  1  1  5  0  0  0
    8 -1.7287507344794490e-09   0  2  1  5  0  0  0
    8 -3.4322595602851734e-09   0  0  3  5  0  0  0
    8 -4.4102631651561597e-09   2  0  0  6  0  0  0
    8  2.7830735252215370e-09   1  1  0  6  0  0  0
    8  4.3878555427382790e-10   0  2  0  6  0  0  0
    8  5.9855458756225432e-10   0  0  2  6  0  0  0
    8 -1.4585737694193137e-09   0  0  1  7  0  0  0
    8  1.6649612762967125e-10   0  0  0  8  0  0  0
    8 -1.4927939935955146e-09   7  0  0  0  1  0  0
    8  3.1796770074755465e-08   6  1  0  0  1  0  0
    8 -2.6712267489930292e-08   5  2  0  0  1  0  0
    8  1.6318666941938158e-07   4  3  0  0  1  0  0
    8 -1.6318666941938158e-07   3  4  0  0  1  0  0
    8  2.6712267489930292e-08   2  5  0  0  1  0  0
    8 -3.1796770074755465e-08   1  6  0  0  1  0  0
    8  1.4927939935955146e-09   0  7  0  0  1  0  0
    8  1.4680633530040083e-06   5  0  2  0  1  0  0
    8  7.2177243829059391e-08   4  1  2  0  1  0  0
    8 -1.3720483420836883e-09   3  2  2  0  1  0  0
    8 -5.8194681287703191e-08   2  3  2  0  1  0  0
    8  2.6696394322170308e-08   1  4  2  0  1  0  0
    8  1.6441315748747664e-09   0  5  2  0  1  0  0
    8  1.0355399077100544e-08   3  0  4  0  1  0  0
    8  1.4162703022845267e-08   2  1  4  0  1  0  0
    8 -2.1291744527762576e-08   1  2  4  0  1  0  0
    8 -1.0001701756919150e-08   0  3  4  0  1  0  0
    8  1.4665577409243903e-10   1  0  6  0  1  0  0
    8 -4.6295614458323819e-09   0  1  6  0  1  0  0
    8  3.6373532408957448e-08   5  0  1  1  1  0  0
    8  4.4105263649040622e-08   4  1  1  1  1  0  0
    8  6.8058873038065330e-07   3  2  1  1  1  0  0
    8 -6.8058873038065330e-07   2  3  1  1  1  0  0
    8 -4.4105263649040622e-08   1  4  1  1  1  0  0
    8 -3.6373532408957448e-08   0  5  1  1  1  0  0
    8 -2.4473970842808538e-08   3  0  3  1  1  0  0
    8 -7.4316981805692049e-08   2  1  3  1  1  0  0
    8 -3.8618597483755502e-08   1  2  3  1  1  0  0
    8  7.0208825611854492e-09   0  3  3  1  1  0  0
    8  8.0840240016763369e-11   1  0  5  1  1  0  0
    8 -8.2703667116681568e-09   0  1  5  1  1  0  0
    8 -1.6441315748747664e-09   5  0  0  2  1  0  0
    8 -2.6696394322170308e-08   4  1  0  2  1  0  0
    8  5.8194681287703191e-08   3  2  0  2  1  0  0
    8  1.3720483420836883e-09   2  3  0  2  1  0  0
    8 -7.2177243829059391e-08   1  4  0  2  1  0  0
    8 -1.4680633530040083e-06   0  5  0  2  1  0  0
    8  9.6377995836433759e-10   3  0  2  2  1  0  0
    8  6.7186087537129661e-07   2  1  2  2  1  0  0
    8 -6.7186087537129661e-07   1  2  2  2  1  0  0
    8 -9.6377995836433759e-10   0  3  2  2  1  0  0
    8 -9.2346393503552191e-09   1  0  4  2  1  0  0
    8 -8.0437916355057555e-09   0  1  4  2  1  0  0
    8 -7.0208825611854492e-09   3  0  1  3  1  0  0
    8  3.8618597483755502e-08   2  1  1  3  1  0  0
    8  7.4316981805692049e-08   1  2  1  3  1  0  0
    8  2.4473970842808538e-08   0  3  1  3  1  0  0
    8  1.0392015408740380e-07   1  0  3  3  1  0  0
    8 -1.0392015408740380e-07   0  1  3  3  1  0  0
    8  1.0001701756919150e-08   3  0  0  4  1  0  0
    8  2.1291744527762576e-08   2  1  0  4  1  0  0
    8 -1.4162703022845267e-08   1  2  0  4  1  0  0
    8 -1.0355399077100544e-08   0  3  0  4  1  0  0
    8  8.0437916355057555e-09   1  0  2  4  1  0  0
    8  9.2346393503552191e-09   0  1  2  4  1  0  0
    8  8.2703667116681568e-09   1  0  1  5  1  0  0
    8 -8.0840240016763369e-11   0  1  1  5  1  0  0
    8  4.6295614458323819e-09   1  0  0  6  1  0  0
    8 -1.4665577409243903e-10   0  1  0  6  1  0  0
    8 -9.9820539440442925e-09   6  0  0  0  2  0  0
    8 -6.8671346947513982e-08   5  1  0  0  2  0  0
    8  3.4616146332438499e-08   4  2  0  0  2  0  0
    8 -3.4616146332438499e-08   2  4  0  0  2  0  0
    8  6.8671346947513982e-08   1  5  0  0  2  0  0
    8  9.9820539440442925e-09   0  6  0  0  2  0  0
    8 -7.7670421641077748e-07   4  0  2  0  2  0  0
    8  1.9258983932896833e-07   3  1  2  0  2  0  0
    8 -5.0648860603172705e-08   2  2  2  0  2  0  0
    8  1.6416994895694645e-08   1  3  2  0  2  0  0
    8  4.9772778131703214e-10   0  4  2  0  2  0  0
    8  5.8261089782394923e-09   2  0  4  0  2  0  0
    8  1.6601389926746026e-08   1  1  4  0  2  0  0
    8  3.5070659954388363e-09   0  2  4  0  2  0  0
    8 -2.2536788879984419e-10   0  0  6  0  2  0  0
    8  1.2848144976372076e-08   4  0  1  1  2  0  0
    8  2.7969862310795957e-07   3  1  1  1  2  0  0
    8 -2.7969862310795957e-07   1  3  1  1  2  0  0
    8 -1.2848144976372076e-08   0  4  1  1  2  0  0
    8  2.6061764339795373e-08   2  0  3  1  2  0  0
    8 -3.6283325620524263e-08   1  1  3  1  2  0  0
    8  3.5545669052504095e-08   0  2  3  1  2  0  0
    8  1.8246415342906334e-09   0  0  5  1  2  0  0
    8 -4.9772778131703214e-10   4  0  0  2  2  0  0
    8 -1.6416994895694645e-08   3  1  0  2  2  0  0
    8  5.0648860603172705e-08   2  2  0  2  2  0  0
    8 -1.9258983932896833e-07   1  3  0  2  2  0  0
    8  7.7670421641077748e-07   0  4  0  2  2  0  0
    8  3.4933845081360956e-08   2  0  2  2  2  0  0
    8 -3.4933845081360956e-08   0  2  2  2  2  0  0
    8  6.7305648218545993e-09   0  0  4  2  2  0  0
    8 -3.5545669052504095e-08   2  0  1  3  2  0  0
    8  3.6283325620524263e-08   1  1  1  3  2  0  0
    8 -2.6061764339795373e-08   0  2  1  3  2  0  0
    8 -3.5070659954388363e-09   2  0  0  4  2  0  0
    8 -1.6601389926746026e-08   1  1  0  4  2  0  0
    8 -5.8261089782394923e-09   0  2  0  4  2  0  0
    8 -6.7305648218545993e-09   0  0  2  4  2  0  0
    8 -1.8246415342906334e-09   0  0  1  5  2  0  0
    8  2.2536788879984419e-10   0  0  0  6  2  0  0
    8  7.8642380898513544e-08   5  0  0  0  3  0  0
    8 -8.5439490153540636e-08   4  1  0  0  3  0  0
    8  3.3292025108436216e-07   3  2  0  0  3  0  0
    8 -3.3292025108436216e-07   2  3  0  0  3  0  0
    8  8.5439490153540636e-08   1  4  0  0  3  0  0
    8 -7.8642380898513544e-08   0  5  0  0  3  0  0
    8  1.5264578368286090e-11   3  0  2  0  3  0  0
    8  2.7544718081374226e-08   2  1  2  0  3  0  0
    8  6.9199683367968621e-08   1  2  2  0  3  0  0
    8  3.7225367994595244e-09   0  3  2  0  3  0  0
    8 -3.9084885516826280e-09   1  0  4  0  3  0  0
    8  6.7377883002582632e-10   0  1  4  0  3  0  0
    8 -3.2602722750421403e-08   3  0  1  1  3  0  0
    8  1.0371308302702999e-06   2  1  1  1  3  0  0
    8 -1.0371308302702999e-06   1  2  1  1  3  0  0
    8  3.2602722750421403e-08   0  3  1  1  3  0  0
    8 -4.7669130379152537e-09   1  0  3  1  3  0  0
    8  2.9425861560995377e-08   0  1  3  1  3  0  0
    8 -3.7225367994595244e-09   3  0  0  2  3  0  0
    8 -6.9199683367968621e-08   2  1  0  2  3  0  0
    8 -2.7544718081374226e-08   1  2  0  2  3  0  0
    8 -1.5264578368286090e-11   0  3  0  2  3  0  0
    8  2.0197106009563291e-07   1  0  2  2  3  0  0
    8 -2.0197106009563291e-07   0  1  2  2  3  0  0
    8 -2.9425861560995377e-08   1  0  1  3  3  0  0
    8  4.7669130379152537e-09   0  1  1  3  3  0  0
    8 -6.7377883002582632e-10   1  0  0  4  3  0  0
    8  3.9084885516826280e-09   0  1  0  4  3  0  0
    8  1.6074203285327499e-08   4  0  0  0  4  0  0
    8  2.1045590060579608e-08   3  1  0  0  4  0  0
    8 -2.1045590060579608e-08   1  3  0  0  4  0  0
    8 -1.6074203285327499e-08   0  4  0  0  4  0  0
    8  3.3736111955046487e-08   2  0  2  0  4  0  0
    8 -1.8230662153423128e-08   1  1  2  0  4  0  0
    8 -4.8348940489024158e-09   0  2  2  0  4  0  0
    8  1.0142124107837755e-09   0  0  4  0  4  0  0
    8  4.5050823189959094e-08   2  0  1  1  4  0  0
    8 -4.5050823189959094e-08   0  2  1  1  4  0  0
    8 -9.0422699508081505e-09   0  0  3  1  4  0  0
    8  4.8348940489024158e-09   2  0  0  2  4  0  0
    8  1.8230662153423128e-08   1  1  0  2  4  0  0
    8 -3.3736111955046487e-08   0  2  0  2  4  0  0
    8  9.0422699508081505e-09   0  0  1  3  4  0  0
    8 -1.0142124107837755e-09   0  0  0  4  4  0  0
    8 -3.7352564432696217e-08   3  0  0  0  5  0  0
    8  1.6247736749264629e-07   2  1  0  0  5  0  0
    8 -1.6247736749264629e-07   1  2  0  0  5  0  0
    8  3.7352564432696217e-08   0  3  0  0  5  0  0
    8  2.2870983031194613e-08   1  0  2  0  5  0  0
    8 -5.6514575603086241e-09   0  1  2  0  5  0  0
    8  2.6069183997030709e-07   1  0  1  1  5  0  0
    8 -2.6069183997030709e-07   0  1  1  1  5  0  0
    8  5.6514575603086241e-09   1  0  0  2  5  0  0
    8 -2.2870983031194613e-08   0  1  0  2  5  0  0
    8 -1.5638847189790570e-09   2  0  0  0  6  0  0
    8  1.5638847189790570e-09   0  2  0  0  6  0  0
    8 -4.5973027669345687e-09   0  0  2  0  6  0  0
    8  4.5973027669345687e-09   0  0  0  2  6  0  0
    8 -3.2030752159579346e-21   1  0  0  0  7  0  0
    8  3.2030752159579346e-21   0  1  0  0  7  0  0
 -608  0.0000000000000000e+00   0  0  0  0  0  0  0

tpsa, NO = 8, NV = 7, INA = 58470
------------------------------------------------------------------

   |I|         a                i  i  i  i  i  i  i
                I                1  2  3  4  5  6  7

    3 -2.0010321838277961e-14   3  0  0  0  0  0  0
    3 -5.5934878543680582e-14   2  1  0  0  0  0  0
    3  5.5934878543680582e-14   1  2  0  0  0  0  0
    3  2.0010321838277961e-14   0  3  0  0  0  0  0
    3  3.1035032758457118e-14   1  0  2  0  0  0  0
    3  1.0179444874366954e-14   0  1  2  0  0  0  0
    3 -2.1816564092593419e-14   1  0  1  1  0  0  0
    3  2.1816564092593419e-14   0  1  1  1  0  0  0
    3 -1.0179444874366954e-14   1  0  0  2  0  0  0
    3 -3.1035032758457118e-14   0  1  0  2  0  0  0
    3 -2.8873564291175514e-13   2  0  0  0  1  0  0
    3  2.8873564291175514e-13   0  2  0  0  1  0  0
    3  5.5128091351707826e-14   0  0  2  0  1  0  0
    3 -5.5128091351707826e-14   0  0  0  2  1  0  0
    4 -2.4283951977814988e-17   4  0  0  0  0  0  0
    4  1.8421550489080647e-17   3  1  0  0  0  0  0
    4 -1.8421550489080647e-17   1  3  0  0  0  0  0
    4  2.4283951977814988e-17   0  4  0  0  0  0  0
    4  4.1022056770381650e-19   2  0  2  0  0  0  0
    4 -1.0882219718128694e-16   1  1  2  0  0  0  0
    4  1.6536180523155303e-17   0  2  2  0  0  0  0
    4  2.1600537383532907e-18   0  0  4  0  0  0  0
    4 -7.2232345164979475e-17   2  0  1  1  0  0  0
    4  7.2232345164979475e-17   0  2  1  1  0  0  0
    4 -2.2075499335245231e-17   0  0  3  1  0  0  0
    4 -1.6536180523155303e-17   2  0  0  2  0  0  0
    4  1.0882219718128694e-16   1  1  0  2  0  0  0
    4 -4.1022056770381650e-19   0  2  0  2  0  0  0
    4  2.2075499335245231e-17   0  0  1  3  0  0  0
    4 -2.1600537383532907e-18   0  0  0  4  0  0  0
    4  1.9614090552759087e-16   3  0  0  0  1  0  0
    4 -9.5691935647955684e-16   2  1  0  0  1  0  0
    4  9.5691935647955684e-16   1  2  0  0  1  0  0
    4 -1.9614090552759087e-16   0  3  0  0  1  0  0
    4 -3.5446396749509873e-16   1  0  2  0  1  0  0
    4  3.2458189505051130e-16   0  1  2  0  1  0  0
    4 -2.0132647236749056e-15   1  0  1  1  1  0  0
    4  2.0132647236749056e-15   0  1  1  1  1  0  0
    4 -3.2458189505051130e-16   1  0  0  2  1  0  0
    4  3.5446396749509873e-16   0  1  0  2  1  0  0
    4 -3.2542291376882484e-15   2  0  0  0  2  0  0
    4  3.2542291376882484e-15   0  2  0  0  2  0  0
    4  3.8702403513911107e-15   0  0  2  0  2  0  0
    4 -3.8702403513911107e-15   0  0  0  2  2  0  0
    5  6.7429507203610726e-20   5  0  0  0  0  0  0
    5  6.2150638087128932e-20   4  1  0  0  0  0  0
    5  1.5765475240528334e-19   3  2  0  0  0  0  0
    5 -1.5765475240528334e-19   2  3  0  0  0  0  0
    5 -6.2150638087128932e-20   1  4  0  0  0  0  0
    5 -6.7429507203610726e-20   0  5  0  0  0  0  0
    5  4.8015382532458610e-20   3  0  2  0  0  0  0
    5 -2.1381657386610132e-20   2  1  2  0  0  0  0
    5  4.9290208173478758e-20   1  2  2  0  0  0  0
    5  3.7664814299913466e-20   0  3  2  0  0  0  0
    5  1.3012248402122576e-20   1  0  4  0  0  0  0
    5 -1.9166930499450647e-20   0  1  4  0  0  0  0
    5  1.4875700674171424e-20   3  0  1  1  0  0  0
    5  1.9840069529705854e-19   2  1  1  1  0  0  0
    5 -1.9840069529705854e-19   1  2  1  1  0  0  0
    5 -1.4875700674171424e-20   0  3  1  1  0  0  0
    5  2.7906037644610490e-20   1  0  3  1  0  0  0
    5 -6.6053601136704242e-21   0  1  3  1  0  0  0
    5 -3.7664814299913466e-20   3  0  0  2  0  0  0
    5 -4.9290208173478758e-20   2  1  0  2  0  0  0
    5  2.1381657386610132e-20   1  2  0  2  0  0  0
    5 -4.8015382532458610e-20   0  3  0  2  0  0  0
    5  3.3243666063202760e-19   1  0  2  2  0  0  0
    5 -3.3243666063202760e-19   0  1  2  2  0  0  0
    5  6.6053601136704227e-21   1  0  1  3  0  0  0
    5 -2.7906037644610484e-20   0  1  1  3  0  0  0
    5  1.9166930499450647e-20   1  0  0  4  0  0  0
    5 -1.3012248402122576e-20   0  1  0  4  0  0  0
    5 -4.3972428511745096e-19   4  0  0  0  1  0  0
    5  7.2982259935908721e-20   3  1  0  0  1  0  0
    5 -7.2982259935908721e-20   1  3  0  0  1  0  0
    5  4.3972428511745096e-19   0  4  0  0  1  0  0
    5 -5.4415662622744191e-19   2  0  2  0  1  0  0
    5 -4.7779532566748630e-19   1  1  2  0  1  0  0
    5  6.7613302654767064e-19   0  2  2  0  1  0  0
    5 -1.7873805004521512e-20   0  0  4  0  1  0  0
    5  1.8693113410589416e-18   2  0  1  1  1  0  0
    5 -1.8693113410589416e-18   0  2  1  1  1  0  0
    5 -1.9147304136176177e-19   0  0  3  1  1  0  0
    5 -6.7613302654767064e-19   2  0  0  2  1  0  0
    5  4.7779532566748630e-19   1  1  0  2  1  0  0
    5  5.4415662622744191e-19   0  2  0  2  1  0  0
    5  1.9147304136176177e-19   0  0  1  3  1  0  0
    5  1.7873805004521512e-20   0  0  0  4  1  0  0
    5  4.2620469259804106e-19   3  0  0  0  2  0  0
    5 -5.6626592192692934e-18   2  1  0  0  2  0  0
    5  5.6626592192692934e-18   1  2  0  0  2  0  0
    5 -4.2620469259804106e-19   0  3  0  0  2  0  0
    5  9.5459924968174536e-19   1  0  2  0  2  0  0
    5  8.5017438109151795e-18   0  1  2  0  2  0  0
    5  2.0782799613411235e-17   1  0  1  1  2  0  0
    5 -2.0782799613411235e-17   0  1  1  1  2  0  0
    5 -8.5017438109151795e-18   1  0  0  2  2  0  0
    5 -9.5459924968174536e-19   0  1  0  2  2  0  0
    5  1.7406264704998069e-17   2  0  0  0  3  0  0
    5 -1.7406264704998069e-17   0  2  0  0  3  0  0
    5 -2.8645588001567994e-17   0  0  2  0  3  0  0
    5  2.8645588001567994e-17   0  0  0  2  3  0  0
    6 -2.9571246035417304e-23   6  0  0  0  0  0  0
    6  9.7406349507338568e-23   5  1  0  0  0  0  0
    6 -9.6245824016830912e-23   4  2  0  0  0  0  0
    6  9.6245824016830912e-23   2  4  0  0  0  0  0
    6 -9.7406349507338568e-23   1  5  0  0  0  0  0
    6  2.9571246035417304e-23   0  6  0  0  0  0  0
    6 -1.0916867271344364e-21   4  0  2  0  0  0  0
    6  8.8885137374044514e-23   3  1  2  0  0  0  0
    6  7.3866321608565007e-22   2  2  2  0  0  0  0
    6 -1.8600818833157374e-22   1  3  2  0  0  0  0
    6  8.6004964667807411e-24   0  4  2  0  0  0  0
    6  9.0906356431421368e-23   2  0  4  0  0  0  0
    6  1.0815144326468498e-22   1  1  4  0  0  0  0
    6  1.1795282801904588e-22   0  2  4  0  0  0  0
    6  1.6269959189344322e-23   0  0  6  0  0  0  0
    6  7.5817516445836435e-24   4  0  1  1  0  0  0
    6  1.6818840346287703e-22   3  1  1  1  0  0  0
    6 -1.6818840346287703e-22   1  3  1  1  0  0  0
    6 -7.5817516445836435e-24   0  4  1  1  0  0  0
    6  1.7453444466267854e-22   2  0  3  1  0  0  0
    6  3.6893649782001733e-22   1  1  3  1  0  0  0
    6 -7.2486493277595949e-23   0  2  3  1  0  0  0
    6 -6.8175846436173189e-24   0  0  5  1  0  0  0
    6 -8.6004964667807411e-24   4  0  0  2  0  0  0
    6  1.8600818833157374e-22   3  1  0  2  0  0  0
    6 -7.3866321608565007e-22   2  2  0  2  0  0  0
    6 -8.8885137374044514e-23   1  3  0  2  0  0  0
    6  1.0916867271344364e-21   0  4  0  2  0  0  0
    6 -3.1045531118969757e-23   2  0  2  2  0  0  0
    6  3.1045531118969757e-23   0  2  2  2  0  0  0
    6  9.4271148015562960e-24   0  0  4  2  0  0  0
    6  7.2486493277595937e-23   2  0  1  3  0  0  0
    6 -3.6893649782001729e-22   1  1  1  3  0  0  0
    6 -1.7453444466267851e-22   0  2  1  3  0  0  0
    6 -1.1795282801904588e-22   2  0  0  4  0  0  0
    6 -1.0815144326468498e-22   1  1  0  4  0  0  0
    6 -9.0906356431421368e-23   0  2  0  4  0  0  0
    6 -9.4271148015562960e-24   0  0  2  4  0  0  0
    6  6.8175846436173189e-24   0  0  1  5  0  0  0
    6 -1.6269959189344322e-23   0  0  0  6  0  0  0
    6  3.2561749482880419e-21   5  0  0  0  1  0  0
    6 -4.0036268496466979e-21   4  1  0  0  1  0  0
    6  1.2059255601532621e-20   3  2  0  0  1  0  0
    6 -1.2059255601532621e-20   2  3  0  0  1  0  0
    6  4.0036268496466979e-21   1  4  0  0  1  0  0
    6 -3.2561749482880419e-21   0  5  0  0  1  0  0
    6 -1.2412689809438966e-22   3  0  2  0  1  0  0
    6  8.1270052041922504e-21   2  1  2  0  1  0  0
    6 -4.1495436042101275e-21   1  2  2  0  1  0  0
    6 -8.0178633992363697e-22   0  3  2  0  1  0  0
    6  4.6968947711376634e-22   1  0  4  0  1  0  0
    6 -5.9523610022598210e-22   0  1  4  0  1  0  0
    6 -1.6746056951794048e-22   3  0  1  1  1  0  0
    6 -3.8246677472799296e-21   2  1  1  1  1  0  0
    6  3.8246677472799296e-21   1  2  1  1  1  0  0
    6  1.6746056951794048e-22   0  3  1  1  1  0  0
    6  2.0275737955801451e-21   1  0  3  1  1  0  0
    6 -6.9378255272468555e-22   0  1  3  1  1  0  0
    6  8.0178633992363697e-22   3  0  0  2  1  0  0
    6  4.1495436042101275e-21   2  1  0  2  1  0  0
    6 -8.1270052041922504e-21   1  2  0  2  1  0  0
    6  1.2412689809438966e-22   0  3  0  2  1  0  0
    6 -9.8214261632652333e-21   1  0  2  2  1  0  0
    6  9.8214261632652333e-21   0  1  2  2  1  0  0
    6  6.9378255272468546e-22   1  0  1  3  1  0  0
    6 -2.0275737955801447e-21   0  1  1  3  1  0  0
    6  5.9523610022598210e-22   1  0  0  4  1  0  0
    6 -4.6968947711376634e-22   0  1  0  4  1  0  0
    6  2.8892774161940622e-20   4  0  0  0  2  0  0
    6 -1.9555788743502155e-20   3  1  0  0  2  0  0
    6  1.9555788743502155e-20   1  3  0  0  2  0  0
    6 -2.8892774161940622e-20   0  4  0  0  2  0  0
    6 -2.4539099293066788e-20   2  0  2  0  2  0  0
    6  4.9995151160605749e-21   1  1  2  0  2  0  0
    6 -1.6195694826973090e-21   0  2  2  0  2  0  0
    6 -1.9260998364846820e-21   0  0  4  0  2  0  0
    6 -4.5792851523985337e-21   2  0  1  1  2  0  0
    6  4.5792851523985337e-21   0  2  1  1  2  0  0
    6 -1.2099980014848554e-21   0  0  3  1  2  0  0
    6  1.6195694826973090e-21   2  0  0  2  2  0  0
    6 -4.9995151160605749e-21   1  1  0  2  2  0  0
    6  2.4539099293066788e-20   0  2  0  2  2  0  0
    6  1.2099980014848554e-21   0  0  1  3  2  0  0
    6  1.9260998364846820e-21   0  0  0  4  2  0  0
    6 -1.0407301811532986e-19   3  0  0  0  3  0  0
    6  5.3289449931494957e-19   2  1  0  0  3  0  0
    6 -5.3289449931494957e-19   1  2  0  0  3  0  0
    6  1.0407301811532986e-19   0  3  0  0  3  0  0
    6  1.0820194368812369e-19   1  0  2  0  3  0  0
    6  7.6997473250584005e-20   0  1  2  0  3  0  0
    6 -3.2860038739282035e-19   1  0  1  1  3  0  0
    6  3.2860038739282035e-19   0  1  1  1  3  0  0
    6 -7.6997473250584005e-20   1  0  0  2  3  0  0
    6 -1.0820194368812369e-19   0  1  0  2  3  0  0
    6 -5.5112146881106292e-19   2  0  0  0  4  0  0
    6  5.5112146881106292e-19   0  2  0  0  4  0  0
    6  1.5638413557716191e-19   0  0  2  0  4  0  0
    6 -1.5638413557716191e-19   0  0  0  2  4  0  0
    7 -1.2190366284492598e-25   7  0  0  0  0  0  0
    7 -7.8936802462560121e-25   6  1  0  0  0  0  0
    7  5.7029562957693450e-25   5  2  0  0  0  0  0
    7 -3.1785626267204000e-24   4  3  0  0  0  0  0
    7  3.1785626267204000e-24   3  4  0  0  0  0  0
    7 -5.7029562957693450e-25   2  5  0  0  0  0  0
    7  7.8936802462560121e-25   1  6  0  0  0  0  0
    7  1.2190366284492598e-25   0  7  0  0  0  0  0
    7 -2.8607091503289214e-24   5  0  2  0  0  0  0
    7  1.3539903750309390e-24   4  1  2  0  0  0  0
    7 -4.6391798287540769e-24   3  2  2  0  0  0  0
    7  2.1970062511387927e-24   2  3  2  0  0  0  0
    7  1.2815612853395994e-25   1  4  2  0  0  0  0
    7 -1.8402008950585167e-25   2  1  4  0  0  0  0
    7  3.6176857876256301e-25   1  2  4  0  0  0  0
    7 -3.4223006975152418e-25   5  0  1  1  0  0  0
    7 -3.8030749732365068e-24   3  2  1  1  0  0  0
    7  3.8030749732365068e-24   2  3  1  1  0  0  0
    7  3.4223006975152418e-25   0  5  1  1  0  0  0
    7 -2.8315542681848060e-25   3  0  3  1  0  0  0
    7 -3.0586059971991657e-24   2  1  3  1  0  0  0
    7  8.9383029148598643e-25   1  2  3  1  0  0  0
    7 -1.2815612853395994e-25   4  1  0  2  0  0  0
    7 -2.1970062511387927e-24   3  2  0  2  0  0  0
    7  4.6391798287540769e-24   2  3  0  2  0  0  0
    7 -1.3539903750309390e-24   1  4  0  2  0  0  0
    7  2.8607091503289214e-24   0  5  0  2  0  0  0
    7 -5.9639749008471170e-25   3  0  2  2  0  0  0
    7  3.0538189525073598e-24   2  1  2  2  0  0  0
    7 -3.0538189525073598e-24   1  2  2  2  0  0  0
    7  5.9639749008471170e-25   0  3  2  2  0  0  0
    7 -8.7676208567620081e-25   1  0  4  2  0  0  0
    7  1.3833820975586694e-25   0  1  4  2  0  0  0
    7 -8.9383029148598624e-25   2  1  1  3  0  0  0
    7  3.0586059971991653e-24   1  2  1  3  0  0  0
    7  2.8315542681848056e-25   0  3  1  3  0  0  0
    7  1.1190538687021841e-24   1  0  3  3  0  0  0
    7 -1.1190538687021841e-24   0  1  3  3  0  0  0
    7 -3.6176857876256301e-25   2  1  0  4  0  0  0
    7  1.8402008950585167e-25   1  2  0  4  0  0  0
    7 -1.3833820975586694e-25   1  0  2  4  0  0  0
    7  8.7676208567620081e-25   0  1  2  4  0  0  0
    7  1.1720105500275721e-24   6  0  0  0  1  0  0
    7  5.0985662561645583e-24   5  1  0  0  1  0  0
    7  7.8025944235615861e-24   4  2  0  0  1  0  0
    7 -7.8025944235615861e-24   2  4  0  0  1  0  0
    7 -5.0985662561645583e-24   1  5  0  0  1  0  0
    7 -1.1720105500275721e-24   0  6  0  0  1  0  0
    7 -8.1817924783976358e-23   4  0  2  0  1  0  0
    7  1.7298039740145338e-23   3  1  2  0  1  0  0
    7  2.2309132568258450e-24   2  2  2  0  1  0  0
    7  7.3623171896164990e-24   1  3  2  0  1  0  0
    7  8.1994808014223765e-25   0  4  2  0  1  0  0
    7 -3.8397902067006018e-25   2  0  4  0  1  0  0
    7 -2.9988716150427358e-25   1  1  4  0  1  0  0
    7  5.7331687732248673e-25   0  2  4  0  1  0  0
    7 -1.1774131704065637e-23   4  0  1  1  1  0  0
    7 -1.9255593156759200e-23   3  1  1  1  1  0  0
    7  1.9255593156759200e-23   1  3  1  1  1  0  0
    7  1.1774131704065637e-23   0  4  1  1  1  0  0
    7  2.7519118126485761e-24   2  0  3  1  1  0  0
    7 -9.4584027910201482e-24   1  1  3  1  1  0  0
    7  4.0858509298676389e-24   0  2  3  1  1  0  0
    7  5.1547420139819304e-25   0  0  5  1  1  0  0
    7 -8.1994808014223765e-25   4  0  0  2  1  0  0
    7 -7.3623171896164990e-24   3  1  0  2  1  0  0
    7 -2.2309132568258450e-24   2  2  0  2  1  0  0
    7 -1.7298039740145338e-23   1  3  0  2  1  0  0
    7  8.1817924783976358e-23   0  4  0  2  1  0  0
    7 -9.6672870842975800e-24   2  0  2  2  1  0  0
    7  9.6672870842975800e-24   0  2  2  2  1  0  0
    7 -5.8608121128343606e-25   0  0  4  2  1  0  0
    7 -4.0858509298676381e-24   2  0  1  3  1  0  0
    7  9.4584027910201467e-24   1  1  1  3  1  0  0
    7 -2.7519118126485757e-24   0  2  1  3  1  0  0
    7 -5.7331687732248673e-25   2  0  0  4  1  0  0
    7  2.9988716150427358e-25   1  1  0  4  1  0  0
    7  3.8397902067006018e-25   0  2  0  4  1  0  0
    7  5.8608121128343606e-25   0  0  2  4  1  0  0
    7 -5.1547420139819304e-25   0  0  1  5  1  0  0
    7 -1.5996868846154072e-22   5  0  0  0  2  0  0
    7  1.1377787557757059e-22   4  1  0  0  2  0  0
    7 -6.0946397438086500e-22   3  2  0  0  2  0  0
    7  6.0946397438086500e-22   2  3  0  0  2  0  0
    7 -1.1377787557757059e-22   1  4  0  0  2  0  0
    7  1.5996868846154072e-22   0  5  0  0  2  0  0
    7  1.3074738399568432e-23   3  0  2  0  2  0  0
    7  7.5716381579722353e-23   2  1  2  0  2  0  0
    7 -9.9192324427890234e-23   1  2  2  0  2  0  0
    7 -1.3237492455692556e-23   0  3  2  0  2  0  0
    7 -5.2736661174317163e-24   1  0  4  0  2  0  0
    7  6.7152550869641826e-24   0  1  4  0  2  0  0
    7  6.5058945851175886e-23   3  0  1  1  2  0  0
    7 -1.3546128473661782e-21   2  1  1  1  2  0  0
    7  1.3546128473661782e-21   1  2  1  1  2  0  0
    7 -6.5058945851175886e-23   0  3  1  1  2  0  0
    7  1.5789676485885967e-23   1  0  3  1  2  0  0
    7 -2.1376884409930881e-23   0  1  3  1  2  0  0
    7  1.3237492455692556e-23   3  0  0  2  2  0  0
    7  9.9192324427890234e-23   2  1  0  2  2  0  0
    7 -7.5716381579722353e-23   1  2  0  2  2  0  0
    7 -1.3074738399568432e-23   0  3  0  2  2  0  0
    7 -1.4848394181236427e-22   1  0  2  2  2  0  0
    7  1.4848394181236427e-22   0  1  2  2  2  0  0
    7  2.1376884409930875e-23   1  0  1  3  2  0  0
    7 -1.5789676485885967e-23   0  1  1  3  2  0  0
    7 -6.7152550869641826e-24   1  0  0  4  2  0  0
    7  5.2736661174317163e-24   0  1  0  4  2  0  0
    7 -3.5657543241420326e-22   4  0  0  0  3  0  0
    7 -1.5398193922911265e-23   3  1  0  0  3  0  0
    7  1.5398193922911265e-23   1  3  0  0  3  0  0
    7  3.5657543241420326e-22   0  4  0  0  3  0  0
    7 -1.5804220864550689e-22   2  0  2  0  3  0  0
    7  7.1095515541646517e-22   1  1  2  0  3  0  0
    7 -3.3861777930500499e-22   0  2  2  0  3  0  0
    7 -4.6808350553817789e-23   0  0  4  0  3  0  0
    7  6.0287507520415471e-22   2  0  1  1  3  0  0
    7 -6.0287507520415471e-22   0  2  1  1  3  0  0
    7 -1.6857945669134443e-22   0  0  3  1  3  0  0
    7  3.3861777930500499e-22   2  0  0  2  3  0  0
    7 -7.1095515541646517e-22   1  1  0  2  3  0  0
    7  1.5804220864550689e-22   0  2  0  2  3  0  0
    7  1.6857945669134443e-22   0  0  1  3  3  0  0
    7  4.6808350553817789e-23   0  0  0  4  3  0  0
    7  2.7769543828934256e-21   3  0  0  0  4  0  0
    7 -1.2382536847260406e-20   2  1  0  0  4  0  0
    7  1.2382536847260406e-20   1  2  0  0  4  0  0
    7 -2.7769543828934256e-21   0  3  0  0  4  0  0
    7 -1.3145392937469444e-21   1  0  2  0  4  0  0
    7 -1.7233113137407357e-22   0  1  2  0  4  0  0
    7 -5.8623648755546551e-21   1  0  1  1  4  0  0
    7  5.8623648755546551e-21   0  1  1  1  4  0  0
    7  1.7233113137407357e-22   1  0  0  2  4  0  0
    7  1.3145392937469444e-21   0  1  0  2  4  0  0
    7  9.8036354619203329e-21   2  0  0  0  5  0  0
    7 -9.8036354619203329e-21   0  2  0  0  5  0  0
    7  1.8993177350992072e-21   0  0  2  0  5  0  0
    7 -1.8993177350992072e-21   0  0  0  2  5  0  0
    8  1.8355376772754649e-25   4  3  0  0  1  0  0
    8 -1.8355376772754649e-25   3  4  0  0  1  0  0
    8  1.3371995218603227e-24   5  0  2  0  1  0  0
    8  6.1992074319291925e-25   3  2  1  1  1  0  0
    8 -6.1992074319291925e-25   2  3  1  1  1  0  0
    8 -1.3371995218603227e-24   0  5  0  2  1  0  0
    8  4.9556834412107819e-25   2  1  2  2  1  0  0
    8 -4.9556834412107819e-25   1  2  2  2  1  0  0
    8 -5.1469857276237870e-25   5  1  0  0  2  0  0
    8  2.5945145834196783e-25   4  2  0  0  2  0  0
    8 -2.5945145834196783e-25   2  4  0  0  2  0  0
    8  5.1469857276237870e-25   1  5  0  0  2  0  0
    8 -4.7141766357135111e-24   4  0  2  0  2  0  0
    8  1.1689166888213169e-24   3  1  2  0  2  0  0
    8 -3.0741132883809355e-25   2  2  2  0  2  0  0
    8  1.6976201316247756e-24   3  1  1  1  2  0  0
    8 -1.6976201316247756e-24   1  3  1  1  2  0  0
    8  1.2809341140219092e-25   2  0  3  1  2  0  0
    8 -1.7833232221552505e-25   1  1  3  1  2  0  0
    8  1.7470674472165390e-25   0  2  3  1  2  0  0
    8  3.0741132883809355e-25   2  2  0  2  2  0  0
    8 -1.1689166888213169e-24   1  3  0  2  2  0  0
    8  4.7141766357135111e-24   0  4  0  2  2  0  0
    8  1.7169963366733088e-25   2  0  2  2  2  0  0
    8 -1.7169963366733088e-25   0  2  2  2  2  0  0
    8 -1.7470674472165388e-25   2  0  1  3  2  0  0
    8  1.7833232221552500e-25   1  1  1  3  2  0  0
    8 -1.2809341140219090e-25   0  2  1  3  2  0  0
    8  3.9276504030554662e-24   5  0  0  0  3  0  0
    8 -4.2671196383469395e-24   4  1  0  0  3  0  0
    8  1.6627095255982229e-23   3  2  0  0  3  0  0
    8 -1.6627095255982229e-23   2  3  0  0  3  0  0
    8  4.2671196383469395e-24   1  4  0  0  3  0  0
    8 -3.9276504030554662e-24   0  5  0  0  3  0  0
    8  1.1140053931505158e-24   2  1  2  0  3  0  0
    8  2.7986788700644808e-24   1  2  2  0  3  0  0
    8  1.5055249643681511e-25   0  3  2  0  3  0  0
    8 -1.2800607938916987e-25   1  0  4  0  3  0  0
    8 -1.3185689128515650e-24   3  0  1  1  3  0  0
    8  4.1945222852182628e-23   2  1  1  1  3  0  0
    8 -4.1945222852182628e-23   1  2  1  1  3  0  0
    8  1.3185689128515650e-24   0  3  1  1  3  0  0
    8 -1.5612015762716177e-25   1  0  3  1  3  0  0
    8  9.6372014942960869e-25   0  1  3  1  3  0  0
    8 -1.5055249643681511e-25   3  0  0  2  3  0  0
    8 -2.7986788700644808e-24   2  1  0  2  3  0  0
    8 -1.1140053931505158e-24   1  2  0  2  3  0  0
    8  6.6147113420061816e-24   1  0  2  2  3  0  0
    8 -6.6147113420061816e-24   0  1  2  2  3  0  0
    8 -9.6372014942960851e-25   1  0  1  3  3  0  0
    8  1.5612015762716174e-25   0  1  1  3  3  0  0
    8  1.2800607938916987e-25   0  1  0  4  3  0  0
    8  5.3493917186643501e-24   4  0  0  0  4  0  0
    8  7.0038373402452312e-24   3  1  0  0  4  0  0
    8 -7.0038373402452312e-24   1  3  0  0  4  0  0
    8 -5.3493917186643501e-24   0  4  0  0  4  0  0
    8  9.0916511666140635e-24   2  0  2  0  4  0  0
    8 -4.9130386173775627e-24   1  1  2  0  4  0  0
    8 -1.3029708396371272e-24   0  2  2  0  4  0  0
    8  2.2133466917647680e-25   0  0  4  0  4  0  0
    8  1.2140888367862043e-23   2  0  1  1  4  0  0
    8 -1.2140888367862043e-23   0  2  1  1  4  0  0
    8 -1.9733221629775537e-24   0  0  3  1  4  0  0
    8  1.3029708396371272e-24   2  0  0  2  4  0  0
    8  4.9130386173775627e-24   1  1  0  2  4  0  0
    8 -9.0916511666140635e-24   0  2  0  2  4  0  0
    8  1.9733221629775537e-24   0  0  1  3  4  0  0
    8 -2.2133466917647680e-25   0  0  0  4  4  0  0
    8 -8.2831235919286599e-23   3  0  0  0  5  0  0
    8  3.6030193275157038e-22   2  1  0  0  5  0  0
    8 -3.6030193275157038e-22   1  2  0  0  5  0  0
    8  8.2831235919286599e-23   0  3  0  0  5  0  0
    8  4.1070627646359257e-23   1  0  2  0  5  0  0
    8 -1.0148619707428191e-23   0  1  2  0  5  0  0
    8  4.6813805402510999e-22   1  0  1  1  5  0  0
    8 -4.6813805402510999e-22   0  1  1  1  5  0  0
    8  1.0148619707428191e-23   1  0  0  2  5  0  0
    8 -4.1070627646359257e-23   0  1  0  2  5  0  0
    8 -2.3108791134252400e-23   2  0  0  0  6  0  0
    8  2.3108791134252400e-23   0  2  0  0  6  0  0
    8 -5.5010854078493085e-23   0  0  2  0  6  0  0
    8  5.5010854078493085e-23   0  0  0  2  6  0  0
 -420  0.0000000000000000e+00   0  0  0  0  0  0  0
