
tpsa, NO = 8, NV = 7, INA = 48092
------------------------------------------------------------------

   |I|         a                i  i  i  i  i  i  i
                I                1  2  3  4  5  6  7

    2 -3.4533150608476505e-06   1  1  0  0  0  0  0
    2 -1.9081940231439509e-05   0  0  1  1  0  0  0
    2  4.3081904011897624e-05   0  0  0  0  2  0  0
    3 -2.2414503309412748e-07   3  0  0  0  0  0  0
    3 -2.0885096707617027e-07   2  1  0  0  0  0  0
    3 -2.0885096707617027e-07   1  2  0  0  0  0  0
    3 -2.2414503309412748e-07   0  3  0  0  0  0  0
    3  2.0959832128220908e-06   1  0  2  0  0  0  0
    3  5.9360760760271718e-07   0  1  2  0  0  0  0
    3 -1.0059290615302480e-07   1  0  1  1  0  0  0
    3 -1.0059290615302480e-07   0  1  1  1  0  0  0
    3  5.9360760760271718e-07   1  0  0  2  0  0  0
    3  2.0959832128220908e-06   0  1  0  2  0  0  0
    3 -3.2358278768277620e-07   2  0  0  0  1  0  0
    3 -1.2735746326642223e-06   1  1  0  0  1  0  0
    3 -3.2358278768277620e-07   0  2  0  0  1  0  0
    3  5.2059347219895467e-07   0  0  2  0  1  0  0
    3 -1.0313288682270610e-06   0  0  1  1  1  0  0
    3  5.2059347219895467e-07   0  0  0  2  1  0  0
    3 -6.2498131547133496e-21   1  0  0  0  2  0  0
    3 -6.2498131547133496e-21   0  1  0  0  2  0  0
    3 -3.6226176721276162e-07   0  0  0  0  3  0  0
    4 -6.8265109466082759e-08   4  0  0  0  0  0  0
    4 -2.8719057397265145e-08   3  1  0  0  0  0  0
    4  6.6497681704421198e-08   2  2  0  0  0  0  0
    4 -2.8719057397265145e-08   1  3  0  0  0  0  0
    4 -6.8265109466082759e-08   0  4  0  0  0  0  0
    4 -1.0282336744259798e-07   2  0  2  0  0  0  0
    4 -1.0569792264301858e-06   1  1  2  0  0  0  0
    4  4.7909601537370145e-07   0  2  2  0  0  0  0
    4  7.6829549575538968e-08   0  0  4  0  0  0  0
    4 -2.6888619266802002e-07   2  0  1  1  0  0  0
    4 -1.2306391879272663e-06   1  1  1  1  0  0  0
    4 -2.6888619266802002e-07   0  2  1  1  0  0  0
    4 -3.8279679516589747e-07   0  0  3  1  0  0  0
    4  4.7909601537370145e-07   2  0  0  2  0  0  0
    4 -1.0569792264301858e-06   1  1  0  2  0  0  0
    4 -1.0282336744259798e-07   0  2  0  2  0  0  0
    4  4.8658938809884903e-07   0  0  2  2  0  0  0
    4 -3.8279679516589747e-07   0  0  1  3  0  0  0
    4  7.6829549575538968e-08   0  0  0  4  0  0  0
    4 -2.3543524037446886e-10   3  0  0  0  1  0  0
    4 -3.1122971844108976e-07   2  1  0  0  1  0  0
    4 -3.1122971844108976e-07   1  2  0  0  1  0  0
    4 -2.3543524037446886e-10   0  3  0  0  1  0  0
    4 -5.2983930790981277e-07   1  0  2  0  1  0  0
    4  8.9281025535948151e-07   0  1  2  0  1  0  0
    4 -1.1636702043911421e-06   1  0  1  1  1  0  0
    4 -1.1636702043911421e-06   0  1  1  1  1  0  0
    4  8.9281025535948151e-07   1  0  0  2  1  0  0
    4 -5.2983930790981277e-07   0  1  0  2  1  0  0
    4 -2.4090251923607001e-07   2  0  0  0  2  0  0
    4  5.6550825652568708e-07   1  1  0  0  2  0  0
    4 -2.4090251923607001e-07   0  2  0  0  2  0  0
    4  1.2464036095040510e-06   0  0  2  0  2  0  0
    4 -2.2254947796751343e-07   0  0  1  1  2  0  0
    4  1.2464036095040510e-06   0  0  0  2  2  0  0
    4  9.8148247864378904e-21   1  0  0  0  3  0  0
    4  9.8148247864378904e-21   0  1  0  0  3  0  0
    4  1.0069815002208366e-06   0  0  0  0  4  0  0
    5  7.1569400396634128e-08   5  0  0  0  0  0  0
    5 -1.3680204652883032e-09   4  1  0  0  0  0  0
    5  4.3046892351471094e-08   3  2  0  0  0  0  0
    5  4.3046892351471094e-08   2  3  0  0  0  0  0
    5 -1.3680204652883032e-09   1  4  0  0  0  0  0
    5  7.1569400396634128e-08   0  5  0  0  0  0  0
    5  1.0645991302013490e-07   3  0  2  0  0  0  0
    5  3.3574858843358911e-08   2  1  2  0  0  0  0
    5  8.2429782594287879e-08   1  2  2  0  0  0  0
    5  3.7582326908889497e-08   0  3  2  0  0  0  0
    5  1.2881147083715409e-07   1  0  4  0  0  0  0
    5 -2.8495005865465728e-07   0  1  4  0  0  0  0
    5 -2.6654201105997567e-08   3  0  1  1  0  0  0
    5  2.6622101908598073e-07   2  1  1  1  0  0  0
    5  2.6622101908598073e-07   1  2  1  1  0  0  0
    5 -2.6654201105997567e-08   0  3  1  1  0  0  0
    5  2.0877621819723566e-07   1  0  3  1  0  0  0
    5 -1.6594202670225033e-07   0  1  3  1  0  0  0
    5  3.7582326908889497e-08   3  0  0  2  0  0  0
    5  8.2429782594287879e-08   2  1  0  2  0  0  0
    5  3.3574858843358911e-08   1  2  0  2  0  0  0
    5  1.0645991302013490e-07   0  3  0  2  0  0  0
    5  4.3690402441362968e-07   1  0  2  2  0  0  0
    5  4.3690402441362968e-07   0  1  2  2  0  0  0
    5 -1.6594202670225033e-07   1  0  1  3  0  0  0
    5  2.0877621819723566e-07   0  1  1  3  0  0  0
    5 -2.8495005865465728e-07   1  0  0  4  0  0  0
    5  1.2881147083715409e-07   0  1  0  4  0  0  0
    5 -1.0348248279235479e-07   4  0  0  0  1  0  0
    5 -1.1126418554436372e-08   3  1  0  0  1  0  0
    5  1.9039272109282536e-06   2  2  0  0  1  0  0
    5 -1.1126418554436372e-08   1  3  0  0  1  0  0
    5 -1.0348248279235479e-07   0  4  0  0  1  0  0
    5 -2.1127652236345494e-07   2  0  2  0  1  0  0
    5 -3.9767603341465885e-07   1  1  2  0  1  0  0
    5  2.0973222964181690e-08   0  2  2  0  1  0  0
    5 -1.1369075636401343e-07   0  0  4  0  1  0  0
    5 -2.1918944329481449e-07   2  0  1  1  1  0  0
    5  1.3166633086528563e-06   1  1  1  1  1  0  0
    5 -2.1918944329481449e-07   0  2  1  1  1  0  0
    5  9.8337592865860775e-08   0  0  3  1  1  0  0
    5  2.0973222964181690e-08   2  0  0  2  1  0  0
    5 -3.9767603341465885e-07   1  1  0  2  1  0  0
    5 -2.1127652236345494e-07   0  2  0  2  1  0  0
    5  1.2733947508103546e-07   0  0  2  2  1  0  0
    5  9.8337592865860775e-08   0  0  1  3  1  0  0
    5 -1.1369075636401343e-07   0  0  0  4  1  0  0
    5  7.0056770565728848e-08   3  0  0  0  2  0  0
    5 -1.3381495571659149e-07   2  1  0  0  2  0  0
    5 -1.3381495571659149e-07   1  2  0  0  2  0  0
    5  7.0056770565728848e-08   0  3  0  0  2  0  0
    5 -2.2109809250900092e-08   1  0  2  0  2  0  0
    5  6.6531662337075274e-07   0  1  2  0  2  0  0
    5 -4.2793691262746546e-07   1  0  1  1  2  0  0
    5 -4.2793691262746546e-07   0  1  1  1  2  0  0
    5  6.6531662337075274e-07   1  0  0  2  2  0  0
    5 -2.2109809250900092e-08   0  1  0  2  2  0  0
    5  3.3634563475301659e-08   2  0  0  0  3  0  0
    5  7.4382267373200752e-07   1  1  0  0  3  0  0
    5  3.3634563475301659e-08   0  2  0  0  3  0  0
    5 -2.4055535443536595e-07   0  0  2  0  3  0  0
    5 -3.9175317887026853e-07   0  0  1  1  3  0  0
    5 -2.4055535443536595e-07   0  0  0  2  3  0  0
    5  1.1484964452690992e-21   1  0  0  0  4  0  0
    5  1.1484964452690992e-21   0  1  0  0  4  0  0
    5 -2.0924262003542222e-07   0  0  0  0  5  0  0
    6 -2.4772968397210796e-08   6  0  0  0  0  0  0
    6  7.0990795337486541e-08   5  1  0  0  0  0  0
    6  2.9386894122785151e-08   4  2  0  0  0  0  0
    6 -6.1908226199918786e-07   3  3  0  0  0  0  0
    6  2.9386894122785151e-08   2  4  0  0  0  0  0
    6  7.0990795337486541e-08   1  5  0  0  0  0  0
    6 -2.4772968397210796e-08   0  6  0  0  0  0  0
    6 -1.0140135095037332e-06   4  0  2  0  0  0  0
    6  1.6975677776226987e-07   3  1  2  0  0  0  0
    6  4.8437928007630145e-07   2  2  2  0  0  0  0
    6 -5.8258649914707574e-08   1  3  2  0  0  0  0
    6  7.6667258402639564e-10   0  4  2  0  0  0  0
    6  1.0954678858414037e-07   2  0  4  0  0  0  0
    6  1.2653321426769700e-07   1  1  4  0  0  0  0
    6  1.3167964679465992e-08   0  2  4  0  0  0  0
    6  5.3339979013419295e-08   0  0  6  0  0  0  0
    6  2.8087349041144573e-08   4  0  1  1  0  0  0
    6  1.2273598779345070e-07   3  1  1  1  0  0  0
    6 -8.8454889130657856e-07   2  2  1  1  0  0  0
    6  1.2273598779345070e-07   1  3  1  1  0  0  0
    6  2.8087349041144573e-08   0  4  1  1  0  0  0
    6 -1.0682635077955370e-08   2  0  3  1  0  0  0
    6  5.4047410889006439e-07   1  1  3  1  0  0  0
    6 -1.2627265232226927e-07   0  2  3  1  0  0  0
    6  1.2860357301329640e-08   0  0  5  1  0  0  0
    6  7.6667258402639564e-10   4  0  0  2  0  0  0
    6 -5.8258649914707574e-08   3  1  0  2  0  0  0
    6  4.8437928007630145e-07   2  2  0  2  0  0  0
    6  1.6975677776226987e-07   1  3  0  2  0  0  0
    6 -1.0140135095037332e-06   0  4  0  2  0  0  0
    6  6.7750304433381164e-08   2  0  2  2  0  0  0
    6 -3.6556799211343267e-07   1  1  2  2  0  0  0
    6  6.7750304433381164e-08   0  2  2  2  0  0  0
    6 -3.7168919803344719e-08   0  0  4  2  0  0  0
    6 -1.2627265232226927e-07   2  0  1  3  0  0  0
    6  5.4047410889006439e-07   1  1  1  3  0  0  0
    6 -1.0682635077955370e-08   0  2  1  3  0  0  0
    6 -1.4844173782476580e-07   0  0  3  3  0  0  0
    6  1.3167964679465992e-08   2  0  0  4  0  0  0
    6  1.2653321426769700e-07   1  1  0  4  0  0  0
    6  1.0954678858414037e-07   0  2  0  4  0  0  0
    6 -3.7168919803344719e-08   0  0  2  4  0  0  0
    6  1.2860357301329640e-08   0  0  1  5  0  0  0
    6  5.3339979013419295e-08   0  0  0  6  0  0  0
    6  1.5343640494891522e-07   5  0  0  0  1  0  0
    6  1.6754443274518098e-07   4  1  0  0  1  0  0
    6  3.2219529795515083e-07   3  2  0  0  1  0  0
    6  3.2219529795515083e-07   2  3  0  0  1  0  0
    6  1.6754443274518098e-07   1  4  0  0  1  0  0
    6  1.5343640494891522e-07   0  5  0  0  1  0  0
    6  8.1428198956609215e-08   3  0  2  0  1  0  0
    6  7.0497488073753643e-07   2  1  2  0  1  0  0
    6 -5.3433776840909808e-07   1  2  2  0  1  0  0
    6 -7.0411288801118117e-09   0  3  2  0  1  0  0
    6  1.0974550180175521e-07   1  0  4  0  1  0  0
    6 -2.2602764741317331e-07   0  1  4  0  1  0  0
    6  2.2055874990672961e-07   3  0  1  1  1  0  0
    6  4.5866025825390817e-07   2  1  1  1  1  0  0
    6  4.5866025825390817e-07   1  2  1  1  1  0  0
    6  2.2055874990672961e-07   0  3  1  1  1  0  0
    6  4.4356549078559298e-08   1  0  3  1  1  0  0
    6  3.3417337204509242e-08   0  1  3  1  1  0  0
    6 -7.0411288801118117e-09   3  0  0  2  1  0  0
    6 -5.3433776840909808e-07   2  1  0  2  1  0  0
    6  7.0497488073753643e-07   1  2  0  2  1  0  0
    6  8.1428198956609215e-08   0  3  0  2  1  0  0
    6  1.0093774870373915e-07   1  0  2  2  1  0  0
    6  1.0093774870373915e-07   0  1  2  2  1  0  0
    6  3.3417337204509242e-08   1  0  1  3  1  0  0
    6  4.4356549078559298e-08   0  1  1  3  1  0  0
    6 -2.2602764741317331e-07   1  0  0  4  1  0  0
    6  1.0974550180175521e-07   0  1  0  4  1  0  0
    6  8.8679822904210543e-08   4  0  0  0  2  0  0
    6  3.1364456735731443e-07   3  1  0  0  2  0  0
    6 -7.1306997486939147e-07   2  2  0  0  2  0  0
    6  3.1364456735731443e-07   1  3  0  0  2  0  0
    6  8.8679822904210543e-08   0  4  0  0  2  0  0
    6 -3.6542879266941900e-07   2  0  2  0  2  0  0
    6  3.2277107332610697e-08   1  1  2  0  2  0  0
    6  1.0995328331170493e-07   0  2  2  0  2  0  0
    6 -1.1507274154036110e-07   0  0  4  0  2  0  0
    6  1.9347004593120796e-07   2  0  1  1  2  0  0
    6 -3.4040381530441583e-07   1  1  1  1  2  0  0
    6  1.9347004593120796e-07   0  2  1  1  2  0  0
    6 -7.2975978059367948e-08   0  0  3  1  2  0  0
    6  1.0995328331170493e-07   2  0  0  2  2  0  0
    6  3.2277107332610697e-08   1  1  0  2  2  0  0
    6 -3.6542879266941900e-07   0  2  0  2  2  0  0
    6  2.7047176212031589e-07   0  0  2  2  2  0  0
    6 -7.2975978059367948e-08   0  0  1  3  2  0  0
    6 -1.1507274154036110e-07   0  0  0  4  2  0  0
    6 -9.2362819122968120e-09   3  0  0  0  3  0  0
    6  1.3269105002564525e-07   2  1  0  0  3  0  0
    6  1.3269105002564525e-07   1  2  0  0  3  0  0
    6 -9.2362819122968120e-09   0  3  0  0  3  0  0
    6  2.5750219187555242e-07   1  0  2  0  3  0  0
    6  3.5013873939002343e-07   0  1  2  0  3  0  0
    6 -2.0411040910161171e-08   1  0  1  1  3  0  0
    6 -2.0411040910161171e-08   0  1  1  1  3  0  0
    6  3.5013873939002343e-07   1  0  0  2  3  0  0
    6  2.5750219187555242e-07   0  1  0  2  3  0  0
    6  8.0445428950573164e-08   2  0  0  0  4  0  0
    6 -9.1741053435795124e-07   1  1  0  0  4  0  0
    6  8.0445428950573164e-08   0  2  0  0  4  0  0
    6  1.6567638833195066e-08   0  0  2  0  4  0  0
    6 -7.9316322050296588e-08   0  0  1  1  4  0  0
    6  1.6567638833195066e-08   0  0  0  2  4  0  0
    6 -1.5378275553759814e-22   1  0  0  0  5  0  0
    6 -1.5378275553759814e-22   0  1  0  0  5  0  0
    6 -2.9058816688228954e-08   0  0  0  0  6  0  0
    7  6.6384807399181546e-09   7  0  0  0  0  0  0
    7 -4.4298685493147215e-08   6  1  0  0  0  0  0
    7 -7.2130524966932558e-08   5  2  0  0  0  0  0
    7 -1.1779082365454123e-07   4  3  0  0  0  0  0
    7 -1.1779082365454123e-07   3  4  0  0  0  0  0
    7 -7.2130524966932558e-08   2  5  0  0  0  0  0
    7 -4.4298685493147215e-08   1  6  0  0  0  0  0
    7  6.6384807399181546e-09   0  7  0  0  0  0  0
    7 -4.0588863240007500e-07   5  0  2  0  0  0  0
    7 -5.2449826787490073e-07   4  1  2  0  0  0  0
    7 -8.1049589185213223e-07   3  2  2  0  0  0  0
    7  3.5279011973066002e-07   2  3  2  0  0  0  0
    7  5.5805256206356719e-08   1  4  2  0  0  0  0
    7  1.1124661855111846e-08   0  5  2  0  0  0  0
    7 -3.1033671122436547e-07   3  0  4  0  0  0  0
    7 -1.5118366012270844e-07   2  1  4  0  0  0  0
    7  1.3709858578281481e-07   1  2  4  0  0  0  0
    7 -2.3051316075926969e-08   0  3  4  0  0  0  0
    7 -5.7363457932195652e-09   1  0  6  0  0  0  0
    7 -2.1888174594536565e-09   0  1  6  0  0  0  0
    7 -1.4643953408904911e-07   5  0  1  1  0  0  0
    7  1.0777405325823286e-07   4  1  1  1  0  0  0
    7 -3.5179556554022387e-07   3  2  1  1  0  0  0
    7 -3.5179556554022387e-07   2  3  1  1  0  0  0
    7  1.0777405325823286e-07   1  4  1  1  0  0  0
    7 -1.4643953408904911e-07   0  5  1  1  0  0  0
    7 -1.5658041771042540e-07   3  0  3  1  0  0  0
    7 -4.5893548990790079e-07   2  1  3  1  0  0  0
    7  2.5715955107219832e-08   1  2  3  1  0  0  0
    7 -1.7518292085010456e-08   0  3  3  1  0  0  0
    7 -8.5429993384365161e-08   1  0  5  1  0  0  0
    7  4.1895675691057143e-08   0  1  5  1  0  0  0
    7  1.1124661855111846e-08   5  0  0  2  0  0  0
    7  5.5805256206356719e-08   4  1  0  2  0  0  0
    7  3.5279011973066002e-07   3  2  0  2  0  0  0
    7 -8.1049589185213223e-07   2  3  0  2  0  0  0
    7 -5.2449826787490073e-07   1  4  0  2  0  0  0
    7 -4.0588863240007500e-07   0  5  0  2  0  0  0
    7  6.5150794270773172e-08   3  0  2  2  0  0  0
    7 -1.5272451859430832e-07   2  1  2  2  0  0  0
    7 -1.5272451859430832e-07   1  2  2  2  0  0  0
    7  6.5150794270773172e-08   0  3  2  2  0  0  0
    7 -1.1400805085892231e-07   1  0  4  2  0  0  0
    7 -5.8109221323943941e-08   0  1  4  2  0  0  0
    7 -1.7518292085010456e-08   3  0  1  3  0  0  0
    7  2.5715955107219832e-08   2  1  1  3  0  0  0
    7 -4.5893548990790079e-07   1  2  1  3  0  0  0
    7 -1.5658041771042540e-07   0  3  1  3  0  0  0
    7 -1.7063689309458838e-08   1  0  3  3  0  0  0
    7 -1.7063689309458838e-08   0  1  3  3  0  0  0
    7 -2.3051316075926969e-08   3  0  0  4  0  0  0
    7  1.3709858578281481e-07   2  1  0  4  0  0  0
    7 -1.5118366012270844e-07   1  2  0  4  0  0  0
    7 -3.1033671122436547e-07   0  3  0  4  0  0  0
    7 -5.8109221323943941e-08   1  0  2  4  0  0  0
    7 -1.1400805085892231e-07   0  1  2  4  0  0  0
    7  4.1895675691057143e-08   1  0  1  5  0  0  0
    7 -8.5429993384365161e-08   0  1  1  5  0  0  0
    7 -2.1888174594536565e-09   1  0  0  6  0  0  0
    7 -5.7363457932195652e-09   0  1  0  6  0  0  0
    7 -4.3829503159522456e-08   6  0  0  0  1  0  0
    7  2.4881515909421949e-07   5  1  0  0  1  0  0
    7 -2.6897549488550405e-08   4  2  0  0  1  0  0
    7  2.9408600519486842e-07   3  3  0  0  1  0  0
    7 -2.6897549488550405e-08   2  4  0  0  1  0  0
    7  2.4881515909421949e-07   1  5  0  0  1  0  0
    7 -4.3829503159522456e-08   0  6  0  0  1  0  0
    7 -2.6018693284206215e-06   4  0  2  0  1  0  0
    7  4.2464570765655771e-08   3  1  2  0  1  0  0
    7  8.7637601212901032e-08   2  2  2  0  1  0  0
    7  2.8253638428625860e-07   1  3  2  0  1  0  0
    7 -4.9330701207768878e-08   0  4  2  0  1  0  0
    7 -9.8558543033644121e-09   2  0  4  0  1  0  0
    7  1.6917840921702655e-07   1  1  4  0  1  0  0
    7  5.0325008689145667e-09   0  2  4  0  1  0  0
    7  1.7585982948660023e-08   0  0  6  0  1  0  0
    7 -1.4065506536844211e-08   4  0  1  1  1  0  0
    7  2.3957253979233348e-07   3  1  1  1  1  0  0
    7  2.4934886340192666e-08   2  2  1  1  1  0  0
    7  2.3957253979233348e-07   1  3  1  1  1  0  0
    7 -1.4065506536844211e-08   0  4  1  1  1  0  0
    7  1.4709559908384828e-07   2  0  3  1  1  0  0
    7 -3.9893706950091073e-07   1  1  3  1  1  0  0
    7  1.3725099479823214e-07   0  2  3  1  1  0  0
    7 -9.7689337669023382e-09   0  0  5  1  1  0  0
    7 -4.9330701207768878e-08   4  0  0  2  1  0  0
    7  2.8253638428625860e-07   3  1  0  2  1  0  0
    7  8.7637601212901032e-08   2  2  0  2  1  0  0
    7  4.2464570765655771e-08   1  3  0  2  1  0  0
    7 -2.6018693284206215e-06   0  4  0  2  1  0  0
    7 -2.4697686704592747e-07   2  0  2  2  1  0  0
    7  5.1435774096234231e-08   1  1  2  2  1  0  0
    7 -2.4697686704592747e-07   0  2  2  2  1  0  0
    7  2.2538392963050089e-09   0  0  4  2  1  0  0
    7  1.3725099479823214e-07   2  0  1  3  1  0  0
    7 -3.9893706950091073e-07   1  1  1  3  1  0  0
    7  1.4709559908384828e-07   0  2  1  3  1  0  0
    7  1.0686739486284006e-07   0  0  3  3  1  0  0
    7  5.0325008689145667e-09   2  0  0  4  1  0  0
    7  1.6917840921702655e-07   1  1  0  4  1  0  0
    7 -9.8558543033644121e-09   0  2  0  4  1  0  0
    7  2.2538392963050089e-09   0  0  2  4  1  0  0
    7 -9.7689337669023382e-09   0  0  1  5  1  0  0
    7  1.7585982948660023e-08   0  0  0  6  1  0  0
    7 -1.3913064585036863e-07   5  0  0  0  2  0  0
    7 -2.4416083146693423e-09   4  1  0  0  2  0  0
    7  1.3386528702779975e-07   3  2  0  0  2  0  0
    7  1.3386528702779975e-07   2  3  0  0  2  0  0
    7 -2.4416083146693423e-09   1  4  0  0  2  0  0
    7 -1.3913064585036863e-07   0  5  0  0  2  0  0
    7  1.9268970154565268e-07   3  0  2  0  2  0  0
    7  2.5387839781041307e-07   2  1  2  0  2  0  0
    7 -3.0313380524559416e-07   1  2  2  0  2  0  0
    7  1.8374255920042557e-09   0  3  2  0  2  0  0
    7 -5.8169565078137143e-08   1  0  4  0  2  0  0
    7  1.0010754910812605e-07   0  1  4  0  2  0  0
    7  1.4802691791318124e-07   3  0  1  1  2  0  0
    7  3.8815319425320492e-07   2  1  1  1  2  0  0
    7  3.8815319425320492e-07   1  2  1  1  2  0  0
    7  1.4802691791318124e-07   0  3  1  1  2  0  0
    7 -1.6328620839781695e-10   1  0  3  1  2  0  0
    7 -3.4668827873939027e-08   0  1  3  1  2  0  0
    7  1.8374255920042557e-09   3  0  0  2  2  0  0
    7 -3.0313380524559416e-07   2  1  0  2  2  0  0
    7  2.5387839781041307e-07   1  2  0  2  2  0  0
    7  1.9268970154565268e-07   0  3  0  2  2  0  0
    7  3.6718149280867691e-08   1  0  2  2  2  0  0
    7  3.6718149280867691e-08   0  1  2  2  2  0  0
    7 -3.4668827873939027e-08   1  0  1  3  2  0  0
    7 -1.6328620839781695e-10   0  1  1  3  2  0  0
    7  1.0010754910812605e-07   1  0  0  4  2  0  0
    7 -5.8169565078137143e-08   0  1  0  4  2  0  0
    7  5.2380237328603543e-08   4  0  0  0  3  0  0
    7  1.9948731590539478e-08   3  1  0  0  3  0  0
    7  4.6754146556658159e-07   2  2  0  0  3  0  0
    7  1.9948731590539478e-08   1  3  0  0  3  0  0
    7  5.2380237328603543e-08   0  4  0  0  3  0  0
    7 -1.3434804429844166e-07   2  0  2  0  3  0  0
    7  2.9807490499249664e-07   1  1  2  0  3  0  0
    7  5.5538033248118845e-08   0  2  2  0  3  0  0
    7 -2.1690697822978904e-08   0  0  4  0  3  0  0
    7  1.9215253125516013e-07   2  0  1  1  3  0  0
    7 -2.5924844804848044e-07   1  1  1  1  3  0  0
    7  1.9215253125516013e-07   0  2  1  1  3  0  0
    7 -3.5761368943070757e-09   0  0  3  1  3  0  0
    7  5.5538033248118845e-08   2  0  0  2  3  0  0
    7  2.9807490499249664e-07   1  1  0  2  3  0  0
    7 -1.3434804429844166e-07   0  2  0  2  3  0  0
    7 -8.2095415379836591e-08   0  0  2  2  3  0  0
    7 -3.5761368943070757e-09   0  0  1  3  3  0  0
    7 -2.1690697822978904e-08   0  0  0  4  3  0  0
    7 -5.2408051719120465e-08   3  0  0  0  4  0  0
    7 -2.8533688391085768e-08   2  1  0  0  4  0  0
    7 -2.8533688391085768e-08   1  2  0  0  4  0  0
    7 -5.2408051719120465e-08   0  3  0  0  4  0  0
    7  2.7226239191450088e-08   1  0  2  0  4  0  0
    7 -8.3233552763993495e-09   0  1  2  0  4  0  0
    7 -1.5731331029530545e-07   1  0  1  1  4  0  0
    7 -1.5731331029530545e-07   0  1  1  1  4  0  0
    7 -8.3233552763993495e-09   1  0  0  2  4  0  0
    7  2.7226239191450088e-08   0  1  0  2  4  0  0
    7 -5.6435420093799718e-08   2  0  0  0  5  0  0
    7  7.9170694511062088e-07   1  1  0  0  5  0  0
    7 -5.6435420093799718e-08   0  2  0  0  5  0  0
    7  3.6978480161315687e-08   0  0  2  0  5  0  0
    7  1.1127028817684518e-07   0  0  1  1  5  0  0
    7  3.6978480161315687e-08   0  0  0  2  5  0  0
    7 -2.8857897829681885e-21   1  0  0  0  6  0  0
    7 -2.8857897829681885e-21   0  1  0  0  6  0  0
    7  5.1624046769716548e-08   0  0  0  0  7  0  0
    8 -1.3986169256898915e-09   8  0  0  0  0  0  0
    8  1.2492137378892469e-08   7  1  0  0  0  0  0
    8 -1.1089484191486048e-07   6  2  0  0  0  0  0
    8 -5.5649028180541804e-08   5  3  0  0  0  0  0
    8 -8.6776248294952339e-08   4  4  0  0  0  0  0
    8 -5.5649028180541804e-08   3  5  0  0  0  0  0
    8 -1.1089484191486048e-07   2  6  0  0  0  0  0
    8  1.2492137378892469e-08   1  7  0  0  0  0  0
    8 -1.3986169256898915e-09   0  8  0  0  0  0  0
    8  5.4801394019346078e-07   6  0  2  0  0  0  0
    8  1.0450658628938957e-06   5  1  2  0  0  0  0
    8 -3.4776548763353314e-07   4  2  2  0  0  0  0
    8 -3.2327365404182551e-07   3  3  2  0  0  0  0
    8 -1.0069532471850239e-07   2  4  2  0  0  0  0
    8  5.8486803374407263e-08   1  5  2  0  0  0  0
    8  1.8557959904542008e-08   0  6  2  0  0  0  0
    8  3.9938065700034884e-07   4  0  4  0  0  0  0
    8  6.9112801795355531e-08   3  1  4  0  0  0  0
    8 -2.4972114247081257e-07   2  2  4  0  0  0  0
    8 -9.3791883500078653e-09   1  3  4  0  0  0  0
    8 -3.6633038662331783e-09   0  4  4  0  0  0  0
    8 -4.3481836582229496e-09   2  0  6  0  0  0  0
    8 -6.0951581822864110e-08   1  1  6  0  0  0  0
    8  7.1998549334160692e-08   0  2  6  0  0  0  0
    8 -4.0882088360784654e-09   0  0  8  0  0  0  0
    8  3.5729967859749836e-07   6  0  1  1  0  0  0
    8 -1.7812258310619602e-07   5  1  1  1  0  0  0
    8 -2.2206145207141805e-07   4  2  1  1  0  0  0
    8  1.1916008344013129e-07   3  3  1  1  0  0  0
    8 -2.2206145207141805e-07   2  4  1  1  0  0  0
    8 -1.7812258310619602e-07   1  5  1  1  0  0  0
    8  3.5729967859749836e-07   0  6  1  1  0  0  0
    8  5.4413699267718150e-07   4  0  3  1  0  0  0
    8 -8.2103309588650695e-08   3  1  3  1  0  0  0
    8  3.7630775955670196e-08   2  2  3  1  0  0  0
    8 -1.2273214758947963e-07   1  3  3  1  0  0  0
    8  8.0986982802055256e-08   0  4  3  1  0  0  0
    8  1.8284312797295904e-08   2  0  5  1  0  0  0
    8 -1.7628128140443408e-08   1  1  5  1  0  0  0
    8  3.7054847079176515e-08   0  2  5  1  0  0  0
    8  1.3606844473344976e-08   0  0  7  1  0  0  0
    8  1.8557959904542008e-08   6  0  0  2  0  0  0
    8  5.8486803374407263e-08   5  1  0  2  0  0  0
    8 -1.0069532471850239e-07   4  2  0  2  0  0  0
    8 -3.2327365404182551e-07   3  3  0  2  0  0  0
    8 -3.4776548763353314e-07   2  4  0  2  0  0  0
    8  1.0450658628938957e-06   1  5  0  2  0  0  0
    8  5.4801394019346078e-07   0  6  0  2  0  0  0
    8 -1.1483728723587662e-07   4  0  2  2  0  0  0
    8 -6.1768416412489443e-08   3  1  2  2  0  0  0
    8  4.9078491846178251e-07   2  2  2  2  0  0  0
    8 -6.1768416412489443e-08   1  3  2  2  0  0  0
    8 -1.1483728723587662e-07   0  4  2  2  0  0  0
    8  7.3762926673913514e-08   2  0  4  2  0  0  0
    8  9.9536996641959533e-08   1  1  4  2  0  0  0
    8 -1.5014664493742590e-08   0  2  4  2  0  0  0
    8  1.0560101779429769e-08   0  0  6  2  0  0  0
    8  8.0986982802055256e-08   4  0  1  3  0  0  0
    8 -1.2273214758947963e-07   3  1  1  3  0  0  0
    8  3.7630775955670196e-08   2  2  1  3  0  0  0
    8 -8.2103309588650695e-08   1  3  1  3  0  0  0
    8  5.4413699267718150e-07   0  4  1  3  0  0  0
    8  8.0185554029148532e-08   2  0  3  3  0  0  0
    8  4.5940406410534691e-08   1  1  3  3  0  0  0
    8  8.0185554029148532e-08   0  2  3  3  0  0  0
    8  5.7933172778604575e-09   0  0  5  3  0  0  0
    8 -3.6633038662331783e-09   4  0  0  4  0  0  0
    8 -9.3791883500078653e-09   3  1  0  4  0  0  0
    8 -2.4972114247081257e-07   2  2  0  4  0  0  0
    8  6.9112801795355531e-08   1  3  0  4  0  0  0
    8  3.9938065700034884e-07   0  4  0  4  0  0  0
    8 -1.5014664493742590e-08   2  0  2  4  0  0  0
    8  9.9536996641959533e-08   1  1  2  4  0  0  0
    8  7.3762926673913514e-08   0  2  2  4  0  0  0
    8 -6.5573307040148187e-09   0  0  4  4  0  0  0
    8  3.7054847079176515e-08   2  0  1  5  0  0  0
    8 -1.7628128140443408e-08   1  1  1  5  0  0  0
    8  1.8284312797295904e-08   0  2  1  5  0  0  0
    8  5.7933172778604575e-09   0  0  3  5  0  0  0
    8  7.1998549334160692e-08   2  0  0  6  0  0  0
    8 -6.0951581822864110e-08   1  1  0  6  0  0  0
    8 -4.3481836582229496e-09   0  2  0  6  0  0  0
    8  1.0560101779429769e-08   0  0  2  6  0  0  0
    8  1.3606844473344976e-08   0  0  1  7  0  0  0
    8 -4.0882088360784654e-09   0  0  0  8  0  0  0
    8  1.7174895113510779e-08   7  0  0  0  1  0  0
    8 -7.9214065818716220e-08   6  1  0  0  1  0  0
    8  1.1661827337255219e-07   5  2  0  0  1  0  0
    8  8.0389635868261611e-09   4  3  0  0  1  0  0
    8  8.0389635868261611e-09   3  4  0  0  1  0  0
    8  1.1661827337255219e-07   2  5  0  0  1  0  0
    8 -7.9214065818716220e-08   1  6  0  0  1  0  0
    8  1.7174895113510779e-08   0  7  0  0  1  0  0
    8  1.0196220329332622e-05   5  0  2  0  1  0  0
    8 -2.7366355630123020e-06   4  1  2  0  1  0  0
    8 -7.6749251041953393e-07   3  2  2  0  1  0  0
    8 -1.3743242294387722e-07   2  3  2  0  1  0  0
    8  4.2115229872187987e-08   1  4  2  0  1  0  0
    8  6.7567449960875843e-08   0  5  2  0  1  0  0
    8 -7.4809911777411978e-07   3  0  4  0  1  0  0
    8  1.7524864580477306e-07   2  1  4  0  1  0  0
    8 -1.8520834846701097e-07   1  2  4  0  1  0  0
    8  1.2451954145640627e-08   0  3  4  0  1  0  0
    8 -2.9747848133178759e-08   1  0  6  0  1  0  0
    8 -1.1100987476740707e-08   0  1  6  0  1  0  0
    8 -1.1219874243478969e-07   5  0  1  1  1  0  0
    8  2.8883268884737863e-07   4  1  1  1  1  0  0
    8 -5.6463474496524010e-08   3  2  1  1  1  0  0
    8 -5.6463474496524010e-08   2  3  1  1  1  0  0
    8  2.8883268884737863e-07   1  4  1  1  1  0  0
    8 -1.1219874243478969e-07   0  5  1  1  1  0  0
    8 -2.5510813513462342e-07   3  0  3  1  1  0  0
    8 -3.3800552814630464e-07   2  1  3  1  1  0  0
    8 -2.8410793109085321e-07   1  2  3  1  1  0  0
    8 -4.7089205836044456e-08   0  3  3  1  1  0  0
    8  6.6019183566569783e-08   1  0  5  1  1  0  0
    8 -7.4464071916647002e-08   0  1  5  1  1  0  0
    8  6.7567449960875843e-08   5  0  0  2  1  0  0
    8  4.2115229872187987e-08   4  1  0  2  1  0  0
    8 -1.3743242294387722e-07   3  2  0  2  1  0  0
    8 -7.6749251041953393e-07   2  3  0  2  1  0  0
    8 -2.7366355630123020e-06   1  4  0  2  1  0  0
    8  1.0196220329332622e-05   0  5  0  2  1  0  0
    8  2.2752783920874372e-07   3  0  2  2  1  0  0
    8 -1.4658851759218706e-07   2  1  2  2  1  0  0
    8 -1.4658851759218706e-07   1  2  2  2  1  0  0
    8  2.2752783920874372e-07   0  3  2  2  1  0  0
    8 -1.0360912931654573e-07   1  0  4  2  1  0  0
    8  4.3755573617823083e-08   0  1  4  2  1  0  0
    8 -4.7089205836044456e-08   3  0  1  3  1  0  0
    8 -2.8410793109085321e-07   2  1  1  3  1  0  0
    8 -3.3800552814630464e-07   1  2  1  3  1  0  0
    8 -2.5510813513462342e-07   0  3  1  3  1  0  0
    8  1.8225134741086310e-08   1  0  3  3  1  0  0
    8  1.8225134741086310e-08   0  1  3  3  1  0  0
    8  1.2451954145640627e-08   3  0  0  4  1  0  0
    8 -1.8520834846701097e-07   2  1  0  4  1  0  0
    8  1.7524864580477306e-07   1  2  0  4  1  0  0
    8 -7.4809911777411978e-07   0  3  0  4  1  0  0
    8  4.3755573617823083e-08   1  0  2  4  1  0  0
    8 -1.0360912931654573e-07   0  1  2  4  1  0  0
    8 -7.4464071916647002e-08   1  0  1  5  1  0  0
    8  6.6019183566569783e-08   0  1  1  5  1  0  0
    8 -1.1100987476740707e-08   1  0  0  6  1  0  0
    8 -2.9747848133178759e-08   0  1  0  6  1  0  0
    8  4.3319239053013819e-08   6  0  0  0  2  0  0
    8 -7.9045045120675045e-08   5  1  0  0  2  0  0
    8  3.2883205153214913e-08   4  2  0  0  2  0  0
    8  1.0342394257198276e-07   3  3  0  0  2  0  0
    8  3.2883205153214913e-08   2  4  0  0  2  0  0
    8 -7.9045045120675045e-08   1  5  0  0  2  0  0
    8  4.3319239053013819e-08   0  6  0  0  2  0  0
    8 -4.9998595141859945e-06   4  0  2  0  2  0  0
    8 -3.4895356904762992e-07   3  1  2  0  2  0  0
    8  1.3291488831754930e-07   2  2  2  0  2  0  0
    8 -1.5346300455653039e-07   1  3  2  0  2  0  0
    8  3.4813645877606462e-08   0  4  2  0  2  0  0
    8  1.1565235460537886e-07   2  0  4  0  2  0  0
    8  2.4238732091746517e-07   1  1  4  0  2  0  0
    8 -1.2324564805673436e-08   0  2  4  0  2  0  0
    8  3.3723160335488924e-09   0  0  6  0  2  0  0
    8 -2.8798290187897419e-07   4  0  1  1  2  0  0
    8 -2.6668746981717016e-07   3  1  1  1  2  0  0
    8  6.7051531218994951e-07   2  2  1  1  2  0  0
    8 -2.6668746981717016e-07   1  3  1  1  2  0  0
    8 -2.8798290187897419e-07   0  4  1  1  2  0  0
    8  6.5429331854115830e-08   2  0  3  1  2  0  0
    8 -6.4116909501109779e-08   1  1  3  1  2  0  0
    8 -1.5786226946245671e-07   0  2  3  1  2  0  0
    8  1.3015275203267417e-08   0  0  5  1  2  0  0
    8  3.4813645877606462e-08   4  0  0  2  2  0  0
    8 -1.5346300455653039e-07   3  1  0  2  2  0  0
    8  1.3291488831754930e-07   2  2  0  2  2  0  0
    8 -3.4895356904762992e-07   1  3  0  2  2  0  0
    8 -4.9998595141859945e-06   0  4  0  2  2  0  0
    8 -2.3024563113962858e-07   2  0  2  2  2  0  0
    8 -9.0250051421644138e-08   1  1  2  2  2  0  0
    8 -2.3024563113962858e-07   0  2  2  2  2  0  0
    8 -1.0631529453330363e-08   0  0  4  2  2  0  0
    8 -1.5786226946245671e-07   2  0  1  3  2  0  0
    8 -6.4116909501109779e-08   1  1  1  3  2  0  0
    8  6.5429331854115830e-08   0  2  1  3  2  0  0
    8 -1.2583008693835912e-08   0  0  3  3  2  0  0
    8 -1.2324564805673436e-08   2  0  0  4  2  0  0
    8  2.4238732091746517e-07   1  1  0  4  2  0  0
    8  1.1565235460537886e-07   0  2  0  4  2  0  0
    8 -1.0631529453330363e-08   0  0  2  4  2  0  0
    8  1.3015275203267417e-08   0  0  1  5  2  0  0
    8  3.3723160335488924e-09   0  0  0  6  2  0  0
    8  2.2945081281687584e-08   5  0  0  0  3  0  0
    8  5.1194286252552098e-08   4  1  0  0  3  0  0
    8  1.0136595937802119e-07   3  2  0  0  3  0  0
    8  1.0136595937802119e-07   2  3  0  0  3  0  0
    8  5.1194286252552098e-08   1  4  0  0  3  0  0
    8  2.2945081281687584e-08   0  5  0  0  3  0  0
    8  1.4420707927501422e-07   3  0  2  0  3  0  0
    8 -2.0557378696288964e-07   2  1  2  0  3  0  0
    8  5.4333640022899616e-07   1  2  2  0  3  0  0
    8 -1.5637225504587855e-08   0  3  2  0  3  0  0
    8 -6.8636516445403182e-08   1  0  4  0  3  0  0
    8  7.7486485288619868e-09   0  1  4  0  3  0  0
    8  1.7232549035289286e-07   3  0  1  1  3  0  0
    8  3.3236725709368709e-07   2  1  1  1  3  0  0
    8  3.3236725709368709e-07   1  2  1  1  3  0  0
    8  1.7232549035289286e-07   0  3  1  1  3  0  0
    8 -3.9653744590700320e-08   1  0  3  1  3  0  0
    8  1.5171649954571116e-07   0  1  3  1  3  0  0
    8 -1.5637225504587855e-08   3  0  0  2  3  0  0
    8  5.4333640022899616e-07   2  1  0  2  3  0  0
    8 -2.0557378696288964e-07   1  2  0  2  3  0  0
    8  1.4420707927501422e-07   0  3  0  2  3  0  0
    8  4.5950877847294538e-08   1  0  2  2  3  0  0
    8  4.5950877847294538e-08   0  1  2  2  3  0  0
    8  1.5171649954571116e-07   1  0  1  3  3  0  0
    8 -3.9653744590700320e-08   0  1  1  3  3  0  0
    8  7.7486485288619868e-09   1  0  0  4  3  0  0
    8 -6.8636516445403182e-08   0  1  0  4  3  0  0
    8 -1.6594083737380436e-08   4  0  0  0  4  0  0
    8  2.5605652171185709e-08   3  1  0  0  4  0  0
    8 -2.8981626944047423e-07   2  2  0  0  4  0  0
    8  2.5605652171185709e-08   1  3  0  0  4  0  0
    8 -1.6594083737380436e-08   0  4  0  0  4  0  0
    8  1.3544916065817179e-07   2  0  2  0  4  0  0
    8 -2.2102404683968985e-08   1  1  2  0  4  0  0
    8  3.3349171742793911e-09   0  2  2  0  4  0  0
    8  9.9064462344573047e-09   0  0  4  0  4  0  0
    8 -4.4384796343456373e-08   2  0  1  1  4  0  0
    8 -1.2590722554447208e-07   1  1  1  1  4  0  0
    8 -4.4384796343456373e-08   0  2  1  1  4  0  0
    8 -1.2856871837021854e-08   0  0  3  1  4  0  0
    8  3.3349171742793911e-09   2  0  0  2  4  0  0
    8 -2.2102404683968985e-08   1  1  0  2  4  0  0
    8  1.3544916065817179e-07   0  2  0  2  4  0  0
    8  5.5057102998600362e-10   0  0  2  2  4  0  0
    8 -1.2856871837021854e-08   0  0  1  3  4  0  0
    8  9.9064462344573047e-09   0  0  0  4  4  0  0
    8  5.6437290851285288e-08   3  0  0  0  5  0  0
    8  2.9026383793070018e-08   2  1  0  0  5  0  0
    8  2.9026383793070018e-08   1  2  0  0  5  0  0
    8  5.6437290851285288e-08   0  3  0  0  5  0  0
    8  2.4541148076647378e-08   1  0  2  0  5  0  0
    8 -1.8727586644106076e-09   0  1  2  0  5  0  0
    8 -1.0734603453985479e-08   1  0  1  1  5  0  0
    8 -1.0734603453985479e-08   0  1  1  1  5  0  0
    8 -1.8727586644106076e-09   1  0  0  2  5  0  0
    8  2.4541148076647378e-08   0  1  0  2  5  0  0
    8  4.4012134622253333e-08   2  0  0  0  6  0  0
    8 -4.0454504302920551e-07   1  1  0  0  6  0  0
    8  4.4012134622253333e-08   0  2  0  0  6  0  0
    8 -2.4726696214996255e-08   0  0  2  0  6  0  0
    8 -4.6281767142638752e-08   0  0  1  1  6  0  0
    8 -2.4726696214996255e-08   0  0  0  2  6  0  0
    8  4.7325340357070007e-21   1  0  0  0  7  0  0
    8  4.7325340357070007e-21   0  1  0  0  7  0  0
    8 -3.3750120557389031e-08   0  0  0  0  8  0  0
 -661  0.0000000000000000e+00   0  0  0  0  0  0  0

tpsa, NO = 8, NV = 7, INA = 58472
------------------------------------------------------------------

   |I|         a                i  i  i  i  i  i  i
                I                1  2  3  4  5  6  7

    2 -6.9997280217641324e-11   1  1  0  0  0  0  0
    2 -3.1321336425416045e-10   0  0  1  1  0  0  0
    2  3.8773713610707861e-08   0  0  0  0  2  0  0
    3 -2.0454862475400044e-14   3  0  0  0  0  0  0
    3 -1.9059167854071402e-14   2  1  0  0  0  0  0
    3 -1.9059167854071402e-14   1  2  0  0  0  0  0
    3 -2.0454862475400044e-14   0  3  0  0  0  0  0
    3  1.5489166012194049e-13   1  0  2  0  0  0  0
    3  4.3867177580492704e-14   0  1  2  0  0  0  0
    3 -7.4337438082597390e-15   1  0  1  1  0  0  0
    3 -7.4337438082597390e-15   0  1  1  1  0  0  0
    3  4.3867177580492704e-14   1  0  0  2  0  0  0
    3  1.5489166012194049e-13   0  1  0  2  0  0  0
    3 -1.9676671254093893e-13   2  0  0  0  1  0  0
    3 -7.7444506686970424e-13   1  1  0  0  1  0  0
    3 -1.9676671254093893e-13   0  2  0  0  1  0  0
    3  2.5635259967045077e-13   0  0  2  0  1  0  0
    3 -5.0785084831826617e-13   0  0  1  1  1  0  0
    3  2.5635259967045077e-13   0  0  0  2  1  0  0
    3 -9.7810677147445638e-12   0  0  0  0  3  0  0
    4 -2.8047148679394585e-17   4  0  0  0  0  0  0
    4 -1.1799404982326522e-17   3  1  0  0  0  0  0
    4  2.7320989890532746e-17   2  2  0  0  0  0  0
    4 -1.1799404982326522e-17   1  3  0  0  0  0  0
    4 -2.8047148679394585e-17   0  4  0  0  0  0  0
    4 -3.4210115371815379e-17   2  0  2  0  0  0  0
    4 -3.5166501721483799e-16   1  1  2  0  0  0  0
    4  1.5939888342269260e-16   0  2  2  0  0  0  0
    4  2.0699687705942881e-17   0  0  4  0  0  0  0
    4 -8.9460478700975786e-17   2  0  1  1  0  0  0
    4 -4.0944300548775379e-16   1  1  1  1  0  0  0
    4 -8.9460478700975786e-17   0  2  1  1  0  0  0
    4 -1.0313446009440928e-16   0  0  3  1  0  0  0
    4  1.5939888342269260e-16   2  0  0  2  0  0  0
    4 -3.5166501721483799e-16   1  1  0  2  0  0  0
    4 -3.4210115371815379e-17   0  2  0  2  0  0  0
    4  1.3109862585838746e-16   0  0  2  2  0  0  0
    4 -1.0313446009440928e-16   0  0  1  3  0  0  0
    4  2.0699687705942881e-17   0  0  0  4  0  0  0
    4 -6.4455527707814526e-19   3  0  0  0  1  0  0
    4 -8.5205917808090291e-16   2  1  0  0  1  0  0
    4 -8.5205917808090291e-16   1  2  0  0  1  0  0
    4 -6.4455527707814526e-19   0  3  0  0  1  0  0
    4 -1.1746423754441142e-15   1  0  2  0  1  0  0
    4  1.9793411766928376e-15   0  1  2  0  1  0  0
    4 -2.5798318711231159e-15   1  0  1  1  1  0  0
    4 -2.5798318711231159e-15   0  1  1  1  1  0  0
    4  1.9793411766928376e-15   1  0  0  2  1  0  0
    4 -1.1746423754441142e-15   0  1  0  2  1  0  0
    4 -4.3946957524250517e-15   2  0  0  0  2  0  0
    4  1.0316358420807342e-14   1  1  0  0  2  0  0
    4 -4.3946957524250517e-15   0  2  0  0  2  0  0
    4  1.8412762890708315e-14   0  0  2  0  2  0  0
    4 -3.2876595815517982e-15   0  0  1  1  2  0  0
    4  1.8412762890708315e-14   0  0  0  2  2  0  0
    4  8.1565501517887766e-13   0  0  0  0  4  0  0
    5  1.3238530670604886e-19   5  0  0  0  0  0  0
    5 -2.5304921918258937e-21   4  1  0  0  0  0  0
    5  7.9625873838671696e-20   3  2  0  0  0  0  0
    5  7.9625873838671696e-20   2  3  0  0  0  0  0
    5 -2.5304921918258937e-21   1  4  0  0  0  0  0
    5  1.3238530670604886e-19   0  5  0  0  0  0  0
    5  1.5946717639348430e-19   3  0  2  0  0  0  0
    5  5.0292056283641958e-20   2  1  2  0  0  0  0
    5  1.2347224704714690e-19   1  2  2  0  0  0  0
    5  5.6294875549296949e-20   0  3  2  0  0  0  0
    5  1.5624730202428179e-19   1  0  4  0  0  0  0
    5 -3.4564218223031909e-19   0  1  4  0  0  0  0
    5 -3.9925546328350098e-20   3  0  1  1  0  0  0
    5  3.9877464677439621e-19   2  1  1  1  0  0  0
    5  3.9877464677439621e-19   1  2  1  1  0  0  0
    5 -3.9925546328350098e-20   0  3  1  1  0  0  0
    5  2.5324391227075241e-19   1  0  3  1  0  0  0
    5 -2.0128637454537417e-19   0  1  3  1  0  0  0
    5  5.6294875549296949e-20   3  0  0  2  0  0  0
    5  1.2347224704714690e-19   2  1  0  2  0  0  0
    5  5.0292056283641958e-20   1  2  0  2  0  0  0
    5  1.5946717639348430e-19   0  3  0  2  0  0  0
    5  5.2996114875889106e-19   1  0  2  2  0  0  0
    5  5.2996114875889106e-19   0  1  2  2  0  0  0
    5 -2.0128637454537417e-19   1  0  1  3  0  0  0
    5  2.5324391227075241e-19   0  1  1  3  0  0  0
    5 -3.4564218223031909e-19   1  0  0  4  0  0  0
    5  1.5624730202428179e-19   0  1  0  4  0  0  0
    5 -1.2754928264044340e-18   4  0  0  0  1  0  0
    5 -1.3714076688934309e-19   3  1  0  0  1  0  0
    5  2.3467213329313365e-17   2  2  0  0  1  0  0
    5 -1.3714076688934309e-19   1  3  0  0  1  0  0
    5 -1.2754928264044340e-18   0  4  0  0  1  0  0
    5 -2.1087991140082153e-18   2  0  2  0  1  0  0
    5 -3.9692951092998118e-18   1  1  2  0  1  0  0
    5  2.0933851764503195e-19   0  2  2  0  1  0  0
    5 -9.1892891398784704e-19   0  0  4  0  1  0  0
    5 -2.1877797809682770e-18   2  0  1  1  1  0  0
    5  1.3141916516203226e-17   1  1  1  1  1  0  0
    5 -2.1877797809682770e-18   0  2  1  1  1  0  0
    5  7.9483381328798909e-19   0  0  3  1  1  0  0
    5  2.0933851764503195e-19   2  0  0  2  1  0  0
    5 -3.9692951092998118e-18   1  1  0  2  1  0  0
    5 -2.1087991140082153e-18   0  2  0  2  1  0  0
    5  1.0292474892975339e-18   0  0  2  2  1  0  0
    5  7.9483381328798909e-19   0  0  1  3  1  0  0
    5 -9.1892891398784704e-19   0  0  0  4  1  0  0
    5  5.7538702903658640e-18   3  0  0  0  2  0  0
    5 -1.0990428075498161e-17   2  1  0  0  2  0  0
    5 -1.0990428075498161e-17   1  2  0  0  2  0  0
    5  5.7538702903658640e-18   0  3  0  0  2  0  0
    5 -1.4705091791819776e-18   1  0  2  0  2  0  0
    5  4.4249780295559163e-17   0  1  2  0  2  0  0
    5 -2.8461808556935679e-17   1  0  1  1  2  0  0
    5 -2.8461808556935679e-17   0  1  1  1  2  0  0
    5  4.4249780295559163e-17   1  0  0  2  2  0  0
    5 -1.4705091791819776e-18   0  1  0  2  2  0  0
    5  1.8407487855458720e-17   2  0  0  0  3  0  0
    5  4.0707847578848243e-16   1  1  0  0  3  0  0
    5  1.8407487855458720e-17   0  2  0  0  3  0  0
    5 -1.0660965684473084e-16   0  0  2  0  3  0  0
    5 -1.7361771915334107e-16   0  0  1  1  3  0  0
    5 -1.0660965684473084e-16   0  0  0  2  3  0  0
    5 -5.0845956668607594e-15   0  0  0  0  5  0  0
    6 -2.0630651232937563e-22   6  0  0  0  0  0  0
    6  5.9120341005296466e-22   5  1  0  0  0  0  0
    6  2.4473077014650513e-22   4  2  0  0  0  0  0
    6 -5.1556478929030306e-21   3  3  0  0  0  0  0
    6  2.4473077014650513e-22   2  4  0  0  0  0  0
    6  5.9120341005296466e-22   1  5  0  0  0  0  0
    6 -2.0630651232937563e-22   0  6  0  0  0  0  0
    6 -6.8383514939720957e-21   4  0  2  0  0  0  0
    6  1.1448136577496292e-21   3  1  2  0  0  0  0
    6  3.2665795302668102e-21   2  2  2  0  0  0  0
    6 -3.9288739444508470e-22   1  3  2  0  0  0  0
    6  5.1703222503714066e-24   0  4  2  0  0  0  0
    6  5.9824643552924211e-22   2  0  4  0  0  0  0
    6  6.9101107745906803e-22   1  1  4  0  0  0  0
    6  7.1911628213681656e-23   0  2  4  0  0  0  0
    6  2.3588813670761376e-22   0  0  6  0  0  0  0
    6  1.8941677154895892e-22   4  0  1  1  0  0  0
    6  8.2771266617764382e-22   3  1  1  1  0  0  0
    6 -5.9652619769514358e-21   2  2  1  1  0  0  0
    6  8.2771266617764382e-22   1  3  1  1  0  0  0
    6  1.8941677154895892e-22   0  4  1  1  0  0  0
    6 -5.8338984100275868e-23   2  0  3  1  0  0  0
    6  2.9515854669804124e-21   1  1  3  1  0  0  0
    6 -6.8958812150480030e-22   0  2  3  1  0  0  0
    6  5.6873020524466448e-23   0  0  5  1  0  0  0
    6  5.1703222503714066e-24   4  0  0  2  0  0  0
    6 -3.9288739444508470e-22   3  1  0  2  0  0  0
    6  3.2665795302668102e-21   2  2  0  2  0  0  0
    6  1.1448136577496292e-21   1  3  0  2  0  0  0
    6 -6.8383514939720957e-21   0  4  0  2  0  0  0
    6  3.6999147722308688e-22   2  0  2  2  0  0  0
    6 -1.9964049248003734e-21   1  1  2  2  0  0  0
    6  3.6999147722308688e-22   0  2  2  2  0  0  0
    6 -1.6437402859944749e-22   0  0  4  2  0  0  0
    6 -6.8958812150480030e-22   2  0  1  3  0  0  0
    6  2.9515854669804124e-21   1  1  1  3  0  0  0
    6 -5.8338984100275868e-23   0  2  1  3  0  0  0
    6 -6.5646154334471842e-22   0  0  3  3  0  0  0
    6  7.1911628213681656e-23   2  0  0  4  0  0  0
    6  6.9101107745906803e-22   1  1  0  4  0  0  0
    6  5.9824643552924211e-22   0  2  0  4  0  0  0
    6 -1.6437402859944749e-22   0  0  2  4  0  0  0
    6  5.6873020524466448e-23   0  0  1  5  0  0  0
    6  2.3588813670761376e-22   0  0  0  6  0  0  0
    6  8.5145573735968936e-21   5  0  0  0  1  0  0
    6  9.2974459725548671e-21   4  1  0  0  1  0  0
    6  1.7879396684611077e-20   3  2  0  0  1  0  0
    6  1.7879396684611077e-20   2  3  0  0  1  0  0
    6  9.2974459725548671e-21   1  4  0  0  1  0  0
    6  8.5145573735968936e-21   0  5  0  0  1  0  0
    6  3.6591590011805025e-21   3  0  2  0  1  0  0
    6  3.1679629581780534e-20   2  1  2  0  1  0  0
    6 -2.4011667702324341e-20   1  2  2  0  1  0  0
    6 -3.1640894002656696e-22   0  3  2  0  1  0  0
    6  3.9936129417006635e-21   1  0  4  0  1  0  0
    6 -8.2250928108377992e-21   0  1  4  0  1  0  0
    6  9.9113027839457467e-21   3  0  1  1  1  0  0
    6  2.0610928818011639e-20   2  1  1  1  1  0  0
    6  2.0610928818011639e-20   1  2  1  1  1  0  0
    6  9.9113027839457467e-21   0  3  1  1  1  0  0
    6  1.6141243653822533e-21   1  0  3  1  1  0  0
    6  1.2160490238422580e-21   0  1  3  1  1  0  0
    6 -3.1640894002656696e-22   3  0  0  2  1  0  0
    6 -2.4011667702324341e-20   2  1  0  2  1  0  0
    6  3.1679629581780534e-20   1  2  0  2  1  0  0
    6  3.6591590011805025e-21   0  3  0  2  1  0  0
    6  3.6731008825997731e-21   1  0  2  2  1  0  0
    6  3.6731008825997731e-21   0  1  2  2  1  0  0
    6  1.2160490238422580e-21   1  0  1  3  1  0  0
    6  1.6141243653822533e-21   0  1  1  3  1  0  0
    6 -8.2250928108377992e-21   1  0  0  4  1  0  0
    6  3.9936129417006635e-21   0  1  0  4  1  0  0
    6  3.2791195642677223e-20   4  0  0  0  2  0  0
    6  1.1597655513572555e-19   3  1  0  0  2  0  0
    6 -2.6367234718226915e-19   2  2  0  0  2  0  0
    6  1.1597655513572555e-19   1  3  0  0  2  0  0
    6  3.2791195642677223e-20   0  4  0  0  2  0  0
    6 -1.0942284153399972e-19   2  0  2  0  2  0  0
    6  9.6649549014251069e-21   1  1  2  0  2  0  0
    6  3.2924063284864731e-20   0  2  2  0  2  0  0
    6 -2.7902972799667110e-20   0  0  4  0  2  0  0
    6  5.7932058453471269e-20   2  0  1  1  2  0  0
    6 -1.0192944148579977e-19   1  1  1  1  2  0  0
    6  5.7932058453471269e-20   0  2  1  1  2  0  0
    6 -1.7695300412265282e-20   0  0  3  1  2  0  0
    6  3.2924063284864731e-20   2  0  0  2  2  0  0
    6  9.6649549014251069e-21   1  1  0  2  2  0  0
    6 -1.0942284153399972e-19   0  2  0  2  2  0  0
    6  6.5584308851059679e-20   0  0  2  2  2  0  0
    6 -1.7695300412265282e-20   0  0  1  3  2  0  0
    6 -2.7902972799667110e-20   0  0  0  4  2  0  0
    6 -2.2757701072766545e-20   3  0  0  0  3  0  0
    6  3.2694359918732906e-19   2  1  0  0  3  0  0
    6  3.2694359918732906e-19   1  2  0  0  3  0  0
    6 -2.2757701072766545e-20   0  3  0  0  3  0  0
    6  5.1378915012176792e-19   1  0  2  0  3  0  0
    6  6.9862506422022818e-19   0  1  2  0  3  0  0
    6 -4.0725755714734133e-20   1  0  1  1  3  0  0
    6 -4.0725755714734133e-20   0  1  1  1  3  0  0
    6  6.9862506422022818e-19   1  0  0  2  3  0  0
    6  5.1378915012176792e-19   0  1  0  2  3  0  0
    6  1.3207826444861229e-18   2  0  0  0  4  0  0
    6 -1.5062383623974556e-17   1  1  0  0  4  0  0
    6  1.3207826444861229e-18   0  2  0  0  4  0  0
    6  2.2027407723434437e-19   0  0  2  0  4  0  0
    6 -1.0545455405658320e-18   0  0  1  1  4  0  0
    6  2.2027407723434437e-19   0  0  0  2  4  0  0
    6 -2.1183877365718905e-17   0  0  0  0  6  0  0
    7  2.4890067228616515e-25   7  0  0  0  0  0  0
    7 -1.6609180673428708e-24   6  1  0  0  0  0  0
    7 -2.7044344722833195e-24   5  2  0  0  0  0  0
    7 -4.4164043469256040e-24   4  3  0  0  0  0  0
    7 -4.4164043469256040e-24   3  4  0  0  0  0  0
    7 -2.7044344722833195e-24   2  5  0  0  0  0  0
    7 -1.6609180673428708e-24   1  6  0  0  0  0  0
    7  2.4890067228616515e-25   0  7  0  0  0  0  0
    7 -1.2323584538848775e-23   5  0  2  0  0  0  0
    7 -1.5924808503296469e-23   4  1  2  0  0  0  0
    7 -2.4608264051564356e-23   3  2  2  0  0  0  0
    7  1.0711408297549962e-23   2  3  2  0  0  0  0
    7  1.6943583477678721e-24   1  4  2  0  0  0  0
    7  3.3776681555950801e-25   0  5  2  0  0  0  0
    7 -7.6302032032275510e-24   3  0  4  0  0  0  0
    7 -3.7171304780308747e-24   2  1  4  0  0  0  0
    7  3.3708228210284297e-24   1  2  4  0  0  0  0
    7 -5.6675932752921218e-25   0  3  4  0  0  0  0
    7 -1.1421182311251486e-25   1  0  6  0  0  0  0
    7 -4.4461949266842543e-24   5  0  1  1  0  0  0
    7  3.2722341805155158e-24   4  1  1  1  0  0  0
    7 -1.0681211658211157e-23   3  2  1  1  0  0  0
    7 -1.0681211658211157e-23   2  3  1  1  0  0  0
    7  3.2722341805155158e-24   1  4  1  1  0  0  0
    7 -4.4461949266842543e-24   0  5  1  1  0  0  0
    7 -3.8498197653226693e-24   3  0  3  1  0  0  0
    7 -1.1283779580426046e-23   2  1  3  1  0  0  0
    7  6.3227441658136316e-25   1  2  3  1  0  0  0
    7 -4.3071967816751144e-25   0  3  3  1  0  0  0
    7 -1.7009287174513543e-24   1  0  5  1  0  0  0
    7  8.3415150928701273e-25   0  1  5  1  0  0  0
    7  3.3776681555950801e-25   5  0  0  2  0  0  0
    7  1.6943583477678721e-24   4  1  0  2  0  0  0
    7  1.0711408297549962e-23   3  2  0  2  0  0  0
    7 -2.4608264051564356e-23   2  3  0  2  0  0  0
    7 -1.5924808503296469e-23   1  4  0  2  0  0  0
    7 -1.2323584538848775e-23   0  5  0  2  0  0  0
    7  1.6018530233707095e-24   3  0  2  2  0  0  0
    7 -3.7550153392815364e-24   2  1  2  2  0  0  0
    7 -3.7550153392815364e-24   1  2  2  2  0  0  0
    7  1.6018530233707095e-24   0  3  2  2  0  0  0
    7 -2.2699237123209867e-24   1  0  4  2  0  0  0
    7 -1.1569665334507898e-24   0  1  4  2  0  0  0
    7 -4.3071967816751144e-25   3  0  1  3  0  0  0
    7  6.3227441658136316e-25   2  1  1  3  0  0  0
    7 -1.1283779580426046e-23   1  2  1  3  0  0  0
    7 -3.8498197653226693e-24   0  3  1  3  0  0  0
    7 -3.3974155940222765e-25   1  0  3  3  0  0  0
    7 -3.3974155940222765e-25   0  1  3  3  0  0  0
    7 -5.6675932752921218e-25   3  0  0  4  0  0  0
    7  3.3708228210284297e-24   2  1  0  4  0  0  0
    7 -3.7171304780308747e-24   1  2  0  4  0  0  0
    7 -7.6302032032275510e-24   0  3  0  4  0  0  0
    7 -1.1569665334507898e-24   1  0  2  4  0  0  0
    7 -2.2699237123209867e-24   0  1  2  4  0  0  0
    7  8.3415150928701273e-25   1  0  1  5  0  0  0
    7 -1.7009287174513543e-24   0  1  1  5  0  0  0
    7 -1.1421182311251486e-25   0  1  0  6  0  0  0
    7 -1.0950216125478736e-23   6  0  0  0  1  0  0
    7  6.2163145164129782e-23   5  1  0  0  1  0  0
    7 -6.7199935868174710e-24   4  2  0  0  1  0  0
    7  7.3473461577736906e-23   3  3  0  0  1  0  0
    7 -6.7199935868174710e-24   2  4  0  0  1  0  0
    7  6.2163145164129782e-23   1  5  0  0  1  0  0
    7 -1.0950216125478736e-23   0  6  0  0  1  0  0
    7 -5.2639822376231837e-22   4  0  2  0  1  0  0
    7  8.5912364543838510e-24   3  1  2  0  1  0  0
    7  1.7730436002051101e-23   2  2  2  0  1  0  0
    7  5.7161460497631489e-23   1  3  2  0  1  0  0
    7 -9.9803603544079442e-24   0  4  2  0  1  0  0
    7 -1.6147154423119967e-24   2  0  4  0  1  0  0
    7  2.7717028018084589e-23   1  1  4  0  1  0  0
    7  8.2449036038519429e-25   0  2  4  0  1  0  0
    7  2.3331419471805434e-24   0  0  6  0  1  0  0
    7 -2.8456685262539527e-24   4  0  1  1  1  0  0
    7  4.8469213281153873e-23   3  1  1  1  1  0  0
    7  5.0447114064564588e-24   2  2  1  1  1  0  0
    7  4.8469213281153873e-23   1  3  1  1  1  0  0
    7 -2.8456685262539527e-24   0  4  1  1  1  0  0
    7  2.4099132152932172e-23   2  0  3  1  1  0  0
    7 -6.5359108079947955e-23   1  1  3  1  1  0  0
    7  2.2486259836220988e-23   0  2  3  1  1  0  0
    7 -1.2960497697130406e-24   0  0  5  1  1  0  0
    7 -9.9803603544079442e-24   4  0  0  2  1  0  0
    7  5.7161460497631489e-23   3  1  0  2  1  0  0
    7  1.7730436002051101e-23   2  2  0  2  1  0  0
    7  8.5912364543838510e-24   1  3  0  2  1  0  0
    7 -5.2639822376231837e-22   0  4  0  2  1  0  0
    7 -4.0462992738920846e-23   2  0  2  2  1  0  0
    7  8.4268837752714436e-24   1  1  2  2  1  0  0
    7 -4.0462992738920846e-23   0  2  2  2  1  0  0
    7  2.9901808842671327e-25   0  0  4  2  1  0  0
    7  2.2486259836220988e-23   2  0  1  3  1  0  0
    7 -6.5359108079947955e-23   1  1  1  3  1  0  0
    7  2.4099132152932172e-23   0  2  1  3  1  0  0
    7  1.4178155549695735e-23   0  0  3  3  1  0  0
    7  8.2449036038519429e-25   2  0  0  4  1  0  0
    7  2.7717028018084589e-23   1  1  0  4  1  0  0
    7 -1.6147154423119967e-24   0  2  0  4  1  0  0
    7  2.9901808842671327e-25   0  0  2  4  1  0  0
    7 -1.2960497697130406e-24   0  0  1  5  1  0  0
    7  2.3331419471805434e-24   0  0  0  6  1  0  0
    7 -2.3162088558702172e-22   5  0  0  0  2  0  0
    7 -4.0647225968357728e-24   4  1  0  0  2  0  0
    7  2.2285526054472548e-22   3  2  0  0  2  0  0
    7  2.2285526054472548e-22   2  3  0  0  2  0  0
    7 -4.0647225968357728e-24   1  4  0  0  2  0  0
    7 -2.3162088558702172e-22   0  5  0  0  2  0  0
    7  2.5976833512722470e-22   3  0  2  0  2  0  0
    7  3.4225787987093463e-22   2  1  2  0  2  0  0
    7 -4.0865995057225172e-22   1  2  2  0  2  0  0
    7  2.4770653705227520e-24   0  3  2  0  2  0  0
    7 -6.3503302849383508e-23   1  0  4  0  2  0  0
    7  1.0928670345022366e-22   0  1  4  0  2  0  0
    7  1.9955766038285704e-22   3  0  1  1  2  0  0
    7  5.2327606632148069e-22   2  1  1  1  2  0  0
    7  5.2327606632148069e-22   1  2  1  1  2  0  0
    7  1.9955766038285704e-22   0  3  1  1  2  0  0
    7 -1.7825839902852146e-25   1  0  3  1  2  0  0
    7 -3.7847714229160668e-23   0  1  3  1  2  0  0
    7  2.4770653705227520e-24   3  0  0  2  2  0  0
    7 -4.0865995057225172e-22   2  1  0  2  2  0  0
    7  3.4225787987093463e-22   1  2  0  2  2  0  0
    7  2.5976833512722470e-22   0  3  0  2  2  0  0
    7  4.0084943917316401e-23   1  0  2  2  2  0  0
    7  4.0084943917316401e-23   0  1  2  2  2  0  0
    7 -3.7847714229160668e-23   1  0  1  3  2  0  0
    7 -1.7825839902852146e-25   0  1  1  3  2  0  0
    7  1.0928670345022366e-22   1  0  0  4  2  0  0
    7 -6.3503302849383508e-23   0  1  0  4  2  0  0
    7  5.8106023009566154e-22   4  0  0  0  3  0  0
    7  2.2129366263458449e-22   3  1  0  0  3  0  0
    7  5.1864933306254538e-21   2  2  0  0  3  0  0
    7  2.2129366263458449e-22   1  3  0  0  3  0  0
    7  5.8106023009566154e-22   0  4  0  0  3  0  0
    7 -1.2068626000390190e-21   2  0  2  0  3  0  0
    7  2.6776381950637797e-21   1  1  2  0  3  0  0
    7  4.9890398894072812e-22   0  2  2  0  3  0  0
    7 -1.5778757243254596e-22   0  0  4  0  3  0  0
    7  1.7261263808167793e-21   2  0  1  1  3  0  0
    7 -2.3288560522164506e-21   1  1  1  1  3  0  0
    7  1.7261263808167793e-21   0  2  1  1  3  0  0
    7 -2.6014375556022724e-23   0  0  3  1  3  0  0
    7  4.9890398894072812e-22   2  0  0  2  3  0  0
    7  2.6776381950637797e-21   1  1  0  2  3  0  0
    7 -1.2068626000390190e-21   0  2  0  2  3  0  0
    7 -5.9719776681886945e-22   0  0  2  2  3  0  0
    7 -2.6014375556022724e-23   0  0  1  3  3  0  0
    7 -1.5778757243254596e-22   0  0  0  4  3  0  0
    7 -3.8739184863184091e-21   3  0  0  0  4  0  0
    7 -2.1091641325172166e-21   2  1  0  0  4  0  0
    7 -2.1091641325172166e-21   1  2  0  0  4  0  0
    7 -3.8739184863184091e-21   0  3  0  0  4  0  0
    7  1.6297196765549396e-21   1  0  2  0  4  0  0
    7 -4.9822290083917136e-22   0  1  2  0  4  0  0
    7 -9.4165262917679258e-21   1  0  1  1  4  0  0
    7 -9.4165262917679258e-21   0  1  1  1  4  0  0
    7 -4.9822290083917136e-22   1  0  0  2  4  0  0
    7  1.6297196765549396e-21   0  1  0  2  4  0  0
    7 -2.7797324608700339e-20   2  0  0  0  5  0  0
    7  3.8995607566355776e-19   1  1  0  0  5  0  0
    7 -2.7797324608700339e-20   0  2  0  0  5  0  0
    7  1.4749356882542838e-20   0  0  2  0  5  0  0
    7  4.4381629087626740e-20   0  0  1  1  5  0  0
    7  1.4749356882542838e-20   0  0  0  2  5  0  0
    7  1.1290179028537008e-18   0  0  0  0  7  0  0
    8  1.4285528221783732e-25   5  1  2  0  0  0  0
    8  1.4285528221783732e-25   1  5  0  2  0  0  0
    8  1.3117323577700653e-25   5  2  0  0  1  0  0
    8  1.3117323577700653e-25   2  5  0  0  1  0  0
    8  9.2873246384543859e-24   5  0  2  0  1  0  0
    8 -2.4926906314212817e-24   4  1  2  0  1  0  0
    8 -6.9907788098132397e-25   3  2  2  0  1  0  0
    8 -1.2518163461584378e-25   2  3  2  0  1  0  0
    8 -5.5180209865454321e-25   3  0  4  0  1  0  0
    8  1.2926438254487923e-25   2  1  4  0  1  0  0
    8 -1.3661071500327081e-25   1  2  4  0  1  0  0
    8 -1.0219729579798362e-25   5  0  1  1  1  0  0
    8  2.6308601235364505e-25   4  1  1  1  1  0  0
    8  2.6308601235364505e-25   1  4  1  1  1  0  0
    8 -1.0219729579798362e-25   0  5  1  1  1  0  0
    8 -1.8816918909084412e-25   3  0  3  1  1  0  0
    8 -2.4931477040490700e-25   2  1  3  1  1  0  0
    8 -2.0955960098815209e-25   1  2  3  1  1  0  0
    8 -1.2518163461584378e-25   3  2  0  2  1  0  0
    8 -6.9907788098132397e-25   2  3  0  2  1  0  0
    8 -2.4926906314212817e-24   1  4  0  2  1  0  0
    8  9.2873246384543859e-24   0  5  0  2  1  0  0
    8  1.6782580836517811e-25   3  0  2  2  1  0  0
    8 -1.0812451147743557e-25   2  1  2  2  1  0  0
    8 -1.0812451147743557e-25   1  2  2  2  1  0  0
    8  1.6782580836517811e-25   0  3  2  2  1  0  0
    8 -2.0955960098815209e-25   2  1  1  3  1  0  0
    8 -2.4931477040490700e-25   1  2  1  3  1  0  0
    8 -1.8816918909084412e-25   0  3  1  3  1  0  0
    8 -1.3661071500327081e-25   2  1  0  4  1  0  0
    8  1.2926438254487923e-25   1  2  0  4  1  0  0
    8 -5.5180209865454321e-25   0  3  0  4  1  0  0
    8  3.2468200355498741e-25   6  0  0  0  2  0  0
    8 -5.9245047193620126e-25   5  1  0  0  2  0  0
    8  2.4646289191251873e-25   4  2  0  0  2  0  0
    8  7.7517273211407185e-25   3  3  0  0  2  0  0
    8  2.4646289191251873e-25   2  4  0  0  2  0  0
    8 -5.9245047193620126e-25   1  5  0  0  2  0  0
    8  3.2468200355498741e-25   0  6  0  0  2  0  0
    8 -3.0346456740695587e-23   4  0  2  0  2  0  0
    8 -2.1179603862008238e-24   3  1  2  0  2  0  0
    8  8.0672184829968590e-25   2  2  2  0  2  0  0
    8 -9.3143785657547926e-25   1  3  2  0  2  0  0
    8  2.1130009665535158e-25   0  4  2  0  2  0  0
    8  5.6843061141021652e-25   2  0  4  0  2  0  0
    8  1.1913321911804041e-24   1  1  4  0  2  0  0
    8 -1.7479012458519196e-24   4  0  1  1  2  0  0
    8 -1.6186494326750906e-24   3  1  1  1  2  0  0
    8  4.0696671291691347e-24   2  2  1  1  2  0  0
    8 -1.6186494326750906e-24   1  3  1  1  2  0  0
    8 -1.7479012458519196e-24   0  4  1  1  2  0  0
    8  3.2158476355194982e-25   2  0  3  1  2  0  0
    8 -3.1513421576074242e-25   1  1  3  1  2  0  0
    8 -7.7589208326395113e-25   0  2  3  1  2  0  0
    8  2.1130009665535158e-25   4  0  0  2  2  0  0
    8 -9.3143785657547926e-25   3  1  0  2  2  0  0
    8  8.0672184829968590e-25   2  2  0  2  2  0  0
    8 -2.1179603862008238e-24   1  3  0  2  2  0  0
    8 -3.0346456740695587e-23   0  4  0  2  2  0  0
    8 -1.1316558606161163e-24   2  0  2  2  2  0  0
    8 -4.4357844753316174e-25   1  1  2  2  2  0  0
    8 -1.1316558606161163e-24   0  2  2  2  2  0  0
    8 -7.7589208326395113e-25   2  0  1  3  2  0  0
    8 -3.1513421576074242e-25   1  1  1  3  2  0  0
    8  3.2158476355194982e-25   0  2  1  3  2  0  0
    8  1.1913321911804041e-24   1  1  0  4  2  0  0
    8  5.6843061141021652e-25   0  2  0  4  2  0  0
    8  1.1459502715267368e-24   5  0  0  0  3  0  0
    8  2.5568053349434353e-24   4  1  0  0  3  0  0
    8  5.0625381207744458e-24   3  2  0  0  3  0  0
    8  5.0625381207744458e-24   2  3  0  0  3  0  0
    8  2.5568053349434353e-24   1  4  0  0  3  0  0
    8  1.1459502715267368e-24   0  5  0  0  3  0  0
    8  5.8322420860600434e-24   3  0  2  0  3  0  0
    8 -8.3141278371584171e-24   2  1  2  0  3  0  0
    8  2.1974437290007327e-23   1  2  2  0  3  0  0
    8 -6.3242446317869782e-25   0  3  2  0  3  0  0
    8 -2.2478999891976053e-24   1  0  4  0  3  0  0
    8  2.5377434413036061e-25   0  1  4  0  3  0  0
    8  6.9694496441494246e-24   3  0  1  1  3  0  0
    8  1.3442102250426771e-23   2  1  1  1  3  0  0
    8  1.3442102250426771e-23   1  2  1  1  3  0  0
    8  6.9694496441494246e-24   0  3  1  1  3  0  0
    8 -1.2986913767394397e-24   1  0  3  1  3  0  0
    8  4.9688348906982366e-24   0  1  3  1  3  0  0
    8 -6.3242446317869782e-25   3  0  0  2  3  0  0
    8  2.1974437290007327e-23   2  1  0  2  3  0  0
    8 -8.3141278371584171e-24   1  2  0  2  3  0  0
    8  5.8322420860600434e-24   0  3  0  2  3  0  0
    8  1.5049274521197200e-24   1  0  2  2  3  0  0
    8  1.5049274521197200e-24   0  1  2  2  3  0  0
    8  4.9688348906982366e-24   1  0  1  3  3  0  0
    8 -1.2986913767394397e-24   0  1  1  3  3  0  0
    8  2.5377434413036061e-25   1  0  0  4  3  0  0
    8 -2.2478999891976053e-24   0  1  0  4  3  0  0
    8 -5.5224045974703555e-24   4  0  0  0  4  0  0
    8  8.5213967525576126e-24   3  1  0  0  4  0  0
    8 -9.6448994961648688e-23   2  2  0  0  4  0  0
    8  8.5213967525576126e-24   1  3  0  0  4  0  0
    8 -5.5224045974703555e-24   0  4  0  0  4  0  0
    8  3.6502621320313513e-23   2  0  2  0  4  0  0
    8 -5.9564467179189462e-24   1  1  2  0  4  0  0
    8  8.9873734289534919e-25   0  2  2  0  4  0  0
    8  2.1619139903087033e-24   0  0  4  0  4  0  0
    8 -1.1961398693293989e-23   2  0  1  1  4  0  0
    8 -3.3931135144792718e-23   1  1  1  1  4  0  0
    8 -1.1961398693293989e-23   0  2  1  1  4  0  0
    8 -2.8057943724948905e-24   0  0  3  1  4  0  0
    8  8.9873734289534919e-25   2  0  0  2  4  0  0
    8 -5.9564467179189462e-24   1  1  0  2  4  0  0
    8  3.6502621320313513e-23   0  2  0  2  4  0  0
    8  1.2015279588812305e-25   0  0  2  2  4  0  0
    8 -2.8057943724948905e-24   0  0  1  3  4  0  0
    8  2.1619139903087033e-24   0  0  0  4  4  0  0
    8  1.2515259993919428e-22   3  0  0  0  5  0  0
    8  6.4367501411575527e-23   2  1  0  0  5  0  0
    8  6.4367501411575527e-23   1  2  0  0  5  0  0
    8  1.2515259993919428e-22   0  3  0  0  5  0  0
    8  4.4069830898628569e-23   1  0  2  0  5  0  0
    8 -3.3630112738308318e-24   0  1  2  0  5  0  0
    8 -1.9276692251864758e-23   1  0  1  1  5  0  0
    8 -1.9276692251864758e-23   0  1  1  1  5  0  0
    8 -3.3630112738308318e-24   1  0  0  2  5  0  0
    8  4.4069830898628569e-23   0  1  0  2  5  0  0
    8  6.5034667454402768e-22   2  0  0  0  6  0  0
    8 -5.9777723960766276e-21   1  1  0  0  6  0  0
    8  6.5034667454402768e-22   0  2  0  0  6  0  0
    8 -2.9587711453543814e-22   0  0  2  0  6  0  0
    8 -5.5380288570294459e-22   0  0  1  1  6  0  0
    8 -2.9587711453543814e-22   0  0  0  2  6  0  0
    8 -2.2143454097702939e-20   0  0  0  0  8  0  0
 -525  0.0000000000000000e+00   0  0  0  0  0  0  0
