
tpsa, NO = 8, NV = 7, INA = 48097
------------------------------------------------------------------

   |I|         a                i  i  i  i  i  i  i
                I                1  2  3  4  5  6  7

    3 -3.1429914958145316e-07   3  0  0  0  0  0  0
    3 -1.5164340972635241e-06   2  1  0  0  0  0  0
    3  1.5164340972635241e-06   1  2  0  0  0  0  0
    3  3.1429914958145316e-07   0  3  0  0  0  0  0
    3  1.7975301891250300e-06   1  0  2  0  0  0  0
    3  3.5574486999312439e-09   0  1  2  0  0  0  0
    3 -8.3613714643514305e-07   1  0  1  1  0  0  0
    3  8.3613714643514305e-07   0  1  1  1  0  0  0
    3 -3.5574486999312439e-09   1  0  0  2  0  0  0
    3 -1.7975301891250300e-06   0  1  0  2  0  0  0
    3 -8.3162071655200786e-07   2  0  0  0  1  0  0
    3  8.3162071655200786e-07   0  2  0  0  1  0  0
    3  6.6596019747646725e-07   0  0  2  0  1  0  0
    3 -6.6596019747646725e-07   0  0  0  2  1  0  0
    3  3.2691473401340199e-21   1  0  0  0  2  0  0
    3 -3.2691473401340199e-21   0  1  0  0  2  0  0
    4 -1.6693007593415985e-07   4  0  0  0  0  0  0
    4  1.5540518216676213e-07   3  1  0  0  0  0  0
    4 -1.5540518216676213e-07   1  3  0  0  0  0  0
    4  1.6693007593415985e-07   0  4  0  0  0  0  0
    4 -4.3557045504135298e-08   2  0  2  0  0  0  0
    4 -4.5395704119533865e-07   1  1  2  0  0  0  0
    4  4.0760120769992191e-07   0  2  2  0  0  0  0
    4  6.9377921967529358e-08   0  0  4  0  0  0  0
    4 -1.2018391652898092e-07   2  0  1  1  0  0  0
    4  1.2018391652898092e-07   0  2  1  1  0  0  0
    4 -3.3806767258494119e-07   0  0  3  1  0  0  0
    4 -4.0760120769992191e-07   2  0  0  2  0  0  0
    4  4.5395704119533865e-07   1  1  0  2  0  0  0
    4  4.3557045504135298e-08   0  2  0  2  0  0  0
    4  3.3806767258494119e-07   0  0  1  3  0  0  0
    4 -6.9377921967529358e-08   0  0  0  4  0  0  0
    4  5.6525758415066706e-08   3  0  0  0  1  0  0
    4 -4.8992608012552077e-07   2  1  0  0  1  0  0
    4  4.8992608012552077e-07   1  2  0  0  1  0  0
    4 -5.6525758415066706e-08   0  3  0  0  1  0  0
    4 -4.7868219682222043e-08   1  0  2  0  1  0  0
    4  4.1606329803004376e-07   0  1  2  0  1  0  0
    4 -1.7468337084075000e-07   1  0  1  1  1  0  0
    4  1.7468337084075000e-07   0  1  1  1  1  0  0
    4 -4.1606329803004376e-07   1  0  0  2  1  0  0
    4  4.7868219682222043e-08   0  1  0  2  1  0  0
    4 -2.8297155752328566e-07   2  0  0  0  2  0  0
    4  2.8297155752328566e-07   0  2  0  0  2  0  0
    4  5.4411331501962906e-07   0  0  2  0  2  0  0
    4 -5.4411331501962906e-07   0  0  0  2  2  0  0
    4 -3.3106561683506662e-22   1  0  0  0  3  0  0
    4  3.3106561683506662e-22   0  1  0  0  3  0  0
    5  3.5515164047690539e-08   5  0  0  0  0  0  0
    5  7.0576880870004877e-08   4  1  0  0  0  0  0
    5 -1.2899011246826948e-08   3  2  0  0  0  0  0
    5  1.2899011246826948e-08   2  3  0  0  0  0  0
    5 -7.0576880870004877e-08   1  4  0  0  0  0  0
    5 -3.5515164047690539e-08   0  5  0  0  0  0  0
    5  8.7195412186230060e-08   3  0  2  0  0  0  0
    5 -1.7007158016317721e-08   2  1  2  0  0  0  0
    5 -8.2558962302974095e-07   1  2  2  0  0  0  0
    5  1.5200683230093412e-07   0  3  2  0  0  0  0
    5 -4.5663910970042495e-08   1  0  4  0  0  0  0
    5 -2.0705339638565903e-07   0  1  4  0  0  0  0
    5 -7.9970092120399762e-08   3  0  1  1  0  0  0
    5  5.1081064521894903e-07   2  1  1  1  0  0  0
    5 -5.1081064521894903e-07   1  2  1  1  0  0  0
    5  7.9970092120399762e-08   0  3  1  1  0  0  0
    5 -1.5065796956638281e-07   1  0  3  1  0  0  0
    5 -3.0695354671526917e-07   0  1  3  1  0  0  0
    5 -1.5200683230093412e-07   3  0  0  2  0  0  0
    5  8.2558962302974095e-07   2  1  0  2  0  0  0
    5  1.7007158016317721e-08   1  2  0  2  0  0  0
    5 -8.7195412186230060e-08   0  3  0  2  0  0  0
    5  1.0459128279039546e-07   1  0  2  2  0  0  0
    5 -1.0459128279039546e-07   0  1  2  2  0  0  0
    5  3.0695354671526917e-07   1  0  1  3  0  0  0
    5  1.5065796956638281e-07   0  1  1  3  0  0  0
    5  2.0705339638565903e-07   1  0  0  4  0  0  0
    5  4.5663910970042495e-08   0  1  0  4  0  0  0
    5 -1.0900596115781130e-07   4  0  0  0  1  0  0
    5  4.8301726037637992e-08   3  1  0  0  1  0  0
    5 -4.8301726037637992e-08   1  3  0  0  1  0  0
    5  1.0900596115781130e-07   0  4  0  0  1  0  0
    5 -4.8179589827256081e-08   2  0  2  0  1  0  0
    5 -2.1093199493589812e-07   1  1  2  0  1  0  0
    5  2.9679395705243960e-08   0  2  2  0  1  0  0
    5 -3.4861798151207643e-08   0  0  4  0  1  0  0
    5 -4.6179961108975505e-08   2  0  1  1  1  0  0
    5  4.6179961108975505e-08   0  2  1  1  1  0  0
    5 -1.9124160460868173e-08   0  0  3  1  1  0  0
    5 -2.9679395705243960e-08   2  0  0  2  1  0  0
    5  2.1093199493589812e-07   1  1  0  2  1  0  0
    5  4.8179589827256081e-08   0  2  0  2  1  0  0
    5  1.9124160460868173e-08   0  0  1  3  1  0  0
    5  3.4861798151207643e-08   0  0  0  4  1  0  0
    5  5.5934427967995860e-08   3  0  0  0  2  0  0
    5 -1.8535536806830632e-07   2  1  0  0  2  0  0
    5  1.8535536806830632e-07   1  2  0  0  2  0  0
    5 -5.5934427967995860e-08   0  3  0  0  2  0  0
    5  3.8875220173236700e-08   1  0  2  0  2  0  0
    5  1.0860049245243500e-06   0  1  2  0  2  0  0
    5  9.9869607422936955e-08   1  0  1  1  2  0  0
    5 -9.9869607422936955e-08   0  1  1  1  2  0  0
    5 -1.0860049245243500e-06   1  0  0  2  2  0  0
    5 -3.8875220173236700e-08   0  1  0  2  2  0  0
    5  6.3148379899047671e-09   2  0  0  0  3  0  0
    5 -6.3148379899047671e-09   0  2  0  0  3  0  0
    5 -1.4974634418809650e-07   0  0  2  0  3  0  0
    5  1.4974634418809650e-07   0  0  0  2  3  0  0
    5 -4.8243267816732575e-22   1  0  0  0  4  0  0
    5  4.8243267816732575e-22   0  1  0  0  4  0  0
    6 -1.2571723326514647e-08   6  0  0  0  0  0  0
    6  4.4562622437835928e-08   5  1  0  0  0  0  0
    6 -1.5752339182996684e-08   4  2  0  0  0  0  0
    6  1.5752339182996684e-08   2  4  0  0  0  0  0
    6 -4.4562622437835928e-08   1  5  0  0  0  0  0
    6  1.2571723326514647e-08   0  6  0  0  0  0  0
    6 -2.3672212859401707e-07   4  0  2  0  0  0  0
    6 -1.0555604644823834e-08   3  1  2  0  0  0  0
    6  2.4919356174592667e-07   2  2  2  0  0  0  0
    6 -9.5445887890871303e-09   1  3  2  0  0  0  0
    6  9.8452488813149211e-09   0  4  2  0  0  0  0
    6 -2.2812470237468806e-09   2  0  4  0  0  0  0
    6  4.5250186850883815e-08   1  1  4  0  0  0  0
    6  3.4077208335998933e-08   0  2  4  0  0  0  0
    6 -3.7123170275613364e-09   0  0  6  0  0  0  0
    6 -6.2387620475190632e-08   4  0  1  1  0  0  0
    6  2.6941908195549389e-08   3  1  1  1  0  0  0
    6 -2.6941908195549389e-08   1  3  1  1  0  0  0
    6  6.2387620475190632e-08   0  4  1  1  0  0  0
    6  4.3398712560892662e-08   2  0  3  1  0  0  0
    6 -3.0547195136631822e-09   1  1  3  1  0  0  0
    6 -6.7279331273324654e-08   0  2  3  1  0  0  0
    6  1.0522348081343393e-08   0  0  5  1  0  0  0
    6 -9.8452488813149211e-09   4  0  0  2  0  0  0
    6  9.5445887890871303e-09   3  1  0  2  0  0  0
    6 -2.4919356174592667e-07   2  2  0  2  0  0  0
    6  1.0555604644823834e-08   1  3  0  2  0  0  0
    6  2.3672212859401707e-07   0  4  0  2  0  0  0
    6  9.4984299073920034e-09   2  0  2  2  0  0  0
    6 -9.4984299073920034e-09   0  2  2  2  0  0  0
    6  2.2596106879730236e-08   0  0  4  2  0  0  0
    6  6.7279331273324654e-08   2  0  1  3  0  0  0
    6  3.0547195136631822e-09   1  1  1  3  0  0  0
    6 -4.3398712560892662e-08   0  2  1  3  0  0  0
    6 -3.4077208335998933e-08   2  0  0  4  0  0  0
    6 -4.5250186850883815e-08   1  1  0  4  0  0  0
    6  2.2812470237468806e-09   0  2  0  4  0  0  0
    6 -2.2596106879730236e-08   0  0  2  4  0  0  0
    6 -1.0522348081343393e-08   0  0  1  5  0  0  0
    6  3.7123170275613364e-09   0  0  0  6  0  0  0
    6  4.6036631573085429e-07   5  0  0  0  1  0  0
    6 -5.6507989675273120e-08   4  1  0  0  1  0  0
    6  7.3090509543607662e-08   3  2  0  0  1  0  0
    6 -7.3090509543607662e-08   2  3  0  0  1  0  0
    6  5.6507989675273120e-08   1  4  0  0  1  0  0
    6 -4.6036631573085429e-07   0  5  0  0  1  0  0
    6 -3.3959807124013944e-09   3  0  2  0  1  0  0
    6  6.1645921440163913e-08   2  1  2  0  1  0  0
    6 -7.0996691335032628e-07   1  2  2  0  1  0  0
    6  9.3929247393736823e-09   0  3  2  0  1  0  0
    6 -1.2800270573342967e-08   1  0  4  0  1  0  0
    6  1.0977014008425292e-08   0  1  4  0  1  0  0
    6 -7.3946429778006234e-08   3  0  1  1  1  0  0
    6 -1.5724862219105031e-07   2  1  1  1  1  0  0
    6  1.5724862219105031e-07   1  2  1  1  1  0  0
    6  7.3946429778006234e-08   0  3  1  1  1  0  0
    6  2.6723564052656533e-08   1  0  3  1  1  0  0
    6 -3.9587546343288109e-07   0  1  3  1  1  0  0
    6 -9.3929247393736823e-09   3  0  0  2  1  0  0
    6  7.0996691335032628e-07   2  1  0  2  1  0  0
    6 -6.1645921440163913e-08   1  2  0  2  1  0  0
    6  3.3959807124013944e-09   0  3  0  2  1  0  0
    6 -1.1841898817479533e-07   1  0  2  2  1  0  0
    6  1.1841898817479533e-07   0  1  2  2  1  0  0
    6  3.9587546343288109e-07   1  0  1  3  1  0  0
    6 -2.6723564052656533e-08   0  1  1  3  1  0  0
    6 -1.0977014008425292e-08   1  0  0  4  1  0  0
    6  1.2800270573342967e-08   0  1  0  4  1  0  0
    6  2.5181924530094318e-07   4  0  0  0  2  0  0
    6 -1.0772122403537761e-07   3  1  0  0  2  0  0
    6  1.0772122403537761e-07   1  3  0  0  2  0  0
    6 -2.5181924530094318e-07   0  4  0  0  2  0  0
    6 -7.7960947945012321e-09   2  0  2  0  2  0  0
    6  1.0217643756281199e-07   1  1  2  0  2  0  0
    6 -1.1795145579771200e-08   0  2  2  0  2  0  0
    6 -1.7582328496663562e-08   0  0  4  0  2  0  0
    6 -1.2353633560736908e-08   2  0  1  1  2  0  0
    6  1.2353633560736908e-08   0  2  1  1  2  0  0
    6  6.3622502207685352e-08   0  0  3  1  2  0  0
    6  1.1795145579771200e-08   2  0  0  2  2  0  0
    6 -1.0217643756281199e-07   1  1  0  2  2  0  0
    6  7.7960947945012321e-09   0  2  0  2  2  0  0
    6 -6.3622502207685352e-08   0  0  1  3  2  0  0
    6  1.7582328496663562e-08   0  0  0  4  2  0  0
    6 -1.0339874883703473e-07   3  0  0  0  3  0  0
    6  6.5713975142251964e-07   2  1  0  0  3  0  0
    6 -6.5713975142251964e-07   1  2  0  0  3  0  0
    6  1.0339874883703473e-07   0  3  0  0  3  0  0
    6  1.1259791265794299e-08   1  0  2  0  3  0  0
    6  1.9495525414227658e-07   0  1  2  0  3  0  0
    6  7.5413346873318907e-08   1  0  1  1  3  0  0
    6 -7.5413346873318907e-08   0  1  1  1  3  0  0
    6 -1.9495525414227658e-07   1  0  0  2  3  0  0
    6 -1.1259791265794299e-08   0  1  0  2  3  0  0
    6 -1.1808165049009454e-08   2  0  0  0  4  0  0
    6  1.1808165049009454e-08   0  2  0  0  4  0  0
    6  7.6365583226453371e-09   0  0  2  0  4  0  0
    6 -7.6365583226453371e-09   0  0  0  2  4  0  0
    6  1.3139494331544193e-23   1  0  0  0  5  0  0
    6 -1.3139494331544193e-23   0  1  0  0  5  0  0
    7 -3.5189014965573996e-09   7  0  0  0  0  0  0
    7  1.4322443198978328e-08   6  1  0  0  0  0  0
    7 -4.9053768643096639e-11   5  2  0  0  0  0  0
    7  6.2799256431422475e-08   4  3  0  0  0  0  0
    7 -6.2799256431422475e-08   3  4  0  0  0  0  0
    7  4.9053768643096639e-11   2  5  0  0  0  0  0
    7 -1.4322443198978328e-08   1  6  0  0  0  0  0
    7  3.5189014965573996e-09   0  7  0  0  0  0  0
    7  1.8503768763865922e-08   5  0  2  0  0  0  0
    7  4.6946962694607441e-08   4  1  2  0  0  0  0
    7 -1.2873412523833183e-07   3  2  2  0  0  0  0
    7 -3.0195872003987805e-08   2  3  2  0  0  0  0
    7 -9.1385721217030232e-09   1  4  2  0  0  0  0
    7  5.9832735738193656e-09   0  5  2  0  0  0  0
    7  2.0228965066959947e-08   3  0  4  0  0  0  0
    7  1.2255792879162913e-08   2  1  4  0  0  0  0
    7  4.5152124676443985e-08   1  2  4  0  0  0  0
    7 -8.4989942840960204e-09   0  3  4  0  0  0  0
    7 -5.5737556637339955e-09   1  0  6  0  0  0  0
    7  1.9000578225696982e-10   0  1  6  0  0  0  0
    7 -2.4521105803490060e-07   5  0  1  1  0  0  0
    7  3.7213267934966322e-08   4  1  1  1  0  0  0
    7  1.6978134562156023e-07   3  2  1  1  0  0  0
    7 -1.6978134562156023e-07   2  3  1  1  0  0  0
    7 -3.7213267934966322e-08   1  4  1  1  0  0  0
    7  2.4521105803490060e-07   0  5  1  1  0  0  0
    7 -1.5567186893137258e-08   3  0  3  1  0  0  0
    7 -1.4866858916409705e-07   2  1  3  1  0  0  0
    7  5.2749106342201861e-07   1  2  3  1  0  0  0
    7 -1.4463879743482016e-08   0  3  3  1  0  0  0
    7  2.1003280121483222e-08   1  0  5  1  0  0  0
    7 -2.8602872950247750e-08   0  1  5  1  0  0  0
    7 -5.9832735738193656e-09   5  0  0  2  0  0  0
    7  9.1385721217030232e-09   4  1  0  2  0  0  0
    7  3.0195872003987805e-08   3  2  0  2  0  0  0
    7  1.2873412523833183e-07   2  3  0  2  0  0  0
    7 -4.6946962694607441e-08   1  4  0  2  0  0  0
    7 -1.8503768763865922e-08   0  5  0  2  0  0  0
    7  2.1486832925998737e-08   3  0  2  2  0  0  0
    7  1.7856649228640481e-07   2  1  2  2  0  0  0
    7 -1.7856649228640481e-07   1  2  2  2  0  0  0
    7 -2.1486832925998737e-08   0  3  2  2  0  0  0
    7 -3.4141696120325723e-09   1  0  4  2  0  0  0
    7  9.4138872052880564e-08   0  1  4  2  0  0  0
    7  1.4463879743482016e-08   3  0  1  3  0  0  0
    7 -5.2749106342201861e-07   2  1  1  3  0  0  0
    7  1.4866858916409705e-07   1  2  1  3  0  0  0
    7  1.5567186893137258e-08   0  3  1  3  0  0  0
    7  4.6407304157823445e-08   1  0  3  3  0  0  0
    7 -4.6407304157823445e-08   0  1  3  3  0  0  0
    7  8.4989942840960204e-09   3  0  0  4  0  0  0
    7 -4.5152124676443985e-08   2  1  0  4  0  0  0
    7 -1.2255792879162913e-08   1  2  0  4  0  0  0
    7 -2.0228965066959947e-08   0  3  0  4  0  0  0
    7 -9.4138872052880564e-08   1  0  2  4  0  0  0
    7  3.4141696120325723e-09   0  1  2  4  0  0  0
    7  2.8602872950247750e-08   1  0  1  5  0  0  0
    7 -2.1003280121483222e-08   0  1  1  5  0  0  0
    7 -1.9000578225696982e-10   1  0  0  6  0  0  0
    7  5.5737556637339955e-09   0  1  0  6  0  0  0
    7  1.7203458986951966e-08   6  0  0  0  1  0  0
    7  2.1755463858610336e-08   5  1  0  0  1  0  0
    7  7.5733552648960564e-08   4  2  0  0  1  0  0
    7 -7.5733552648960564e-08   2  4  0  0  1  0  0
    7 -2.1755463858610336e-08   1  5  0  0  1  0  0
    7 -1.7203458986951966e-08   0  6  0  0  1  0  0
    7 -2.5077853029889510e-07   4  0  2  0  1  0  0
    7  3.9734937038776614e-08   3  1  2  0  1  0  0
    7 -1.4981810435702143e-07   2  2  2  0  1  0  0
    7  8.2601568626900673e-08   1  3  2  0  1  0  0
    7  3.2676671210260457e-08   0  4  2  0  1  0  0
    7 -2.3380404757721583e-08   2  0  4  0  1  0  0
    7  3.6730961947812746e-09   1  1  4  0  1  0  0
    7 -2.9250183223182219e-08   0  2  4  0  1  0  0
    7 -6.5888092529117459e-10   0  0  6  0  1  0  0
    7 -1.0094067062396189e-07   4  0  1  1  1  0  0
    7  9.8352720156428917e-08   3  1  1  1  1  0  0
    7 -9.8352720156428917e-08   1  3  1  1  1  0  0
    7  1.0094067062396189e-07   0  4  1  1  1  0  0
    7 -3.9464853559457982e-08   2  0  3  1  1  0  0
    7 -3.3662925586648793e-08   1  1  3  1  1  0  0
    7  1.3064584070718809e-07   0  2  3  1  1  0  0
    7  1.7014560818154529e-08   0  0  5  1  1  0  0
    7 -3.2676671210260457e-08   4  0  0  2  1  0  0
    7 -8.2601568626900673e-08   3  1  0  2  1  0  0
    7  1.4981810435702143e-07   2  2  0  2  1  0  0
    7 -3.9734937038776614e-08   1  3  0  2  1  0  0
    7  2.5077853029889510e-07   0  4  0  2  1  0  0
    7  7.9247345139123549e-08   2  0  2  2  1  0  0
    7 -7.9247345139123549e-08   0  2  2  2  1  0  0
    7 -2.9783490124073026e-08   0  0  4  2  1  0  0
    7 -1.3064584070718809e-07   2  0  1  3  1  0  0
    7  3.3662925586648793e-08   1  1  1  3  1  0  0
    7  3.9464853559457982e-08   0  2  1  3  1  0  0
    7  2.9250183223182219e-08   2  0  0  4  1  0  0
    7 -3.6730961947812746e-09   1  1  0  4  1  0  0
    7  2.3380404757721583e-08   0  2  0  4  1  0  0
    7  2.9783490124073026e-08   0  0  2  4  1  0  0
    7 -1.7014560818154529e-08   0  0  1  5  1  0  0
    7  6.5888092529117459e-10   0  0  0  6  1  0  0
    7 -7.6939801437102181e-07   5  0  0  0  2  0  0
    7 -2.8596599121179739e-08   4  1  0  0  2  0  0
    7 -2.6807866744399501e-07   3  2  0  0  2  0  0
    7  2.6807866744399501e-07   2  3  0  0  2  0  0
    7  2.8596599121179739e-08   1  4  0  0  2  0  0
    7  7.6939801437102181e-07   0  5  0  0  2  0  0
    7 -4.5842052077204960e-08   3  0  2  0  2  0  0
    7 -5.1510796235205636e-08   2  1  2  0  2  0  0
    7 -4.4140122020265957e-07   1  2  2  0  2  0  0
    7 -2.3983146428887169e-08   0  3  2  0  2  0  0
    7  6.6341013879129979e-10   1  0  4  0  2  0  0
    7  6.6211834731357249e-08   0  1  4  0  2  0  0
    7  2.4937064579630566e-08   3  0  1  1  2  0  0
    7 -2.1167937100123995e-07   2  1  1  1  2  0  0
    7  2.1167937100123995e-07   1  2  1  1  2  0  0
    7 -2.4937064579630566e-08   0  3  1  1  2  0  0
    7  5.9827920408085365e-09   1  0  3  1  2  0  0
    7 -5.5456591788051916e-08   0  1  3  1  2  0  0
    7  2.3983146428887169e-08   3  0  0  2  2  0  0
    7  4.4140122020265957e-07   2  1  0  2  2  0  0
    7  5.1510796235205636e-08   1  2  0  2  2  0  0
    7  4.5842052077204960e-08   0  3  0  2  2  0  0
    7 -1.5560847907720684e-08   1  0  2  2  2  0  0
    7  1.5560847907720684e-08   0  1  2  2  2  0  0
    7  5.5456591788051916e-08   1  0  1  3  2  0  0
    7 -5.9827920408085365e-09   0  1  1  3  2  0  0
    7 -6.6211834731357249e-08   1  0  0  4  2  0  0
    7 -6.6341013879129979e-10   0  1  0  4  2  0  0
    7 -1.0139344962422458e-07   4  0  0  0  3  0  0
    7  7.5267472720128036e-08   3  1  0  0  3  0  0
    7 -7.5267472720128036e-08   1  3  0  0  3  0  0
    7  1.0139344962422458e-07   0  4  0  0  3  0  0
    7  2.5999698088289679e-08   2  0  2  0  3  0  0
    7  9.5732574488061884e-08   1  1  2  0  3  0  0
    7  1.6255904980078595e-08   0  2  2  0  3  0  0
    7 -6.1980078730590231e-09   0  0  4  0  3  0  0
    7 -3.9716772717715545e-08   2  0  1  1  3  0  0
    7  3.9716772717715545e-08   0  2  1  1  3  0  0
    7 -2.7101658527552379e-08   0  0  3  1  3  0  0
    7 -1.6255904980078595e-08   2  0  0  2  3  0  0
    7 -9.5732574488061884e-08   1  1  0  2  3  0  0
    7 -2.5999698088289679e-08   0  2  0  2  3  0  0
    7  2.7101658527552379e-08   0  0  1  3  3  0  0
    7  6.1980078730590231e-09   0  0  0  4  3  0  0
    7  4.9080942611888200e-08   3  0  0  0  4  0  0
    7 -5.0887738223766264e-07   2  1  0  0  4  0  0
    7  5.0887738223766264e-07   1  2  0  0  4  0  0
    7 -4.9080942611888200e-08   0  3  0  0  4  0  0
    7 -5.5399280583158747e-09   1  0  2  0  4  0  0
    7 -1.2698829162846943e-07   0  1  2  0  4  0  0
    7 -1.1179339886473539e-07   1  0  1  1  4  0  0
    7  1.1179339886473539e-07   0  1  1  1  4  0  0
    7  1.2698829162846943e-07   1  0  0  2  4  0  0
    7  5.5399280583158747e-09   0  1  0  2  4  0  0
    7  2.6403267612686351e-08   2  0  0  0  5  0  0
    7 -2.6403267612686351e-08   0  2  0  0  5  0  0
    7  8.9524834281474242e-09   0  0  2  0  5  0  0
    7 -8.9524834281474242e-09   0  0  0  2  5  0  0
    7 -2.3642840249797748e-22   1  0  0  0  6  0  0
    7  2.3642840249797748e-22   0  1  0  0  6  0  0
    8  1.1520677903322380e-10   8  0  0  0  0  0  0
    8  1.3469202684860050e-10   7  1  0  0  0  0  0
    8 -3.3115850735590174e-08   6  2  0  0  0  0  0
    8 -1.1922788690278193e-08   5  3  0  0  0  0  0
    8  1.1922788690278193e-08   3  5  0  0  0  0  0
    8  3.3115850735590174e-08   2  6  0  0  0  0  0
    8 -1.3469202684860050e-10   1  7  0  0  0  0  0
    8 -1.1520677903322380e-10   0  8  0  0  0  0  0
    8 -1.7214385319743439e-09   6  0  2  0  0  0  0
    8  6.7517347635605680e-07   5  1  2  0  0  0  0
    8  6.5104841864347629e-09   4  2  2  0  0  0  0
    8  4.6250349538296826e-08   3  3  2  0  0  0  0
    8  1.5451974074683328e-08   2  4  2  0  0  0  0
    8 -1.1374747140876670e-08   1  5  2  0  0  0  0
    8 -2.3784215690401562e-08   0  6  2  0  0  0  0
    8 -8.5567218639902231e-09   4  0  4  0  0  0  0
    8 -1.5017822561065650e-09   3  1  4  0  0  0  0
    8 -4.9488538630848532e-09   2  2  4  0  0  0  0
    8  8.6833789962872668e-08   1  3  4  0  0  0  0
    8 -1.7828752046020915e-08   0  4  4  0  0  0  0
    8  1.2612425236553499e-08   2  0  6  0  0  0  0
    8  2.4709571621404660e-09   1  1  6  0  0  0  0
    8 -7.7250745328131335e-09   0  2  6  0  0  0  0
    8 -4.9627403309373288e-10   0  0  8  0  0  0  0
    8 -2.8279178568286390e-09   6  0  1  1  0  0  0
    8 -1.0496885978104051e-07   5  1  1  1  0  0  0
    8  3.8056457659868282e-08   4  2  1  1  0  0  0
    8 -3.8056457659868282e-08   2  4  1  1  0  0  0
    8  1.0496885978104051e-07   1  5  1  1  0  0  0
    8  2.8279178568286390e-09   0  6  1  1  0  0  0
    8  6.5806413661159167e-08   4  0  3  1  0  0  0
    8  2.5419123589625127e-08   3  1  3  1  0  0  0
    8  2.2663858501055506e-07   2  2  3  1  0  0  0
    8 -5.6386504824927864e-09   1  3  3  1  0  0  0
    8 -1.6280774966059697e-08   0  4  3  1  0  0  0
    8  2.8141911388019582e-09   2  0  5  1  0  0  0
    8 -3.0857263608466810e-08   1  1  5  1  0  0  0
    8  2.4051304523925141e-08   0  2  5  1  0  0  0
    8 -6.0130326141195298e-10   0  0  7  1  0  0  0
    8  2.3784215690401562e-08   6  0  0  2  0  0  0
    8  1.1374747140876670e-08   5  1  0  2  0  0  0
    8 -1.5451974074683328e-08   4  2  0  2  0  0  0
    8 -4.6250349538296826e-08   3  3  0  2  0  0  0
    8 -6.5104841864347629e-09   2  4  0  2  0  0  0
    8 -6.7517347635605680e-07   1  5  0  2  0  0  0
    8  1.7214385319743439e-09   0  6  0  2  0  0  0
    8  1.1506528539309937e-08   4  0  2  2  0  0  0
    8 -3.5136845620698437e-08   3  1  2  2  0  0  0
    8  3.5136845620698437e-08   1  3  2  2  0  0  0
    8 -1.1506528539309937e-08   0  4  2  2  0  0  0
    8  1.1825810062655244e-08   2  0  4  2  0  0  0
    8  9.4660871148073414e-08   1  1  4  2  0  0  0
    8 -3.8582539400805023e-08   0  2  4  2  0  0  0
    8 -2.6413619184272273e-09   0  0  6  2  0  0  0
    8  1.6280774966059697e-08   4  0  1  3  0  0  0
    8  5.6386504824927864e-09   3  1  1  3  0  0  0
    8 -2.2663858501055506e-07   2  2  1  3  0  0  0
    8 -2.5419123589625127e-08   1  3  1  3  0  0  0
    8 -6.5806413661159167e-08   0  4  1  3  0  0  0
    8 -9.7115344468919045e-09   2  0  3  3  0  0  0
    8  9.7115344468919045e-09   0  2  3  3  0  0  0
    8  1.6301864820432968e-09   0  0  5  3  0  0  0
    8  1.7828752046020915e-08   4  0  0  4  0  0  0
    8 -8.6833789962872668e-08   3  1  0  4  0  0  0
    8  4.9488538630848532e-09   2  2  0  4  0  0  0
    8  1.5017822561065650e-09   1  3  0  4  0  0  0
    8  8.5567218639902231e-09   0  4  0  4  0  0  0
    8  3.8582539400805023e-08   2  0  2  4  0  0  0
    8 -9.4660871148073414e-08   1  1  2  4  0  0  0
    8 -1.1825810062655244e-08   0  2  2  4  0  0  0
    8 -2.4051304523925141e-08   2  0  1  5  0  0  0
    8  3.0857263608466810e-08   1  1  1  5  0  0  0
    8 -2.8141911388019582e-09   0  2  1  5  0  0  0
    8 -1.6301864820432968e-09   0  0  3  5  0  0  0
    8  7.7250745328131335e-09   2  0  0  6  0  0  0
    8 -2.4709571621404660e-09   1  1  0  6  0  0  0
    8 -1.2612425236553499e-08   0  2  0  6  0  0  0
    8  2.6413619184272273e-09   0  0  2  6  0  0  0
    8  6.0130326141195298e-10   0  0  1  7  0  0  0
    8  4.9627403309373288e-10   0  0  0  8  0  0  0
    8  3.2475930081135794e-09   7  0  0  0  1  0  0
    8  4.9774548148488066e-07   6  1  0  0  1  0  0
    8  2.3784384362692136e-08   5  2  0  0  1  0  0
    8 -4.6111420499019558e-08   4  3  0  0  1  0  0
    8  4.6111420499019558e-08   3  4  0  0  1  0  0
    8 -2.3784384362692136e-08   2  5  0  0  1  0  0
    8 -4.9774548148488066e-07   1  6  0  0  1  0  0
    8 -3.2475930081135794e-09   0  7  0  0  1  0  0
    8  3.2066933459171135e-08   5  0  2  0  1  0  0
    8 -1.9003486260349484e-08   4  1  2  0  1  0  0
    8  3.5709245998570524e-08   3  2  2  0  1  0  0
    8 -3.3096596370150075e-07   2  3  2  0  1  0  0
    8  1.4373499425353264e-08   1  4  2  0  1  0  0
    8 -6.4784579748813074e-08   0  5  2  0  1  0  0
    8  3.9152562476672912e-08   3  0  4  0  1  0  0
    8  1.4105738185841733e-08   2  1  4  0  1  0  0
    8 -1.8018101815263235e-07   1  2  4  0  1  0  0
    8 -2.3017896896085920e-09   0  3  4  0  1  0  0
    8  1.0431620663402898e-09   1  0  6  0  1  0  0
    8  6.8670057299333252e-10   0  1  6  0  1  0  0
    8  3.0854683262882724e-07   5  0  1  1  1  0  0
    8  6.2585282474154451e-08   4  1  1  1  1  0  0
    8 -7.2769471055409993e-08   3  2  1  1  1  0  0
    8  7.2769471055409993e-08   2  3  1  1  1  0  0
    8 -6.2585282474154451e-08   1  4  1  1  1  0  0
    8 -3.0854683262882724e-07   0  5  1  1  1  0  0
    8  1.8295922914275557e-08   3  0  3  1  1  0  0
    8  1.0803285039098859e-07   2  1  3  1  1  0  0
    8 -5.2986037349359769e-07   1  2  3  1  1  0  0
    8  2.0559036328906173e-08   0  3  3  1  1  0  0
    8 -1.5414268636112675e-08   1  0  5  1  1  0  0
    8 -1.9860804080447479e-08   0  1  5  1  1  0  0
    8  6.4784579748813074e-08   5  0  0  2  1  0  0
    8 -1.4373499425353264e-08   4  1  0  2  1  0  0
    8  3.3096596370150075e-07   3  2  0  2  1  0  0
    8 -3.5709245998570524e-08   2  3  0  2  1  0  0
    8  1.9003486260349484e-08   1  4  0  2  1  0  0
    8 -3.2066933459171135e-08   0  5  0  2  1  0  0
    8 -2.0368363503656869e-09   3  0  2  2  1  0  0
    8 -7.1793868493244873e-08   2  1  2  2  1  0  0
    8  7.1793868493244873e-08   1  2  2  2  1  0  0
    8  2.0368363503656869e-09   0  3  2  2  1  0  0
    8  1.5974638181263409e-08   1  0  4  2  1  0  0
    8 -1.1769268377702552e-07   0  1  4  2  1  0  0
    8 -2.0559036328906173e-08   3  0  1  3  1  0  0
    8  5.2986037349359769e-07   2  1  1  3  1  0  0
    8 -1.0803285039098859e-07   1  2  1  3  1  0  0
    8 -1.8295922914275557e-08   0  3  1  3  1  0  0
    8 -2.4550927024263989e-08   1  0  3  3  1  0  0
    8  2.4550927024263989e-08   0  1  3  3  1  0  0
    8  2.3017896896085920e-09   3  0  0  4  1  0  0
    8  1.8018101815263235e-07   2  1  0  4  1  0  0
    8 -1.4105738185841733e-08   1  2  0  4  1  0  0
    8 -3.9152562476672912e-08   0  3  0  4  1  0  0
    8  1.1769268377702552e-07   1  0  2  4  1  0  0
    8 -1.5974638181263409e-08   0  1  2  4  1  0  0
    8  1.9860804080447479e-08   1  0  1  5  1  0  0
    8  1.5414268636112675e-08   0  1  1  5  1  0  0
    8 -6.8670057299333252e-10   1  0  0  6  1  0  0
    8 -1.0431620663402898e-09   0  1  0  6  1  0  0
    8 -1.8129417145106803e-08   6  0  0  0  2  0  0
    8 -4.7108012734680040e-08   5  1  0  0  2  0  0
    8  1.2778369133167663e-08   4  2  0  0  2  0  0
    8 -1.2778369133167663e-08   2  4  0  0  2  0  0
    8  4.7108012734680040e-08   1  5  0  0  2  0  0
    8  1.8129417145106803e-08   0  6  0  0  2  0  0
    8  2.0265983890599595e-07   4  0  2  0  2  0  0
    8 -6.6218479149862001e-08   3  1  2  0  2  0  0
    8 -4.4975175886036727e-08   2  2  2  0  2  0  0
    8 -7.5448168197367917e-08   1  3  2  0  2  0  0
    8  2.9260702165848817e-08   0  4  2  0  2  0  0
    8 -1.5768781264707934e-08   2  0  4  0  2  0  0
    8  1.7635331395195889e-08   1  1  4  0  2  0  0
    8 -1.9697364893573839e-08   0  2  4  0  2  0  0
    8  2.8792615428249530e-09   0  0  6  0  2  0  0
    8  4.9617796665353885e-08   4  0  1  1  2  0  0
    8  1.0309413246091214e-08   3  1  1  1  2  0  0
    8 -1.0309413246091214e-08   1  3  1  1  2  0  0
    8 -4.9617796665353885e-08   0  4  1  1  2  0  0
    8 -9.6147105749151680e-09   2  0  3  1  2  0  0
    8 -1.5182271145790520e-07   1  1  3  1  2  0  0
    8 -2.1965890695779112e-08   0  2  3  1  2  0  0
    8 -1.1742293254802629e-10   0  0  5  1  2  0  0
    8 -2.9260702165848817e-08   4  0  0  2  2  0  0
    8  7.5448168197367917e-08   3  1  0  2  2  0  0
    8  4.4975175886036727e-08   2  2  0  2  2  0  0
    8  6.6218479149862001e-08   1  3  0  2  2  0  0
    8 -2.0265983890599595e-07   0  4  0  2  2  0  0
    8 -2.3005374130492433e-08   2  0  2  2  2  0  0
    8  2.3005374130492433e-08   0  2  2  2  2  0  0
    8  3.2364473730276615e-08   0  0  4  2  2  0  0
    8  2.1965890695779112e-08   2  0  1  3  2  0  0
    8  1.5182271145790520e-07   1  1  1  3  2  0  0
    8  9.6147105749151680e-09   0  2  1  3  2  0  0
    8  1.9697364893573839e-08   2  0  0  4  2  0  0
    8 -1.7635331395195889e-08   1  1  0  4  2  0  0
    8  1.5768781264707934e-08   0  2  0  4  2  0  0
    8 -3.2364473730276615e-08   0  0  2  4  2  0  0
    8  1.1742293254802629e-10   0  0  1  5  2  0  0
    8 -2.8792615428249530e-09   0  0  0  6  2  0  0
    8  8.3822823629746126e-07   5  0  0  0  3  0  0
    8  2.6225120606305466e-08   4  1  0  0  3  0  0
    8  2.0601156539605507e-07   3  2  0  0  3  0  0
    8 -2.0601156539605507e-07   2  3  0  0  3  0  0
    8 -2.6225120606305466e-08   1  4  0  0  3  0  0
    8 -8.3822823629746126e-07   0  5  0  0  3  0  0
    8 -7.1105491975682993e-10   3  0  2  0  3  0  0
    8  5.5658608281261859e-08   2  1  2  0  3  0  0
    8  8.5643479811665241e-07   1  2  2  0  3  0  0
    8  3.3785269321055428e-08   0  3  2  0  3  0  0
    8  6.7997783692393998e-09   1  0  4  0  3  0  0
    8 -2.6642758280417587e-08   0  1  4  0  3  0  0
    8 -4.1936144316397490e-08   3  0  1  1  3  0  0
    8  3.0473248805748815e-07   2  1  1  1  3  0  0
    8 -3.0473248805748815e-07   1  2  1  1  3  0  0
    8  4.1936144316397490e-08   0  3  1  1  3  0  0
    8 -2.3762548446437225e-08   1  0  3  1  3  0  0
    8  2.9590825254861410e-07   0  1  3  1  3  0  0
    8 -3.3785269321055428e-08   3  0  0  2  3  0  0
    8 -8.5643479811665241e-07   2  1  0  2  3  0  0
    8 -5.5658608281261859e-08   1  2  0  2  3  0  0
    8  7.1105491975682993e-10   0  3  0  2  3  0  0
    8  1.1604555392934131e-07   1  0  2  2  3  0  0
    8 -1.1604555392934131e-07   0  1  2  2  3  0  0
    8 -2.9590825254861410e-07   1  0  1  3  3  0  0
    8  2.3762548446437225e-08   0  1  1  3  3  0  0
    8  2.6642758280417587e-08   1  0  0  4  3  0  0
    8 -6.7997783692393998e-09   0  1  0  4  3  0  0
    8  2.3009513221649265e-08   4  0  0  0  4  0  0
    8 -8.8025310586129867e-08   3  1  0  0  4  0  0
    8  8.8025310586129867e-08   1  3  0  0  4  0  0
    8 -2.3009513221649265e-08   0  4  0  0  4  0  0
    8 -2.5465450577069503e-08   2  0  2  0  4  0  0
    8 -3.7051295368748002e-08   1  1  2  0  4  0  0
    8 -3.7558316253257285e-08   0  2  2  0  4  0  0
    8  4.7131035363924617e-09   0  0  4  0  4  0  0
    8  5.5331486102249831e-09   2  0  1  1  4  0  0
    8 -5.5331486102249831e-09   0  2  1  1  4  0  0
    8 -1.5508679574805733e-08   0  0  3  1  4  0  0
    8  3.7558316253257285e-08   2  0  0  2  4  0  0
    8  3.7051295368748002e-08   1  1  0  2  4  0  0
    8  2.5465450577069503e-08   0  2  0  2  4  0  0
    8  1.5508679574805733e-08   0  0  1  3  4  0  0
    8 -4.7131035363924617e-09   0  0  0  4  4  0  0
    8 -1.3899803777474061e-08   3  0  0  0  5  0  0
    8  2.9880412449427674e-07   2  1  0  0  5  0  0
    8 -2.9880412449427674e-07   1  2  0  0  5  0  0
    8  1.3899803777474061e-08   0  3  0  0  5  0  0
    8  1.4208780795686367e-08   1  0  2  0  5  0  0
    8  1.0060766833773279e-07   0  1  2  0  5  0  0
    8  4.9059380282697741e-08   1  0  1  1  5  0  0
    8 -4.9059380282697741e-08   0  1  1  1  5  0  0
    8 -1.0060766833773279e-07   1  0  0  2  5  0  0
    8 -1.4208780795686367e-08   0  1  0  2  5  0  0
    8 -2.3212962734139554e-08   2  0  0  0  6  0  0
    8  2.3212962734139554e-08   0  2  0  0  6  0  0
    8 -4.2755801782340614e-09   0  0  2  0  6  0  0
    8  4.2755801782340614e-09   0  0  0  2  6  0  0
    8  1.9878146515340982e-22   1  0  0  0  7  0  0
    8 -1.9878146515340982e-22   0  1  0  0  7  0  0
 -608  0.0000000000000000e+00   0  0  0  0  0  0  0

tpsa, NO = 8, NV = 7, INA = 50238
------------------------------------------------------------------

   |I|         a                i  i  i  i  i  i  i
                I                1  2  3  4  5  6  7

    3 -5.6688095062399698e-14   3  0  0  0  0  0  0
    3 -2.7350936321658968e-13   2  1  0  0  0  0  0
    3  2.7350936321658968e-13   1  2  0  0  0  0  0
    3  5.6688095062399698e-14   0  3  0  0  0  0  0
    3  3.1147695403836649e-13   1  0  2  0  0  0  0
    3  6.1643653714750357e-16   0  1  2  0  0  0  0
    3 -1.4488627401396865e-13   1  0  1  1  0  0  0
    3  1.4488627401396865e-13   0  1  1  1  0  0  0
    3 -6.1643653714750357e-16   1  0  0  2  0  0  0
    3 -3.1147695403836649e-13   0  1  0  2  0  0  0
    3 -9.2916415800525952e-13   2  0  0  0  1  0  0
    3  9.2916415800525952e-13   0  2  0  0  1  0  0
    3  7.1485258397438781e-13   0  0  2  0  1  0  0
    3 -7.1485258397438781e-13   0  0  0  2  1  0  0
    4 -1.7011115791118032e-16   4  0  0  0  0  0  0
    4  1.5836664145658631e-16   3  1  0  0  0  0  0
    4 -1.5836664145658631e-16   1  3  0  0  0  0  0
    4  1.7011115791118032e-16   0  4  0  0  0  0  0
    4 -4.2643976187536582e-17   2  0  2  0  0  0  0
    4 -4.4444091721190525e-16   1  1  2  0  0  0  0
    4  3.9905682293158299e-16   0  2  2  0  0  0  0
    4  6.5256178121625102e-17   0  0  4  0  0  0  0
    4 -1.1766454807179628e-16   2  0  1  1  0  0  0
    4  1.1766454807179628e-16   0  2  1  1  0  0  0
    4 -3.1798306483857030e-16   0  0  3  1  0  0  0
    4 -3.9905682293158299e-16   2  0  0  2  0  0  0
    4  4.4444091721190525e-16   1  1  0  2  0  0  0
    4  4.2643976187536582e-17   0  2  0  2  0  0  0
    4  3.1798306483857030e-16   0  0  1  3  0  0  0
    4 -6.5256178121625102e-17   0  0  0  4  0  0  0
    4  3.5683142947448193e-16   3  0  0  0  1  0  0
    4 -3.0927674109972019e-15   2  1  0  0  1  0  0
    4  3.0927674109972019e-15   1  2  0  0  1  0  0
    4 -3.5683142947448193e-16   0  3  0  0  1  0  0
    4 -2.9031203888655750e-16   1  0  2  0  1  0  0
    4  2.5233481662537660e-15   0  1  2  0  1  0  0
    4 -1.0594228464107498e-15   1  0  1  1  1  0  0
    4  1.0594228464107498e-15   0  1  1  1  1  0  0
    4 -2.5233481662537660e-15   1  0  0  2  1  0  0
    4  2.9031203888655750e-16   0  1  0  2  1  0  0
    4 -1.1065676733798776e-14   2  0  0  0  2  0  0
    4  1.1065676733798776e-14   0  2  0  0  2  0  0
    4  2.0442105059985777e-14   0  0  2  0  2  0  0
    4 -2.0442105059985777e-14   0  0  0  2  2  0  0
    5  2.0448506190551234e-19   5  0  0  0  0  0  0
    5  4.0635931835824896e-19   4  1  0  0  0  0  0
    5 -7.4268419815980781e-20   3  2  0  0  0  0  0
    5  7.4268419815980781e-20   2  3  0  0  0  0  0
    5 -4.0635931835824896e-19   1  4  0  0  0  0  0
    5 -2.0448506190551234e-19   0  5  0  0  0  0  0
    5  4.8232799080016202e-19   3  0  2  0  0  0  0
    5 -9.4076375689486359e-20   2  1  2  0  0  0  0
    5 -4.5668111901451955e-18   1  2  2  0  0  0  0
    5  8.4083724330607620e-19   0  3  2  0  0  0  0
    5 -2.4267386346629819e-19   1  0  4  0  0  0  0
    5 -1.1003535741318913e-18   0  1  4  0  0  0  0
    5 -4.4236058858412701e-19   3  0  1  1  0  0  0
    5  2.8255875625839207e-18   2  1  1  1  0  0  0
    5 -2.8255875625839207e-18   1  2  1  1  0  0  0
    5  4.4236058858412701e-19   0  3  1  1  0  0  0
    5 -8.0064871273613704e-19   1  0  3  1  0  0  0
    5 -1.6312576278222343e-18   0  1  3  1  0  0  0
    5 -8.4083724330607620e-19   3  0  0  2  0  0  0
    5  4.5668111901451955e-18   2  1  0  2  0  0  0
    5  9.4076375689486359e-20   1  2  0  2  0  0  0
    5 -4.8232799080016202e-19   0  3  0  2  0  0  0
    5  5.5583435891623089e-19   1  0  2  2  0  0  0
    5 -5.5583435891623089e-19   0  1  2  2  0  0  0
    5  1.6312576278222343e-18   1  0  1  3  0  0  0
    5  8.0064871273613704e-19   0  1  1  3  0  0  0
    5  1.1003535741318913e-18   1  0  0  4  0  0  0
    5  2.4267386346629819e-19   0  1  0  4  0  0  0
    5 -3.8879126836805356e-18   4  0  0  0  1  0  0
    5  1.7227763629690083e-18   3  1  0  0  1  0  0
    5 -1.7227763629690083e-18   1  3  0  0  1  0  0
    5  3.8879126836805356e-18   0  4  0  0  1  0  0
    5 -1.6509366972406444e-18   2  0  2  0  1  0  0
    5 -7.2278608495925555e-18   1  1  2  0  1  0  0
    5  1.0170033347605235e-18   0  2  2  0  1  0  0
    5 -1.1476730288938724e-18   0  0  4  0  1  0  0
    5 -1.5824168023286687e-18   2  0  1  1  1  0  0
    5  1.5824168023286687e-18   0  2  1  1  1  0  0
    5 -6.2957977858685701e-19   0  0  3  1  1  0  0
    5 -1.0170033347605235e-18   2  0  0  2  1  0  0
    5  7.2278608495925555e-18   1  1  0  2  1  0  0
    5  1.6509366972406444e-18   0  2  0  2  1  0  0
    5  6.2957977858685701e-19   0  0  1  3  1  0  0
    5  1.1476730288938724e-18   0  0  0  4  1  0  0
    5  1.2358448355056624e-17   3  0  0  0  2  0  0
    5 -4.0953395374229152e-17   2  1  0  0  2  0  0
    5  4.0953395374229152e-17   1  2  0  0  2  0  0
    5 -1.2358448355056624e-17   0  3  0  0  2  0  0
    5  8.2519896853333311e-18   1  0  2  0  2  0  0
    5  2.3052477633466220e-16   0  1  2  0  2  0  0
    5  2.1199184638952218e-17   1  0  1  1  2  0  0
    5 -2.1199184638952218e-17   0  1  1  1  2  0  0
    5 -2.3052477633466220e-16   1  0  0  2  2  0  0
    5 -8.2519896853333311e-18   0  1  0  2  2  0  0
    5  8.6430186666010248e-18   2  0  0  0  3  0  0
    5 -8.6430186666010248e-18   0  2  0  0  3  0  0
    5 -1.9690671878632488e-16   0  0  2  0  3  0  0
    5  1.9690671878632488e-16   0  0  0  2  3  0  0
    6 -4.0897063834996203e-22   6  0  0  0  0  0  0
    6  1.4496663402154827e-21   5  1  0  0  0  0  0
    6 -5.1243922920162650e-22   4  2  0  0  0  0  0
    6  5.1243922920162650e-22   2  4  0  0  0  0  0
    6 -1.4496663402154827e-21   1  5  0  0  0  0  0
    6  4.0897063834996203e-22   0  6  0  0  0  0  0
    6 -7.3983903349836128e-21   4  0  2  0  0  0  0
    6 -3.2989937969891397e-22   3  1  2  0  0  0  0
    6  7.7881660228016465e-21   2  2  2  0  0  0  0
    6 -2.9830161577196921e-22   1  3  2  0  0  0  0
    6  3.0769828998094551e-22   0  4  2  0  0  0  0
    6 -6.8497034130626900e-23   2  0  4  0  0  0  0
    6  1.3586882792076549e-21   1  1  4  0  0  0  0
    6  1.0232069031408832e-21   0  2  4  0  0  0  0
    6 -1.0708917631044499e-22   0  0  6  0  0  0  0
    6 -1.9498302549394269e-21   4  0  1  1  0  0  0
    6  8.4202839161613631e-22   3  1  1  1  0  0  0
    6 -8.4202839161613631e-22   1  3  1  1  0  0  0
    6  1.9498302549394269e-21   0  4  1  1  0  0  0
    6  1.3030956597704125e-21   2  0  3  1  0  0  0
    6 -9.1721424558051498e-23   1  1  3  1  0  0  0
    6 -2.0201383728034221e-21   0  2  3  1  0  0  0
    6  3.0353808161235694e-22   0  0  5  1  0  0  0
    6 -3.0769828998094551e-22   4  0  0  2  0  0  0
    6  2.9830161577196921e-22   3  1  0  2  0  0  0
    6 -7.7881660228016465e-21   2  2  0  2  0  0  0
    6  3.2989937969891397e-22   1  3  0  2  0  0  0
    6  7.3983903349836128e-21   0  4  0  2  0  0  0
    6  2.8520115129197307e-22   2  0  2  2  0  0  0
    6 -2.8520115129197307e-22   0  2  2  2  0  0  0
    6  6.5182969439511572e-22   0  0  4  2  0  0  0
    6  2.0201383728034221e-21   2  0  1  3  0  0  0
    6  9.1721424558051498e-23   1  1  1  3  0  0  0
    6 -1.3030956597704125e-21   0  2  1  3  0  0  0
    6 -1.0232069031408832e-21   2  0  0  4  0  0  0
    6 -1.3586882792076549e-21   1  1  0  4  0  0  0
    6  6.8497034130626900e-23   0  2  0  4  0  0  0
    6 -6.5182969439511572e-22   0  0  2  4  0  0  0
    6 -3.0353808161235694e-22   0  0  1  5  0  0  0
    6  1.0708917631044499e-22   0  0  0  6  0  0  0
    6  9.2772518397378149e-20   5  0  0  0  1  0  0
    6 -1.1387428516409979e-20   4  1  0  0  1  0  0
    6  1.4729119854356077e-20   3  2  0  0  1  0  0
    6 -1.4729119854356077e-20   2  3  0  0  1  0  0
    6  1.1387428516409979e-20   1  4  0  0  1  0  0
    6 -9.2772518397378149e-20   0  5  0  0  1  0  0
    6 -6.5747930935702169e-22   3  0  2  0  1  0  0
    6  1.1934967034749623e-20   2  1  2  0  1  0  0
    6 -1.3745324116573960e-19   1  2  2  0  1  0  0
    6  1.8185184762486213e-21   0  3  2  0  1  0  0
    6 -2.3808777360742024e-21   1  0  4  0  1  0  0
    6  2.0417481108298885e-21   0  1  4  0  1  0  0
    6 -1.4316408630448816e-20   3  0  1  1  1  0  0
    6 -3.0444140962863893e-20   2  1  1  1  1  0  0
    6  3.0444140962863893e-20   1  2  1  1  1  0  0
    6  1.4316408630448816e-20   0  3  1  1  1  0  0
    6  4.9706401374065746e-21   1  0  3  1  1  0  0
    6 -7.3633683893234193e-20   0  1  3  1  1  0  0
    6 -1.8185184762486213e-21   3  0  0  2  1  0  0
    6  1.3745324116573960e-19   2  1  0  2  1  0  0
    6 -1.1934967034749623e-20   1  2  0  2  1  0  0
    6  6.5747930935702169e-22   0  3  0  2  1  0  0
    6 -2.2026185373062130e-20   1  0  2  2  1  0  0
    6  2.2026185373062130e-20   0  1  2  2  1  0  0
    6  7.3633683893234193e-20   1  0  1  3  1  0  0
    6 -4.9706401374065746e-21   0  1  1  3  1  0  0
    6 -2.0417481108298885e-21   1  0  0  4  1  0  0
    6  2.3808777360742024e-21   0  1  0  4  1  0  0
    6  3.1435705863282844e-19   4  0  0  0  2  0  0
    6 -1.3447314997557263e-19   3  1  0  0  2  0  0
    6  1.3447314997557263e-19   1  3  0  0  2  0  0
    6 -3.1435705863282844e-19   0  4  0  0  2  0  0
    6 -9.3500186762583178e-21   2  0  2  0  2  0  0
    6  1.2254232723794812e-19   1  1  2  0  2  0  0
    6 -1.4146163478903942e-20   0  2  2  0  2  0  0
    6 -2.0258758425591618e-20   0  0  4  0  2  0  0
    6 -1.4815969733206835e-20   2  0  1  1  2  0  0
    6  1.4815969733206835e-20   0  2  1  1  2  0  0
    6  7.3307292768517671e-20   0  0  3  1  2  0  0
    6  1.4146163478903942e-20   2  0  0  2  2  0  0
    6 -1.2254232723794812e-19   1  1  0  2  2  0  0
    6  9.3500186762583178e-21   0  2  0  2  2  0  0
    6 -7.3307292768517671e-20   0  0  1  3  2  0  0
    6  2.0258758425591618e-20   0  0  0  4  2  0  0
    6 -7.9959132571068753e-19   3  0  0  0  3  0  0
    6  5.0817176312768319e-18   2  1  0  0  3  0  0
    6 -5.0817176312768319e-18   1  2  0  0  3  0  0
    6  7.9959132571068753e-19   0  3  0  0  3  0  0
    6  8.3653515889043769e-20   1  0  2  0  3  0  0
    6  1.4484009574482140e-18   0  1  2  0  3  0  0
    6  5.6027607102076469e-19   1  0  1  1  3  0  0
    6 -5.6027607102076469e-19   0  1  1  1  3  0  0
    6 -1.4484009574482140e-18   1  0  0  2  3  0  0
    6 -8.3653515889043769e-20   0  1  0  2  3  0  0
    6 -5.6565769201074590e-19   2  0  0  0  4  0  0
    6  5.6565769201074590e-19   0  2  0  0  4  0  0
    6  3.5145524092748334e-19   0  0  2  0  4  0  0
    6 -3.5145524092748334e-19   0  0  0  2  4  0  0
    7 -6.4677612061150083e-25   7  0  0  0  0  0  0
    7  2.6324733042332473e-24   6  1  0  0  0  0  0
    7  1.1542539480499418e-23   4  3  0  0  0  0  0
    7 -1.1542539480499418e-23   3  4  0  0  0  0  0
    7 -2.6324733042332473e-24   1  6  0  0  0  0  0
    7  6.4677612061150083e-25   0  7  0  0  0  0  0
    7  3.2674438145701530e-24   5  0  2  0  0  0  0
    7  8.2900172838791056e-24   4  1  2  0  0  0  0
    7 -2.2732208049178291e-23   3  2  2  0  0  0  0
    7 -5.3320659409477323e-24   2  3  2  0  0  0  0
    7 -1.6137129324363268e-24   1  4  2  0  0  0  0
    7  1.0565420741656863e-24   0  5  2  0  0  0  0
    7  3.4318055239440634e-24   3  0  4  0  0  0  0
    7  2.0791719973713115e-24   2  1  4  0  0  0  0
    7  7.6599722412649483e-24   1  2  4  0  0  0  0
    7 -1.4418382470672292e-24   0  3  4  0  0  0  0
    7 -9.0844366324874674e-25   1  0  6  0  0  0  0
    7 -4.3300009044911149e-23   5  0  1  1  0  0  0
    7  6.5712160417553613e-24   4  1  1  1  0  0  0
    7  2.9980433427371813e-23   3  2  1  1  0  0  0
    7 -2.9980433427371813e-23   2  3  1  1  0  0  0
    7 -6.5712160417553613e-24   1  4  1  1  0  0  0
    7  4.3300009044911149e-23   0  5  1  1  0  0  0
    7 -2.6409437059830107e-24   3  0  3  1  0  0  0
    7 -2.5221343941298972e-23   2  1  3  1  0  0  0
    7  8.9487857598780237e-23   1  2  3  1  0  0  0
    7 -2.4537697423985822e-24   0  3  3  1  0  0  0
    7  3.4232388150680866e-24   1  0  5  1  0  0  0
    7 -4.6618654009950205e-24   0  1  5  1  0  0  0
    7 -1.0565420741656863e-24   5  0  0  2  0  0  0
    7  1.6137129324363268e-24   4  1  0  2  0  0  0
    7  5.3320659409477323e-24   3  2  0  2  0  0  0
    7  2.2732208049178291e-23   2  3  0  2  0  0  0
    7 -8.2900172838791056e-24   1  4  0  2  0  0  0
    7 -3.2674438145701530e-24   0  5  0  2  0  0  0
    7  3.6452004184802937e-24   3  0  2  2  0  0  0
    7  3.0293466452255471e-23   2  1  2  2  0  0  0
    7 -3.0293466452255471e-23   1  2  2  2  0  0  0
    7 -3.6452004184802937e-24   0  3  2  2  0  0  0
    7 -5.5646155598245170e-25   1  0  4  2  0  0  0
    7  1.5343310137949613e-23   0  1  4  2  0  0  0
    7  2.4537697423985822e-24   3  0  1  3  0  0  0
    7 -8.9487857598780237e-23   2  1  1  3  0  0  0
    7  2.5221343941298972e-23   1  2  1  3  0  0  0
    7  2.6409437059830107e-24   0  3  1  3  0  0  0
    7  7.5637369009442654e-24   1  0  3  3  0  0  0
    7 -7.5637369009442654e-24   0  1  3  3  0  0  0
    7  1.4418382470672292e-24   3  0  0  4  0  0  0
    7 -7.6599722412649483e-24   2  1  0  4  0  0  0
    7 -2.0791719973713115e-24   1  2  0  4  0  0  0
    7 -3.4318055239440634e-24   0  3  0  4  0  0  0
    7 -1.5343310137949613e-23   1  0  2  4  0  0  0
    7  5.5646155598245170e-25   0  1  2  4  0  0  0
    7  4.6618654009950205e-24   1  0  1  5  0  0  0
    7 -3.4232388150680866e-24   0  1  1  5  0  0  0
    7  9.0844366324874674e-25   0  1  0  6  0  0  0
    7  1.9587595887580632e-23   6  0  0  0  1  0  0
    7  2.4770439173455200e-23   5  1  0  0  1  0  0
    7  8.6229067395328523e-23   4  2  0  0  1  0  0
    7 -8.6229067395328523e-23   2  4  0  0  1  0  0
    7 -2.4770439173455200e-23   1  5  0  0  1  0  0
    7 -1.9587595887580632e-23   0  6  0  0  1  0  0
    7 -2.7431956320752330e-22   4  0  2  0  1  0  0
    7  4.3464927239043097e-23   3  1  2  0  1  0  0
    7 -1.6388180000422600e-22   2  2  2  0  1  0  0
    7  9.0355526842672006e-23   1  3  2  0  1  0  0
    7  3.5744089267892140e-23   0  4  2  0  1  0  0
    7 -2.4570812722266941e-23   2  0  4  0  1  0  0
    7  3.8601110480363204e-24   1  1  4  0  1  0  0
    7 -3.0739449616732894e-23   0  2  4  0  1  0  0
    7 -6.6523562692209954e-25   0  0  6  0  1  0  0
    7 -1.1041615341806515e-22   4  0  1  1  1  0  0
    7  1.0758526737287535e-22   3  1  1  1  1  0  0
    7 -1.0758526737287535e-22   1  3  1  1  1  0  0
    7  1.1041615341806515e-22   0  4  1  1  1  0  0
    7 -4.1474197558572436e-23   2  0  3  1  1  0  0
    7 -3.5376865749083752e-23   1  1  3  1  1  0  0
    7  1.3729764382711475e-22   0  2  3  1  1  0  0
    7  1.7178660966193897e-23   0  0  5  1  1  0  0
    7 -3.5744089267892140e-23   4  0  0  2  1  0  0
    7 -9.0355526842672006e-23   3  1  0  2  1  0  0
    7  1.6388180000422600e-22   2  2  0  2  1  0  0
    7 -4.3464927239043097e-23   1  3  0  2  1  0  0
    7  2.7431956320752330e-22   0  4  0  2  1  0  0
    7  8.3282205604553771e-23   2  0  2  2  1  0  0
    7 -8.3282205604553771e-23   0  2  2  2  1  0  0
    7 -3.0070742624488700e-23   0  0  4  2  1  0  0
    7 -1.3729764382711475e-22   2  0  1  3  1  0  0
    7  3.5376865749083752e-23   1  1  1  3  1  0  0
    7  4.1474197558572436e-23   0  2  1  3  1  0  0
    7  3.0739449616732894e-23   2  0  0  4  1  0  0
    7 -3.8601110480363204e-24   1  1  0  4  1  0  0
    7  2.4570812722266941e-23   0  2  0  4  1  0  0
    7  3.0070742624488700e-23   0  0  2  4  1  0  0
    7 -1.7178660966193897e-23   0  0  1  5  1  0  0
    7  6.6523562692209954e-25   0  0  0  6  1  0  0
    7 -5.4266887370850445e-21   5  0  0  0  2  0  0
    7 -2.0169644250603483e-22   4  1  0  0  2  0  0
    7 -1.8908022351219196e-21   3  2  0  0  2  0  0
    7  1.8908022351219196e-21   2  3  0  0  2  0  0
    7  2.0169644250603483e-22   1  4  0  0  2  0  0
    7  5.4266887370850445e-21   0  5  0  0  2  0  0
    7 -3.1063398623576759e-22   3  0  2  0  2  0  0
    7 -3.4904641576193367e-22   2  1  2  0  2  0  0
    7 -2.9910140220154817e-21   1  2  2  0  2  0  0
    7 -1.6251411182759532e-22   0  3  2  0  2  0  0
    7  4.3188497235223531e-24   1  0  4  0  2  0  0
    7  4.3104400641876375e-22   0  1  4  0  2  0  0
    7  1.6897803270986792e-22   3  0  1  1  2  0  0
    7 -1.4343774730514693e-21   2  1  1  1  2  0  0
    7  1.4343774730514693e-21   1  2  1  1  2  0  0
    7 -1.6897803270986792e-22   0  3  1  1  2  0  0
    7  3.8948424572489430e-23   1  0  3  1  2  0  0
    7 -3.6102656879452113e-22   0  1  3  1  2  0  0
    7  1.6251411182759532e-22   3  0  0  2  2  0  0
    7  2.9910140220154817e-21   2  1  0  2  2  0  0
    7  3.4904641576193367e-22   1  2  0  2  2  0  0
    7  3.1063398623576759e-22   0  3  0  2  2  0  0
    7 -1.0130228610385268e-22   1  0  2  2  2  0  0
    7  1.0130228610385268e-22   0  1  2  2  2  0  0
    7  3.6102656879452113e-22   1  0  1  3  2  0  0
    7 -3.8948424572489430e-23   0  1  1  3  2  0  0
    7 -4.3104400641876375e-22   1  0  0  4  2  0  0
    7 -4.3188497235223531e-24   0  1  0  4  2  0  0
    7 -4.4300868635538334e-21   4  0  0  0  3  0  0
    7  3.2885895823261448e-21   3  1  0  0  3  0  0
    7 -3.2885895823261448e-21   1  3  0  0  3  0  0
    7  4.4300868635538334e-21   0  4  0  0  3  0  0
    7  1.0913692584384302e-21   2  0  2  0  3  0  0
    7  4.0184923868210499e-21   1  1  2  0  3  0  0
    7  6.8236157601170901e-22   0  2  2  0  3  0  0
    7 -2.4995199290819577e-22   0  0  4  0  3  0  0
    7 -1.6671603124508540e-21   2  0  1  1  3  0  0
    7  1.6671603124508540e-21   0  2  1  1  3  0  0
    7 -1.0929501379829251e-21   0  0  3  1  3  0  0
    7 -6.8236157601170901e-22   2  0  0  2  3  0  0
    7 -4.0184923868210499e-21   1  1  0  2  3  0  0
    7 -1.0913692584384302e-21   0  2  0  2  3  0  0
    7  1.0929501379829251e-21   0  0  1  3  3  0  0
    7  2.4995199290819577e-22   0  0  0  4  3  0  0
    7  1.3284148738789871e-20   3  0  0  0  4  0  0
    7 -1.3773172387715623e-19   2  1  0  0  4  0  0
    7  1.3773172387715623e-19   1  2  0  0  4  0  0
    7 -1.3284148738789871e-20   0  3  0  0  4  0  0
    7 -1.4405423432707661e-21   1  0  2  0  4  0  0
    7 -3.3020647428053004e-20   0  1  2  0  4  0  0
    7 -2.9069533587366846e-20   1  0  1  1  4  0  0
    7  2.9069533587366846e-20   0  1  1  1  4  0  0
    7  3.3020647428053004e-20   1  0  0  2  4  0  0
    7  1.4405423432707661e-21   0  1  0  2  4  0  0
    7  4.4268724014875507e-20   2  0  0  0  5  0  0
    7 -4.4268724014875507e-20   0  2  0  0  5  0  0
    7  1.4420619610577731e-20   0  0  2  0  5  0  0
    7 -1.4420619610577731e-20   0  0  0  2  5  0  0
    8  6.7361672463892865e-25   5  1  2  0  0  0  0
    8 -1.0472683242298871e-25   5  1  1  1  0  0  0
    8  1.0472683242298871e-25   1  5  1  1  0  0  0
    8  2.1723630491593197e-25   2  2  3  1  0  0  0
    8 -6.7361672463892865e-25   1  5  0  2  0  0  0
    8 -2.1723630491593197e-25   2  2  1  3  0  0  0
    8  3.2020067102922731e-24   6  1  0  0  1  0  0
    8  1.5300542378067608e-25   5  2  0  0  1  0  0
    8 -2.9663569706047497e-25   4  3  0  0  1  0  0
    8  2.9663569706047497e-25   3  4  0  0  1  0  0
    8 -1.5300542378067608e-25   2  5  0  0  1  0  0
    8 -3.2020067102922731e-24   1  6  0  0  1  0  0
    8  1.9818620007726886e-25   5  0  2  0  1  0  0
    8 -1.1744898323235558e-25   4  1  2  0  1  0  0
    8  2.2069711720616888e-25   3  2  2  0  1  0  0
    8 -2.0454991988687392e-24   2  3  2  0  1  0  0
    8 -4.0039406014197409e-25   0  5  2  0  1  0  0
    8  2.3247552659633559e-25   3  0  4  0  1  0  0
    8 -1.0698578695239623e-24   1  2  4  0  1  0  0
    8  1.9069401937806915e-24   5  0  1  1  1  0  0
    8  3.8680154215892924e-25   4  1  1  1  1  0  0
    8 -4.4974381377835956e-25   3  2  1  1  1  0  0
    8  4.4974381377835956e-25   2  3  1  1  1  0  0
    8 -3.8680154215892924e-25   1  4  1  1  1  0  0
    8 -1.9069401937806915e-24   0  5  1  1  1  0  0
    8  1.0863540072495435e-25   3  0  3  1  1  0  0
    8  6.4146487983543149e-25   2  1  3  1  1  0  0
    8 -3.1461432294206936e-24   1  2  3  1  1  0  0
    8  1.2207305204412267e-25   0  3  3  1  1  0  0
    8 -1.1329609595116530e-25   0  1  5  1  1  0  0
    8  4.0039406014197409e-25   5  0  0  2  1  0  0
    8  2.0454991988687392e-24   3  2  0  2  1  0  0
    8 -2.2069711720616888e-25   2  3  0  2  1  0  0
    8  1.1744898323235558e-25   1  4  0  2  1  0  0
    8 -1.9818620007726886e-25   0  5  0  2  1  0  0
    8 -4.2628927274681593e-25   2  1  2  2  1  0  0
    8  4.2628927274681593e-25   1  2  2  2  1  0  0
    8 -6.7137873874296895e-25   0  1  4  2  1  0  0
    8 -1.2207305204412267e-25   3  0  1  3  1  0  0
    8  3.1461432294206936e-24   2  1  1  3  1  0  0
    8 -6.4146487983543149e-25   1  2  1  3  1  0  0
    8 -1.0863540072495435e-25   0  3  1  3  1  0  0
    8 -1.4005093512650975e-25   1  0  3  3  1  0  0
    8  1.4005093512650975e-25   0  1  3  3  1  0  0
    8  1.0698578695239623e-24   2  1  0  4  1  0  0
    8 -2.3247552659633559e-25   0  3  0  4  1  0  0
    8  6.7137873874296895e-25   1  0  2  4  1  0  0
    8  1.1329609595116530e-25   1  0  1  5  1  0  0
    8 -7.2246572009020003e-25   6  0  0  0  2  0  0
    8 -1.8772762560414035e-24   5  1  0  0  2  0  0
    8  5.0922396365423667e-25   4  2  0  0  2  0  0
    8 -5.0922396365423667e-25   2  4  0  0  2  0  0
    8  1.8772762560414035e-24   1  5  0  0  2  0  0
    8  7.2246572009020003e-25   0  6  0  0  2  0  0
    8  7.7589359215674754e-24   4  0  2  0  2  0  0
    8 -2.5352084523552347e-24   3  1  2  0  2  0  0
    8 -1.7218976865112926e-24   2  2  2  0  2  0  0
    8 -2.8885718334877397e-24   1  3  2  0  2  0  0
    8  1.1202609967049301e-24   0  4  2  0  2  0  0
    8 -5.8000758055717512e-25   2  0  4  0  2  0  0
    8  6.4866305918924877e-25   1  1  4  0  2  0  0
    8 -7.2450881038238605e-25   0  2  4  0  2  0  0
    8  1.0174608937625392e-25   0  0  6  0  2  0  0
    8  1.8996428052744048e-24   4  0  1  1  2  0  0
    8  3.9470117610467546e-25   3  1  1  1  2  0  0
    8 -3.9470117610467546e-25   1  3  1  1  2  0  0
    8 -1.8996428052744048e-24   0  4  1  1  2  0  0
    8 -3.5364844782234486e-25   2  0  3  1  2  0  0
    8 -5.5843455539213289e-24   1  1  3  1  2  0  0
    8 -8.0794976500539220e-25   0  2  3  1  2  0  0
    8 -1.1202609967049301e-24   4  0  0  2  2  0  0
    8  2.8885718334877397e-24   3  1  0  2  2  0  0
    8  1.7218976865112926e-24   2  2  0  2  2  0  0
    8  2.5352084523552347e-24   1  3  0  2  2  0  0
    8 -7.7589359215674754e-24   0  4  0  2  2  0  0
    8 -8.4618406237285611e-25   2  0  2  2  2  0  0
    8  8.4618406237285611e-25   0  2  2  2  2  0  0
    8  1.1436816655236188e-24   0  0  4  2  2  0  0
    8  8.0794976500539220e-25   2  0  1  3  2  0  0
    8  5.5843455539213289e-24   1  1  1  3  2  0  0
    8  3.5364844782234486e-25   0  2  1  3  2  0  0
    8  7.2450881038238605e-25   2  0  0  4  2  0  0
    8 -6.4866305918924877e-25   1  1  0  4  2  0  0
    8  5.8000758055717512e-25   0  2  0  4  2  0  0
    8 -1.1436816655236188e-24   0  0  2  4  2  0  0
    8 -1.0174608937625392e-25   0  0  0  6  2  0  0
    8  2.0692558018352178e-22   5  0  0  0  3  0  0
    8  6.4739507235077699e-24   4  1  0  0  3  0  0
    8  5.0856152117221806e-23   3  2  0  0  3  0  0
    8 -5.0856152117221806e-23   2  3  0  0  3  0  0
    8 -6.4739507235077699e-24   1  4  0  0  3  0  0
    8 -2.0692558018352178e-22   0  5  0  0  3  0  0
    8 -1.6863825887335756e-25   3  0  2  0  3  0  0
    8  1.3200345755397022e-23   2  1  2  0  3  0  0
    8  2.0311746558527411e-22   1  2  2  0  3  0  0
    8  8.0127270560461145e-24   0  3  2  0  3  0  0
    8  1.5493473380174695e-24   1  0  4  0  3  0  0
    8 -6.0706223611557500e-24   0  1  4  0  3  0  0
    8 -9.9458398569236424e-24   3  0  1  1  3  0  0
    8  7.2272274307215928e-23   2  1  1  1  3  0  0
    8 -7.2272274307215928e-23   1  2  1  1  3  0  0
    8  9.9458398569236424e-24   0  3  1  1  3  0  0
    8 -5.4143589953677905e-24   1  0  3  1  3  0  0
    8  6.7423471543952482e-23   0  1  3  1  3  0  0
    8 -8.0127270560461145e-24   3  0  0  2  3  0  0
    8 -2.0311746558527411e-22   2  1  0  2  3  0  0
    8 -1.3200345755397022e-23   1  2  0  2  3  0  0
    8  1.6863825887335756e-25   0  3  0  2  3  0  0
    8  2.6441283863388459e-23   1  0  2  2  3  0  0
    8 -2.6441283863388459e-23   0  1  2  2  3  0  0
    8 -6.7423471543952482e-23   1  0  1  3  3  0  0
    8  5.4143589953677905e-24   0  1  1  3  3  0  0
    8  6.0706223611557500e-24   1  0  0  4  3  0  0
    8 -1.5493473380174695e-24   0  1  0  4  3  0  0
    8  3.5186641664941451e-23   4  0  0  0  4  0  0
    8 -1.3461019497470800e-22   3  1  0  0  4  0  0
    8  1.3461019497470800e-22   1  3  0  0  4  0  0
    8 -3.5186641664941451e-23   0  4  0  0  4  0  0
    8 -3.7413024705910257e-23   2  0  2  0  4  0  0
    8 -5.4434576950511894e-23   1  1  2  0  4  0  0
    8 -5.5179475801649405e-23   0  2  2  0  4  0  0
    8  6.6524176161281209e-24   0  0  4  0  4  0  0
    8  8.1291247931903935e-24   2  0  1  1  4  0  0
    8 -8.1291247931903935e-24   0  2  1  1  4  0  0
    8 -2.1890079946194721e-23   0  0  3  1  4  0  0
    8  5.5179475801649405e-23   2  0  0  2  4  0  0
    8  5.4434576950511894e-23   1  1  0  2  4  0  0
    8  3.7413024705910257e-23   0  2  0  2  4  0  0
    8  2.1890079946194721e-23   0  0  1  3  4  0  0
    8 -6.6524176161281209e-24   0  0  0  4  4  0  0
    8 -1.3167324800182625e-22   3  0  0  0  5  0  0
    8  2.8305802166980904e-21   2  1  0  0  5  0  0
    8 -2.8305802166980904e-21   1  2  0  0  5  0  0
    8  1.3167324800182625e-22   0  3  0  0  5  0  0
    8  1.2931436218020783e-22   1  0  2  0  5  0  0
    8  9.1563214667098705e-22   0  1  2  0  5  0  0
    8  4.4649027678288324e-22   1  0  1  1  5  0  0
    8 -4.4649027678288324e-22   0  1  1  1  5  0  0
    8 -9.1563214667098705e-22   1  0  0  2  5  0  0
    8 -1.2931436218020783e-22   0  1  0  2  5  0  0
    8 -1.3621908074855575e-21   2  0  0  0  6  0  0
    8  1.3621908074855575e-21   0  2  0  0  6  0  0
    8 -2.4104797904283234e-22   0  0  2  0  6  0  0
    8  2.4104797904283234e-22   0  0  0  2  6  0  0
 -498  0.0000000000000000e+00   0  0  0  0  0  0  0
