
tpsa, NO = 8, NV = 7, INA = 48092
------------------------------------------------------------------

   |I|         a                i  i  i  i  i  i  i
                I                1  2  3  4  5  6  7

    2 -2.0726159030801482e-05   1  1  0  0  0  0  0
    2 -7.5795034271856034e-06   0  0  1  1  0  0  0
    2  1.1731365679229615e-05   0  0  0  0  2  0  0
    3 -1.2243742225036216e-06   3  0  0  0  0  0  0
    3 -1.9691248727923929e-06   2  1  0  0  0  0  0
    3 -1.9691248727923929e-06   1  2  0  0  0  0  0
    3 -1.2243742225036216e-06   0  3  0  0  0  0  0
    3  4.1110910416565119e-06   1  0  2  0  0  0  0
    3 -1.1026981593586840e-09   0  1  2  0  0  0  0
    3 -1.0857434919738394e-06   1  0  1  1  0  0  0
    3 -1.0857434919738394e-06   0  1  1  1  0  0  0
    3 -1.1026981593586840e-09   1  0  0  2  0  0  0
    3  4.1110910416565119e-06   0  1  0  2  0  0  0
    3 -2.1597576058821856e-06   2  0  0  0  1  0  0
    3 -4.6799897345000107e-07   1  1  0  0  1  0  0
    3 -2.1597576058821856e-06   0  2  0  0  1  0  0
    3  6.5833788031063567e-07   0  0  2  0  1  0  0
    3 -4.4962036063578108e-07   0  0  1  1  1  0  0
    3  6.5833788031063567e-07   0  0  0  2  1  0  0
    3  4.2450637003596182e-21   1  0  0  0  2  0  0
    3  4.2450637003596182e-21   0  1  0  0  2  0  0
    3 -1.0059690000605411e-07   0  0  0  0  3  0  0
    4 -7.4865872425691400e-07   4  0  0  0  0  0  0
    4 -5.3429634890268439e-08   3  1  0  0  0  0  0
    4 -5.0517033454813165e-07   2  2  0  0  0  0  0
    4 -5.3429634890268439e-08   1  3  0  0  0  0  0
    4 -7.4865872425691400e-07   0  4  0  0  0  0  0
    4 -3.8838834477562233e-07   2  0  2  0  0  0  0
    4  5.7110364567161445e-07   1  1  2  0  0  0  0
    4 -3.4907907896907112e-07   0  2  2  0  0  0  0
    4  1.5595370473476657e-07   0  0  4  0  0  0  0
    4 -3.9027080894513999e-07   2  0  1  1  0  0  0
    4 -2.1429330895890762e-06   1  1  1  1  0  0  0
    4 -3.9027080894513999e-07   0  2  1  1  0  0  0
    4 -1.7898641947514940e-07   0  0  3  1  0  0  0
    4 -3.4907907896907112e-07   2  0  0  2  0  0  0
    4  5.7110364567161445e-07   1  1  0  2  0  0  0
    4 -3.8838834477562233e-07   0  2  0  2  0  0  0
    4 -3.2066366168848665e-07   0  0  2  2  0  0  0
    4 -1.7898641947514940e-07   0  0  1  3  0  0  0
    4  1.5595370473476657e-07   0  0  0  4  0  0  0
    4  2.9525915827627401e-07   3  0  0  0  1  0  0
    4 -1.6155275380296912e-06   2  1  0  0  1  0  0
    4 -1.6155275380296912e-06   1  2  0  0  1  0  0
    4  2.9525915827627401e-07   0  3  0  0  1  0  0
    4  5.8046057422582975e-08   1  0  2  0  1  0  0
    4  3.9383254393086077e-07   0  1  2  0  1  0  0
    4 -1.0082116078265701e-06   1  0  1  1  1  0  0
    4 -1.0082116078265701e-06   0  1  1  1  1  0  0
    4  3.9383254393086077e-07   1  0  0  2  1  0  0
    4  5.8046057422582975e-08   0  1  0  2  1  0  0
    4 -7.8365783749850436e-07   2  0  0  0  2  0  0
    4 -1.4293377333815244e-07   1  1  0  0  2  0  0
    4 -7.8365783749850436e-07   0  2  0  0  2  0  0
    4  5.7693857847210748e-07   0  0  2  0  2  0  0
    4 -1.0730161939949140e-07   0  0  1  1  2  0  0
    4  5.7693857847210748e-07   0  0  0  2  2  0  0
    4  3.1905909190321518e-22   1  0  0  0  3  0  0
    4  3.1905909190321518e-22   0  1  0  0  3  0  0
    4  3.7777962940178919e-07   0  0  0  0  4  0  0
    5  5.6504609945878452e-07   5  0  0  0  0  0  0
    5 -3.6420210064261027e-07   4  1  0  0  0  0  0
    5 -5.4120172169129715e-08   3  2  0  0  0  0  0
    5 -5.4120172169129715e-08   2  3  0  0  0  0  0
    5 -3.6420210064261027e-07   1  4  0  0  0  0  0
    5  5.6504609945878452e-07   0  5  0  0  0  0  0
    5  4.6333608164630455e-07   3  0  2  0  0  0  0
    5 -1.7166130765829711e-07   2  1  2  0  0  0  0
    5  4.5888000400039996e-08   1  2  2  0  0  0  0
    5  1.0839053252832410e-07   0  3  2  0  0  0  0
    5 -1.2479250597079259e-07   1  0  4  0  0  0  0
    5 -4.5788232665846420e-09   0  1  4  0  0  0  0
    5 -2.7625965356523342e-07   3  0  1  1  0  0  0
    5  6.6488632829261572e-07   2  1  1  1  0  0  0
    5  6.6488632829261572e-07   1  2  1  1  0  0  0
    5 -2.7625965356523342e-07   0  3  1  1  0  0  0
    5 -2.6968016512498217e-08   1  0  3  1  0  0  0
    5 -8.0538165535682356e-08   0  1  3  1  0  0  0
    5  1.0839053252832410e-07   3  0  0  2  0  0  0
    5  4.5888000400039996e-08   2  1  0  2  0  0  0
    5 -1.7166130765829711e-07   1  2  0  2  0  0  0
    5  4.6333608164630455e-07   0  3  0  2  0  0  0
    5  3.5057259447882585e-07   1  0  2  2  0  0  0
    5  3.5057259447882585e-07   0  1  2  2  0  0  0
    5 -8.0538165535682356e-08   1  0  1  3  0  0  0
    5 -2.6968016512498217e-08   0  1  1  3  0  0  0
    5 -4.5788232665846420e-09   1  0  0  4  0  0  0
    5 -1.2479250597079259e-07   0  1  0  4  0  0  0
    5 -6.8749591245676133e-07   4  0  0  0  1  0  0
    5 -1.8735842756782605e-07   3  1  0  0  1  0  0
    5  6.9031304188590282e-07   2  2  0  0  1  0  0
    5 -1.8735842756782605e-07   1  3  0  0  1  0  0
    5 -6.8749591245676133e-07   0  4  0  0  1  0  0
    5  5.6089972191661909e-08   2  0  2  0  1  0  0
    5 -4.8465318563904647e-08   1  1  2  0  1  0  0
    5 -3.9005279720221121e-08   0  2  2  0  1  0  0
    5 -4.9008939782322630e-08   0  0  4  0  1  0  0
    5 -6.0229625119976811e-08   2  0  1  1  1  0  0
    5 -2.8107304629045702e-07   1  1  1  1  1  0  0
    5 -6.0229625119976811e-08   0  2  1  1  1  0  0
    5  2.6923537281713085e-08   0  0  3  1  1  0  0
    5 -3.9005279720221121e-08   2  0  0  2  1  0  0
    5 -4.8465318563904647e-08   1  1  0  2  1  0  0
    5  5.6089972191661909e-08   0  2  0  2  1  0  0
    5  9.2159318318225752e-08   0  0  2  2  1  0  0
    5  2.6923537281713085e-08   0  0  1  3  1  0  0
    5 -4.9008939782322630e-08   0  0  0  4  1  0  0
    5  2.7630952036573667e-07   3  0  0  0  2  0  0
    5 -7.4476260004395393e-07   2  1  0  0  2  0  0
    5 -7.4476260004395393e-07   1  2  0  0  2  0  0
    5  2.7630952036573667e-07   0  3  0  0  2  0  0
    5  1.6792206471901992e-08   1  0  2  0  2  0  0
    5 -3.5140346963500044e-08   0  1  2  0  2  0  0
    5 -2.4179552132228604e-07   1  0  1  1  2  0  0
    5 -2.4179552132228604e-07   0  1  1  1  2  0  0
    5 -3.5140346963500044e-08   1  0  0  2  2  0  0
    5  1.6792206471901992e-08   0  1  0  2  2  0  0
    5  1.6186783337671076e-08   2  0  0  0  3  0  0
    5  2.0963704105350682e-08   1  1  0  0  3  0  0
    5  1.6186783337671076e-08   0  2  0  0  3  0  0
    5 -1.2075931883626927e-07   0  0  2  0  3  0  0
    5 -1.6318145450875355e-07   0  0  1  1  3  0  0
    5 -1.2075931883626927e-07   0  0  0  2  3  0  0
    5 -4.0189466988184765e-22   1  0  0  0  4  0  0
    5 -4.0189466988184765e-22   0  1  0  0  4  0  0
    5 -8.8755173104367080e-08   0  0  0  0  5  0  0
    6 -3.0622469920336721e-07   6  0  0  0  0  0  0
    6  6.3628310077996292e-07   5  1  0  0  0  0  0
    6  1.2840089898979885e-07   4  2  0  0  0  0  0
    6 -5.1211356113695898e-07   3  3  0  0  0  0  0
    6  1.2840089898979885e-07   2  4  0  0  0  0  0
    6  6.3628310077996292e-07   1  5  0  0  0  0  0
    6 -3.0622469920336721e-07   0  6  0  0  0  0  0
    6 -1.4404909380309719e-06   4  0  2  0  0  0  0
    6 -7.7563841951578701e-09   3  1  2  0  0  0  0
    6  1.1799674609879864e-07   2  2  2  0  0  0  0
    6  9.0022807369766727e-08   1  3  2  0  0  0  0
    6 -3.2231106910880005e-07   0  4  2  0  0  0  0
    6  7.6057209624018405e-08   2  0  4  0  0  0  0
    6 -8.1660367118449785e-09   1  1  4  0  0  0  0
    6 -2.2404030700925434e-09   0  2  4  0  0  0  0
    6 -8.8939338358098817e-09   0  0  6  0  0  0  0
    6 -4.9199061133680413e-08   4  0  1  1  0  0  0
    6 -2.5120944201758612e-07   3  1  1  1  0  0  0
    6 -2.8382537483716276e-07   2  2  1  1  0  0  0
    6 -2.5120944201758612e-07   1  3  1  1  0  0  0
    6 -4.9199061133680413e-08   0  4  1  1  0  0  0
    6 -1.5075442625162205e-08   2  0  3  1  0  0  0
    6 -1.7816284177405446e-08   1  1  3  1  0  0  0
    6  9.3835558762543560e-08   0  2  3  1  0  0  0
    6  4.9915338161162961e-09   0  0  5  1  0  0  0
    6 -3.2231106910880005e-07   4  0  0  2  0  0  0
    6  9.0022807369766727e-08   3  1  0  2  0  0  0
    6  1.1799674609879864e-07   2  2  0  2  0  0  0
    6 -7.7563841951578701e-09   1  3  0  2  0  0  0
    6 -1.4404909380309719e-06   0  4  0  2  0  0  0
    6 -1.8878637603148638e-07   2  0  2  2  0  0  0
    6 -6.1399928295964546e-09   1  1  2  2  0  0  0
    6 -1.8878637603148638e-07   0  2  2  2  0  0  0
    6  1.7549462854197495e-08   0  0  4  2  0  0  0
    6  9.3835558762543560e-08   2  0  1  3  0  0  0
    6 -1.7816284177405446e-08   1  1  1  3  0  0  0
    6 -1.5075442625162205e-08   0  2  1  3  0  0  0
    6 -4.6201420065933501e-08   0  0  3  3  0  0  0
    6 -2.2404030700925434e-09   2  0  0  4  0  0  0
    6 -8.1660367118449785e-09   1  1  0  4  0  0  0
    6  7.6057209624018405e-08   0  2  0  4  0  0  0
    6  1.7549462854197495e-08   0  0  2  4  0  0  0
    6  4.9915338161162961e-09   0  0  1  5  0  0  0
    6 -8.8939338358098817e-09   0  0  0  6  0  0  0
    6  3.2721549422508526e-06   5  0  0  0  1  0  0
    6 -5.0355696096025465e-07   4  1  0  0  1  0  0
    6  1.6792805118284129e-07   3  2  0  0  1  0  0
    6  1.6792805118284129e-07   2  3  0  0  1  0  0
    6 -5.0355696096025465e-07   1  4  0  0  1  0  0
    6  3.2721549422508526e-06   0  5  0  0  1  0  0
    6 -2.1786310342182087e-08   3  0  2  0  1  0  0
    6 -3.7339083239115480e-08   2  1  2  0  1  0  0
    6 -3.9841679318628192e-08   1  2  2  0  1  0  0
    6  2.7886189388223334e-07   0  3  2  0  1  0  0
    6  6.6181576248404363e-09   1  0  4  0  1  0  0
    6 -2.0318493302227383e-08   0  1  4  0  1  0  0
    6 -3.2556989927629111e-07   3  0  1  1  1  0  0
    6  1.0410376063929652e-07   2  1  1  1  1  0  0
    6  1.0410376063929652e-07   1  2  1  1  1  0  0
    6 -3.2556989927629111e-07   0  3  1  1  1  0  0
    6 -1.4110256139932845e-08   1  0  3  1  1  0  0
    6  4.2371514069640410e-08   0  1  3  1  1  0  0
    6  2.7886189388223334e-07   3  0  0  2  1  0  0
    6 -3.9841679318628192e-08   2  1  0  2  1  0  0
    6 -3.7339083239115480e-08   1  2  0  2  1  0  0
    6 -2.1786310342182087e-08   0  3  0  2  1  0  0
    6 -5.5151312372345693e-08   1  0  2  2  1  0  0
    6 -5.5151312372345693e-08   0  1  2  2  1  0  0
    6  4.2371514069640410e-08   1  0  1  3  1  0  0
    6 -1.4110256139932845e-08   0  1  1  3  1  0  0
    6 -2.0318493302227383e-08   1  0  0  4  1  0  0
    6  6.6181576248404363e-09   0  1  0  4  1  0  0
    6  1.1964639864389332e-06   4  0  0  0  2  0  0
    6 -3.1041866637214226e-07   3  1  0  0  2  0  0
    6 -8.2555365637896932e-07   2  2  0  0  2  0  0
    6 -3.1041866637214226e-07   1  3  0  0  2  0  0
    6  1.1964639864389332e-06   0  4  0  0  2  0  0
    6  3.2523361350527187e-08   2  0  2  0  2  0  0
    6  7.3111131687721122e-08   1  1  2  0  2  0  0
    6 -8.1489161222198458e-08   0  2  2  0  2  0  0
    6 -2.0335627124070515e-08   0  0  4  0  2  0  0
    6  1.4517637294672552e-07   2  0  1  1  2  0  0
    6 -2.1340517412455044e-08   1  1  1  1  2  0  0
    6  1.4517637294672552e-07   0  2  1  1  2  0  0
    6  7.3850258236619733e-09   0  0  3  1  2  0  0
    6 -8.1489161222198458e-08   2  0  0  2  2  0  0
    6  7.3111131687721122e-08   1  1  0  2  2  0  0
    6  3.2523361350527187e-08   0  2  0  2  2  0  0
    6  5.3267833037799805e-08   0  0  2  2  2  0  0
    6  7.3850258236619733e-09   0  0  1  3  2  0  0
    6 -2.0335627124070515e-08   0  0  0  4  2  0  0
    6 -4.3125433684856264e-07   3  0  0  0  3  0  0
    6  8.1503348749692666e-07   2  1  0  0  3  0  0
    6  8.1503348749692666e-07   1  2  0  0  3  0  0
    6 -4.3125433684856264e-07   0  3  0  0  3  0  0
    6 -1.7150930448643961e-09   1  0  2  0  3  0  0
    6 -2.3448645755433027e-08   0  1  2  0  3  0  0
    6  1.5291141199897363e-07   1  0  1  1  3  0  0
    6  1.5291141199897363e-07   0  1  1  1  3  0  0
    6 -2.3448645755433027e-08   1  0  0  2  3  0  0
    6 -1.7150930448643961e-09   0  1  0  2  3  0  0
    6 -5.3111445871340230e-10   2  0  0  0  4  0  0
    6 -5.5717914353747394e-07   1  1  0  0  4  0  0
    6 -5.3111445871340230e-10   0  2  0  0  4  0  0
    6 -2.6059931274014556e-09   0  0  2  0  4  0  0
    6  1.7461751369147170e-08   0  0  1  1  4  0  0
    6 -2.6059931274014556e-09   0  0  0  2  4  0  0
    6 -1.0300023060271461e-22   1  0  0  0  5  0  0
    6 -1.0300023060271461e-22   0  1  0  0  5  0  0
    6 -1.6430168261422058e-08   0  0  0  0  6  0  0
    7  1.2164816244619256e-07   7  0  0  0  0  0  0
    7 -2.3115694890401598e-07   6  1  0  0  0  0  0
    7  1.4057484121817825e-07   5  2  0  0  0  0  0
    7  2.3448753825103756e-07   4  3  0  0  0  0  0
    7  2.3448753825103756e-07   3  4  0  0  0  0  0
    7  1.4057484121817825e-07   2  5  0  0  0  0  0
    7 -2.3115694890401598e-07   1  6  0  0  0  0  0
    7  1.2164816244619256e-07   0  7  0  0  0  0  0
    7  8.0926313297325262e-07   5  0  2  0  0  0  0
    7 -8.3810542893949111e-07   4  1  2  0  0  0  0
    7 -4.5272488678211617e-07   3  2  2  0  0  0  0
    7  3.9267338710494769e-08   2  3  2  0  0  0  0
    7 -2.8200444169811489e-07   1  4  2  0  0  0  0
    7  2.4609144878241949e-07   0  5  2  0  0  0  0
    7 -1.0080734447493420e-06   3  0  4  0  0  0  0
    7  7.7600646352035807e-08   2  1  4  0  0  0  0
    7 -1.9385956060884998e-08   1  2  4  0  0  0  0
    7  8.1452245248959086e-08   0  3  4  0  0  0  0
    7  8.0778583320215863e-10   1  0  6  0  0  0  0
    7 -1.3757873239855238e-09   0  1  6  0  0  0  0
    7 -2.5986753460565953e-06   5  0  1  1  0  0  0
    7  9.4956346347104773e-07   4  1  1  1  0  0  0
    7 -1.8721170060918034e-07   3  2  1  1  0  0  0
    7 -1.8721170060918034e-07   2  3  1  1  0  0  0
    7  9.4956346347104773e-07   1  4  1  1  0  0  0
    7 -2.5986753460565953e-06   0  5  1  1  0  0  0
    7 -2.8821708217239638e-07   3  0  3  1  0  0  0
    7  1.7082860685616886e-08   2  1  3  1  0  0  0
    7  7.8887313111480528e-08   1  2  3  1  0  0  0
    7 -2.5065941302155967e-08   0  3  3  1  0  0  0
    7  5.0666633000091686e-09   1  0  5  1  0  0  0
    7  5.5263835626045327e-09   0  1  5  1  0  0  0
    7  2.4609144878241949e-07   5  0  0  2  0  0  0
    7 -2.8200444169811489e-07   4  1  0  2  0  0  0
    7  3.9267338710494769e-08   3  2  0  2  0  0  0
    7 -4.5272488678211617e-07   2  3  0  2  0  0  0
    7 -8.3810542893949111e-07   1  4  0  2  0  0  0
    7  8.0926313297325262e-07   0  5  0  2  0  0  0
    7  7.2803732798500068e-07   3  0  2  2  0  0  0
    7 -9.1991952175292680e-08   2  1  2  2  0  0  0
    7 -9.1991952175292680e-08   1  2  2  2  0  0  0
    7  7.2803732798500068e-07   0  3  2  2  0  0  0
    7 -5.9093089396783644e-09   1  0  4  2  0  0  0
    7  6.5017048447053975e-09   0  1  4  2  0  0  0
    7 -2.5065941302155967e-08   3  0  1  3  0  0  0
    7  7.8887313111480528e-08   2  1  1  3  0  0  0
    7  1.7082860685616886e-08   1  2  1  3  0  0  0
    7 -2.8821708217239638e-07   0  3  1  3  0  0  0
    7 -5.2060942976754156e-09   1  0  3  3  0  0  0
    7 -5.2060942976754156e-09   0  1  3  3  0  0  0
    7  8.1452245248959086e-08   3  0  0  4  0  0  0
    7 -1.9385956060884998e-08   2  1  0  4  0  0  0
    7  7.7600646352035807e-08   1  2  0  4  0  0  0
    7 -1.0080734447493420e-06   0  3  0  4  0  0  0
    7  6.5017048447053975e-09   1  0  2  4  0  0  0
    7 -5.9093089396783644e-09   0  1  2  4  0  0  0
    7  5.5263835626045327e-09   1  0  1  5  0  0  0
    7  5.0666633000091686e-09   0  1  1  5  0  0  0
    7 -1.3757873239855238e-09   1  0  0  6  0  0  0
    7  8.0778583320215863e-10   0  1  0  6  0  0  0
    7 -1.4052754216376955e-06   6  0  0  0  1  0  0
    7  3.2836734784372589e-06   5  1  0  0  1  0  0
    7  1.0433740938292099e-06   4  2  0  0  1  0  0
    7 -1.2873370227655054e-07   3  3  0  0  1  0  0
    7  1.0433740938292099e-06   2  4  0  0  1  0  0
    7  3.2836734784372589e-06   1  5  0  0  1  0  0
    7 -1.4052754216376955e-06   0  6  0  0  1  0  0
    7 -1.5069237082664604e-06   4  0  2  0  1  0  0
    7 -4.6425386597944160e-07   3  1  2  0  1  0  0
    7 -4.7258146169076206e-08   2  2  2  0  1  0  0
    7  7.1150574865456142e-08   1  3  2  0  1  0  0
    7 -1.8956846728077274e-06   0  4  2  0  1  0  0
    7 -3.2595573217061076e-08   2  0  4  0  1  0  0
    7  1.4927648418021480e-09   1  1  4  0  1  0  0
    7 -4.4715591344422476e-08   0  2  4  0  1  0  0
    7  5.3336176233456186e-10   0  0  6  0  1  0  0
    7  1.9309333397238105e-07   4  0  1  1  1  0  0
    7 -2.2970618987772244e-07   3  1  1  1  1  0  0
    7  2.1987385115291434e-07   2  2  1  1  1  0  0
    7 -2.2970618987772244e-07   1  3  1  1  1  0  0
    7  1.9309333397238105e-07   0  4  1  1  1  0  0
    7  3.9301154356582519e-08   2  0  3  1  1  0  0
    7 -8.8090993690689028e-09   1  1  3  1  1  0  0
    7  6.7379946205798832e-08   0  2  3  1  1  0  0
    7  2.5887769214860190e-09   0  0  5  1  1  0  0
    7 -1.8956846728077274e-06   4  0  0  2  1  0  0
    7  7.1150574865456142e-08   3  1  0  2  1  0  0
    7 -4.7258146169076206e-08   2  2  0  2  1  0  0
    7 -4.6425386597944160e-07   1  3  0  2  1  0  0
    7 -1.5069237082664604e-06   0  4  0  2  1  0  0
    7 -3.1951300890325009e-08   2  0  2  2  1  0  0
    7 -3.4430724460674648e-09   1  1  2  2  1  0  0
    7 -3.1951300890325009e-08   0  2  2  2  1  0  0
    7 -9.2843061005052739e-09   0  0  4  2  1  0  0
    7  6.7379946205798832e-08   2  0  1  3  1  0  0
    7 -8.8090993690689028e-09   1  1  1  3  1  0  0
    7  3.9301154356582519e-08   0  2  1  3  1  0  0
    7  1.7649652510079877e-08   0  0  3  3  1  0  0
    7 -4.4715591344422476e-08   2  0  0  4  1  0  0
    7  1.4927648418021480e-09   1  1  0  4  1  0  0
    7 -3.2595573217061076e-08   0  2  0  4  1  0  0
    7 -9.2843061005052739e-09   0  0  2  4  1  0  0
    7  2.5887769214860190e-09   0  0  1  5  1  0  0
    7  5.3336176233456186e-10   0  0  0  6  1  0  0
    7 -5.3953384197843300e-06   5  0  0  0  2  0  0
    7  2.3294429320010943e-06   4  1  0  0  2  0  0
    7 -3.3116502716204310e-07   3  2  0  0  2  0  0
    7 -3.3116502716204310e-07   2  3  0  0  2  0  0
    7  2.3294429320010943e-06   1  4  0  0  2  0  0
    7 -5.3953384197843300e-06   0  5  0  0  2  0  0
    7 -2.5765785571340026e-07   3  0  2  0  2  0  0
    7  1.0199768210200219e-07   2  1  2  0  2  0  0
    7  1.6977188243031078e-07   1  2  2  0  2  0  0
    7 -4.1733708149507567e-07   0  3  2  0  2  0  0
    7  1.6597772504373403e-08   1  0  4  0  2  0  0
    7  9.2172365001571643e-09   0  1  4  0  2  0  0
    7  3.0666720308443182e-07   3  0  1  1  2  0  0
    7 -4.7548864475444863e-07   2  1  1  1  2  0  0
    7 -4.7548864475444863e-07   1  2  1  1  2  0  0
    7  3.0666720308443182e-07   0  3  1  1  2  0  0
    7  1.1169334915846327e-08   1  0  3  1  2  0  0
    7  2.1092218353520279e-08   0  1  3  1  2  0  0
    7 -4.1733708149507567e-07   3  0  0  2  2  0  0
    7  1.6977188243031078e-07   2  1  0  2  2  0  0
    7  1.0199768210200219e-07   1  2  0  2  2  0  0
    7 -2.5765785571340026e-07   0  3  0  2  2  0  0
    7 -6.0422546694526364e-08   1  0  2  2  2  0  0
    7 -6.0422546694526364e-08   0  1  2  2  2  0  0
    7  2.1092218353520279e-08   1  0  1  3  2  0  0
    7  1.1169334915846327e-08   0  1  1  3  2  0  0
    7  9.2172365001571643e-09   1  0  0  4  2  0  0
    7  1.6597772504373403e-08   0  1  0  4  2  0  0
    7 -3.5590425885243431e-07   4  0  0  0  3  0  0
    7  4.5815672367891612e-07   3  1  0  0  3  0  0
    7  6.0210733508038137e-07   2  2  0  0  3  0  0
    7  4.5815672367891612e-07   1  3  0  0  3  0  0
    7 -3.5590425885243431e-07   0  4  0  0  3  0  0
    7 -9.6105796830571267e-09   2  0  2  0  3  0  0
    7 -1.6922278931258839e-07   1  1  2  0  3  0  0
    7  8.5361902587777744e-08   0  2  2  0  3  0  0
    7  5.6806873185144355e-09   0  0  4  0  3  0  0
    7 -3.8260654639407976e-08   2  0  1  1  3  0  0
    7  3.3306128071859520e-07   1  1  1  1  3  0  0
    7 -3.8260654639407976e-08   0  2  1  1  3  0  0
    7 -4.0702621595127411e-09   0  0  3  1  3  0  0
    7  8.5361902587777744e-08   2  0  0  2  3  0  0
    7 -1.6922278931258839e-07   1  1  0  2  3  0  0
    7 -9.6105796830571267e-09   0  2  0  2  3  0  0
    7 -2.0367893808583587e-08   0  0  2  2  3  0  0
    7 -4.0702621595127411e-09   0  0  1  3  3  0  0
    7  5.6806873185144355e-09   0  0  0  4  3  0  0
    7  2.1971924267191798e-07   3  0  0  0  4  0  0
    7 -6.3203885671265114e-07   2  1  0  0  4  0  0
    7 -6.3203885671265114e-07   1  2  0  0  4  0  0
    7  2.1971924267191798e-07   0  3  0  0  4  0  0
    7  3.0136053484534219e-08   1  0  2  0  4  0  0
    7  3.1555673089376686e-08   0  1  2  0  4  0  0
    7 -7.6448602826750357e-08   1  0  1  1  4  0  0
    7 -7.6448602826750357e-08   0  1  1  1  4  0  0
    7  3.1555673089376686e-08   1  0  0  2  4  0  0
    7  3.0136053484534219e-08   0  1  0  2  4  0  0
    7  2.1231512147916481e-08   2  0  0  0  5  0  0
    7  5.2419034802469750e-07   1  1  0  0  5  0  0
    7  2.1231512147916481e-08   0  2  0  0  5  0  0
    7  1.3344819661112663e-08   0  0  2  0  5  0  0
    7  4.5450066294911290e-08   0  0  1  1  5  0  0
    7  1.3344819661112663e-08   0  0  0  2  5  0  0
    7 -2.0233179077794612e-22   1  0  0  0  6  0  0
    7 -2.0233179077794612e-22   0  1  0  0  6  0  0
    7  3.1807400737490375e-08   0  0  0  0  7  0  0
    8 -2.9126350320038023e-08   8  0  0  0  0  0  0
    8  7.6509287664465076e-08   7  1  0  0  0  0  0
    8 -2.1810381117522918e-07   6  2  0  0  0  0  0
    8  1.0300829280482039e-08   5  3  0  0  0  0  0
    8  2.4053437379771163e-07   4  4  0  0  0  0  0
    8  1.0300829280482039e-08   3  5  0  0  0  0  0
    8 -2.1810381117522918e-07   2  6  0  0  0  0  0
    8  7.6509287664465076e-08   1  7  0  0  0  0  0
    8 -2.9126350320038023e-08   0  8  0  0  0  0  0
    8  2.9561111670010869e-07   6  0  2  0  0  0  0
    8  4.5891567395101797e-06   5  1  2  0  0  0  0
    8  1.3374235635190005e-07   4  2  2  0  0  0  0
    8 -6.7566299163885877e-07   3  3  2  0  0  0  0
    8 -2.5143975103271032e-07   2  4  2  0  0  0  0
    8  8.4786405024001483e-07   1  5  2  0  0  0  0
    8  1.3639327271074945e-07   0  6  2  0  0  0  0
    8  6.7456242794184679e-07   4  0  4  0  0  0  0
    8 -1.1455748350260951e-06   3  1  4  0  0  0  0
    8 -1.2753354759281055e-07   2  2  4  0  0  0  0
    8  5.8103988534359892e-08   1  3  4  0  0  0  0
    8 -6.6955395120982414e-08   0  4  4  0  0  0  0
    8  8.1988022388897198e-08   2  0  6  0  0  0  0
    8  1.4865177406458922e-09   1  1  6  0  0  0  0
    8 -1.0577789857534469e-08   0  2  6  0  0  0  0
    8  1.8535561561200085e-10   0  0  8  0  0  0  0
    8  1.2684610654678861e-06   6  0  1  1  0  0  0
    8 -3.5426323989068040e-06   5  1  1  1  0  0  0
    8 -1.8182374681369040e-07   4  2  1  1  0  0  0
    8  5.1335011648808233e-07   3  3  1  1  0  0  0
    8 -1.8182374681369040e-07   2  4  1  1  0  0  0
    8 -3.5426323989068040e-06   1  5  1  1  0  0  0
    8  1.2684610654678861e-06   0  6  1  1  0  0  0
    8  6.2399742059553345e-07   4  0  3  1  0  0  0
    8  3.8740933882095988e-07   3  1  3  1  0  0  0
    8 -1.0333861697554588e-07   2  2  3  1  0  0  0
    8 -4.3819516798072178e-07   1  3  3  1  0  0  0
    8  1.5960290163390815e-06   0  4  3  1  0  0  0
    8 -1.3678786877941155e-07   2  0  5  1  0  0  0
    8  7.1796621924865203e-09   1  1  5  1  0  0  0
    8  9.2543301805226171e-09   0  2  5  1  0  0  0
    8  4.3974547763790530e-10   0  0  7  1  0  0  0
    8  1.3639327271074945e-07   6  0  0  2  0  0  0
    8  8.4786405024001483e-07   5  1  0  2  0  0  0
    8 -2.5143975103271032e-07   4  2  0  2  0  0  0
    8 -6.7566299163885877e-07   3  3  0  2  0  0  0
    8  1.3374235635190005e-07   2  4  0  2  0  0  0
    8  4.5891567395101797e-06   1  5  0  2  0  0  0
    8  2.9561111670010869e-07   0  6  0  2  0  0  0
    8 -1.4187639018615097e-06   4  0  2  2  0  0  0
    8  5.3197419254404569e-07   3  1  2  2  0  0  0
    8  3.2960208029416725e-07   2  2  2  2  0  0  0
    8  5.3197419254404569e-07   1  3  2  2  0  0  0
    8 -1.4187639018615097e-06   0  4  2  2  0  0  0
    8  2.9664412821721893e-07   2  0  4  2  0  0  0
    8 -3.0512371002231718e-08   1  1  4  2  0  0  0
    8 -1.3205895601132393e-07   0  2  4  2  0  0  0
    8 -1.2096623724751018e-09   0  0  6  2  0  0  0
    8  1.5960290163390815e-06   4  0  1  3  0  0  0
    8 -4.3819516798072178e-07   3  1  1  3  0  0  0
    8 -1.0333861697554588e-07   2  2  1  3  0  0  0
    8  3.8740933882095988e-07   1  3  1  3  0  0  0
    8  6.2399742059553345e-07   0  4  1  3  0  0  0
    8  1.1113729294091850e-07   2  0  3  3  0  0  0
    8  3.5327847582220389e-08   1  1  3  3  0  0  0
    8  1.1113729294091850e-07   0  2  3  3  0  0  0
    8 -1.4611932533704944e-09   0  0  5  3  0  0  0
    8 -6.6955395120982414e-08   4  0  0  4  0  0  0
    8  5.8103988534359892e-08   3  1  0  4  0  0  0
    8 -1.2753354759281055e-07   2  2  0  4  0  0  0
    8 -1.1455748350260951e-06   1  3  0  4  0  0  0
    8  6.7456242794184679e-07   0  4  0  4  0  0  0
    8 -1.3205895601132393e-07   2  0  2  4  0  0  0
    8 -3.0512371002231718e-08   1  1  2  4  0  0  0
    8  2.9664412821721893e-07   0  2  2  4  0  0  0
    8  3.2615797697884442e-09   0  0  4  4  0  0  0
    8  9.2543301805226171e-09   2  0  1  5  0  0  0
    8  7.1796621924865203e-09   1  1  1  5  0  0  0
    8 -1.3678786877941155e-07   0  2  1  5  0  0  0
    8 -1.4611932533704944e-09   0  0  3  5  0  0  0
    8 -1.0577789857534469e-08   2  0  0  6  0  0  0
    8  1.4865177406458922e-09   1  1  0  6  0  0  0
    8  8.1988022388897198e-08   0  2  0  6  0  0  0
    8 -1.2096623724751018e-09   0  0  2  6  0  0  0
    8  4.3974547763790530e-10   0  0  1  7  0  0  0
    8  1.8535561561200085e-10   0  0  0  8  0  0  0
    8  6.4896887877429783e-07   7  0  0  0  1  0  0
    8  1.9318542046341299e-06   6  1  0  0  1  0  0
    8  9.7776402505583030e-07   5  2  0  0  1  0  0
    8  1.6655921071660966e-06   4  3  0  0  1  0  0
    8  1.6655921071660966e-06   3  4  0  0  1  0  0
    8  9.7776402505583030e-07   2  5  0  0  1  0  0
    8  1.9318542046341299e-06   1  6  0  0  1  0  0
    8  6.4896887877429783e-07   0  7  0  0  1  0  0
    8  9.2420908926587731e-07   5  0  2  0  1  0  0
    8 -3.6391894677307250e-07   4  1  2  0  1  0  0
    8 -1.0317627664743146e-06   3  2  2  0  1  0  0
    8 -5.8934550365268739e-07   2  3  2  0  1  0  0
    8 -1.4951186425287461e-06   1  4  2  0  1  0  0
    8  1.6419765220252622e-06   0  5  2  0  1  0  0
    8 -3.1221577308468721e-06   3  0  4  0  1  0  0
    8 -2.9872196310970293e-07   2  1  4  0  1  0  0
    8  1.1292842370504682e-08   1  2  4  0  1  0  0
    8  4.2550356321560006e-07   0  3  4  0  1  0  0
    8  4.4246220400240420e-10   1  0  6  0  1  0  0
    8  1.8965320686332981e-09   0  1  6  0  1  0  0
    8 -8.2213614846366645e-07   5  0  1  1  1  0  0
    8  4.4786986356858064e-07   4  1  1  1  1  0  0
    8  3.5868151731940154e-07   3  2  1  1  1  0  0
    8  3.5868151731940154e-07   2  3  1  1  1  0  0
    8  4.4786986356858064e-07   1  4  1  1  1  0  0
    8 -8.2213614846366645e-07   0  5  1  1  1  0  0
    8 -4.4663011063562353e-07   3  0  3  1  1  0  0
    8 -1.0247732206936287e-07   2  1  3  1  1  0  0
    8  2.3719623522970436e-08   1  2  3  1  1  0  0
    8 -1.8011536779886539e-07   0  3  3  1  1  0  0
    8  6.9663491686349469e-10   1  0  5  1  1  0  0
    8 -3.5156828502293549e-09   0  1  5  1  1  0  0
    8  1.6419765220252622e-06   5  0  0  2  1  0  0
    8 -1.4951186425287461e-06   4  1  0  2  1  0  0
    8 -5.8934550365268739e-07   3  2  0  2  1  0  0
    8 -1.0317627664743146e-06   2  3  0  2  1  0  0
    8 -3.6391894677307250e-07   1  4  0  2  1  0  0
    8  9.2420908926587731e-07   0  5  0  2  1  0  0
    8  9.7689641701194649e-07   3  0  2  2  1  0  0
    8  2.2498021029880566e-07   2  1  2  2  1  0  0
    8  2.2498021029880566e-07   1  2  2  2  1  0  0
    8  9.7689641701194649e-07   0  3  2  2  1  0  0
    8 -1.9733374729739602e-09   1  0  4  2  1  0  0
    8 -6.0876763174922543e-09   0  1  4  2  1  0  0
    8 -1.8011536779886539e-07   3  0  1  3  1  0  0
    8  2.3719623522970436e-08   2  1  1  3  1  0  0
    8 -1.0247732206936287e-07   1  2  1  3  1  0  0
    8 -4.4663011063562353e-07   0  3  1  3  1  0  0
    8  4.2294772413163143e-09   1  0  3  3  1  0  0
    8  4.2294772413163143e-09   0  1  3  3  1  0  0
    8  4.2550356321560006e-07   3  0  0  4  1  0  0
    8  1.1292842370504682e-08   2  1  0  4  1  0  0
    8 -2.9872196310970293e-07   1  2  0  4  1  0  0
    8 -3.1221577308468721e-06   0  3  0  4  1  0  0
    8 -6.0876763174922543e-09   1  0  2  4  1  0  0
    8 -1.9733374729739602e-09   0  1  2  4  1  0  0
    8 -3.5156828502293549e-09   1  0  1  5  1  0  0
    8  6.9663491686349469e-10   0  1  1  5  1  0  0
    8  1.8965320686332981e-09   1  0  0  6  1  0  0
    8  4.4246220400240420e-10   0  1  0  6  1  0  0
    8  2.0969780088199938e-06   6  0  0  0  2  0  0
    8 -4.7855386952062496e-06   5  1  0  0  2  0  0
    8 -2.8472155488228799e-07   4  2  0  0  2  0  0
    8  1.2622864492495897e-06   3  3  0  0  2  0  0
    8 -2.8472155488228799e-07   2  4  0  0  2  0  0
    8 -4.7855386952062496e-06   1  5  0  0  2  0  0
    8  2.0969780088199938e-06   0  6  0  0  2  0  0
    8  1.9553689765342369e-06   4  0  2  0  2  0  0
    8 -9.2657549856743542e-07   3  1  2  0  2  0  0
    8 -4.4979308522975401e-08   2  2  2  0  2  0  0
    8 -9.3036862205877299e-07   1  3  2  0  2  0  0
    8  3.0381027098701541e-06   0  4  2  0  2  0  0
    8 -1.1168602702885634e-08   2  0  4  0  2  0  0
    8 -1.7926607530074244e-08   1  1  4  0  2  0  0
    8  6.3116081072698572e-08   0  2  4  0  2  0  0
    8  8.2263655798816538e-10   0  0  6  0  2  0  0
    8 -1.5349083509095229e-06   4  0  1  1  2  0  0
    8  1.9191362754886338e-07   3  1  1  1  2  0  0
    8 -4.0248172037019885e-07   2  2  1  1  2  0  0
    8  1.9191362754886338e-07   1  3  1  1  2  0  0
    8 -1.5349083509095229e-06   0  4  1  1  2  0  0
    8 -3.7497098228026973e-08   2  0  3  1  2  0  0
    8  9.0273307130200722e-08   1  1  3  1  2  0  0
    8 -6.5349735024848245e-08   0  2  3  1  2  0  0
    8  9.1189514049735081e-10   0  0  5  1  2  0  0
    8  3.0381027098701541e-06   4  0  0  2  2  0  0
    8 -9.3036862205877299e-07   3  1  0  2  2  0  0
    8 -4.4979308522975401e-08   2  2  0  2  2  0  0
    8 -9.2657549856743542e-07   1  3  0  2  2  0  0
    8  1.9553689765342369e-06   0  4  0  2  2  0  0
    8  6.4202254325632926e-08   2  0  2  2  2  0  0
    8 -1.5806728469248425e-07   1  1  2  2  2  0  0
    8  6.4202254325632926e-08   0  2  2  2  2  0  0
    8  2.4080138879494023e-09   0  0  4  2  2  0  0
    8 -6.5349735024848245e-08   2  0  1  3  2  0  0
    8  9.0273307130200722e-08   1  1  1  3  2  0  0
    8 -3.7497098228026973e-08   0  2  1  3  2  0  0
    8 -6.3265369349522403e-09   0  0  3  3  2  0  0
    8  6.3116081072698572e-08   2  0  0  4  2  0  0
    8 -1.7926607530074244e-08   1  1  0  4  2  0  0
    8 -1.1168602702885634e-08   0  2  0  4  2  0  0
    8  2.4080138879494023e-09   0  0  2  4  2  0  0
    8  9.1189514049735081e-10   0  0  1  5  2  0  0
    8  8.2263655798816538e-10   0  0  0  6  2  0  0
    8  5.4321336654417155e-06   5  0  0  0  3  0  0
    8 -2.0152916082423726e-06   4  1  0  0  3  0  0
    8  6.5952732482202029e-07   3  2  0  0  3  0  0
    8  6.5952732482202029e-07   2  3  0  0  3  0  0
    8 -2.0152916082423726e-06   1  4  0  0  3  0  0
    8  5.4321336654417155e-06   0  5  0  0  3  0  0
    8  1.0821149015201651e-07   3  0  2  0  3  0  0
    8 -7.3261889565082022e-08   2  1  2  0  3  0  0
    8 -2.1331571978239569e-07   1  2  2  0  3  0  0
    8  1.3177337845055394e-07   0  3  2  0  3  0  0
    8 -3.2953354797172991e-09   1  0  4  0  3  0  0
    8 -4.4466949592413193e-09   0  1  4  0  3  0  0
    8 -5.7680502944755078e-08   3  0  1  1  3  0  0
    8  3.9489738073062139e-07   2  1  1  1  3  0  0
    8  3.9489738073062139e-07   1  2  1  1  3  0  0
    8 -5.7680502944755078e-08   0  3  1  1  3  0  0
    8 -1.4057726867810634e-08   1  0  3  1  3  0  0
    8 -2.0475636479732764e-08   0  1  3  1  3  0  0
    8  1.3177337845055394e-07   3  0  0  2  3  0  0
    8 -2.1331571978239569e-07   2  1  0  2  3  0  0
    8 -7.3261889565082022e-08   1  2  0  2  3  0  0
    8  1.0821149015201651e-07   0  3  0  2  3  0  0
    8  4.7461212818930325e-08   1  0  2  2  3  0  0
    8  4.7461212818930325e-08   0  1  2  2  3  0  0
    8 -2.0475636479732764e-08   1  0  1  3  3  0  0
    8 -1.4057726867810634e-08   0  1  1  3  3  0  0
    8 -4.4466949592413193e-09   1  0  0  4  3  0  0
    8 -3.2953354797172991e-09   0  1  0  4  3  0  0
    8  3.5453443060970529e-08   4  0  0  0  4  0  0
    8 -1.8269819166968541e-07   3  1  0  0  4  0  0
    8 -3.5316920299245754e-07   2  2  0  0  4  0  0
    8 -1.8269819166968541e-07   1  3  0  0  4  0  0
    8  3.5453443060970529e-08   0  4  0  0  4  0  0
    8 -2.4919209832258602e-08   2  0  2  0  4  0  0
    8  1.3912485490465413e-07   1  1  2  0  4  0  0
    8 -2.4815524611032782e-08   0  2  2  0  4  0  0
    8 -3.6585679519571994e-10   0  0  4  0  4  0  0
    8 -5.6450962824912736e-08   2  0  1  1  4  0  0
    8 -3.8509390326313157e-07   1  1  1  1  4  0  0
    8 -5.6450962824912736e-08   0  2  1  1  4  0  0
    8  1.2781817837574724e-08   0  0  3  1  4  0  0
    8 -2.4815524611032782e-08   2  0  0  2  4  0  0
    8  1.3912485490465413e-07   1  1  0  2  4  0  0
    8 -2.4919209832258602e-08   0  2  0  2  4  0  0
    8 -2.1456044548024243e-08   0  0  2  2  4  0  0
    8  1.2781817837574724e-08   0  0  1  3  4  0  0
    8 -3.6585679519571994e-10   0  0  0  4  4  0  0
    8 -5.4724543921890687e-08   3  0  0  0  5  0  0
    8  3.6792680709532355e-07   2  1  0  0  5  0  0
    8  3.6792680709532355e-07   1  2  0  0  5  0  0
    8 -5.4724543921890687e-08   0  3  0  0  5  0  0
    8 -3.4759761244504592e-08   1  0  2  0  5  0  0
    8 -2.7600472228590503e-08   0  1  2  0  5  0  0
    8  6.4746364901003716e-08   1  0  1  1  5  0  0
    8  6.4746364901003716e-08   0  1  1  1  5  0  0
    8 -2.7600472228590503e-08   1  0  0  2  5  0  0
    8 -3.4759761244504592e-08   0  1  0  2  5  0  0
    8 -2.2524633531977657e-08   2  0  0  0  6  0  0
    8 -3.2615076230317136e-07   1  1  0  0  6  0  0
    8 -2.2524633531977657e-08   0  2  0  0  6  0  0
    8 -1.1853024129777906e-08   0  0  2  0  6  0  0
    8 -3.6929811454116230e-08   0  0  1  1  6  0  0
    8 -1.1853024129777906e-08   0  0  0  2  6  0  0
    8  1.0507386376500978e-22   1  0  0  0  7  0  0
    8  1.0507386376500978e-22   0  1  0  0  7  0  0
    8 -2.4281387672338240e-08   0  0  0  0  8  0  0
 -661  0.0000000000000000e+00   0  0  0  0  0  0  0

tpsa, NO = 8, NV = 7, INA = 50240
------------------------------------------------------------------

   |I|         a                i  i  i  i  i  i  i
                I                1  2  3  4  5  6  7

    2 -6.6163417739566230e-10   1  1  0  0  0  0  0
    2 -2.3245608931918263e-10   0  0  1  1  0  0  0
    2  1.4370922957056280e-08   0  0  0  0  2  0  0
    3 -2.2083242162654823e-13   3  0  0  0  0  0  0
    3 -3.5515825648030303e-13   2  1  0  0  0  0  0
    3 -3.5515825648030303e-13   1  2  0  0  0  0  0
    3 -2.2083242162654823e-13   0  3  0  0  0  0  0
    3  7.1237196636618922e-13   1  0  2  0  0  0  0
    3 -1.9107610318797595e-16   0  1  2  0  0  0  0
    3 -1.8813818971886442e-13   1  0  1  1  0  0  0
    3 -1.8813818971886442e-13   0  1  1  1  0  0  0
    3 -1.9107610318797595e-16   1  0  0  2  0  0  0
    3  7.1237196636618922e-13   0  1  0  2  0  0  0
    3 -2.4130824514392396e-12   2  0  0  0  1  0  0
    3 -5.2289206300189798e-13   1  1  0  0  1  0  0
    3 -2.4130824514392396e-12   0  2  0  0  1  0  0
    3  7.0667066387989209e-13   0  0  2  0  1  0  0
    3 -4.8262985960109400e-13   0  0  1  1  1  0  0
    3  7.0667066387989209e-13   0  0  0  2  1  0  0
    3 -4.3130920877595709e-12   0  0  0  0  3  0  0
    4 -7.6292544498620991e-16   4  0  0  0  0  0  0
    4 -5.4447810001236782e-17   3  1  0  0  0  0  0
    4 -5.1479704943197493e-16   2  2  0  0  0  0  0
    4 -5.4447810001236782e-17   1  3  0  0  0  0  0
    4 -7.6292544498620991e-16   0  4  0  0  0  0  0
    4 -3.8024671174163894e-16   2  0  2  0  0  0  0
    4  5.5913182321614257e-16   1  1  2  0  0  0  0
    4 -3.4176147070652403e-16   0  2  2  0  0  0  0
    4  1.4668849176056793e-16   0  0  4  0  0  0  0
    4 -3.8208971455070646e-16   2  0  1  1  0  0  0
    4 -2.0980116209958466e-15   1  1  1  1  0  0  0
    4 -3.8208971455070646e-16   0  2  1  1  0  0  0
    4 -1.6835283241963893e-16   0  0  3  1  0  0  0
    4 -3.4176147070652403e-16   2  0  0  2  0  0  0
    4  5.5913182321614257e-16   1  1  0  2  0  0  0
    4 -3.8024671174163894e-16   0  2  0  2  0  0  0
    4 -3.0161302660621609e-16   0  0  2  2  0  0  0
    4 -1.6835283241963893e-16   0  0  1  3  0  0  0
    4  1.4668849176056793e-16   0  0  0  4  0  0  0
    4  1.8638891448305185e-15   3  0  0  0  1  0  0
    4 -1.0198377110087023e-14   2  1  0  0  1  0  0
    4 -1.0198377110087023e-14   1  2  0  0  1  0  0
    4  1.8638891448305185e-15   0  3  0  0  1  0  0
    4  3.5203877210279426e-16   1  0  2  0  1  0  0
    4  2.3885226893222217e-15   0  1  2  0  1  0  0
    4 -6.1146198759911540e-15   1  0  1  1  1  0  0
    4 -6.1146198759911540e-15   0  1  1  1  1  0  0
    4  2.3885226893222217e-15   1  0  0  2  1  0  0
    4  3.5203877210279426e-16   0  1  0  2  1  0  0
    4 -3.0645144605929764e-14   2  0  0  0  2  0  0
    4 -5.5894625733609540e-15   1  1  0  0  2  0  0
    4 -3.0645144605929764e-14   0  2  0  0  2  0  0
    4  2.1675336200622483e-14   0  0  2  0  2  0  0
    4 -4.0312760528418259e-15   0  0  1  1  2  0  0
    4  2.1675336200622483e-14   0  0  0  2  2  0  0
    4  5.6690555637106010e-13   0  0  0  0  4  0  0
    5  3.2533564105784086e-18   5  0  0  0  0  0  0
    5 -2.0969603011270519e-18   4  1  0  0  0  0  0
    5 -3.1160680382838101e-19   3  2  0  0  0  0  0
    5 -3.1160680382838101e-19   2  3  0  0  0  0  0
    5 -2.0969603011270519e-18   1  4  0  0  0  0  0
    5  3.2533564105784086e-18   0  5  0  0  0  0  0
    5  2.5629784379983007e-18   3  0  2  0  0  0  0
    5 -9.4955745428576889e-19   2  1  2  0  0  0  0
    5  2.5383293088307219e-19   1  2  2  0  0  0  0
    5  5.9957039556723630e-19   0  3  2  0  0  0  0
    5 -6.6319066659535278e-19   1  0  4  0  0  0  0
    5 -2.4333455208434524e-20   0  1  4  0  0  0  0
    5 -1.5281510838973981e-18   3  0  1  1  0  0  0
    5  3.6778688097826132e-18   2  1  1  1  0  0  0
    5  3.6778688097826132e-18   1  2  1  1  0  0  0
    5 -1.5281510838973981e-18   0  3  1  1  0  0  0
    5 -1.4331739481106425e-19   1  0  3  1  0  0  0
    5 -4.2800774992431873e-19   0  1  3  1  0  0  0
    5  5.9957039556723630e-19   3  0  0  2  0  0  0
    5  2.5383293088307219e-19   2  1  0  2  0  0  0
    5 -9.4955745428576889e-19   1  2  0  2  0  0  0
    5  2.5629784379983007e-18   0  3  0  2  0  0  0
    5  1.8630643788569332e-18   1  0  2  2  0  0  0
    5  1.8630643788569332e-18   0  1  2  2  0  0  0
    5 -4.2800774992431873e-19   1  0  1  3  0  0  0
    5 -1.4331739481106425e-19   0  1  1  3  0  0  0
    5 -2.4333455208434524e-20   1  0  0  4  0  0  0
    5 -6.6319066659535278e-19   0  1  0  4  0  0  0
    5 -2.4520898211699549e-17   4  0  0  0  1  0  0
    5 -6.6825079949601715e-18   3  1  0  0  1  0  0
    5  2.4621376691250520e-17   2  2  0  0  1  0  0
    5 -6.6825079949601715e-18   1  3  0  0  1  0  0
    5 -2.4520898211699549e-17   0  4  0  0  1  0  0
    5  1.9219963011398616e-18   2  0  2  0  1  0  0
    5 -1.6607275663302453e-18   1  1  2  0  1  0  0
    5 -1.3365669551595012e-18   0  2  2  0  1  0  0
    5 -1.6134061163138020e-18   0  0  4  0  1  0  0
    5 -2.0638469262219475e-18   2  0  1  1  1  0  0
    5 -9.6313357666573862e-18   1  1  1  1  1  0  0
    5 -2.0638469262219475e-18   0  2  1  1  1  0  0
    5  8.8634032721488778e-19   0  0  3  1  1  0  0
    5 -1.3365669551595012e-18   2  0  0  2  1  0  0
    5 -1.6607275663302453e-18   1  1  0  2  1  0  0
    5  1.9219963011398616e-18   0  2  0  2  1  0  0
    5  3.0339445927693421e-18   0  0  2  2  1  0  0
    5  8.8634032721488778e-19   0  0  1  3  1  0  0
    5 -1.6134061163138020e-18   0  0  0  4  1  0  0
    5  6.1049286843592162e-17   3  0  0  0  2  0  0
    5 -1.6455178793796256e-16   2  1  0  0  2  0  0
    5 -1.6455178793796256e-16   1  2  0  0  2  0  0
    5  6.1049286843592162e-17   0  3  0  0  2  0  0
    5  3.5644586444173892e-18   1  0  2  0  2  0  0
    5 -7.4591932698935407e-18   0  1  2  0  2  0  0
    5 -5.1325603791305148e-17   1  0  1  1  2  0  0
    5 -5.1325603791305148e-17   0  1  1  1  2  0  0
    5 -7.4591932698935407e-18   1  0  0  2  2  0  0
    5  3.5644586444173892e-18   0  1  0  2  2  0  0
    5  2.2154593793755808e-17   2  0  0  0  3  0  0
    5  2.8692689534285106e-17   1  1  0  0  3  0  0
    5  2.2154593793755808e-17   0  2  0  0  3  0  0
    5 -1.5879066272932479e-16   0  0  2  0  3  0  0
    5 -2.1457301644531745e-16   0  0  1  1  3  0  0
    5 -1.5879066272932479e-16   0  0  0  2  3  0  0
    5 -4.6615881073909313e-15   0  0  0  0  5  0  0
    6 -9.9617934199675521e-21   6  0  0  0  0  0  0
    6  2.0698920835176993e-20   5  1  0  0  0  0  0
    6  4.1770086932962577e-21   4  2  0  0  0  0  0
    6 -1.6659562461427386e-20   3  3  0  0  0  0  0
    6  4.1770086932962577e-21   2  4  0  0  0  0  0
    6  2.0698920835176993e-20   1  5  0  0  0  0  0
    6 -9.9617934199675521e-21   0  6  0  0  0  0  0
    6 -4.5020354864404403e-20   4  0  2  0  0  0  0
    6 -2.4241399908283005e-22   3  1  2  0  0  0  0
    6  3.6878089559343845e-21   2  2  2  0  0  0  0
    6  2.8135260185785895e-21   1  3  2  0  0  0  0
    6 -1.0073342584048771e-20   0  4  2  0  0  0  0
    6  2.2837041448233287e-21   2  0  4  0  0  0  0
    6 -2.4519453156128756e-22   1  1  4  0  0  0  0
    6 -6.7270648010067394e-23   0  2  4  0  0  0  0
    6 -2.5656323033977197e-22   0  0  6  0  0  0  0
    6 -1.5376418780263058e-21   4  0  1  1  0  0  0
    6 -7.8511692967537316e-21   3  1  1  1  0  0  0
    6 -8.8705307040376017e-21   2  2  1  1  0  0  0
    6 -7.8511692967537316e-21   1  3  1  1  0  0  0
    6 -1.5376418780263058e-21   0  4  1  1  0  0  0
    6 -4.5265729545325187e-22   2  0  3  1  0  0  0
    6 -5.3495417755166184e-22   1  1  3  1  0  0  0
    6  2.8175192797260002e-21   0  2  3  1  0  0  0
    6  1.4399073164415899e-22   0  0  5  1  0  0  0
    6 -1.0073342584048771e-20   4  0  0  2  0  0  0
    6  2.8135260185785895e-21   3  1  0  2  0  0  0
    6  3.6878089559343845e-21   2  2  0  2  0  0  0
    6 -2.4241399908283005e-22   1  3  0  2  0  0  0
    6 -4.5020354864404403e-20   0  4  0  2  0  0  0
    6 -5.6685254634050108e-21   2  0  2  2  0  0  0
    6 -1.8436026174837345e-22   1  1  2  2  0  0  0
    6 -5.6685254634050108e-21   0  2  2  2  0  0  0
    6  5.0624919902957005e-22   0  0  4  2  0  0  0
    6  2.8175192797260002e-21   2  0  1  3  0  0  0
    6 -5.3495417755166184e-22   1  1  1  3  0  0  0
    6 -4.5265729545325187e-22   0  2  1  3  0  0  0
    6 -1.3327719541463478e-21   0  0  3  3  0  0  0
    6 -6.7270648010067394e-23   2  0  0  4  0  0  0
    6 -2.4519453156128756e-22   1  1  0  4  0  0  0
    6  2.2837041448233287e-21   0  2  0  4  0  0  0
    6  5.0624919902957005e-22   0  0  2  4  0  0  0
    6  1.4399073164415899e-22   0  0  1  5  0  0  0
    6 -2.5656323033977197e-22   0  0  0  6  0  0  0
    6  6.5940109909456107e-19   5  0  0  0  1  0  0
    6 -1.0147625016971258e-19   4  1  0  0  1  0  0
    6  3.3840677924194778e-20   3  2  0  0  1  0  0
    6  3.3840677924194778e-20   2  3  0  0  1  0  0
    6 -1.0147625016971258e-19   1  4  0  0  1  0  0
    6  6.5940109909456107e-19   0  5  0  0  1  0  0
    6 -4.2179415875088041e-21   3  0  2  0  1  0  0
    6 -7.2290383070869141e-21   2  1  2  0  1  0  0
    6 -7.7135537626514714e-21   1  2  2  0  1  0  0
    6  5.3989095028173094e-20   0  3  2  0  1  0  0
    6  1.2309914897913877e-21   1  0  4  0  1  0  0
    6 -3.7792832625421567e-21   0  1  4  0  1  0  0
    6 -6.3032004787873577e-20   3  0  1  1  1  0  0
    6  2.0155022788157478e-20   2  1  1  1  1  0  0
    6  2.0155022788157478e-20   1  2  1  1  1  0  0
    6 -6.3032004787873577e-20   0  3  1  1  1  0  0
    6 -2.6245378565538153e-21   1  0  3  1  1  0  0
    6  7.8811923477813729e-21   0  1  3  1  1  0  0
    6  5.3989095028173094e-20   3  0  0  2  1  0  0
    6 -7.7135537626514714e-21   2  1  0  2  1  0  0
    6 -7.2290383070869141e-21   1  2  0  2  1  0  0
    6 -4.2179415875088041e-21   0  3  0  2  1  0  0
    6 -1.0258262197679352e-20   1  0  2  2  1  0  0
    6 -1.0258262197679352e-20   0  1  2  2  1  0  0
    6  7.8811923477813729e-21   1  0  1  3  1  0  0
    6 -2.6245378565538153e-21   0  1  1  3  1  0  0
    6 -3.7792832625421567e-21   1  0  0  4  1  0  0
    6  1.2309914897913877e-21   0  1  0  4  1  0  0
    6  1.4935987084210464e-18   4  0  0  0  2  0  0
    6 -3.8750929774590361e-19   3  1  0  0  2  0  0
    6 -1.0305750017347762e-18   2  2  0  0  2  0  0
    6 -3.8750929774590361e-19   1  3  0  0  2  0  0
    6  1.4935987084210464e-18   0  4  0  0  2  0  0
    6  3.9005943880596700e-20   2  0  2  0  2  0  0
    6  8.7683701230098699e-20   1  1  2  0  2  0  0
    6 -9.7731646346525225e-20   0  2  2  0  2  0  0
    6 -2.3431171668623393e-20   0  0  4  0  2  0  0
    6  1.7411304431043266e-19   2  0  1  1  2  0  0
    6 -2.5594126498847427e-20   1  1  1  1  2  0  0
    6  1.7411304431043266e-19   0  2  1  1  2  0  0
    6  8.5091945675292147e-21   0  0  3  1  2  0  0
    6 -9.7731646346525225e-20   2  0  0  2  2  0  0
    6  8.7683701230098699e-20   1  1  0  2  2  0  0
    6  3.9005943880596700e-20   0  2  0  2  2  0  0
    6  6.1376407656830715e-20   0  0  2  2  2  0  0
    6  8.5091945675292147e-21   0  0  1  3  2  0  0
    6 -2.3431171668623393e-20   0  0  0  4  2  0  0
    6 -3.3349264937693089e-18   3  0  0  0  3  0  0
    6  6.3027233317242335e-18   2  1  0  0  3  0  0
    6  6.3027233317242335e-18   1  2  0  0  3  0  0
    6 -3.3349264937693089e-18   0  3  0  0  3  0  0
    6 -1.2742115718930350e-20   1  0  2  0  3  0  0
    6 -1.7420941596294334e-19   0  1  2  0  3  0  0
    6  1.1360403520206734e-18   1  0  1  1  3  0  0
    6  1.1360403520206734e-18   0  1  1  1  3  0  0
    6 -1.7420941596294334e-19   1  0  0  2  3  0  0
    6 -1.2742115718930350e-20   0  1  0  2  3  0  0
    6 -2.5442477951691717e-20   2  0  0  0  4  0  0
    6 -2.6691079186462621e-17   1  1  0  0  4  0  0
    6 -2.5442477951691717e-20   0  2  0  0  4  0  0
    6 -1.1993491095724076e-19   0  0  2  0  4  0  0
    6  8.0363742083404123e-19   0  0  1  1  4  0  0
    6 -1.1993491095724076e-19   0  0  0  2  4  0  0
    6 -3.0203013527938197e-17   0  0  0  0  6  0  0
    7  2.2359002280523963e-23   7  0  0  0  0  0  0
    7 -4.2486780266738183e-23   6  1  0  0  0  0  0
    7  2.5837736733358418e-23   5  2  0  0  0  0  0
    7  4.3098944505869071e-23   4  3  0  0  0  0  0
    7  4.3098944505869071e-23   3  4  0  0  0  0  0
    7  2.5837736733358418e-23   2  5  0  0  0  0  0
    7 -4.2486780266738183e-23   1  6  0  0  0  0  0
    7  2.2359002280523963e-23   0  7  0  0  0  0  0
    7  1.4290179757092200e-22   5  0  2  0  0  0  0
    7 -1.4799484551999279e-22   4  1  2  0  0  0  0
    7 -7.9943342888443207e-23   3  2  2  0  0  0  0
    7  6.9339292239096938e-24   2  3  2  0  0  0  0
    7 -4.9797080825349830e-23   1  4  2  0  0  0  0
    7  4.3455470742422349e-23   0  5  2  0  0  0  0
    7 -1.7101774632467718e-22   3  0  4  0  0  0  0
    7  1.3164802348070292e-23   2  1  4  0  0  0  0
    7 -3.2887906463066590e-24   1  2  4  0  0  0  0
    7  1.3818218789629483e-23   0  3  4  0  0  0  0
    7  1.3165771262800579e-25   1  0  6  0  0  0  0
    7 -2.2423395495871287e-25   0  1  6  0  0  0  0
    7 -4.5888087956059044e-22   5  0  1  1  0  0  0
    7  1.6767639635224574e-22   4  1  1  1  0  0  0
    7 -3.3058331033900403e-23   3  2  1  1  0  0  0
    7 -3.3058331033900403e-23   2  3  1  1  0  0  0
    7  1.6767639635224574e-22   1  4  1  1  0  0  0
    7 -4.5888087956059044e-22   0  5  1  1  0  0  0
    7 -4.8895480882004150e-23   3  0  3  1  0  0  0
    7  2.8980748877469491e-24   2  1  3  1  0  0  0
    7  1.3383082921392830e-23   1  2  3  1  0  0  0
    7 -4.2523893604470980e-24   0  3  3  1  0  0  0
    7  8.2579475068428072e-25   1  0  5  1  0  0  0
    7  9.0072267803121215e-25   0  1  5  1  0  0  0
    7  4.3455470742422349e-23   5  0  0  2  0  0  0
    7 -4.9797080825349830e-23   4  1  0  2  0  0  0
    7  6.9339292239096938e-24   3  2  0  2  0  0  0
    7 -7.9943342888443207e-23   2  3  0  2  0  0  0
    7 -1.4799484551999279e-22   1  4  0  2  0  0  0
    7  1.4290179757092200e-22   0  5  0  2  0  0  0
    7  1.2351015069461874e-22   3  0  2  2  0  0  0
    7 -1.5606260062666241e-23   2  1  2  2  0  0  0
    7 -1.5606260062666241e-23   1  2  2  2  0  0  0
    7  1.2351015069461874e-22   0  3  2  2  0  0  0
    7 -9.6313412074357809e-25   1  0  4  2  0  0  0
    7  1.0596863089849602e-24   0  1  4  2  0  0  0
    7 -4.2523893604470980e-24   3  0  1  3  0  0  0
    7  1.3383082921392830e-23   2  1  1  3  0  0  0
    7  2.8980748877469491e-24   1  2  1  3  0  0  0
    7 -4.8895480882004150e-23   0  3  1  3  0  0  0
    7 -8.4852003932843638e-25   1  0  3  3  0  0  0
    7 -8.4852003932843638e-25   0  1  3  3  0  0  0
    7  1.3818218789629483e-23   3  0  0  4  0  0  0
    7 -3.2887906463066590e-24   2  1  0  4  0  0  0
    7  1.3164802348070292e-23   1  2  0  4  0  0  0
    7 -1.7101774632467718e-22   0  3  0  4  0  0  0
    7  1.0596863089849602e-24   1  0  2  4  0  0  0
    7 -9.6313412074357809e-25   0  1  2  4  0  0  0
    7  9.0072267803121215e-25   1  0  1  5  0  0  0
    7  8.2579475068428072e-25   0  1  1  5  0  0  0
    7 -2.2423395495871287e-25   1  0  0  6  0  0  0
    7  1.3165771262800579e-25   0  1  0  6  0  0  0
    7 -1.6000251513760022e-21   6  0  0  0  1  0  0
    7  3.7387405155659953e-21   5  1  0  0  1  0  0
    7  1.1879698219409172e-21   4  2  0  0  1  0  0
    7 -1.4657422900927636e-22   3  3  0  0  1  0  0
    7  1.1879698219409172e-21   2  4  0  0  1  0  0
    7  3.7387405155659953e-21   1  5  0  0  1  0  0
    7 -1.6000251513760022e-21   0  6  0  0  1  0  0
    7 -1.6483813544406037e-21   4  0  2  0  1  0  0
    7 -5.0783421364299131e-22   3  1  2  0  1  0  0
    7 -5.1694353578223326e-23   2  2  2  0  1  0  0
    7  7.7829607645412177e-23   1  3  2  0  1  0  0
    7 -2.0736360118388638e-21   0  4  2  0  1  0  0
    7 -3.4255169377546543e-23   2  0  4  0  1  0  0
    7  1.5687686225445536e-24   1  1  4  0  1  0  0
    7 -4.6992275457779255e-23   0  2  4  0  1  0  0
    7  5.3850587067171338e-25   0  0  6  0  1  0  0
    7  2.1121935346879798e-22   4  0  1  1  1  0  0
    7 -2.5126912418785660e-22   3  1  1  1  1  0  0
    7  2.4051380609470459e-22   2  2  1  1  1  0  0
    7 -2.5126912418785660e-22   1  3  1  1  1  0  0
    7  2.1121935346879798e-22   0  4  1  1  1  0  0
    7  4.1302163648196742e-23   2  0  3  1  1  0  0
    7 -9.2576126500867545e-24   1  1  3  1  1  0  0
    7  7.0810580766884889e-23   0  2  3  1  1  0  0
    7  2.6137448698566566e-24   0  0  5  1  1  0  0
    7 -2.0736360118388638e-21   4  0  0  2  1  0  0
    7  7.7829607645412177e-23   3  1  0  2  1  0  0
    7 -5.1694353578223326e-23   2  2  0  2  1  0  0
    7 -5.0783421364299131e-22   1  3  0  2  1  0  0
    7 -1.6483813544406037e-21   0  4  0  2  1  0  0
    7 -3.3578094072545974e-23   2  0  2  2  1  0  0
    7 -3.6183756927296834e-24   1  1  2  2  1  0  0
    7 -3.3578094072545974e-23   0  2  2  2  1  0  0
    7 -9.3738503456855612e-24   0  0  4  2  1  0  0
    7  7.0810580766884889e-23   2  0  1  3  1  0  0
    7 -9.2576126500867545e-24   1  1  1  3  1  0  0
    7  4.1302163648196742e-23   0  2  1  3  1  0  0
    7  1.7819877919992143e-23   0  0  3  3  1  0  0
    7 -4.6992275457779255e-23   2  0  0  4  1  0  0
    7  1.5687686225445536e-24   1  1  0  4  1  0  0
    7 -3.4255169377546543e-23   0  2  0  4  1  0  0
    7 -9.3738503456855612e-24   0  0  2  4  1  0  0
    7  2.6137448698566566e-24   0  0  1  5  1  0  0
    7  5.3850587067171338e-25   0  0  0  6  1  0  0
    7 -3.8054195213047310e-20   5  0  0  0  2  0  0
    7  1.6429938064119873e-20   4  1  0  0  2  0  0
    7 -2.3357605419424750e-21   3  2  0  0  2  0  0
    7 -2.3357605419424750e-21   2  3  0  0  2  0  0
    7  1.6429938064119873e-20   1  4  0  0  2  0  0
    7 -3.8054195213047310e-20   0  5  0  0  2  0  0
    7 -1.7459359513491861e-21   3  0  2  0  2  0  0
    7  6.9115463079167967e-22   2  1  2  0  2  0  0
    7  1.1504047964794542e-21   1  2  2  0  2  0  0
    7 -2.8279510919468637e-21   0  3  2  0  2  0  0
    7  1.0805274294149823e-22   1  0  4  0  2  0  0
    7  6.0004900411790281e-23   0  1  4  0  2  0  0
    7  2.0780320999037378e-21   3  0  1  1  2  0  0
    7 -3.2219965389237610e-21   2  1  1  1  2  0  0
    7 -3.2219965389237610e-21   1  2  1  1  2  0  0
    7  2.0780320999037378e-21   0  3  1  1  2  0  0
    7  7.2713207400055631e-23   1  0  3  1  2  0  0
    7  1.3731192226055379e-22   0  1  3  1  2  0  0
    7 -2.8279510919468637e-21   3  0  0  2  2  0  0
    7  1.1504047964794542e-21   2  1  0  2  2  0  0
    7  6.9115463079167967e-22   1  2  0  2  2  0  0
    7 -1.7459359513491861e-21   0  3  0  2  2  0  0
    7 -3.9335530741453589e-22   1  0  2  2  2  0  0
    7 -3.9335530741453589e-22   0  1  2  2  2  0  0
    7  1.3731192226055379e-22   1  0  1  3  2  0  0
    7  7.2713207400055631e-23   0  1  1  3  2  0  0
    7  6.0004900411790281e-23   1  0  0  4  2  0  0
    7  1.0805274294149823e-22   0  1  0  4  2  0  0
    7 -1.5550183839966083e-20   4  0  0  0  3  0  0
    7  2.0017802831849867e-20   3  1  0  0  3  0  0
    7  2.6307298996874452e-20   2  2  0  0  3  0  0
    7  2.0017802831849867e-20   1  3  0  0  3  0  0
    7 -1.5550183839966083e-20   0  4  0  0  3  0  0
    7 -4.0341588530159241e-22   2  0  2  0  3  0  0
    7 -7.1033344101078100e-21   1  1  2  0  3  0  0
    7  3.5831706972042343e-21   0  2  2  0  3  0  0
    7  2.2908959546871425e-22   0  0  4  0  3  0  0
    7 -1.6060379678018949e-21   2  0  1  1  3  0  0
    7  1.3980656302933190e-20   1  1  1  1  3  0  0
    7 -1.6060379678018949e-21   0  2  1  1  3  0  0
    7 -1.6414469927526951e-22   0  0  3  1  3  0  0
    7  3.5831706972042343e-21   2  0  0  2  3  0  0
    7 -7.1033344101078100e-21   1  1  0  2  3  0  0
    7 -4.0341588530159241e-22   0  2  0  2  3  0  0
    7 -8.2139225265057796e-22   0  0  2  2  3  0  0
    7 -1.6414469927526951e-22   0  0  1  3  3  0  0
    7  2.2908959546871425e-22   0  0  0  4  3  0  0
    7  5.9468766187083134e-20   3  0  0  0  4  0  0
    7 -1.7106635965935759e-19   2  1  0  0  4  0  0
    7 -1.7106635965935759e-19   1  2  0  0  4  0  0
    7  5.9468766187083134e-20   0  3  0  0  4  0  0
    7  7.8362499741091016e-21   1  0  2  0  4  0  0
    7  8.2053923403250571e-21   0  1  2  0  4  0  0
    7 -1.9878859128957996e-20   1  0  1  1  4  0  0
    7 -1.9878859128957996e-20   0  1  1  1  4  0  0
    7  8.2053923403250571e-21   1  0  0  2  4  0  0
    7  7.8362499741091016e-21   0  1  0  2  4  0  0
    7  3.5597561842799645e-20   2  0  0  0  5  0  0
    7  8.7887750063242648e-19   1  1  0  0  5  0  0
    7  3.5597561842799645e-20   0  2  0  0  5  0  0
    7  2.1495774848307883e-20   0  0  2  0  5  0  0
    7  7.3210760184571960e-20   0  0  1  1  5  0  0
    7  2.1495774848307883e-20   0  0  0  2  5  0  0
    7  2.0464657988714885e-18   0  0  0  0  7  0  0
    8 -2.2649555021035316e-25   6  2  0  0  0  0  0
    8  2.4978914877395285e-25   4  4  0  0  0  0  0
    8 -2.2649555021035316e-25   2  6  0  0  0  0  0
    8  2.9492952429513336e-25   6  0  2  0  0  0  0
    8  4.5785754920462539e-24   5  1  2  0  0  0  0
    8  1.3343398576242242e-25   4  2  2  0  0  0  0
    8 -6.7410511124327430e-25   3  3  2  0  0  0  0
    8 -2.5086000482246668e-25   2  4  2  0  0  0  0
    8  8.4590912478407712e-25   1  5  2  0  0  0  0
    8  1.3607878988680450e-25   0  6  2  0  0  0  0
    8  6.4657767464609671e-25   4  0  4  0  0  0  0
    8 -1.0980497612714855e-24   3  1  4  0  0  0  0
    8 -1.2224271798463635e-25   2  2  4  0  0  0  0
    8  1.2655363668371953e-24   6  0  1  1  0  0  0
    8 -3.5344641291757168e-24   5  1  1  1  0  0  0
    8 -1.8140451466080054e-25   4  2  1  1  0  0  0
    8  5.1216648190627993e-25   3  3  1  1  0  0  0
    8 -1.8140451466080054e-25   2  4  1  1  0  0  0
    8 -3.5344641291757168e-24   1  5  1  1  0  0  0
    8  1.2655363668371953e-24   0  6  1  1  0  0  0
    8  5.9811039643109862e-25   4  0  3  1  0  0  0
    8  3.7133735745601370e-25   3  1  3  1  0  0  0
    8 -4.2001629651771251e-25   1  3  3  1  0  0  0
    8  1.5298164963038590e-24   0  4  3  1  0  0  0
    8 -1.2596422203221019e-25   2  0  5  1  0  0  0
    8  1.3607878988680450e-25   6  0  0  2  0  0  0
    8  8.4590912478407712e-25   5  1  0  2  0  0  0
    8 -2.5086000482246668e-25   4  2  0  2  0  0  0
    8 -6.7410511124327430e-25   3  3  0  2  0  0  0
    8  1.3343398576242242e-25   2  4  0  2  0  0  0
    8  4.5785754920462539e-24   1  5  0  2  0  0  0
    8  2.9492952429513336e-25   0  6  0  2  0  0  0
    8 -1.3599053646321979e-24   4  0  2  2  0  0  0
    8  5.0990482443015135e-25   3  1  2  2  0  0  0
    8  3.1592827855139740e-25   2  2  2  2  0  0  0
    8  5.0990482443015135e-25   1  3  2  2  0  0  0
    8 -1.3599053646321979e-24   0  4  2  2  0  0  0
    8  2.7317149660079631e-25   2  0  4  2  0  0  0
    8 -1.2160949508744769e-25   0  2  4  2  0  0  0
    8  1.5298164963038590e-24   4  0  1  3  0  0  0
    8 -4.2001629651771251e-25   3  1  1  3  0  0  0
    8  3.7133735745601370e-25   1  3  1  3  0  0  0
    8  5.9811039643109862e-25   0  4  1  3  0  0  0
    8  1.0234330550645830e-25   2  0  3  3  0  0  0
    8  1.0234330550645830e-25   0  2  3  3  0  0  0
    8 -1.2224271798463635e-25   2  2  0  4  0  0  0
    8 -1.0980497612714855e-24   1  3  0  4  0  0  0
    8  6.4657767464609671e-25   0  4  0  4  0  0  0
    8 -1.2160949508744769e-25   2  0  2  4  0  0  0
    8  2.7317149660079631e-25   0  2  2  4  0  0  0
    8 -1.2596422203221019e-25   0  2  1  5  0  0  0
    8  4.1748298716987449e-24   7  0  0  0  1  0  0
    8  1.2427657018786466e-23   6  1  0  0  1  0  0
    8  6.2899756718459559e-24   5  2  0  0  1  0  0
    8  1.0714787581487446e-23   4  3  0  0  1  0  0
    8  1.0714787581487446e-23   3  4  0  0  1  0  0
    8  6.2899756718459559e-24   2  5  0  0  1  0  0
    8  1.2427657018786466e-23   1  6  0  0  1  0  0
    8  4.1748298716987449e-24   0  7  0  0  1  0  0
    8  5.7119739157999316e-24   5  0  2  0  1  0  0
    8 -2.2491615323588025e-24   4  1  2  0  1  0  0
    8 -6.3766977384697001e-24   3  2  2  0  1  0  0
    8 -3.6423858879510501e-24   2  3  2  0  1  0  0
    8 -9.2404184143373882e-24   1  4  2  0  1  0  0
    8  1.0148057591182217e-23   0  5  2  0  1  0  0
    8 -1.8538384633902144e-23   3  0  4  0  1  0  0
    8 -1.7737164897238839e-24   2  1  4  0  1  0  0
    8  2.5265055125344558e-24   0  3  4  0  1  0  0
    8 -5.0811231893324601e-24   5  0  1  1  1  0  0
    8  2.7680110573340785e-24   4  1  1  1  1  0  0
    8  2.2167921683559297e-24   3  2  1  1  1  0  0
    8  2.2167921683559297e-24   2  3  1  1  1  0  0
    8  2.7680110573340785e-24   1  4  1  1  1  0  0
    8 -5.0811231893324601e-24   0  5  1  1  1  0  0
    8 -2.6519482658551004e-24   3  0  3  1  1  0  0
    8 -6.0847791064637039e-25   2  1  3  1  1  0  0
    8  1.4083961867003620e-25   1  2  3  1  1  0  0
    8 -1.0694680584976136e-24   0  3  3  1  1  0  0
    8  1.0148057591182217e-23   5  0  0  2  1  0  0
    8 -9.2404184143373882e-24   4  1  0  2  1  0  0
    8 -3.6423858879510501e-24   3  2  0  2  1  0  0
    8 -6.3766977384697001e-24   2  3  0  2  1  0  0
    8 -2.2491615323588025e-24   1  4  0  2  1  0  0
    8  5.7119739157999316e-24   0  5  0  2  1  0  0
    8  5.8005017962805000e-24   3  0  2  2  1  0  0
    8  1.3358612962850370e-24   2  1  2  2  1  0  0
    8  1.3358612962850370e-24   1  2  2  2  1  0  0
    8  5.8005017962805000e-24   0  3  2  2  1  0  0
    8 -1.0694680584976136e-24   3  0  1  3  1  0  0
    8  1.4083961867003620e-25   2  1  1  3  1  0  0
    8 -6.0847791064637039e-25   1  2  1  3  1  0  0
    8 -2.6519482658551004e-24   0  3  1  3  1  0  0
    8  2.5265055125344558e-24   3  0  0  4  1  0  0
    8 -1.7737164897238839e-24   1  2  0  4  1  0  0
    8 -1.8538384633902144e-23   0  3  0  4  1  0  0
    8  8.3565550675431022e-23   6  0  0  0  2  0  0
    8 -1.9070594668206756e-22   5  1  0  0  2  0  0
    8 -1.1346286619520650e-23   4  2  0  0  2  0  0
    8  5.0302703127074748e-23   3  3  0  0  2  0  0
    8 -1.1346286619520650e-23   2  4  0  0  2  0  0
    8 -1.9070594668206756e-22   1  5  0  0  2  0  0
    8  8.3565550675431022e-23   0  6  0  0  2  0  0
    8  7.4862304607808752e-23   4  0  2  0  2  0  0
    8 -3.5474418408147984e-23   3  1  2  0  2  0  0
    8 -1.7220559066370331e-24   2  2  2  0  2  0  0
    8 -3.5619640087345764e-23   1  3  2  0  2  0  0
    8  1.1631532116216247e-22   0  4  2  0  2  0  0
    8 -4.1080373449044762e-25   2  0  4  0  2  0  0
    8 -6.5937678293421239e-25   1  1  4  0  2  0  0
    8  2.3215367670270273e-24   0  2  4  0  2  0  0
    8 -5.8764753808523049e-23   4  0  1  1  2  0  0
    8  7.3475117056512278e-24   3  1  1  1  2  0  0
    8 -1.5409219186259891e-23   2  2  1  1  2  0  0
    8  7.3475117056512278e-24   1  3  1  1  2  0  0
    8 -5.8764753808523049e-23   0  4  1  1  2  0  0
    8 -1.3792189044963257e-24   2  0  3  1  2  0  0
    8  3.3204343175631141e-24   1  1  3  1  2  0  0
    8 -2.4036950646684459e-24   0  2  3  1  2  0  0
    8  1.1631532116216247e-22   4  0  0  2  2  0  0
    8 -3.5619640087345764e-23   3  1  0  2  2  0  0
    8 -1.7220559066370331e-24   2  2  0  2  2  0  0
    8 -3.5474418408147984e-23   1  3  0  2  2  0  0
    8  7.4862304607808752e-23   0  4  0  2  2  0  0
    8  2.3614884100820519e-24   2  0  2  2  2  0  0
    8 -5.8140335527970861e-24   1  1  2  2  2  0  0
    8  2.3614884100820519e-24   0  2  2  2  2  0  0
    8 -2.4036950646684459e-24   2  0  1  3  2  0  0
    8  3.3204343175631141e-24   1  1  1  3  2  0  0
    8 -1.3792189044963257e-24   0  2  1  3  2  0  0
    8 -2.2356440457099399e-25   0  0  3  3  2  0  0
    8  2.3215367670270273e-24   2  0  0  4  2  0  0
    8 -6.5937678293421239e-25   1  1  0  4  2  0  0
    8 -4.1080373449044762e-25   0  2  0  4  2  0  0
    8  1.3409801312838120e-21   5  0  0  0  3  0  0
    8 -4.9749622741955665e-22   4  1  0  0  3  0  0
    8  1.6281135426611005e-22   3  2  0  0  3  0  0
    8  1.6281135426611005e-22   2  3  0  0  3  0  0
    8 -4.9749622741955665e-22   1  4  0  0  3  0  0
    8  1.3409801312838120e-21   0  5  0  0  3  0  0
    8  2.5664117893408693e-23   3  0  2  0  3  0  0
    8 -1.7375250708134859e-23   2  1  2  0  3  0  0
    8 -5.0591298329983475e-23   1  2  2  0  3  0  0
    8  3.1252203578537971e-23   0  3  2  0  3  0  0
    8 -7.5085083309055188e-25   1  0  4  0  3  0  0
    8 -1.0131911106459887e-24   0  1  4  0  3  0  0
    8 -1.3679871015968226e-23   3  0  1  1  3  0  0
    8  9.3656347589628924e-23   2  1  1  1  3  0  0
    8  9.3656347589628924e-23   1  2  1  1  3  0  0
    8 -1.3679871015968226e-23   0  3  1  1  3  0  0
    8 -3.2030899418351681e-24   1  0  3  1  3  0  0
    8 -4.6654274818130390e-24   0  1  3  1  3  0  0
    8  3.1252203578537971e-23   3  0  0  2  3  0  0
    8 -5.0591298329983475e-23   2  1  0  2  3  0  0
    8 -1.7375250708134859e-23   1  2  0  2  3  0  0
    8  2.5664117893408693e-23   0  3  0  2  3  0  0
    8  1.0814161836912275e-23   1  0  2  2  3  0  0
    8  1.0814161836912275e-23   0  1  2  2  3  0  0
    8 -4.6654274818130390e-24   1  0  1  3  3  0  0
    8 -3.2030899418351681e-24   0  1  1  3  3  0  0
    8 -1.0131911106459887e-24   1  0  0  4  3  0  0
    8 -7.5085083309055188e-25   0  1  0  4  3  0  0
    8  5.4216166363790556e-23   4  0  0  0  4  0  0
    8 -2.7938599748670524e-22   3  1  0  0  4  0  0
    8 -5.4007392825226601e-22   2  2  0  0  4  0  0
    8 -2.7938599748670524e-22   1  3  0  0  4  0  0
    8  5.4216166363790556e-23   0  4  0  0  4  0  0
    8 -3.6610505291649934e-23   2  0  2  0  4  0  0
    8  2.0439778271353062e-22   1  1  2  0  4  0  0
    8 -3.6458174284129795e-23   0  2  2  0  4  0  0
    8 -5.1639692838216477e-25   0  0  4  0  4  0  0
    8 -8.2935947292550341e-23   2  0  1  1  4  0  0
    8 -5.6576763380940491e-22   1  1  1  1  4  0  0
    8 -8.2935947292550341e-23   0  2  1  1  4  0  0
    8  1.8041188675839492e-23   0  0  3  1  4  0  0
    8 -3.6458174284129795e-23   2  0  0  2  4  0  0
    8  2.0439778271353062e-22   1  1  0  2  4  0  0
    8 -3.6610505291649934e-23   0  2  0  2  4  0  0
    8 -3.0284624053253699e-23   0  0  2  2  4  0  0
    8  1.8041188675839492e-23   0  0  1  3  4  0  0
    8 -5.1639692838216477e-25   0  0  0  4  4  0  0
    8 -5.1840720624355537e-22   3  0  0  0  5  0  0
    8  3.4853814120523130e-21   2  1  0  0  5  0  0
    8  3.4853814120523130e-21   1  2  0  0  5  0  0
    8 -5.1840720624355537e-22   0  3  0  0  5  0  0
    8 -3.1634919417111655e-22   1  0  2  0  5  0  0
    8 -2.5119237979913600e-22   0  1  2  0  5  0  0
    8  5.8925779776982218e-22   1  0  1  1  5  0  0
    8  5.8925779776982218e-22   0  1  1  1  5  0  0
    8 -2.5119237979913600e-22   1  0  0  2  5  0  0
    8 -3.1634919417111655e-22   0  1  0  2  5  0  0
    8 -1.3217980440779888e-21   2  0  0  0  6  0  0
    8 -1.9139287619256819e-20   1  1  0  0  6  0  0
    8 -1.3217980440779888e-21   0  2  0  0  6  0  0
    8 -6.6824790857014760e-22   0  0  2  0  6  0  0
    8 -2.0820230346198965e-21   0  0  1  1  6  0  0
    8 -6.6824790857014760e-22   0  0  0  2  6  0  0
    8 -5.4678659349563769e-20   0  0  0  0  8  0  0
 -593  0.0000000000000000e+00   0  0  0  0  0  0  0
