
tpsa, NO = 8, NV = 7, INA = 48097
------------------------------------------------------------------

   |I|         a                i  i  i  i  i  i  i
                I                1  2  3  4  5  6  7

    3 -3.0595367478261069e-07   3  0  0  0  0  0  0
    3 -6.7692658337011984e-07   2  1  0  0  0  0  0
    3  6.7692658337011984e-07   1  2  0  0  0  0  0
    3  3.0595367478261069e-07   0  3  0  0  0  0  0
    3  4.0919522960945581e-07   1  0  2  0  0  0  0
    3 -1.2020371078649422e-07   0  1  2  0  0  0  0
    3 -3.9962116068263068e-07   1  0  1  1  0  0  0
    3  3.9962116068263068e-07   0  1  1  1  0  0  0
    3  1.2020371078649422e-07   1  0  0  2  0  0  0
    3 -4.0919522960945581e-07   0  1  0  2  0  0  0
    3 -4.7251663607769920e-07   2  0  0  0  1  0  0
    3  4.7251663607769920e-07   0  2  0  0  1  0  0
    3  2.8081882080193035e-07   0  0  2  0  1  0  0
    3 -2.8081882080193035e-07   0  0  0  2  1  0  0
    3  5.4495151832945260e-20   1  0  0  0  2  0  0
    3 -5.4495151832945260e-20   0  1  0  0  2  0  0
    4 -9.5725127225933177e-08   4  0  0  0  0  0  0
    4  1.1484050530779303e-07   3  1  0  0  0  0  0
    4 -1.1484050530779303e-07   1  3  0  0  0  0  0
    4  9.5725127225933177e-08   0  4  0  0  0  0  0
    4 -1.8941450663265095e-08   2  0  2  0  0  0  0
    4 -1.3249088753907684e-07   1  1  2  0  0  0  0
    4  1.3605737571570271e-07   0  2  2  0  0  0  0
    4  4.0690684627177614e-08   0  0  4  0  0  0  0
    4 -1.1185358221828760e-07   2  0  1  1  0  0  0
    4  1.1185358221828760e-07   0  2  1  1  0  0  0
    4 -1.3044729725188817e-07   0  0  3  1  0  0  0
    4 -1.3605737571570271e-07   2  0  0  2  0  0  0
    4  1.3249088753907684e-07   1  1  0  2  0  0  0
    4  1.8941450663265095e-08   0  2  0  2  0  0  0
    4  1.3044729725188817e-07   0  0  1  3  0  0  0
    4 -4.0690684627177614e-08   0  0  0  4  0  0  0
    4  4.1225146657961747e-08   3  0  0  0  1  0  0
    4 -2.3843561336465968e-07   2  1  0  0  1  0  0
    4  2.3843561336465968e-07   1  2  0  0  1  0  0
    4 -4.1225146657961747e-08   0  3  0  0  1  0  0
    4 -7.4602216117933983e-09   1  0  2  0  1  0  0
    4  1.6437843190056709e-07   0  1  2  0  1  0  0
    4  1.6316868347379244e-07   1  0  1  1  1  0  0
    4 -1.6316868347379244e-07   0  1  1  1  1  0  0
    4 -1.6437843190056709e-07   1  0  0  2  1  0  0
    4  7.4602216117933983e-09   0  1  0  2  1  0  0
    4 -2.2670583861432307e-07   2  0  0  0  2  0  0
    4  2.2670583861432307e-07   0  2  0  0  2  0  0
    4  2.5086381801759837e-07   0  0  2  0  2  0  0
    4 -2.5086381801759837e-07   0  0  0  2  2  0  0
    4 -1.8845994695165480e-20   1  0  0  0  3  0  0
    4  1.8845994695165480e-20   0  1  0  0  3  0  0
    5  5.9687926578097466e-08   5  0  0  0  0  0  0
    5  2.5709601802264379e-08   4  1  0  0  0  0  0
    5  9.1632654368233584e-08   3  2  0  0  0  0  0
    5 -9.1632654368233584e-08   2  3  0  0  0  0  0
    5 -2.5709601802264379e-08   1  4  0  0  0  0  0
    5 -5.9687926578097466e-08   0  5  0  0  0  0  0
    5  3.9806560529194143e-08   3  0  2  0  0  0  0
    5 -5.8331525694749738e-08   2  1  2  0  0  0  0
    5 -1.3306522772754165e-07   1  2  2  0  0  0  0
    5  1.3526256761832574e-08   0  3  2  0  0  0  0
    5  7.0972882137596208e-09   1  0  4  0  0  0  0
    5 -5.8988862459253266e-08   0  1  4  0  0  0  0
    5  5.9401035193837162e-08   3  0  1  1  0  0  0
    5  2.0230380304915055e-07   2  1  1  1  0  0  0
    5 -2.0230380304915055e-07   1  2  1  1  0  0  0
    5 -5.9401035193837162e-08   0  3  1  1  0  0  0
    5 -5.7064497593306865e-08   1  0  3  1  0  0  0
    5 -2.7838597978059021e-08   0  1  3  1  0  0  0
    5 -1.3526256761832574e-08   3  0  0  2  0  0  0
    5  1.3306522772754165e-07   2  1  0  2  0  0  0
    5  5.8331525694749738e-08   1  2  0  2  0  0  0
    5 -3.9806560529194143e-08   0  3  0  2  0  0  0
    5  4.6479579843554909e-08   1  0  2  2  0  0  0
    5 -4.6479579843554909e-08   0  1  2  2  0  0  0
    5  2.7838597978059021e-08   1  0  1  3  0  0  0
    5  5.7064497593306865e-08   0  1  1  3  0  0  0
    5  5.8988862459253266e-08   1  0  0  4  0  0  0
    5 -7.0972882137596208e-09   0  1  0  4  0  0  0
    5 -3.4115893861012744e-08   4  0  0  0  1  0  0
    5  1.9874078343014232e-08   3  1  0  0  1  0  0
    5 -1.9874078343014232e-08   1  3  0  0  1  0  0
    5  3.4115893861012744e-08   0  4  0  0  1  0  0
    5 -2.4054145909420452e-10   2  0  2  0  1  0  0
    5 -1.2082777021935090e-07   1  1  2  0  1  0  0
    5 -3.1612736419197835e-09   0  2  2  0  1  0  0
    5 -1.8000507749629123e-08   0  0  4  0  1  0  0
    5  7.4213964766520593e-08   2  0  1  1  1  0  0
    5 -7.4213964766520593e-08   0  2  1  1  1  0  0
    5  3.1513874262644277e-10   0  0  3  1  1  0  0
    5  3.1612736419197835e-09   2  0  0  2  1  0  0
    5  1.2082777021935090e-07   1  1  0  2  1  0  0
    5  2.4054145909420452e-10   0  2  0  2  1  0  0
    5 -3.1513874262644277e-10   0  0  1  3  1  0  0
    5  1.8000507749629123e-08   0  0  0  4  1  0  0
    5  8.8395992545606393e-09   3  0  0  0  2  0  0
    5 -6.2248043137931851e-08   2  1  0  0  2  0  0
    5  6.2248043137931851e-08   1  2  0  0  2  0  0
    5 -8.8395992545606393e-09   0  3  0  0  2  0  0
    5 -3.1752148993259553e-08   1  0  2  0  2  0  0
    5  1.0174159225472068e-07   0  1  2  0  2  0  0
    5 -1.9303592666720465e-07   1  0  1  1  2  0  0
    5  1.9303592666720465e-07   0  1  1  1  2  0  0
    5 -1.0174159225472068e-07   1  0  0  2  2  0  0
    5  3.1752148993259553e-08   0  1  0  2  2  0  0
    5  1.8166167874036684e-08   2  0  0  0  3  0  0
    5 -1.8166167874036684e-08   0  2  0  0  3  0  0
    5 -4.8268204346696281e-08   0  0  2  0  3  0  0
    5  4.8268204346696281e-08   0  0  0  2  3  0  0
    5  8.8876181806346227e-22   1  0  0  0  4  0  0
    5 -8.8876181806346227e-22   0  1  0  0  4  0  0
    6 -3.3251491963258056e-10   6  0  0  0  0  0  0
    6  4.6977177179502936e-08   5  1  0  0  0  0  0
    6 -1.0730407915773434e-08   4  2  0  0  0  0  0
    6  1.0730407915773434e-08   2  4  0  0  0  0  0
    6 -4.6977177179502936e-08   1  5  0  0  0  0  0
    6  3.3251491963258056e-10   0  6  0  0  0  0  0
    6 -9.2700132664035362e-08   4  0  2  0  0  0  0
    6 -4.6534552645823727e-09   3  1  2  0  0  0  0
    6  6.5887246199123409e-08   2  2  2  0  0  0  0
    6 -6.2333559368076873e-09   1  3  2  0  0  0  0
    6  9.0223118243354499e-09   0  4  2  0  0  0  0
    6  1.3651923411741095e-08   2  0  4  0  0  0  0
    6  1.8137185983461383e-08   1  1  4  0  0  0  0
    6  2.1760538972565080e-08   0  2  4  0  0  0  0
    6  4.5667561939563394e-09   0  0  6  0  0  0  0
    6 -3.5553066372392002e-08   4  0  1  1  0  0  0
    6 -9.9083181534549810e-08   3  1  1  1  0  0  0
    6  9.9083181534549810e-08   1  3  1  1  0  0  0
    6  3.5553066372392002e-08   0  4  1  1  0  0  0
    6  1.2128822080525909e-08   2  0  3  1  0  0  0
    6  9.3365341734417596e-08   1  1  3  1  0  0  0
    6  5.5188504172521503e-09   0  2  3  1  0  0  0
    6  2.4271511454714970e-09   0  0  5  1  0  0  0
    6 -9.0223118243354499e-09   4  0  0  2  0  0  0
    6  6.2333559368076873e-09   3  1  0  2  0  0  0
    6 -6.5887246199123409e-08   2  2  0  2  0  0  0
    6  4.6534552645823727e-09   1  3  0  2  0  0  0
    6  9.2700132664035362e-08   0  4  0  2  0  0  0
    6 -4.9890499564206213e-08   2  0  2  2  0  0  0
    6  4.9890499564206213e-08   0  2  2  2  0  0  0
    6  2.9920028769910966e-09   0  0  4  2  0  0  0
    6 -5.5188504172521503e-09   2  0  1  3  0  0  0
    6 -9.3365341734417596e-08   1  1  1  3  0  0  0
    6 -1.2128822080525909e-08   0  2  1  3  0  0  0
    6 -2.1760538972565080e-08   2  0  0  4  0  0  0
    6 -1.8137185983461383e-08   1  1  0  4  0  0  0
    6 -1.3651923411741095e-08   0  2  0  4  0  0  0
    6 -2.9920028769910966e-09   0  0  2  4  0  0  0
    6 -2.4271511454714970e-09   0  0  1  5  0  0  0
    6 -4.5667561939563394e-09   0  0  0  6  0  0  0
    6  7.2266757078010265e-08   5  0  0  0  1  0  0
    6 -4.6388446055706917e-08   4  1  0  0  1  0  0
    6  1.2191012101806253e-07   3  2  0  0  1  0  0
    6 -1.2191012101806253e-07   2  3  0  0  1  0  0
    6  4.6388446055706917e-08   1  4  0  0  1  0  0
    6 -7.2266757078010265e-08   0  5  0  0  1  0  0
    6 -8.5828189084164353e-09   3  0  2  0  1  0  0
    6  1.9220567101511821e-07   2  1  2  0  1  0  0
    6 -1.3809904942246773e-07   1  2  2  0  1  0  0
    6 -6.0715979769680680e-09   0  3  2  0  1  0  0
    6  4.0429367367496319e-09   1  0  4  0  1  0  0
    6 -7.8176195091888719e-09   0  1  4  0  1  0  0
    6 -3.4135485423605743e-08   3  0  1  1  1  0  0
    6 -1.0199725215211041e-08   2  1  1  1  1  0  0
    6  1.0199725215211041e-08   1  2  1  1  1  0  0
    6  3.4135485423605743e-08   0  3  1  1  1  0  0
    6  5.1346075874458719e-08   1  0  3  1  1  0  0
    6 -4.9073954623322227e-08   0  1  3  1  1  0  0
    6  6.0715979769680680e-09   3  0  0  2  1  0  0
    6  1.3809904942246773e-07   2  1  0  2  1  0  0
    6 -1.9220567101511821e-07   1  2  0  2  1  0  0
    6  8.5828189084164353e-09   0  3  0  2  1  0  0
    6 -6.1263313478050858e-08   1  0  2  2  1  0  0
    6  6.1263313478050858e-08   0  1  2  2  1  0  0
    6  4.9073954623322227e-08   1  0  1  3  1  0  0
    6 -5.1346075874458719e-08   0  1  1  3  1  0  0
    6  7.8176195091888719e-09   1  0  0  4  1  0  0
    6 -4.0429367367496319e-09   0  1  0  4  1  0  0
    6  6.3541522439272571e-08   4  0  0  0  2  0  0
    6 -3.9642266823331566e-08   3  1  0  0  2  0  0
    6  3.9642266823331566e-08   1  3  0  0  2  0  0
    6 -6.3541522439272571e-08   0  4  0  0  2  0  0
    6 -1.2880847488566776e-08   2  0  2  0  2  0  0
    6  7.7404893023109050e-10   1  1  2  0  2  0  0
    6  3.3193420528489271e-09   0  2  2  0  2  0  0
    6 -8.1626501041135454e-09   0  0  4  0  2  0  0
    6  9.1221248648173467e-08   2  0  1  1  2  0  0
    6 -9.1221248648173467e-08   0  2  1  1  2  0  0
    6  1.6192360761519243e-08   0  0  3  1  2  0  0
    6 -3.3193420528489271e-09   2  0  0  2  2  0  0
    6 -7.7404893023109050e-10   1  1  0  2  2  0  0
    6  1.2880847488566776e-08   0  2  0  2  2  0  0
    6 -1.6192360761519243e-08   0  0  1  3  2  0  0
    6  8.1626501041135454e-09   0  0  0  4  2  0  0
    6 -4.6201465423099459e-08   3  0  0  0  3  0  0
    6  2.1286702226629342e-07   2  1  0  0  3  0  0
    6 -2.1286702226629342e-07   1  2  0  0  3  0  0
    6  4.6201465423099459e-08   0  3  0  0  3  0  0
    6  3.0054988445281643e-08   1  0  2  0  3  0  0
    6  6.1809664241604906e-08   0  1  2  0  3  0  0
    6 -2.4909331402871539e-08   1  0  1  1  3  0  0
    6  2.4909331402871539e-08   0  1  1  1  3  0  0
    6 -6.1809664241604906e-08   1  0  0  2  3  0  0
    6 -3.0054988445281643e-08   0  1  0  2  3  0  0
    6 -1.5726432111081654e-08   2  0  0  0  4  0  0
    6  1.5726432111081654e-08   0  2  0  0  4  0  0
    6 -2.5238610781406145e-09   0  0  2  0  4  0  0
    6  2.5238610781406145e-09   0  0  0  2  4  0  0
    6  1.0309501159331098e-20   1  0  0  0  5  0  0
    6 -1.0309501159331098e-20   0  1  0  0  5  0  0
    7 -6.9226096477159763e-09   7  0  0  0  0  0  0
    7 -5.3804280274192746e-09   6  1  0  0  0  0  0
    7  8.5604451253455847e-09   5  2  0  0  0  0  0
    7 -4.1465957388844317e-08   4  3  0  0  0  0  0
    7  4.1465957388844317e-08   3  4  0  0  0  0  0
    7 -8.5604451253455847e-09   2  5  0  0  0  0  0
    7  5.3804280274192746e-09   1  6  0  0  0  0  0
    7  6.9226096477159763e-09   0  7  0  0  0  0  0
    7  3.2184134560748525e-08   5  0  2  0  0  0  0
    7 -1.2031191527148190e-08   4  1  2  0  0  0  0
    7 -1.6249796915517606e-07   3  2  2  0  0  0  0
    7  8.9691897730552765e-09   2  3  2  0  0  0  0
    7  8.8054508293805486e-09   1  4  2  0  0  0  0
    7 -2.3539462165835570e-09   0  5  2  0  0  0  0
    7 -6.6485499980074974e-09   3  0  4  0  0  0  0
    7 -1.6375159391967723e-08   2  1  4  0  0  0  0
    7  3.3722120628821816e-08   1  2  4  0  0  0  0
    7 -1.2342335903234738e-09   0  3  4  0  0  0  0
    7 -2.4804442527779172e-10   1  0  6  0  0  0  0
    7 -2.8386596762127788e-09   0  1  6  0  0  0  0
    7 -3.2502826479894829e-08   5  0  1  1  0  0  0
    7  6.4779714426505742e-08   4  1  1  1  0  0  0
    7 -2.7234031830236281e-08   3  2  1  1  0  0  0
    7  2.7234031830236281e-08   2  3  1  1  0  0  0
    7 -6.4779714426505742e-08   1  4  1  1  0  0  0
    7  3.2502826479894829e-08   0  5  1  1  0  0  0
    7  1.8212514647305374e-08   3  0  3  1  0  0  0
    7 -1.8490188519133604e-07   2  1  3  1  0  0  0
    7  6.0843279339079932e-08   1  2  3  1  0  0  0
    7 -9.2441913112758578e-09   0  3  3  1  0  0  0
    7 -3.0455997650176859e-09   1  0  5  1  0  0  0
    7 -6.6382465329112307e-10   0  1  5  1  0  0  0
    7  2.3539462165835570e-09   5  0  0  2  0  0  0
    7 -8.8054508293805486e-09   4  1  0  2  0  0  0
    7 -8.9691897730552765e-09   3  2  0  2  0  0  0
    7  1.6249796915517606e-07   2  3  0  2  0  0  0
    7  1.2031191527148190e-08   1  4  0  2  0  0  0
    7 -3.2184134560748525e-08   0  5  0  2  0  0  0
    7 -1.5868993524208457e-08   3  0  2  2  0  0  0
    7  1.1298521860871546e-07   2  1  2  2  0  0  0
    7 -1.1298521860871546e-07   1  2  2  2  0  0  0
    7  1.5868993524208457e-08   0  3  2  2  0  0  0
    7 -2.4687320639839527e-08   1  0  4  2  0  0  0
    7  1.1660736917480910e-08   0  1  4  2  0  0  0
    7  9.2441913112758578e-09   3  0  1  3  0  0  0
    7 -6.0843279339079932e-08   2  1  1  3  0  0  0
    7  1.8490188519133604e-07   1  2  1  3  0  0  0
    7 -1.8212514647305374e-08   0  3  1  3  0  0  0
    7  1.8637368072772447e-08   1  0  3  3  0  0  0
    7 -1.8637368072772447e-08   0  1  3  3  0  0  0
    7  1.2342335903234738e-09   3  0  0  4  0  0  0
    7 -3.3722120628821816e-08   2  1  0  4  0  0  0
    7  1.6375159391967723e-08   1  2  0  4  0  0  0
    7  6.6485499980074974e-09   0  3  0  4  0  0  0
    7 -1.1660736917480910e-08   1  0  2  4  0  0  0
    7  2.4687320639839527e-08   0  1  2  4  0  0  0
    7  6.6382465329112307e-10   1  0  1  5  0  0  0
    7  3.0455997650176859e-09   0  1  1  5  0  0  0
    7  2.8386596762127788e-09   1  0  0  6  0  0  0
    7  2.4804442527779172e-10   0  1  0  6  0  0  0
    7 -1.4492089006096196e-09   6  0  0  0  1  0  0
    7  2.7750900543299991e-08   5  1  0  0  1  0  0
    7  3.3989579860562985e-08   4  2  0  0  1  0  0
    7 -3.3989579860562985e-08   2  4  0  0  1  0  0
    7 -2.7750900543299991e-08   1  5  0  0  1  0  0
    7  1.4492089006096196e-09   0  6  0  0  1  0  0
    7  7.6276451403499347e-09   4  0  2  0  1  0  0
    7  5.6300933787255222e-08   3  1  2  0  1  0  0
    7 -3.0277895847536142e-08   2  2  2  0  1  0  0
    7  3.0812529552497051e-09   1  3  2  0  1  0  0
    7  1.4403459534756436e-08   0  4  2  0  1  0  0
    7 -9.5652564499940623e-09   2  0  4  0  1  0  0
    7  2.9342787114384237e-08   1  1  4  0  1  0  0
    7  1.7801739580134248e-09   0  2  4  0  1  0  0
    7  1.0185247207312263e-09   0  0  6  0  1  0  0
    7 -1.1819828585250327e-08   4  0  1  1  1  0  0
    7 -2.6479416415282740e-08   3  1  1  1  1  0  0
    7  2.6479416415282740e-08   1  3  1  1  1  0  0
    7  1.1819828585250327e-08   0  4  1  1  1  0  0
    7  1.3727471713984664e-08   2  0  3  1  1  0  0
    7 -4.6371425367930425e-08   1  1  3  1  1  0  0
    7  2.1233085873748783e-08   0  2  3  1  1  0  0
    7  9.6984432100606405e-10   0  0  5  1  1  0  0
    7 -1.4403459534756436e-08   4  0  0  2  1  0  0
    7 -3.0812529552497051e-09   3  1  0  2  1  0  0
    7  3.0277895847536142e-08   2  2  0  2  1  0  0
    7 -5.6300933787255222e-08   1  3  0  2  1  0  0
    7 -7.6276451403499347e-09   0  4  0  2  1  0  0
    7 -6.6976609491266579e-08   2  0  2  2  1  0  0
    7  6.6976609491266579e-08   0  2  2  2  1  0  0
    7 -7.0390438218470726e-09   0  0  4  2  1  0  0
    7 -2.1233085873748783e-08   2  0  1  3  1  0  0
    7  4.6371425367930425e-08   1  1  1  3  1  0  0
    7 -1.3727471713984664e-08   0  2  1  3  1  0  0
    7 -1.7801739580134248e-09   2  0  0  4  1  0  0
    7 -2.9342787114384237e-08   1  1  0  4  1  0  0
    7  9.5652564499940623e-09   0  2  0  4  1  0  0
    7  7.0390438218470726e-09   0  0  2  4  1  0  0
    7 -9.6984432100606405e-10   0  0  1  5  1  0  0
    7 -1.0185247207312263e-09   0  0  0  6  1  0  0
    7 -4.7214502758839542e-08   5  0  0  0  2  0  0
    7  2.5857245492067740e-08   4  1  0  0  2  0  0
    7 -1.7516046928881780e-07   3  2  0  0  2  0  0
    7  1.7516046928881780e-07   2  3  0  0  2  0  0
    7 -2.5857245492067740e-08   1  4  0  0  2  0  0
    7  4.7214502758839542e-08   0  5  0  0  2  0  0
    7  5.6451656276449610e-09   3  0  2  0  2  0  0
    7 -4.1337854203877822e-08   2  1  2  0  2  0  0
    7 -7.6029939062308197e-08   1  2  2  0  2  0  0
    7  4.8057443281544211e-09   0  3  2  0  2  0  0
    7 -5.4643817457347410e-10   1  0  4  0  2  0  0
    7  5.4919735308032650e-09   0  1  4  0  2  0  0
    7  1.7264891314655291e-08   3  0  1  1  2  0  0
    7  1.5321515543961822e-07   2  1  1  1  2  0  0
    7 -1.5321515543961822e-07   1  2  1  1  2  0  0
    7 -1.7264891314655291e-08   0  3  1  1  2  0  0
    7 -1.3947048532011909e-08   1  0  3  1  2  0  0
    7 -2.1157687261134245e-08   0  1  3  1  2  0  0
    7 -4.8057443281544211e-09   3  0  0  2  2  0  0
    7  7.6029939062308197e-08   2  1  0  2  2  0  0
    7  4.1337854203877822e-08   1  2  0  2  2  0  0
    7 -5.6451656276449610e-09   0  3  0  2  2  0  0
    7  1.0491815056452508e-07   1  0  2  2  2  0  0
    7 -1.0491815056452508e-07   0  1  2  2  2  0  0
    7  2.1157687261134245e-08   1  0  1  3  2  0  0
    7  1.3947048532011909e-08   0  1  1  3  2  0  0
    7 -5.4919735308032650e-09   1  0  0  4  2  0  0
    7  5.4643817457347410e-10   0  1  0  4  2  0  0
    7 -2.8640706366153332e-08   4  0  0  0  3  0  0
    7 -2.2819513980211271e-10   3  1  0  0  3  0  0
    7  2.2819513980211271e-10   1  3  0  0  3  0  0
    7  2.8640706366153332e-08   0  4  0  0  3  0  0
    7 -1.6386803176047349e-09   2  0  2  0  3  0  0
    7  5.0017645777639496e-08   1  1  2  0  3  0  0
    7 -2.2154283232857633e-09   0  2  2  0  3  0  0
    7 -1.0300229930554273e-09   0  0  4  0  3  0  0
    7  5.4344963177139953e-09   2  0  1  1  3  0  0
    7 -5.4344963177139953e-09   0  2  1  1  3  0  0
    7  2.3418926815129874e-09   0  0  3  1  3  0  0
    7  2.2154283232857633e-09   2  0  0  2  3  0  0
    7 -5.0017645777639496e-08   1  1  0  2  3  0  0
    7  1.6386803176047349e-09   0  2  0  2  3  0  0
    7 -2.3418926815129874e-09   0  0  1  3  3  0  0
    7  1.0300229930554273e-09   0  0  0  4  3  0  0
    7  2.8510098392615206e-08   3  0  0  0  4  0  0
    7 -1.2549015879993795e-07   2  1  0  0  4  0  0
    7  1.2549015879993795e-07   1  2  0  0  4  0  0
    7 -2.8510098392615206e-08   0  3  0  0  4  0  0
    7 -2.0532079406769114e-08   1  0  2  0  4  0  0
    7 -1.8695148636312421e-09   0  1  2  0  4  0  0
    7  1.8873350968887986e-08   1  0  1  1  4  0  0
    7 -1.8873350968887986e-08   0  1  1  1  4  0  0
    7  1.8695148636312421e-09   1  0  0  2  4  0  0
    7  2.0532079406769114e-08   0  1  0  2  4  0  0
    7 -2.8563185756454361e-09   2  0  0  0  5  0  0
    7  2.8563185756454361e-09   0  2  0  0  5  0  0
    7  3.8535181452385627e-09   0  0  2  0  5  0  0
    7 -3.8535181452385627e-09   0  0  0  2  5  0  0
    7 -1.1150153740307078e-20   1  0  0  0  6  0  0
    7  1.1150153740307078e-20   0  1  0  0  6  0  0
    8  8.8223326187374204e-10   8  0  0  0  0  0  0
    8  7.3649376614966633e-09   7  1  0  0  0  0  0
    8  1.3843011598643555e-08   6  2  0  0  0  0  0
    8 -4.0599600963052987e-09   5  3  0  0  0  0  0
    8  4.0599600963052987e-09   3  5  0  0  0  0  0
    8 -1.3843011598643555e-08   2  6  0  0  0  0  0
    8 -7.3649376614966633e-09   1  7  0  0  0  0  0
    8 -8.8223326187374204e-10   0  8  0  0  0  0  0
    8  1.3578323084280562e-08   6  0  2  0  0  0  0
    8  1.0139944693020291e-07   5  1  2  0  0  0  0
    8 -4.8802327484767660e-08   4  2  2  0  0  0  0
    8  2.5148204269588293e-08   3  3  2  0  0  0  0
    8  5.6084603929245196e-09   2  4  2  0  0  0  0
    8 -4.2595202124967128e-09   1  5  2  0  0  0  0
    8  2.7568202326583380e-09   0  6  2  0  0  0  0
    8 -9.4397520538639832e-10   4  0  4  0  0  0  0
    8  7.6707196304188851e-09   3  1  4  0  0  0  0
    8 -1.5013710832431937e-08   2  2  4  0  0  0  0
    8  1.2426768259451927e-09   1  3  4  0  0  0  0
    8 -3.3344484374168190e-09   0  4  4  0  0  0  0
    8 -1.3851917054483510e-10   2  0  6  0  0  0  0
    8 -1.0895605212267181e-08   1  1  6  0  0  0  0
    8 -9.4794806289907951e-10   0  2  6  0  0  0  0
    8  3.6216837747425391e-11   0  0  8  0  0  0  0
    8  7.3061567117837748e-09   6  0  1  1  0  0  0
    8 -4.0980564325406641e-08   5  1  1  1  0  0  0
    8 -3.2409460498867059e-08   4  2  1  1  0  0  0
    8  3.2409460498867059e-08   2  4  1  1  0  0  0
    8  4.0980564325406641e-08   1  5  1  1  0  0  0
    8 -7.3061567117837748e-09   0  6  1  1  0  0  0
    8 -6.7362018083502775e-08   4  0  3  1  0  0  0
    8 -1.9629968932811965e-08   3  1  3  1  0  0  0
    8  4.8663735732948571e-08   2  2  3  1  0  0  0
    8 -5.8921206760340452e-09   1  3  3  1  0  0  0
    8 -2.9779103660319744e-09   0  4  3  1  0  0  0
    8  6.7524705526030895e-09   2  0  5  1  0  0  0
    8 -1.2002018329319340e-08   1  1  5  1  0  0  0
    8 -6.6483105710054252e-09   0  2  5  1  0  0  0
    8  1.1454197502595150e-09   0  0  7  1  0  0  0
    8 -2.7568202326583380e-09   6  0  0  2  0  0  0
    8  4.2595202124967128e-09   5  1  0  2  0  0  0
    8 -5.6084603929245196e-09   4  2  0  2  0  0  0
    8 -2.5148204269588293e-08   3  3  0  2  0  0  0
    8  4.8802327484767660e-08   2  4  0  2  0  0  0
    8 -1.0139944693020291e-07   1  5  0  2  0  0  0
    8 -1.3578323084280562e-08   0  6  0  2  0  0  0
    8  8.8686873932451649e-10   4  0  2  2  0  0  0
    8  7.9228172509016219e-08   3  1  2  2  0  0  0
    8 -7.9228172509016219e-08   1  3  2  2  0  0  0
    8 -8.8686873932451649e-10   0  4  2  2  0  0  0
    8 -1.7956929739281834e-10   2  0  4  2  0  0  0
    8  1.5691536956808900e-08   1  1  4  2  0  0  0
    8 -1.2629920180008071e-08   0  2  4  2  0  0  0
    8 -2.3173647072555357e-10   0  0  6  2  0  0  0
    8  2.9779103660319744e-09   4  0  1  3  0  0  0
    8  5.8921206760340452e-09   3  1  1  3  0  0  0
    8 -4.8663735732948571e-08   2  2  1  3  0  0  0
    8  1.9629968932811965e-08   1  3  1  3  0  0  0
    8  6.7362018083502775e-08   0  4  1  3  0  0  0
    8  3.3847522975110125e-08   2  0  3  3  0  0  0
    8 -3.3847522975110125e-08   0  2  3  3  0  0  0
    8  1.7732681632668800e-09   0  0  5  3  0  0  0
    8  3.3344484374168190e-09   4  0  0  4  0  0  0
    8 -1.2426768259451927e-09   3  1  0  4  0  0  0
    8  1.5013710832431937e-08   2  2  0  4  0  0  0
    8 -7.6707196304188851e-09   1  3  0  4  0  0  0
    8  9.4397520538639832e-10   0  4  0  4  0  0  0
    8  1.2629920180008071e-08   2  0  2  4  0  0  0
    8 -1.5691536956808900e-08   1  1  2  4  0  0  0
    8  1.7956929739281834e-10   0  2  2  4  0  0  0
    8  6.6483105710054252e-09   2  0  1  5  0  0  0
    8  1.2002018329319340e-08   1  1  1  5  0  0  0
    8 -6.7524705526030895e-09   0  2  1  5  0  0  0
    8 -1.7732681632668800e-09   0  0  3  5  0  0  0
    8  9.4794806289907951e-10   2  0  0  6  0  0  0
    8  1.0895605212267181e-08   1  1  0  6  0  0  0
    8  1.3851917054483510e-10   0  2  0  6  0  0  0
    8  2.3173647072555357e-10   0  0  2  6  0  0  0
    8 -1.1454197502595150e-09   0  0  1  7  0  0  0
    8 -3.6216837747425391e-11   0  0  0  8  0  0  0
    8 -2.3081196761985280e-09   7  0  0  0  1  0  0
    8  4.8253945434802938e-08   6  1  0  0  1  0  0
    8 -2.7967603801984382e-08   5  2  0  0  1  0  0
    8  1.2394245545494428e-07   4  3  0  0  1  0  0
    8 -1.2394245545494428e-07   3  4  0  0  1  0  0
    8  2.7967603801984382e-08   2  5  0  0  1  0  0
    8 -4.8253945434802938e-08   1  6  0  0  1  0  0
    8  2.3081196761985280e-09   0  7  0  0  1  0  0
    8 -5.7988499582659975e-08   5  0  2  0  1  0  0
    8 -4.8624057533468021e-08   4  1  2  0  1  0  0
    8  8.8189001272976881e-08   3  2  2  0  1  0  0
    8 -1.9788772927330274e-08   2  3  2  0  1  0  0
    8  1.1400514350833703e-08   1  4  2  0  1  0  0
    8 -4.9613693994740157e-09   0  5  2  0  1  0  0
    8 -1.5736056357885715e-09   3  0  4  0  1  0  0
    8  1.9007720964219410e-08   2  1  4  0  1  0  0
    8 -1.3169558822601506e-08   1  2  4  0  1  0  0
    8  4.2215431980484308e-09   0  3  4  0  1  0  0
    8 -1.5553354512691032e-09   1  0  6  0  1  0  0
    8  1.1810678816477506e-09   0  1  6  0  1  0  0
    8  1.3411773067952515e-08   5  0  1  1  1  0  0
    8  3.0534315994928869e-08   4  1  1  1  1  0  0
    8 -6.8450705538383085e-08   3  2  1  1  1  0  0
    8  6.8450705538383085e-08   2  3  1  1  1  0  0
    8 -3.0534315994928869e-08   1  4  1  1  1  0  0
    8 -1.3411773067952515e-08   0  5  1  1  1  0  0
    8 -3.4810633741642453e-08   3  0  3  1  1  0  0
    8  8.2662753208016529e-08   2  1  3  1  1  0  0
    8 -4.3263030587118688e-08   1  2  3  1  1  0  0
    8 -5.5076829498227280e-10   0  3  3  1  1  0  0
    8  4.2043721310850614e-09   1  0  5  1  1  0  0
    8 -5.6520794035440111e-09   0  1  5  1  1  0  0
    8  4.9613693994740157e-09   5  0  0  2  1  0  0
    8 -1.1400514350833703e-08   4  1  0  2  1  0  0
    8  1.9788772927330274e-08   3  2  0  2  1  0  0
    8 -8.8189001272976881e-08   2  3  0  2  1  0  0
    8  4.8624057533468021e-08   1  4  0  2  1  0  0
    8  5.7988499582659975e-08   0  5  0  2  1  0  0
    8  1.3373955116180280e-08   3  0  2  2  1  0  0
    8 -2.1814832311595316e-07   2  1  2  2  1  0  0
    8  2.1814832311595316e-07   1  2  2  2  1  0  0
    8 -1.3373955116180280e-08   0  3  2  2  1  0  0
    8  2.7810819066901278e-08   1  0  4  2  1  0  0
    8 -1.3896579751784759e-08   0  1  4  2  1  0  0
    8  5.5076829498227280e-10   3  0  1  3  1  0  0
    8  4.3263030587118688e-08   2  1  1  3  1  0  0
    8 -8.2662753208016529e-08   1  2  1  3  1  0  0
    8  3.4810633741642453e-08   0  3  1  3  1  0  0
    8 -3.0445500189402741e-08   1  0  3  3  1  0  0
    8  3.0445500189402741e-08   0  1  3  3  1  0  0
    8 -4.2215431980484308e-09   3  0  0  4  1  0  0
    8  1.3169558822601506e-08   2  1  0  4  1  0  0
    8 -1.9007720964219410e-08   1  2  0  4  1  0  0
    8  1.5736056357885715e-09   0  3  0  4  1  0  0
    8  1.3896579751784759e-08   1  0  2  4  1  0  0
    8 -2.7810819066901278e-08   0  1  2  4  1  0  0
    8  5.6520794035440111e-09   1  0  1  5  1  0  0
    8 -4.2043721310850614e-09   0  1  1  5  1  0  0
    8 -1.1810678816477506e-09   1  0  0  6  1  0  0
    8  1.5553354512691032e-09   0  1  0  6  1  0  0
    8 -5.4459754487863582e-09   6  0  0  0  2  0  0
    8 -3.9520822359517420e-08   5  1  0  0  2  0  0
    8 -1.0450079782075406e-08   4  2  0  0  2  0  0
    8  1.0450079782075406e-08   2  4  0  0  2  0  0
    8  3.9520822359517420e-08   1  5  0  0  2  0  0
    8  5.4459754487863582e-09   0  6  0  0  2  0  0
    8  1.5939507056364915e-07   4  0  2  0  2  0  0
    8  4.4623872385456618e-09   3  1  2  0  2  0  0
    8 -2.2762805679995076e-08   2  2  2  0  2  0  0
    8 -4.0543375538804212e-09   1  3  2  0  2  0  0
    8 -4.0458228430351128e-09   0  4  2  0  2  0  0
    8  3.1537072996051009e-09   2  0  4  0  2  0  0
    8  7.5819689703409723e-09   1  1  4  0  2  0  0
    8  4.4009479627324487e-09   0  2  4  0  2  0  0
    8 -9.7308377089326506e-10   0  0  6  0  2  0  0
    8  1.9902119774539173e-08   4  0  1  1  2  0  0
    8  7.7863321168927818e-08   3  1  1  1  2  0  0
    8 -7.7863321168927818e-08   1  3  1  1  2  0  0
    8 -1.9902119774539173e-08   0  4  1  1  2  0  0
    8  2.0764835602655510e-09   2  0  3  1  2  0  0
    8 -2.0033947664157653e-08   1  1  3  1  2  0  0
    8  8.0912479566203945e-09   0  2  3  1  2  0  0
    8 -1.0689541925799639e-09   0  0  5  1  2  0  0
    8  4.0458228430351128e-09   4  0  0  2  2  0  0
    8  4.0543375538804212e-09   3  1  0  2  2  0  0
    8  2.2762805679995076e-08   2  2  0  2  2  0  0
    8 -4.4623872385456618e-09   1  3  0  2  2  0  0
    8 -1.5939507056364915e-07   0  4  0  2  2  0  0
    8 -2.4059781657043574e-08   2  0  2  2  2  0  0
    8  2.4059781657043574e-08   0  2  2  2  2  0  0
    8  7.2932385011598324e-10   0  0  4  2  2  0  0
    8 -8.0912479566203945e-09   2  0  1  3  2  0  0
    8  2.0033947664157653e-08   1  1  1  3  2  0  0
    8 -2.0764835602655510e-09   0  2  1  3  2  0  0
    8 -4.4009479627324487e-09   2  0  0  4  2  0  0
    8 -7.5819689703409723e-09   1  1  0  4  2  0  0
    8 -3.1537072996051009e-09   0  2  0  4  2  0  0
    8 -7.2932385011598324e-10   0  0  2  4  2  0  0
    8  1.0689541925799639e-09   0  0  1  5  2  0  0
    8  9.7308377089326506e-10   0  0  0  6  2  0  0
    8  3.1762127288938808e-08   5  0  0  0  3  0  0
    8 -1.9139075446100418e-08   4  1  0  0  3  0  0
    8  1.0486907833211363e-07   3  2  0  0  3  0  0
    8 -1.0486907833211363e-07   2  3  0  0  3  0  0
    8  1.9139075446100418e-08   1  4  0  0  3  0  0
    8 -3.1762127288938808e-08   0  5  0  0  3  0  0
    8  3.6768718497515440e-09   3  0  2  0  3  0  0
    8  2.0734670943415662e-08   2  1  2  0  3  0  0
    8  5.9943795878034441e-08   1  2  2  0  3  0  0
    8 -2.6045714033512204e-09   0  3  2  0  3  0  0
    8 -4.3795322920867204e-09   1  0  4  0  3  0  0
    8  6.3690755636618572e-09   0  1  4  0  3  0  0
    8  9.4442113758436523e-09   3  0  1  1  3  0  0
    8 -2.2582066934279178e-07   2  1  1  1  3  0  0
    8  2.2582066934279178e-07   1  2  1  1  3  0  0
    8 -9.4442113758436523e-09   0  3  1  1  3  0  0
    8 -4.8799212955062961e-09   1  0  3  1  3  0  0
    8  2.1299531106892638e-08   0  1  3  1  3  0  0
    8  2.6045714033512204e-09   3  0  0  2  3  0  0
    8 -5.9943795878034441e-08   2  1  0  2  3  0  0
    8 -2.0734670943415662e-08   1  2  0  2  3  0  0
    8 -3.6768718497515440e-09   0  3  0  2  3  0  0
    8  2.2891359609591561e-08   1  0  2  2  3  0  0
    8 -2.2891359609591561e-08   0  1  2  2  3  0  0
    8 -2.1299531106892638e-08   1  0  1  3  3  0  0
    8  4.8799212955062961e-09   0  1  1  3  3  0  0
    8 -6.3690755636618572e-09   1  0  0  4  3  0  0
    8  4.3795322920867204e-09   0  1  0  4  3  0  0
    8  1.0528857241661592e-08   4  0  0  0  4  0  0
    8  4.3494643762143873e-09   3  1  0  0  4  0  0
    8 -4.3494643762143873e-09   1  3  0  0  4  0  0
    8 -1.0528857241661592e-08   0  4  0  0  4  0  0
    8  1.1787434835309666e-09   2  0  2  0  4  0  0
    8 -2.9416784604300438e-08   1  1  2  0  4  0  0
    8 -4.8159689697282857e-09   0  2  2  0  4  0  0
    8  1.5495041792710521e-10   0  0  4  0  4  0  0
    8  3.8588224316191212e-08   2  0  1  1  4  0  0
    8 -3.8588224316191212e-08   0  2  1  1  4  0  0
    8 -3.7162920327222348e-09   0  0  3  1  4  0  0
    8  4.8159689697282857e-09   2  0  0  2  4  0  0
    8  2.9416784604300438e-08   1  1  0  2  4  0  0
    8 -1.1787434835309666e-09   0  2  0  2  4  0  0
    8  3.7162920327222348e-09   0  0  1  3  4  0  0
    8 -1.5495041792710521e-10   0  0  0  4  4  0  0
    8 -1.6744277550606660e-08   3  0  0  0  5  0  0
    8  8.4020990533184051e-08   2  1  0  0  5  0  0
    8 -8.4020990533184051e-08   1  2  0  0  5  0  0
    8  1.6744277550606660e-08   0  3  0  0  5  0  0
    8  2.5143294765072110e-08   1  0  2  0  5  0  0
    8 -3.0988842991304939e-09   0  1  2  0  5  0  0
    8 -1.1356717319044839e-07   1  0  1  1  5  0  0
    8  1.1356717319044839e-07   0  1  1  1  5  0  0
    8  3.0988842991304939e-09   1  0  0  2  5  0  0
    8 -2.5143294765072110e-08   0  1  0  2  5  0  0
    8  6.1087850258603655e-09   2  0  0  0  6  0  0
    8 -6.1087850258603655e-09   0  2  0  0  6  0  0
    8 -1.1836401947468987e-09   0  0  2  0  6  0  0
    8  1.1836401947468987e-09   0  0  0  2  6  0  0
    8  5.7943388192822462e-21   1  0  0  0  7  0  0
    8 -5.7943388192822462e-21   0  1  0  0  7  0  0
 -608  0.0000000000000000e+00   0  0  0  0  0  0  0

tpsa, NO = 8, NV = 7, INA = 58470
------------------------------------------------------------------

   |I|         a                i  i  i  i  i  i  i
                I                1  2  3  4  5  6  7

    3 -2.7920495293305671e-14   3  0  0  0  0  0  0
    3 -6.1774467975676479e-14   2  1  0  0  0  0  0
    3  6.1774467975676479e-14   1  2  0  0  0  0  0
    3  2.7920495293305671e-14   0  3  0  0  0  0  0
    3  3.0239234761261185e-14   1  0  2  0  0  0  0
    3 -8.8829682426081394e-15   0  1  2  0  0  0  0
    3 -2.9531717916123280e-14   1  0  1  1  0  0  0
    3  2.9531717916123280e-14   0  1  1  1  0  0  0
    3  8.8829682426081394e-15   1  0  0  2  0  0  0
    3 -3.0239234761261185e-14   0  1  0  2  0  0  0
    3 -2.8733155359632108e-13   2  0  0  0  1  0  0
    3  2.8733155359632108e-13   0  2  0  0  1  0  0
    3  1.3828186213109671e-13   0  0  2  0  1  0  0
    3 -1.3828186213109671e-13   0  0  0  2  1  0  0
    3  2.2081209479340954e-25   1  0  0  0  2  0  0
    3 -2.2081209479340954e-25   0  1  0  0  2  0  0
    4 -3.9329269324531605e-17   4  0  0  0  0  0  0
    4  4.7182942384138086e-17   3  1  0  0  0  0  0
    4 -4.7182942384138086e-17   1  3  0  0  0  0  0
    4  3.9329269324531605e-17   0  4  0  0  0  0  0
    4 -6.3019645107581973e-18   2  0  2  0  0  0  0
    4 -4.4080724655869098e-17   1  1  2  0  0  0  0
    4  4.5267322362491667e-17   0  2  2  0  0  0  0
    4  1.0963027493678582e-17   0  0  4  0  0  0  0
    4 -3.7214536419213926e-17   2  0  1  1  0  0  0
    4  3.7214536419213926e-17   0  2  1  1  0  0  0
    4 -3.5145570032835964e-17   0  0  3  1  0  0  0
    4 -4.5267322362491667e-17   2  0  0  2  0  0  0
    4  4.4080724655869098e-17   1  1  0  2  0  0  0
    4  6.3019645107581973e-18   0  2  0  2  0  0  0
    4  3.5145570032835964e-17   0  0  1  3  0  0  0
    4 -1.0963027493678582e-17   0  0  0  4  0  0  0
    4  1.1286282284865143e-16   3  0  0  0  1  0  0
    4 -6.5276945198660553e-16   2  1  0  0  1  0  0
    4  6.5276945198660553e-16   1  2  0  0  1  0  0
    4 -1.1286282284865143e-16   0  3  0  0  1  0  0
    4 -1.6539151219238103e-17   1  0  2  0  1  0  0
    4  3.6442345601193946e-16   0  1  2  0  1  0  0
    4  3.6174146971061675e-16   1  0  1  1  1  0  0
    4 -3.6174146971061675e-16   0  1  1  1  1  0  0
    4 -3.6442345601193946e-16   1  0  0  2  1  0  0
    4  1.6539151219238103e-17   0  1  0  2  1  0  0
    4 -4.1357109471823278e-15   2  0  0  0  2  0  0
    4  4.1357109471823278e-15   0  2  0  0  2  0  0
    4  3.7059392028347564e-15   0  0  2  0  2  0  0
    4 -3.7059392028347564e-15   0  0  0  2  2  0  0
    5  1.1040758233127492e-19   5  0  0  0  0  0  0
    5  4.7556267078129689e-20   4  1  0  0  0  0  0
    5  1.6949725700651878e-19   3  2  0  0  0  0  0
    5 -1.6949725700651878e-19   2  3  0  0  0  0  0
    5 -4.7556267078129689e-20   1  4  0  0  0  0  0
    5 -1.1040758233127492e-19   0  5  0  0  0  0  0
    5  5.9626573321801983e-20   3  0  2  0  0  0  0
    5 -8.7375270497427815e-20   2  1  2  0  0  0  0
    5 -1.9931949538467607e-19   1  2  2  0  0  0  0
    5  2.0261090881926979e-20   0  3  2  0  0  0  0
    5  8.6089548382740124e-21   1  0  4  0  0  0  0
    5 -7.1553026674093097e-20   0  1  4  0  0  0  0
    5  8.8977297543168933e-20   3  0  1  1  0  0  0
    5  3.0303252492620629e-19   2  1  1  1  0  0  0
    5 -3.0303252492620629e-19   1  2  1  1  0  0  0
    5 -8.8977297543168933e-20   0  3  1  1  0  0  0
    5 -6.9218787211874901e-20   1  0  3  1  0  0  0
    5 -3.3768000613155524e-20   0  1  3  1  0  0  0
    5 -2.0261090881926979e-20   3  0  0  2  0  0  0
    5  1.9931949538467607e-19   2  1  0  2  0  0  0
    5  8.7375270497427815e-20   1  2  0  2  0  0  0
    5 -5.9626573321801983e-20   0  3  0  2  0  0  0
    5  5.6379365149544950e-20   1  0  2  2  0  0  0
    5 -5.6379365149544950e-20   0  1  2  2  0  0  0
    5  3.3768000613155524e-20   1  0  1  3  0  0  0
    5  6.9218787211874901e-20   0  1  1  3  0  0  0
    5  7.1553026674093097e-20   1  0  0  4  0  0  0
    5 -8.6089548382740124e-21   0  1  0  4  0  0  0
    5 -4.2050187347572611e-19   4  0  0  0  1  0  0
    5  2.4496169471295086e-19   3  1  0  0  1  0  0
    5 -2.4496169471295086e-19   1  3  0  0  1  0  0
    5  4.2050187347572611e-19   0  4  0  0  1  0  0
    5 -2.4008991162185346e-21   2  0  2  0  1  0  0
    5 -1.2060095079937309e-18   1  1  2  0  1  0  0
    5 -3.1553392590163364e-20   0  2  2  0  1  0  0
    5 -1.4549280492632966e-19   0  0  4  0  1  0  0
    5  7.4074649372286002e-19   2  0  1  1  1  0  0
    5 -7.4074649372286002e-19   0  2  1  1  1  0  0
    5  2.5471736821769673e-21   0  0  3  1  1  0  0
    5  3.1553392590163364e-20   2  0  0  2  1  0  0
    5  1.2060095079937309e-18   1  1  0  2  1  0  0
    5  2.4008991162185346e-21   0  2  0  2  1  0  0
    5 -2.5471736821769673e-21   0  0  1  3  1  0  0
    5  1.4549280492632966e-19   0  0  0  4  1  0  0
    5  7.2600987911430889e-19   3  0  0  0  2  0  0
    5 -5.1125274995193696e-18   2  1  0  0  2  0  0
    5  5.1125274995193696e-18   1  2  0  0  2  0  0
    5 -7.2600987911430889e-19   0  3  0  0  2  0  0
    5 -2.1118149877951992e-18   1  0  2  0  2  0  0
    5  6.7667678005440862e-18   0  1  2  0  2  0  0
    5 -1.2838695207851170e-17   1  0  1  1  2  0  0
    5  1.2838695207851170e-17   0  1  1  1  2  0  0
    5 -6.7667678005440862e-18   1  0  0  2  2  0  0
    5  2.1118149877951992e-18   0  1  0  2  2  0  0
    5  9.9419608869648378e-18   2  0  0  0  3  0  0
    5 -9.9419608869648378e-18   0  2  0  0  3  0  0
    5 -2.1391569994320046e-17   0  0  2  0  3  0  0
    5  2.1391569994320046e-17   0  0  0  2  3  0  0
    6 -2.7691470907710372e-24   6  0  0  0  0  0  0
    6  3.9122068165542223e-22   5  1  0  0  0  0  0
    6 -8.9361637954723103e-23   4  2  0  0  0  0  0
    6  8.9361637954723103e-23   2  4  0  0  0  0  0
    6 -3.9122068165542223e-22   1  5  0  0  0  0  0
    6  2.7691470907710372e-24   0  6  0  0  0  0  0
    6 -6.2515546859417366e-22   4  0  2  0  0  0  0
    6 -3.1382188168546888e-23   3  1  2  0  0  0  0
    6  4.4433347707573427e-22   2  2  2  0  0  0  0
    6 -4.2036795844857749e-23   1  3  2  0  0  0  0
    6  6.0845086347254526e-23   0  4  2  0  0  0  0
    6  7.4554577315791386e-23   2  0  4  0  0  0  0
    6  9.9049063923982694e-23   1  1  4  0  0  0  0
    6  1.1883657242525428e-22   0  2  4  0  0  0  0
    6  2.0195801147939670e-23   0  0  6  0  0  0  0
    6 -2.3976442351538856e-22   4  0  1  1  0  0  0
    6 -6.6820177061153969e-22   3  1  1  1  0  0  0
    6  6.6820177061153969e-22   1  3  1  1  0  0  0
    6  2.3976442351538856e-22   0  4  1  1  0  0  0
    6  6.6236762123522798e-23   2  0  3  1  0  0  0
    6  5.0987786695077686e-22   1  1  3  1  0  0  0
    6  3.0139017610767428e-23   0  2  3  1  0  0  0
    6  1.0733715532002186e-23   0  0  5  1  0  0  0
    6 -6.0845086347254526e-23   4  0  0  2  0  0  0
    6  4.2036795844857749e-23   3  1  0  2  0  0  0
    6 -4.4433347707573427e-22   2  2  0  2  0  0  0
    6  3.1382188168546888e-23   1  3  0  2  0  0  0
    6  6.2515546859417366e-22   0  4  0  2  0  0  0
    6 -2.7245722048836889e-22   2  0  2  2  0  0  0
    6  2.7245722048836889e-22   0  2  2  2  0  0  0
    6  1.3231688439541271e-23   0  0  4  2  0  0  0
    6 -3.0139017610767428e-23   2  0  1  3  0  0  0
    6 -5.0987786695077686e-22   1  1  1  3  0  0  0
    6 -6.6236762123522798e-23   0  2  1  3  0  0  0
    6 -1.1883657242525428e-22   2  0  0  4  0  0  0
    6 -9.9049063923982694e-23   1  1  0  4  0  0  0
    6 -7.4554577315791386e-23   0  2  0  4  0  0  0
    6 -1.3231688439541271e-23   0  0  2  4  0  0  0
    6 -1.0733715532002186e-23   0  0  1  5  0  0  0
    6 -2.0195801147939670e-23   0  0  0  6  0  0  0
    6  4.0102572107936934e-21   5  0  0  0  1  0  0
    6 -2.5742071156119312e-21   4  1  0  0  1  0  0
    6  6.7650875955824444e-21   3  2  0  0  1  0  0
    6 -6.7650875955824444e-21   2  3  0  0  1  0  0
    6  2.5742071156119312e-21   1  4  0  0  1  0  0
    6 -4.0102572107936934e-21   0  5  0  0  1  0  0
    6 -3.8568824395801272e-22   3  0  2  0  1  0  0
    6  8.6371935052594508e-21   2  1  2  0  1  0  0
    6 -6.2057909449530336e-21   1  2  2  0  1  0  0
    6 -2.7284089140684174e-22   0  3  2  0  1  0  0
    6  1.4712151486196635e-22   1  0  4  0  1  0  0
    6 -2.8448133119465970e-22   0  1  4  0  1  0  0
    6 -1.5339547030142287e-21   3  0  1  1  1  0  0
    6 -4.5834756029296594e-22   2  1  1  1  1  0  0
    6  4.5834756029296594e-22   1  2  1  1  1  0  0
    6  1.5339547030142287e-21   0  3  1  1  1  0  0
    6  1.8684715979357744e-21   1  0  3  1  1  0  0
    6 -1.7857896411842043e-21   0  1  3  1  1  0  0
    6  2.7284089140684174e-22   3  0  0  2  1  0  0
    6  6.2057909449530336e-21   2  1  0  2  1  0  0
    6 -8.6371935052594508e-21   1  2  0  2  1  0  0
    6  3.8568824395801272e-22   0  3  0  2  1  0  0
    6 -2.2293575366703847e-21   1  0  2  2  1  0  0
    6  2.2293575366703847e-21   0  1  2  2  1  0  0
    6  1.7857896411842043e-21   1  0  1  3  1  0  0
    6 -1.8684715979357744e-21   0  1  1  3  1  0  0
    6  2.8448133119465970e-22   1  0  0  4  1  0  0
    6 -1.4712151486196635e-22   0  1  0  4  1  0  0
    6  2.3495789972323032e-20   4  0  0  0  2  0  0
    6 -1.4658546719555919e-20   3  1  0  0  2  0  0
    6  1.4658546719555919e-20   1  3  0  0  2  0  0
    6 -2.3495789972323032e-20   0  4  0  0  2  0  0
    6 -3.8570002195755547e-21   2  0  2  0  2  0  0
    6  2.3177876273385876e-22   1  1  2  0  2  0  0
    6  9.9393328257698465e-22   0  2  2  0  2  0  0
    6 -1.9792889330649225e-21   0  0  4  0  2  0  0
    6  2.7315002089595410e-20   2  0  1  1  2  0  0
    6 -2.7315002089595410e-20   0  2  1  1  2  0  0
    6  3.9263425537888182e-21   0  0  3  1  2  0  0
    6 -9.9393328257698465e-22   2  0  0  2  2  0  0
    6 -2.3177876273385876e-22   1  1  0  2  2  0  0
    6  3.8570002195755547e-21   0  2  0  2  2  0  0
    6 -3.9263425537888182e-21   0  0  1  3  2  0  0
    6  1.9792889330649225e-21   0  0  0  4  2  0  0
    6 -1.1383792192645803e-19   3  0  0  0  3  0  0
    6  5.2449287570329780e-19   2  1  0  0  3  0  0
    6 -5.2449287570329780e-19   1  2  0  0  3  0  0
    6  1.1383792192645803e-19   0  3  0  0  3  0  0
    6  5.9968137970974221e-20   1  0  2  0  3  0  0
    6  1.2332762928618123e-19   0  1  2  0  3  0  0
    6 -4.9701107856078011e-20   1  0  1  1  3  0  0
    6  4.9701107856078011e-20   0  1  1  1  3  0  0
    6 -1.2332762928618123e-19   1  0  0  2  3  0  0
    6 -5.9968137970974221e-20   0  1  0  2  3  0  0
    6 -2.5820234739216735e-19   2  0  0  0  4  0  0
    6  2.5820234739216735e-19   0  2  0  0  4  0  0
    6 -3.3555847978844678e-20   0  0  2  0  4  0  0
    6  3.3555847978844678e-20   0  0  0  2  4  0  0
    7 -2.5955369350261808e-25   7  0  0  0  0  0  0
    7 -2.0173172231406092e-25   6  1  0  0  0  0  0
    7  3.2096207404140055e-25   5  2  0  0  0  0  0
    7 -1.5547088370709609e-24   4  3  0  0  0  0  0
    7  1.5547088370709609e-24   3  4  0  0  0  0  0
    7 -3.2096207404140055e-25   2  5  0  0  0  0  0
    7  2.0173172231406092e-25   1  6  0  0  0  0  0
    7  2.5955369350261808e-25   0  7  0  0  0  0  0
    7  9.7717420841245377e-25   5  0  2  0  0  0  0
    7 -3.6529085579755987e-25   4  1  2  0  0  0  0
    7 -4.9337608901094351e-24   3  2  2  0  0  0  0
    7  2.7232240469425024e-25   2  3  2  0  0  0  0
    7  2.6735096535448375e-25   1  4  2  0  0  0  0
    7 -1.6346692368904180e-25   3  0  4  0  0  0  0
    7 -4.0261364230168869e-25   2  1  4  0  0  0  0
    7  8.2912083403393263e-25   1  2  4  0  0  0  0
    7 -9.8685032765783608e-25   5  0  1  1  0  0  0
    7  1.9668407129737443e-24   4  1  1  1  0  0  0
    7 -8.2687926392300564e-25   3  2  1  1  0  0  0
    7  8.2687926392300564e-25   2  3  1  1  0  0  0
    7 -1.9668407129737443e-24   1  4  1  1  0  0  0
    7  9.8685032765783608e-25   0  5  1  1  0  0  0
    7  4.4778842648830843e-25   3  0  3  1  0  0  0
    7 -4.5461555324981115e-24   2  1  3  1  0  0  0
    7  1.4959447855085855e-24   1  2  3  1  0  0  0
    7 -2.2728557596770738e-25   0  3  3  1  0  0  0
    7 -2.6735096535448375e-25   4  1  0  2  0  0  0
    7 -2.7232240469425024e-25   3  2  0  2  0  0  0
    7  4.9337608901094351e-24   2  3  0  2  0  0  0
    7  3.6529085579755987e-25   1  4  0  2  0  0  0
    7 -9.7717420841245377e-25   0  5  0  2  0  0  0
    7 -3.9016861634809007e-25   3  0  2  2  0  0  0
    7  2.7779509989149018e-24   2  1  2  2  0  0  0
    7 -2.7779509989149018e-24   1  2  2  2  0  0  0
    7  3.9016861634809007e-25   0  3  2  2  0  0  0
    7 -4.9152962524890687e-25   1  0  4  2  0  0  0
    7  2.3216766739465582e-25   0  1  4  2  0  0  0
    7  2.2728557596770738e-25   3  0  1  3  0  0  0
    7 -1.4959447855085855e-24   2  1  1  3  0  0  0
    7  4.5461555324981115e-24   1  2  1  3  0  0  0
    7 -4.4778842648830843e-25   0  3  1  3  0  0  0
    7  3.7107382684746988e-25   1  0  3  3  0  0  0
    7 -3.7107382684746988e-25   0  1  3  3  0  0  0
    7 -8.2912083403393263e-25   2  1  0  4  0  0  0
    7  4.0261364230168869e-25   1  2  0  4  0  0  0
    7  1.6346692368904180e-25   0  3  0  4  0  0  0
    7 -2.3216766739465577e-25   1  0  2  4  0  0  0
    7  4.9152962524890678e-25   0  1  2  4  0  0  0
    7 -3.6206549307414098e-25   6  0  0  0  1  0  0
    7  6.9331919533717664e-24   5  1  0  0  1  0  0
    7  8.4918426780437484e-24   4  2  0  0  1  0  0
    7 -8.4918426780437484e-24   2  4  0  0  1  0  0
    7 -6.9331919533717664e-24   1  5  0  0  1  0  0
    7  3.6206549307414098e-25   0  6  0  0  1  0  0
    7  1.5431900478289855e-24   4  0  2  0  1  0  0
    7  1.1390545719590855e-23   3  1  2  0  1  0  0
    7 -6.1256844912657744e-24   2  2  2  0  1  0  0
    7  6.2338491210497652e-25   1  3  2  0  1  0  0
    7  2.9140416208879797e-24   0  4  2  0  1  0  0
    7 -1.5671058869253617e-24   2  0  4  0  1  0  0
    7  4.8073206051655548e-24   1  1  4  0  1  0  0
    7  2.9165146840948433e-25   0  2  4  0  1  0  0
    7  1.3512823008618857e-25   0  0  6  0  1  0  0
    7 -2.3913333019797581e-24   4  0  1  1  1  0  0
    7 -5.3571936203771968e-24   3  1  1  1  1  0  0
    7  5.3571936203771968e-24   1  3  1  1  1  0  0
    7  2.3913333019797581e-24   0  4  1  1  1  0  0
    7  2.2490146341659354e-24   2  0  3  1  1  0  0
    7 -7.5971756804543310e-24   1  1  3  1  1  0  0
    7  3.4786828815618538e-24   0  2  3  1  1  0  0
    7  1.2866977490993447e-25   0  0  5  1  1  0  0
    7 -2.9140416208879797e-24   4  0  0  2  1  0  0
    7 -6.2338491210497652e-25   3  1  0  2  1  0  0
    7  6.1256844912657744e-24   2  2  0  2  1  0  0
    7 -1.1390545719590855e-23   1  3  0  2  1  0  0
    7 -1.5431900478289855e-24   0  4  0  2  1  0  0
    7 -1.0972987453998691e-23   2  0  2  2  1  0  0
    7  1.0972987453998691e-23   0  2  2  2  1  0  0
    7 -9.3387378213308580e-25   0  0  4  2  1  0  0
    7 -3.4786828815618538e-24   2  0  1  3  1  0  0
    7  7.5971756804543310e-24   1  1  1  3  1  0  0
    7 -2.2490146341659354e-24   0  2  1  3  1  0  0
    7 -2.9165146840948433e-25   2  0  0  4  1  0  0
    7 -4.8073206051655548e-24   1  1  0  4  1  0  0
    7  1.5671058869253617e-24   0  2  0  4  1  0  0
    7  9.3387378213308580e-25   0  0  2  4  1  0  0
    7 -1.2866977490993447e-25   0  0  1  5  1  0  0
    7 -1.3512823008618857e-25   0  0  0  6  1  0  0
    7 -7.8601410025200560e-23   5  0  0  0  2  0  0
    7  4.3046433538130923e-23   4  1  0  0  2  0  0
    7 -2.9160234805605969e-22   3  2  0  0  2  0  0
    7  2.9160234805605969e-22   2  3  0  0  2  0  0
    7 -4.3046433538130923e-23   1  4  0  0  2  0  0
    7  7.8601410025200560e-23   0  5  0  0  2  0  0
    7  7.6103458817363085e-24   3  0  2  0  2  0  0
    7 -5.5728279602584448e-23   2  1  2  0  2  0  0
    7 -1.0249728206342898e-22   1  2  2  0  2  0  0
    7  6.4787074408134291e-24   0  3  2  0  2  0  0
    7 -5.9654269104114088e-25   1  0  4  0  2  0  0
    7  5.9955486670552482e-24   0  1  4  0  2  0  0
    7  2.3275100002677089e-23   3  0  1  1  2  0  0
    7  2.0655201355109306e-22   2  1  1  1  2  0  0
    7 -2.0655201355109306e-22   1  2  1  1  2  0  0
    7 -2.3275100002677089e-23   0  3  1  1  2  0  0
    7 -1.5225894255762817e-23   1  0  3  1  2  0  0
    7 -2.3097697566272076e-23   0  1  3  1  2  0  0
    7 -6.4787074408134291e-24   3  0  0  2  2  0  0
    7  1.0249728206342898e-22   2  1  0  2  2  0  0
    7  5.5728279602584448e-23   1  2  0  2  2  0  0
    7 -7.6103458817363085e-24   0  3  0  2  2  0  0
    7  1.1453840304198180e-22   1  0  2  2  2  0  0
    7 -1.1453840304198180e-22   0  1  2  2  2  0  0
    7  2.3097697566272076e-23   1  0  1  3  2  0  0
    7  1.5225894255762817e-23   0  1  1  3  2  0  0
    7 -5.9955486670552482e-24   1  0  0  4  2  0  0
    7  5.9654269104114088e-25   0  1  0  4  2  0  0
    7 -3.1771477717483740e-22   4  0  0  0  3  0  0
    7 -2.5313959463055852e-24   3  1  0  0  3  0  0
    7  2.5313959463055852e-24   1  3  0  0  3  0  0
    7  3.1771477717483740e-22   0  4  0  0  3  0  0
    7 -1.4720437495496325e-23   2  0  2  0  3  0  0
    7  4.4931376817770255e-22   1  1  2  0  3  0  0
    7 -1.9901425438702706e-23   0  2  2  0  3  0  0
    7 -7.4928353596693216e-24   0  0  4  0  3  0  0
    7  4.8818651511813739e-23   2  0  1  1  3  0  0
    7 -4.8818651511813739e-23   0  2  1  1  3  0  0
    7  1.7035946198190411e-23   0  0  3  1  3  0  0
    7  1.9901425438702706e-23   2  0  0  2  3  0  0
    7 -4.4931376817770255e-22   1  1  0  2  3  0  0
    7  1.4720437495496325e-23   0  2  0  2  3  0  0
    7 -1.7035946198190411e-23   0  0  1  3  3  0  0
    7  7.4928353596693216e-24   0  0  0  4  3  0  0
    7  2.1074203979544061e-21   3  0  0  0  4  0  0
    7 -9.2760297335918155e-21   2  1  0  0  4  0  0
    7  9.2760297335918155e-21   1  2  0  0  4  0  0
    7 -2.1074203979544061e-21   0  3  0  0  4  0  0
    7 -1.2290178446793850e-21   1  0  2  0  4  0  0
    7 -1.1190620700301001e-22   0  1  2  0  4  0  0
    7  1.1297289802031952e-21   1  0  1  1  4  0  0
    7 -1.1297289802031952e-21   0  1  1  1  4  0  0
    7  1.1190620700301001e-22   1  0  0  2  4  0  0
    7  1.2290178446793850e-21   0  1  0  2  4  0  0
    7 -1.4068826722848673e-21   2  0  0  0  5  0  0
    7  1.4068826722848673e-21   0  2  0  0  5  0  0
    7  1.5370267823212626e-21   0  0  2  0  5  0  0
    7 -1.5370267823212626e-21   0  0  0  2  5  0  0
    8  1.3941153870662840e-25   4  3  0  0  1  0  0
    8 -1.3941153870662840e-25   3  4  0  0  1  0  0
    8 -1.6090742476949813e-25   2  1  2  2  1  0  0
    8  1.6090742476949813e-25   1  2  2  2  1  0  0
    8 -2.9621249279399909e-25   5  1  0  0  2  0  0
    8  2.9621249279399909e-25   1  5  0  0  2  0  0
    8  9.6744230509209624e-25   4  0  2  0  2  0  0
    8 -1.3815798142028653e-25   2  2  2  0  2  0  0
    8  1.2079515735846211e-25   4  0  1  1  2  0  0
    8  4.7258845990292970e-25   3  1  1  1  2  0  0
    8 -4.7258845990292970e-25   1  3  1  1  2  0  0
    8 -1.2079515735846211e-25   0  4  1  1  2  0  0
    8  1.3815798142028653e-25   2  2  0  2  2  0  0
    8 -9.6744230509209624e-25   0  4  0  2  2  0  0
    8 -1.1825367883235965e-25   2  0  2  2  2  0  0
    8  1.1825367883235965e-25   0  2  2  2  2  0  0
    8  1.5863015669542884e-24   5  0  0  0  3  0  0
    8 -9.5586624579703319e-25   4  1  0  0  3  0  0
    8  5.2374950131635800e-24   3  2  0  0  3  0  0
    8 -5.2374950131635800e-24   2  3  0  0  3  0  0
    8  9.5586624579703319e-25   1  4  0  0  3  0  0
    8 -1.5863015669542884e-24   0  5  0  0  3  0  0
    8  1.4870564506945604e-25   3  0  2  0  3  0  0
    8  8.3858310649360372e-25   2  1  2  0  3  0  0
    8  2.4243381869719645e-24   1  2  2  0  3  0  0
    8 -1.0533803909727599e-25   0  3  2  0  3  0  0
    8 -1.4343313300149205e-25   1  0  4  0  3  0  0
    8  2.0859224261684584e-25   0  1  4  0  3  0  0
    8  3.8195716418890826e-25   3  0  1  1  3  0  0
    8 -9.1329830564819207e-24   2  1  1  1  3  0  0
    8  9.1329830564819207e-24   1  2  1  1  3  0  0
    8 -3.8195716418890826e-25   0  3  1  1  3  0  0
    8 -1.5982126709737437e-25   1  0  3  1  3  0  0
    8  6.9757642468910798e-25   0  1  3  1  3  0  0
    8  1.0533803909727599e-25   3  0  0  2  3  0  0
    8 -2.4243381869719645e-24   2  1  0  2  3  0  0
    8 -8.3858310649360372e-25   1  2  0  2  3  0  0
    8 -1.4870564506945604e-25   0  3  0  2  3  0  0
    8  7.4971006228226578e-25   1  0  2  2  3  0  0
    8 -7.4971006228226578e-25   0  1  2  2  3  0  0
    8 -6.9757642468910798e-25   1  0  1  3  3  0  0
    8  1.5982126709737437e-25   0  1  1  3  3  0  0
    8 -2.0859224261684584e-25   1  0  0  4  3  0  0
    8  1.4343313300149205e-25   0  1  0  4  3  0  0
    8  3.5039361351716568e-24   4  0  0  0  4  0  0
    8  1.4474738375362690e-24   3  1  0  0  4  0  0
    8 -1.4474738375362690e-24   1  3  0  0  4  0  0
    8 -3.5039361351716568e-24   0  4  0  0  4  0  0
    8  3.1766329746190136e-25   2  0  2  0  4  0  0
    8 -7.9276220218298910e-24   1  1  2  0  4  0  0
    8 -1.2978706603877419e-24   0  2  2  0  4  0  0
    8  1.0399262223500381e-23   2  0  1  1  4  0  0
    8 -1.0399262223500381e-23   0  2  1  1  4  0  0
    8 -8.1101775020686707e-25   0  0  3  1  4  0  0
    8  1.2978706603877419e-24   2  0  0  2  4  0  0
    8  7.9276220218298910e-24   1  1  0  2  4  0  0
    8 -3.1766329746190136e-25   0  2  0  2  4  0  0
    8  8.1101775020686707e-25   0  0  1  3  4  0  0
    8 -3.7131298082400248e-23   3  0  0  0  5  0  0
    8  1.8632087501160378e-22   2  1  0  0  5  0  0
    8 -1.8632087501160378e-22   1  2  0  0  5  0  0
    8  3.7131298082400248e-23   0  3  0  0  5  0  0
    8  4.5151137390574694e-23   1  0  2  0  5  0  0
    8 -5.5648295919396948e-24   0  1  2  0  5  0  0
    8 -2.0393854853518519e-22   1  0  1  1  5  0  0
    8  2.0393854853518519e-22   0  1  1  1  5  0  0
    8  5.5648295919396948e-24   1  0  0  2  5  0  0
    8 -4.5151137390574694e-23   0  1  0  2  5  0  0
    8  9.0266651712554521e-23   2  0  0  0  6  0  0
    8 -9.0266651712554521e-23   0  2  0  0  6  0  0
    8 -1.4163317348375767e-23   0  0  2  0  6  0  0
    8  1.4163317348375767e-23   0  0  0  2  6  0  0
 -420  0.0000000000000000e+00   0  0  0  0  0  0  0
