
tpsa, NO = 8, NV = 7, INA = 48089
------------------------------------------------------------------

   |I|         a                i  i  i  i  i  i  i
                I                1  2  3  4  5  6  7

    2  1.0295420994779205e-25   1  1  0  0  0  0  0
    3 -2.5179149969161176e-07   3  0  0  0  0  0  0
    3 -2.6208860391547194e-07   2  1  0  0  0  0  0
    3 -2.6208860391547194e-07   1  2  0  0  0  0  0
    3 -2.5179149969161176e-07   0  3  0  0  0  0  0
    3 -4.0239072548074464e-07   1  0  2  0  0  0  0
    3  4.1212007925601934e-07   0  1  2  0  0  0  0
    3 -1.0732642653820071e-07   1  0  1  1  0  0  0
    3 -1.0732642653820071e-07   0  1  1  1  0  0  0
    3  4.1212007925601934e-07   1  0  0  2  0  0  0
    3 -4.0239072548074464e-07   0  1  0  2  0  0  0
    3 -3.0340295266096415e-07   2  0  0  0  1  0  0
    3 -4.4999563411873790e-15   1  1  0  0  1  0  0
    3 -3.0340295266096415e-07   0  2  0  0  1  0  0
    3 -3.4200072537146085e-07   0  0  2  0  1  0  0
    3 -5.1391082390650424e-15   0  0  1  1  1  0  0
    3 -3.4200072537146085e-07   0  0  0  2  1  0  0
    3  3.9434171493660826e-07   1  0  0  0  2  0  0
    3  3.9434171493660826e-07   0  1  0  0  2  0  0
    3 -5.2101767172201766e-08   0  0  0  0  3  0  0
    4 -8.4762179929344951e-08   4  0  0  0  0  0  0
    4  3.2416821149221785e-08   3  1  0  0  0  0  0
    4  2.9727521823941417e-07   2  2  0  0  0  0  0
    4  3.2416821149221785e-08   1  3  0  0  0  0  0
    4 -8.4762179929344951e-08   0  4  0  0  0  0  0
    4  9.0942392081167396e-08   2  0  2  0  0  0  0
    4  2.7990302561659041e-07   1  1  2  0  0  0  0
    4 -5.9713201484374852e-08   0  2  2  0  0  0  0
    4  1.4646259535783389e-08   0  0  4  0  0  0  0
    4 -1.7533283213862395e-07   2  0  1  1  0  0  0
    4 -8.9897872994890964e-07   1  1  1  1  0  0  0
    4 -1.7533283213862395e-07   0  2  1  1  0  0  0
    4  1.6306434933304373e-07   0  0  3  1  0  0  0
    4 -5.9713201484374852e-08   2  0  0  2  0  0  0
    4  2.7990302561659041e-07   1  1  0  2  0  0  0
    4  9.0942392081167396e-08   0  2  0  2  0  0  0
    4  1.9634403185643544e-07   0  0  2  2  0  0  0
    4  1.6306434933304373e-07   0  0  1  3  0  0  0
    4  1.4646259535783389e-08   0  0  0  4  0  0  0
    4  3.2958592861997319e-08   3  0  0  0  1  0  0
    4 -1.8848909329273735e-07   2  1  0  0  1  0  0
    4 -1.8848909329273735e-07   1  2  0  0  1  0  0
    4  3.2958592861997319e-08   0  3  0  0  1  0  0
    4  4.7011919631082289e-08   1  0  2  0  1  0  0
    4 -3.9187098230428456e-07   0  1  2  0  1  0  0
    4  8.5630024925096285e-08   1  0  1  1  1  0  0
    4  8.5630024925096285e-08   0  1  1  1  1  0  0
    4 -3.9187098230428456e-07   1  0  0  2  1  0  0
    4  4.7011919631082289e-08   0  1  0  2  1  0  0
    4 -2.6100927247408639e-08   2  0  0  0  2  0  0
    4  5.3175315103398394e-07   1  1  0  0  2  0  0
    4 -2.6100927247408639e-08   0  2  0  0  2  0  0
    4 -4.2350451752934776e-07   0  0  2  0  2  0  0
    4 -1.5729880881939456e-07   0  0  1  1  2  0  0
    4 -4.2350451752934776e-07   0  0  0  2  2  0  0
    4 -7.2199809068789399e-09   1  0  0  0  3  0  0
    4 -7.2199809068789399e-09   0  1  0  0  3  0  0
    4  7.8822637175380657e-07   0  0  0  0  4  0  0
    5  7.3798842244237497e-08   5  0  0  0  0  0  0
    5 -8.5402607654724087e-09   4  1  0  0  0  0  0
    5  6.9863803395650621e-08   3  2  0  0  0  0  0
    5  6.9863803395650621e-08   2  3  0  0  0  0  0
    5 -8.5402607654724087e-09   1  4  0  0  0  0  0
    5  7.3798842244237497e-08   0  5  0  0  0  0  0
    5 -1.2934205568436907e-08   3  0  2  0  0  0  0
    5  7.4715192178291091e-08   2  1  2  0  0  0  0
    5  1.8080727391829414e-07   1  2  2  0  0  0  0
    5  1.5772897731576677e-08   0  3  2  0  0  0  0
    5 -6.6658680374276720e-09   1  0  4  0  0  0  0
    5  2.0092004622424003e-08   0  1  4  0  0  0  0
    5  5.0584583977549292e-08   3  0  1  1  0  0  0
    5 -5.9197866335016945e-08   2  1  1  1  0  0  0
    5 -5.9197866335016945e-08   1  2  1  1  0  0  0
    5  5.0584583977549292e-08   0  3  1  1  0  0  0
    5  4.7070690533190987e-08   1  0  3  1  0  0  0
    5  9.7487804057500696e-08   0  1  3  1  0  0  0
    5  1.5772897731576677e-08   3  0  0  2  0  0  0
    5  1.8080727391829414e-07   2  1  0  2  0  0  0
    5  7.4715192178291091e-08   1  2  0  2  0  0  0
    5 -1.2934205568436907e-08   0  3  0  2  0  0  0
    5 -2.7280130454899638e-08   1  0  2  2  0  0  0
    5 -2.7280130454899638e-08   0  1  2  2  0  0  0
    5  9.7487804057500696e-08   1  0  1  3  0  0  0
    5  4.7070690533190987e-08   0  1  1  3  0  0  0
    5  2.0092004622424003e-08   1  0  0  4  0  0  0
    5 -6.6658680374276720e-09   0  1  0  4  0  0  0
    5 -2.2140937494222568e-08   4  0  0  0  1  0  0
    5  1.1560339108229679e-08   3  1  0  0  1  0  0
    5  1.2733861711586858e-06   2  2  0  0  1  0  0
    5  1.1560339108229679e-08   1  3  0  0  1  0  0
    5 -2.2140937494222568e-08   0  4  0  0  1  0  0
    5  1.4279814130061902e-08   2  0  2  0  1  0  0
    5  1.2888128885329547e-08   1  1  2  0  1  0  0
    5  1.2572246174771836e-08   0  2  2  0  1  0  0
    5  4.7786260315627497e-09   0  0  4  0  1  0  0
    5  8.8724454543894520e-08   2  0  1  1  1  0  0
    5  7.5717398330750885e-07   1  1  1  1  1  0  0
    5  8.8724454543894520e-08   0  2  1  1  1  0  0
    5 -9.7408747760459636e-09   0  0  3  1  1  0  0
    5  1.2572246174771836e-08   2  0  0  2  1  0  0
    5  1.2888128885329547e-08   1  1  0  2  1  0  0
    5  1.4279814130061902e-08   0  2  0  2  1  0  0
    5  8.9377723907615247e-09   0  0  2  2  1  0  0
    5 -9.7408747760459636e-09   0  0  1  3  1  0  0
    5  4.7786260315627497e-09   0  0  0  4  1  0  0
    5  7.9658915185732628e-08   3  0  0  0  2  0  0
    5 -1.2791060444993110e-07   2  1  0  0  2  0  0
    5 -1.2791060444993110e-07   1  2  0  0  2  0  0
    5  7.9658915185732628e-08   0  3  0  0  2  0  0
    5 -2.3260259243994820e-08   1  0  2  0  2  0  0
    5 -1.3331579681119395e-07   0  1  2  0  2  0  0
    5  1.1156062223466765e-07   1  0  1  1  2  0  0
    5  1.1156062223466765e-07   0  1  1  1  2  0  0
    5 -1.3331579681119395e-07   1  0  0  2  2  0  0
    5 -2.3260259243994820e-08   0  1  0  2  2  0  0
    5  2.6259145052429745e-08   2  0  0  0  3  0  0
    5  8.9614072904877165e-07   1  1  0  0  3  0  0
    5  2.6259145052429745e-08   0  2  0  0  3  0  0
    5  1.3437160959176302e-07   0  0  2  0  3  0  0
    5  1.8828136517465824e-07   0  0  1  1  3  0  0
    5  1.3437160959176302e-07   0  0  0  2  3  0  0
    5 -5.0532692656240014e-08   1  0  0  0  4  0  0
    5 -5.0532692656240014e-08   0  1  0  0  4  0  0
    5 -1.3615012710728154e-07   0  0  0  0  5  0  0
    6 -1.3763357182282596e-08   6  0  0  0  0  0  0
    6  1.2078788300995529e-07   5  1  0  0  0  0  0
    6  6.3701713161405571e-08   4  2  0  0  0  0  0
    6 -4.2765235575370147e-07   3  3  0  0  0  0  0
    6  6.3701713161405571e-08   2  4  0  0  0  0  0
    6  1.2078788300995529e-07   1  5  0  0  0  0  0
    6 -1.3763357182282596e-08   0  6  0  0  0  0  0
    6  3.0168109322097163e-08   4  0  2  0  0  0  0
    6 -3.3396701426157997e-08   3  1  2  0  0  0  0
    6 -1.0621937597478092e-08   2  2  2  0  0  0  0
    6  1.6100988674002978e-08   1  3  2  0  0  0  0
    6  3.0270615562318730e-08   0  4  2  0  0  0  0
    6  3.2577457212696426e-09   2  0  4  0  0  0  0
    6  2.1625976704232655e-08   1  1  4  0  0  0  0
    6 -6.6406518038460039e-09   0  2  4  0  0  0  0
    6  6.1987349808891960e-09   0  0  6  0  0  0  0
    6 -5.7474350562830604e-08   4  0  1  1  0  0  0
    6 -3.4766745327952547e-08   3  1  1  1  0  0  0
    6 -1.1790079088519544e-06   2  2  1  1  0  0  0
    6 -3.4766745327952547e-08   1  3  1  1  0  0  0
    6 -5.7474350562830604e-08   0  4  1  1  0  0  0
    6 -4.2241404463206033e-08   2  0  3  1  0  0  0
    6 -2.6550190440639665e-08   1  1  3  1  0  0  0
    6 -1.0725369362288298e-07   0  2  3  1  0  0  0
    6  1.5710579167993383e-08   0  0  5  1  0  0  0
    6  3.0270615562318730e-08   4  0  0  2  0  0  0
    6  1.6100988674002978e-08   3  1  0  2  0  0  0
    6 -1.0621937597478092e-08   2  2  0  2  0  0  0
    6 -3.3396701426157997e-08   1  3  0  2  0  0  0
    6  3.0168109322097163e-08   0  4  0  2  0  0  0
    6 -8.1434385841987457e-08   2  0  2  2  0  0  0
    6 -4.3030503515055257e-07   1  1  2  2  0  0  0
    6 -8.1434385841987457e-08   0  2  2  2  0  0  0
    6  2.2113396673501223e-08   0  0  4  2  0  0  0
    6 -1.0725369362288298e-07   2  0  1  3  0  0  0
    6 -2.6550190440639665e-08   1  1  1  3  0  0  0
    6 -4.2241404463206033e-08   0  2  1  3  0  0  0
    6 -1.6553645837664918e-08   0  0  3  3  0  0  0
    6 -6.6406518038460039e-09   2  0  0  4  0  0  0
    6  2.1625976704232655e-08   1  1  0  4  0  0  0
    6  3.2577457212696426e-09   0  2  0  4  0  0  0
    6  2.2113396673501223e-08   0  0  2  4  0  0  0
    6  1.5710579167993383e-08   0  0  1  5  0  0  0
    6  6.1987349808891960e-09   0  0  0  6  0  0  0
    6  7.9034653423819359e-08   5  0  0  0  1  0  0
    6  8.9839592906600968e-08   4  1  0  0  1  0  0
    6  2.8311450325337358e-07   3  2  0  0  1  0  0
    6  2.8311450325337358e-07   2  3  0  0  1  0  0
    6  8.9839592906600968e-08   1  4  0  0  1  0  0
    6  7.9034653423819359e-08   0  5  0  0  1  0  0
    6  3.1942207235936732e-08   3  0  2  0  1  0  0
    6 -1.4374600164534741e-07   2  1  2  0  1  0  0
    6  1.8048181521831290e-07   1  2  2  0  1  0  0
    6 -1.1325750472944219e-08   0  3  2  0  1  0  0
    6  2.8159728573259707e-08   1  0  4  0  1  0  0
    6  2.0488444434430861e-08   0  1  4  0  1  0  0
    6  4.5916211361199423e-09   3  0  1  1  1  0  0
    6  6.5274145247814817e-08   2  1  1  1  1  0  0
    6  6.5274145247814817e-08   1  2  1  1  1  0  0
    6  4.5916211361199423e-09   0  3  1  1  1  0  0
    6 -3.7806945990071204e-08   1  0  3  1  1  0  0
    6 -1.9349124712151917e-08   0  1  3  1  1  0  0
    6 -1.1325750472944219e-08   3  0  0  2  1  0  0
    6  1.8048181521831290e-07   2  1  0  2  1  0  0
    6 -1.4374600164534741e-07   1  2  0  2  1  0  0
    6  3.1942207235936732e-08   0  3  0  2  1  0  0
    6 -2.6200751046459298e-08   1  0  2  2  1  0  0
    6 -2.6200751046459298e-08   0  1  2  2  1  0  0
    6 -1.9349124712151917e-08   1  0  1  3  1  0  0
    6 -3.7806945990071204e-08   0  1  1  3  1  0  0
    6  2.0488444434430861e-08   1  0  0  4  1  0  0
    6  2.8159728573259707e-08   0  1  0  4  1  0  0
    6  6.1418345078930681e-09   4  0  0  0  2  0  0
    6  1.5358506304318351e-07   3  1  0  0  2  0  0
    6 -8.9837073847840261e-07   2  2  0  0  2  0  0
    6  1.5358506304318351e-07   1  3  0  0  2  0  0
    6  6.1418345078930681e-09   0  4  0  0  2  0  0
    6  3.7822055521299076e-08   2  0  2  0  2  0  0
    6 -9.4191691413040176e-08   1  1  2  0  2  0  0
    6 -6.4691620571856148e-09   0  2  2  0  2  0  0
    6 -1.9134870427608480e-08   0  0  4  0  2  0  0
    6  1.4604467245816347e-07   2  0  1  1  2  0  0
    6 -3.2883324363718384e-08   1  1  1  1  2  0  0
    6  1.4604467245816347e-07   0  2  1  1  2  0  0
    6 -9.1594189118395185e-08   0  0  3  1  2  0  0
    6 -6.4691620571856148e-09   2  0  0  2  2  0  0
    6 -9.4191691413040176e-08   1  1  0  2  2  0  0
    6  3.7822055521299076e-08   0  2  0  2  2  0  0
    6 -1.7883119543205228e-07   0  0  2  2  2  0  0
    6 -9.1594189118395185e-08   0  0  1  3  2  0  0
    6 -1.9134870427608480e-08   0  0  0  4  2  0  0
    6  1.1989137437288878e-08   3  0  0  0  3  0  0
    6 -1.2813422809771039e-07   2  1  0  0  3  0  0
    6 -1.2813422809771039e-07   1  2  0  0  3  0  0
    6  1.1989137437288878e-08   0  3  0  0  3  0  0
    6 -7.0354503437839808e-08   1  0  2  0  3  0  0
    6 -8.3043127513470362e-08   0  1  2  0  3  0  0
    6 -5.3255849288389730e-08   1  0  1  1  3  0  0
    6 -5.3255849288389730e-08   0  1  1  1  3  0  0
    6 -8.3043127513470362e-08   1  0  0  2  3  0  0
    6 -7.0354503437839808e-08   0  1  0  2  3  0  0
    6  5.4196733228932892e-08   2  0  0  0  4  0  0
    6 -6.4562023517741427e-07   1  1  0  0  4  0  0
    6  5.4196733228932892e-08   0  2  0  0  4  0  0
    6  2.1678061621808670e-08   0  0  2  0  4  0  0
    6  5.3336611281208184e-08   0  0  1  1  4  0  0
    6  2.1678061621808670e-08   0  0  0  2  4  0  0
    6 -8.7322500925701801e-08   1  0  0  0  5  0  0
    6 -8.7322500925701801e-08   0  1  0  0  5  0  0
    6 -3.3740830910522133e-08   0  0  0  0  6  0  0
    7 -2.3523625967102315e-09   7  0  0  0  0  0  0
    7 -6.0916646984568653e-08   6  1  0  0  0  0  0
    7  1.5673665122850444e-09   5  2  0  0  0  0  0
    7 -5.2460984084470285e-08   4  3  0  0  0  0  0
    7 -5.2460984084470285e-08   3  4  0  0  0  0  0
    7  1.5673665122850444e-09   2  5  0  0  0  0  0
    7 -6.0916646984568653e-08   1  6  0  0  0  0  0
    7 -2.3523625967102315e-09   0  7  0  0  0  0  0
    7 -1.0035016187201212e-08   5  0  2  0  0  0  0
    7  8.7628732718544763e-11   4  1  2  0  0  0  0
    7  1.4346583881306379e-07   3  2  2  0  0  0  0
    7 -6.0128199457798678e-08   2  3  2  0  0  0  0
    7 -4.2777782206109445e-09   1  4  2  0  0  0  0
    7 -1.6605711635596256e-08   0  5  2  0  0  0  0
    7  2.7366112247168447e-08   3  0  4  0  0  0  0
    7 -8.5180342931611072e-09   2  1  4  0  0  0  0
    7 -3.3922711488756886e-08   1  2  4  0  0  0  0
    7 -5.4658108275775597e-09   0  3  4  0  0  0  0
    7 -7.8127337296576722e-09   1  0  6  0  0  0  0
    7  4.6373095742287122e-09   0  1  6  0  0  0  0
    7  7.7069287643545106e-09   5  0  1  1  0  0  0
    7 -6.9674162570098395e-08   4  1  1  1  0  0  0
    7 -2.2880998697145279e-07   3  2  1  1  0  0  0
    7 -2.2880998697145279e-07   2  3  1  1  0  0  0
    7 -6.9674162570098395e-08   1  4  1  1  0  0  0
    7  7.7069287643545106e-09   0  5  1  1  0  0  0
    7  8.5933359762254701e-09   3  0  3  1  0  0  0
    7  1.5405374308900189e-07   2  1  3  1  0  0  0
    7 -7.9857445005109459e-08   1  2  3  1  0  0  0
    7  3.7288904064357199e-08   0  3  3  1  0  0  0
    7 -1.1131512860276306e-08   1  0  5  1  0  0  0
    7  2.6878496137041464e-08   0  1  5  1  0  0  0
    7 -1.6605711635596256e-08   5  0  0  2  0  0  0
    7 -4.2777782206109445e-09   4  1  0  2  0  0  0
    7 -6.0128199457798678e-08   3  2  0  2  0  0  0
    7  1.4346583881306379e-07   2  3  0  2  0  0  0
    7  8.7628732718544763e-11   1  4  0  2  0  0  0
    7 -1.0035016187201212e-08   0  5  0  2  0  0  0
    7 -6.4141654932031018e-09   3  0  2  2  0  0  0
    7 -6.8331528380724648e-09   2  1  2  2  0  0  0
    7 -6.8331528380724648e-09   1  2  2  2  0  0  0
    7 -6.4141654932031018e-09   0  3  2  2  0  0  0
    7  3.7190985952109373e-08   1  0  4  2  0  0  0
    7  3.0253100266282487e-08   0  1  4  2  0  0  0
    7  3.7288904064357199e-08   3  0  1  3  0  0  0
    7 -7.9857445005109459e-08   2  1  1  3  0  0  0
    7  1.5405374308900189e-07   1  2  1  3  0  0  0
    7  8.5933359762254701e-09   0  3  1  3  0  0  0
    7  2.6434031295036018e-08   1  0  3  3  0  0  0
    7  2.6434031295036018e-08   0  1  3  3  0  0  0
    7 -5.4658108275775597e-09   3  0  0  4  0  0  0
    7 -3.3922711488756886e-08   2  1  0  4  0  0  0
    7 -8.5180342931611072e-09   1  2  0  4  0  0  0
    7  2.7366112247168447e-08   0  3  0  4  0  0  0
    7  3.0253100266282487e-08   1  0  2  4  0  0  0
    7  3.7190985952109373e-08   0  1  2  4  0  0  0
    7  2.6878496137041464e-08   1  0  1  5  0  0  0
    7 -1.1131512860276306e-08   0  1  1  5  0  0  0
    7  4.6373095742287122e-09   1  0  0  6  0  0  0
    7 -7.8127337296576722e-09   0  1  0  6  0  0  0
    7 -1.9817426918548569e-08   6  0  0  0  1  0  0
    7  1.6074704877207614e-07   5  1  0  0  1  0  0
    7  4.3264259321936599e-08   4  2  0  0  1  0  0
    7  3.8914224282255606e-07   3  3  0  0  1  0  0
    7  4.3264259321936599e-08   2  4  0  0  1  0  0
    7  1.6074704877207614e-07   1  5  0  0  1  0  0
    7 -1.9817426918548569e-08   0  6  0  0  1  0  0
    7 -3.0261865117313808e-08   4  0  2  0  1  0  0
    7  2.6549004771549040e-08   3  1  2  0  1  0  0
    7  6.2126360889760378e-08   2  2  2  0  1  0  0
    7  3.3298136206279947e-08   1  3  2  0  1  0  0
    7  2.0939452102233662e-08   0  4  2  0  1  0  0
    7 -1.6196511842701130e-08   2  0  4  0  1  0  0
    7  3.3825120582300183e-08   1  1  4  0  1  0  0
    7  2.3739509424802788e-08   0  2  4  0  1  0  0
    7  3.4361992385944213e-09   0  0  6  0  1  0  0
    7 -1.0750599583321752e-08   4  0  1  1  1  0  0
    7 -2.6353916548619006e-07   3  1  1  1  1  0  0
    7  6.7106336590495074e-07   2  2  1  1  1  0  0
    7 -2.6353916548619006e-07   1  3  1  1  1  0  0
    7 -1.0750599583321752e-08   0  4  1  1  1  0  0
    7  1.1945039125686803e-08   2  0  3  1  1  0  0
    7  7.8447269008803237e-08   1  1  3  1  1  0  0
    7 -4.4187134834612758e-09   0  2  3  1  1  0  0
    7  2.5166067359936310e-09   0  0  5  1  1  0  0
    7  2.0939452102233662e-08   4  0  0  2  1  0  0
    7  3.3298136206279947e-08   3  1  0  2  1  0  0
    7  6.2126360889760378e-08   2  2  0  2  1  0  0
    7  2.6549004771549040e-08   1  3  0  2  1  0  0
    7 -3.0261865117313808e-08   0  4  0  2  1  0  0
    7 -9.9016995536224161e-08   2  0  2  2  1  0  0
    7  3.6905366891827282e-07   1  1  2  2  1  0  0
    7 -9.9016995536224161e-08   0  2  2  2  1  0  0
    7  1.5162630796838310e-08   0  0  4  2  1  0  0
    7 -4.4187134834612758e-09   2  0  1  3  1  0  0
    7  7.8447269008803237e-08   1  1  1  3  1  0  0
    7  1.1945039125686803e-08   0  2  1  3  1  0  0
    7  5.1023508852061275e-08   0  0  3  3  1  0  0
    7  2.3739509424802788e-08   2  0  0  4  1  0  0
    7  3.3825120582300183e-08   1  1  0  4  1  0  0
    7 -1.6196511842701130e-08   0  2  0  4  1  0  0
    7  1.5162630796838310e-08   0  0  2  4  1  0  0
    7  2.5166067359936310e-09   0  0  1  5  1  0  0
    7  3.4361992385944213e-09   0  0  0  6  1  0  0
    7 -5.9668113540306384e-08   5  0  0  0  2  0  0
    7 -4.9470627906761029e-08   4  1  0  0  2  0  0
    7  1.5339743678631239e-07   3  2  0  0  2  0  0
    7  1.5339743678631239e-07   2  3  0  0  2  0  0
    7 -4.9470627906761029e-08   1  4  0  0  2  0  0
    7 -5.9668113540306384e-08   0  5  0  0  2  0  0
    7 -8.7985512760495040e-08   3  0  2  0  2  0  0
    7  1.4158398276030473e-07   2  1  2  0  2  0  0
    7  1.8083612717738607e-07   1  2  2  0  2  0  0
    7  4.4303180964823047e-09   0  3  2  0  2  0  0
    7  6.6310796842419750e-09   1  0  4  0  2  0  0
    7 -6.9854681443449224e-09   0  1  4  0  2  0  0
    7  2.6554416576873027e-08   3  0  1  1  2  0  0
    7  2.4607365269202279e-07   2  1  1  1  2  0  0
    7  2.4607365269202279e-07   1  2  1  1  2  0  0
    7  2.6554416576873027e-08   0  3  1  1  2  0  0
    7  1.9865779561740819e-08   1  0  3  1  2  0  0
    7 -2.9976690808076471e-08   0  1  3  1  2  0  0
    7  4.4303180964823047e-09   3  0  0  2  2  0  0
    7  1.8083612717738607e-07   2  1  0  2  2  0  0
    7  1.4158398276030473e-07   1  2  0  2  2  0  0
    7 -8.7985512760495040e-08   0  3  0  2  2  0  0
    7  9.5657654593199233e-09   1  0  2  2  2  0  0
    7  9.5657654593199233e-09   0  1  2  2  2  0  0
    7 -2.9976690808076471e-08   1  0  1  3  2  0  0
    7  1.9865779561740819e-08   0  1  1  3  2  0  0
    7 -6.9854681443449224e-09   1  0  0  4  2  0  0
    7  6.6310796842419750e-09   0  1  0  4  2  0  0
    7 -6.2366872006893396e-08   4  0  0  0  3  0  0
    7 -1.3453381872348454e-07   3  1  0  0  3  0  0
    7  1.0854492799080203e-07   2  2  0  0  3  0  0
    7 -1.3453381872348454e-07   1  3  0  0  3  0  0
    7 -6.2366872006893396e-08   0  4  0  0  3  0  0
    7  3.2018764673521684e-08   2  0  2  0  3  0  0
    7 -1.7418357369755975e-07   1  1  2  0  3  0  0
    7 -2.3666951758870086e-08   0  2  2  0  3  0  0
    7 -6.7380114355875144e-10   0  0  4  0  3  0  0
    7  7.7317478929162536e-08   2  0  1  1  3  0  0
    7 -5.4815445019568318e-08   1  1  1  1  3  0  0
    7  7.7317478929162536e-08   0  2  1  1  3  0  0
    7 -5.0831900263546122e-09   0  0  3  1  3  0  0
    7 -2.3666951758870086e-08   2  0  0  2  3  0  0
    7 -1.7418357369755975e-07   1  1  0  2  3  0  0
    7  3.2018764673521684e-08   0  2  0  2  3  0  0
    7  2.8248223631857671e-08   0  0  2  2  3  0  0
    7 -5.0831900263546122e-09   0  0  1  3  3  0  0
    7 -6.7380114355875144e-10   0  0  0  4  3  0  0
    7 -5.3686735523893704e-08   3  0  0  0  4  0  0
    7  1.4785878212249296e-07   2  1  0  0  4  0  0
    7  1.4785878212249296e-07   1  2  0  0  4  0  0
    7 -5.3686735523893704e-08   0  3  0  0  4  0  0
    7  2.6202320149606617e-08   1  0  2  0  4  0  0
    7  1.3027737684453771e-08   0  1  2  0  4  0  0
    7  1.3653575701092196e-08   1  0  1  1  4  0  0
    7  1.3653575701092196e-08   0  1  1  1  4  0  0
    7  1.3027737684453771e-08   1  0  0  2  4  0  0
    7  2.6202320149606617e-08   0  1  0  2  4  0  0
    7 -2.5062582165855520e-08   2  0  0  0  5  0  0
    7  5.5929541981057886e-07   1  1  0  0  5  0  0
    7 -2.5062582165855520e-08   0  2  0  0  5  0  0
    7 -2.1848571979789155e-09   0  0  2  0  5  0  0
    7  4.0589780314786698e-09   0  0  1  1  5  0  0
    7 -2.1848571979789155e-09   0  0  0  2  5  0  0
    7  7.1413551835409067e-08   1  0  0  0  6  0  0
    7  7.1413551835409067e-08   0  1  0  0  6  0  0
    7  5.2376564235510463e-08   0  0  0  0  7  0  0
    8 -4.6830009527164842e-10   8  0  0  0  0  0  0
    8  2.5543387639488388e-08   7  1  0  0  0  0  0
    8 -5.1992040086636865e-08   6  2  0  0  0  0  0
    8 -3.8377311003912627e-08   5  3  0  0  0  0  0
    8 -1.1014851176378504e-07   4  4  0  0  0  0  0
    8 -3.8377311003912627e-08   3  5  0  0  0  0  0
    8 -5.1992040086636865e-08   2  6  0  0  0  0  0
    8  2.5543387639488388e-08   1  7  0  0  0  0  0
    8 -4.6830009527164842e-10   0  8  0  0  0  0  0
    8  9.2903608914197333e-09   6  0  2  0  0  0  0
    8  1.6942245762917694e-08   5  1  2  0  0  0  0
    8 -3.6559846472257742e-10   4  2  2  0  0  0  0
    8 -4.5020426938205468e-08   3  3  2  0  0  0  0
    8 -7.1446606360330706e-08   2  4  2  0  0  0  0
    8  1.1535077043593158e-08   1  5  2  0  0  0  0
    8  4.8933758597041457e-09   0  6  2  0  0  0  0
    8 -1.0202877279027971e-08   4  0  4  0  0  0  0
    8  4.4319512243814999e-08   3  1  4  0  0  0  0
    8 -3.2823901269947013e-08   2  2  4  0  0  0  0
    8  5.2379936188682164e-09   1  3  4  0  0  0  0
    8  6.8480974237069566e-09   0  4  4  0  0  0  0
    8  1.7169329894340290e-09   2  0  6  0  0  0  0
    8 -1.2014424135345752e-08   1  1  6  0  0  0  0
    8 -2.9750455603845352e-09   0  2  6  0  0  0  0
    8 -1.9555485844215413e-10   0  0  8  0  0  0  0
    8 -6.4555644821213714e-09   6  0  1  1  0  0  0
    8 -5.4769265431474217e-08   5  1  1  1  0  0  0
    8  4.6626882419632794e-09   4  2  1  1  0  0  0
    8 -5.1519463648517886e-07   3  3  1  1  0  0  0
    8  4.6626882419632794e-09   2  4  1  1  0  0  0
    8 -5.4769265431474217e-08   1  5  1  1  0  0  0
    8 -6.4555644821213714e-09   0  6  1  1  0  0  0
    8  3.2361211343902449e-08   4  0  3  1  0  0  0
    8  5.8035003480959317e-10   3  1  3  1  0  0  0
    8 -1.5233538480607971e-07   2  2  3  1  0  0  0
    8  1.8952659030469620e-08   1  3  3  1  0  0  0
    8 -6.9037779726943003e-09   0  4  3  1  0  0  0
    8  1.4603511134819507e-08   2  0  5  1  0  0  0
    8 -2.7992704912793140e-08   1  1  5  1  0  0  0
    8 -1.2034047201182751e-08   0  2  5  1  0  0  0
    8  4.8644709188038871e-10   0  0  7  1  0  0  0
    8  4.8933758597041457e-09   6  0  0  2  0  0  0
    8  1.1535077043593158e-08   5  1  0  2  0  0  0
    8 -7.1446606360330706e-08   4  2  0  2  0  0  0
    8 -4.5020426938205468e-08   3  3  0  2  0  0  0
    8 -3.6559846472257742e-10   2  4  0  2  0  0  0
    8  1.6942245762917694e-08   1  5  0  2  0  0  0
    8  9.2903608914197333e-09   0  6  0  2  0  0  0
    8 -3.5806737395417079e-08   4  0  2  2  0  0  0
    8  3.4868412905108561e-08   3  1  2  2  0  0  0
    8 -5.9225222202642164e-07   2  2  2  2  0  0  0
    8  3.4868412905108561e-08   1  3  2  2  0  0  0
    8 -3.5806737395417079e-08   0  4  2  2  0  0  0
    8 -2.6202554544594185e-08   2  0  4  2  0  0  0
    8 -6.1827431861743623e-08   1  1  4  2  0  0  0
    8 -9.0260144375687357e-09   0  2  4  2  0  0  0
    8 -9.6798750184826675e-10   0  0  6  2  0  0  0
    8 -6.9037779726943003e-09   4  0  1  3  0  0  0
    8  1.8952659030469620e-08   3  1  1  3  0  0  0
    8 -1.5233538480607971e-07   2  2  1  3  0  0  0
    8  5.8035003480959317e-10   1  3  1  3  0  0  0
    8  3.2361211343902449e-08   0  4  1  3  0  0  0
    8  8.4811169507634662e-09   2  0  3  3  0  0  0
    8 -1.9160331963078222e-07   1  1  3  3  0  0  0
    8  8.4811169507634662e-09   0  2  3  3  0  0  0
    8 -9.0508027014514384e-10   0  0  5  3  0  0  0
    8  6.8480974237069566e-09   4  0  0  4  0  0  0
    8  5.2379936188682164e-09   3  1  0  4  0  0  0
    8 -3.2823901269947013e-08   2  2  0  4  0  0  0
    8  4.4319512243814999e-08   1  3  0  4  0  0  0
    8 -1.0202877279027971e-08   0  4  0  4  0  0  0
    8 -9.0260144375687357e-09   2  0  2  4  0  0  0
    8 -6.1827431861743623e-08   1  1  2  4  0  0  0
    8 -2.6202554544594185e-08   0  2  2  4  0  0  0
    8 -1.2007075183233666e-08   0  0  4  4  0  0  0
    8 -1.2034047201182751e-08   2  0  1  5  0  0  0
    8 -2.7992704912793140e-08   1  1  1  5  0  0  0
    8  1.4603511134819507e-08   0  2  1  5  0  0  0
    8 -9.0508027014514384e-10   0  0  3  5  0  0  0
    8 -2.9750455603845352e-09   2  0  0  6  0  0  0
    8 -1.2014424135345752e-08   1  1  0  6  0  0  0
    8  1.7169329894340290e-09   0  2  0  6  0  0  0
    8 -9.6798750184826675e-10   0  0  2  6  0  0  0
    8  4.8644709188038871e-10   0  0  1  7  0  0  0
    8 -1.9555485844215413e-10   0  0  0  8  0  0  0
    8 -7.3627119482481401e-09   7  0  0  0  1  0  0
    8 -5.8486707344275233e-08   6  1  0  0  1  0  0
    8  8.7830775619714932e-08   5  2  0  0  1  0  0
    8  9.5220222660353966e-08   4  3  0  0  1  0  0
    8  9.5220222660353966e-08   3  4  0  0  1  0  0
    8  8.7830775619714932e-08   2  5  0  0  1  0  0
    8 -5.8486707344275233e-08   1  6  0  0  1  0  0
    8 -7.3627119482481401e-09   0  7  0  0  1  0  0
    8 -3.0019516557313776e-08   5  0  2  0  1  0  0
    8  8.9101923230998416e-08   4  1  2  0  1  0  0
    8 -6.2667570240597542e-08   3  2  2  0  1  0  0
    8 -4.1565834665858631e-08   2  3  2  0  1  0  0
    8  7.2009280787788912e-09   1  4  2  0  1  0  0
    8 -3.1222907253523719e-08   0  5  2  0  1  0  0
    8 -5.9378901776711971e-09   3  0  4  0  1  0  0
    8  5.0670459452505131e-09   2  1  4  0  1  0  0
    8  5.5408234838124375e-09   1  2  4  0  1  0  0
    8 -9.5939793863299452e-09   0  3  4  0  1  0  0
    8 -1.3086781853587476e-09   1  0  6  0  1  0  0
    8  1.7429373733386369e-09   0  1  6  0  1  0  0
    8  2.3444502576116628e-08   5  0  1  1  1  0  0
    8  8.5458782622700640e-08   4  1  1  1  1  0  0
    8 -1.5192731550103392e-07   3  2  1  1  1  0  0
    8 -1.5192731550103392e-07   2  3  1  1  1  0  0
    8  8.5458782622700640e-08   1  4  1  1  1  0  0
    8  2.3444502576116628e-08   0  5  1  1  1  0  0
    8  5.3588342315874931e-08   3  0  3  1  1  0  0
    8 -8.0359872658605570e-08   2  1  3  1  1  0  0
    8  1.0107637454383759e-07   1  2  3  1  1  0  0
    8 -1.6144568839287537e-08   0  3  3  1  1  0  0
    8  1.1077479242672479e-08   1  0  5  1  1  0  0
    8  1.3518966877248458e-08   0  1  5  1  1  0  0
    8 -3.1222907253523719e-08   5  0  0  2  1  0  0
    8  7.2009280787788912e-09   4  1  0  2  1  0  0
    8 -4.1565834665858631e-08   3  2  0  2  1  0  0
    8 -6.2667570240597542e-08   2  3  0  2  1  0  0
    8  8.9101923230998416e-08   1  4  0  2  1  0  0
    8 -3.0019516557313776e-08   0  5  0  2  1  0  0
    8  3.8005489277911016e-08   3  0  2  2  1  0  0
    8 -1.0865352336375971e-07   2  1  2  2  1  0  0
    8 -1.0865352336375971e-07   1  2  2  2  1  0  0
    8  3.8005489277911016e-08   0  3  2  2  1  0  0
    8 -2.9554955365830030e-08   1  0  4  2  1  0  0
    8  3.7072793690195844e-08   0  1  4  2  1  0  0
    8 -1.6144568839287537e-08   3  0  1  3  1  0  0
    8  1.0107637454383759e-07   2  1  1  3  1  0  0
    8 -8.0359872658605570e-08   1  2  1  3  1  0  0
    8  5.3588342315874931e-08   0  3  1  3  1  0  0
    8 -1.7481480668209076e-08   1  0  3  3  1  0  0
    8 -1.7481480668209076e-08   0  1  3  3  1  0  0
    8 -9.5939793863299452e-09   3  0  0  4  1  0  0
    8  5.5408234838124375e-09   2  1  0  4  1  0  0
    8  5.0670459452505131e-09   1  2  0  4  1  0  0
    8 -5.9378901776711971e-09   0  3  0  4  1  0  0
    8  3.7072793690195844e-08   1  0  2  4  1  0  0
    8 -2.9554955365830030e-08   0  1  2  4  1  0  0
    8  1.3518966877248458e-08   1  0  1  5  1  0  0
    8  1.1077479242672479e-08   0  1  1  5  1  0  0
    8  1.7429373733386369e-09   1  0  0  6  1  0  0
    8 -1.3086781853587476e-09   0  1  0  6  1  0  0
    8  1.3528896119273366e-08   6  0  0  0  2  0  0
    8 -6.6255166692811091e-08   5  1  0  0  2  0  0
    8  1.0381150626004529e-07   4  2  0  0  2  0  0
    8  1.9205231132252277e-07   3  3  0  0  2  0  0
    8  1.0381150626004529e-07   2  4  0  0  2  0  0
    8 -6.6255166692811091e-08   1  5  0  0  2  0  0
    8  1.3528896119273366e-08   0  6  0  0  2  0  0
    8  2.7063174682393586e-08   4  0  2  0  2  0  0
    8 -6.7941663002274716e-08   3  1  2  0  2  0  0
    8  1.8476286133585179e-07   2  2  2  0  2  0  0
    8  2.4349822747429912e-08   1  3  2  0  2  0  0
    8 -3.0926702569852646e-08   0  4  2  0  2  0  0
    8  2.8567696312508833e-09   2  0  4  0  2  0  0
    8  1.9147112310528901e-08   1  1  4  0  2  0  0
    8  8.1871479221736748e-09   0  2  4  0  2  0  0
    8 -1.4813798508263097e-09   0  0  6  0  2  0  0
    8  4.1367194145870672e-08   4  0  1  1  2  0  0
    8  4.7554442821245789e-08   3  1  1  1  2  0  0
    8  1.2793863203540408e-07   2  2  1  1  2  0  0
    8  4.7554442821245789e-08   1  3  1  1  2  0  0
    8  4.1367194145870672e-08   0  4  1  1  2  0  0
    8 -1.5063873182821769e-08   2  0  3  1  2  0  0
    8  9.0113904046442477e-08   1  1  3  1  2  0  0
    8 -9.5813985076694875e-10   0  2  3  1  2  0  0
    8 -6.2357096235843069e-09   0  0  5  1  2  0  0
    8 -3.0926702569852646e-08   4  0  0  2  2  0  0
    8  2.4349822747429912e-08   3  1  0  2  2  0  0
    8  1.8476286133585179e-07   2  2  0  2  2  0  0
    8 -6.7941663002274716e-08   1  3  0  2  2  0  0
    8  2.7063174682393586e-08   0  4  0  2  2  0  0
    8  2.4152413523752225e-08   2  0  2  2  2  0  0
    8 -1.8013553116946859e-08   1  1  2  2  2  0  0
    8  2.4152413523752225e-08   0  2  2  2  2  0  0
    8 -7.5675508250872624e-09   0  0  4  2  2  0  0
    8 -9.5813985076694875e-10   2  0  1  3  2  0  0
    8  9.0113904046442477e-08   1  1  1  3  2  0  0
    8 -1.5063873182821769e-08   0  2  1  3  2  0  0
    8 -2.2972171476504284e-08   0  0  3  3  2  0  0
    8  8.1871479221736748e-09   2  0  0  4  2  0  0
    8  1.9147112310528901e-08   1  1  0  4  2  0  0
    8  2.8567696312508833e-09   0  2  0  4  2  0  0
    8 -7.5675508250872624e-09   0  0  2  4  2  0  0
    8 -6.2357096235843069e-09   0  0  1  5  2  0  0
    8 -1.4813798508263097e-09   0  0  0  6  2  0  0
    8  1.2062685052620210e-08   5  0  0  0  3  0  0
    8 -1.1574485953765832e-07   4  1  0  0  3  0  0
    8 -1.3111583202480414e-07   3  2  0  0  3  0  0
    8 -1.3111583202480414e-07   2  3  0  0  3  0  0
    8 -1.1574485953765832e-07   1  4  0  0  3  0  0
    8  1.2062685052620210e-08   0  5  0  0  3  0  0
    8 -1.7328049942344837e-09   3  0  2  0  3  0  0
    8  9.3244233364635497e-09   2  1  2  0  3  0  0
    8 -9.4774493942802371e-08   1  2  2  0  3  0  0
    8 -1.3030403929104399e-09   0  3  2  0  3  0  0
    8 -5.3699186312267406e-09   1  0  4  0  3  0  0
    8 -1.3555397488336152e-08   0  1  4  0  3  0  0
    8 -2.6296070416384375e-08   3  0  1  1  3  0  0
    8 -5.2081826931511878e-08   2  1  1  1  3  0  0
    8 -5.2081826931511878e-08   1  2  1  1  3  0  0
    8 -2.6296070416384375e-08   0  3  1  1  3  0  0
    8 -1.3441701158204950e-08   1  0  3  1  3  0  0
    8 -8.0324829894620252e-08   0  1  3  1  3  0  0
    8 -1.3030403929104399e-09   3  0  0  2  3  0  0
    8 -9.4774493942802371e-08   2  1  0  2  3  0  0
    8  9.3244233364635497e-09   1  2  0  2  3  0  0
    8 -1.7328049942344837e-09   0  3  0  2  3  0  0
    8 -2.9622939852545415e-08   1  0  2  2  3  0  0
    8 -2.9622939852545415e-08   0  1  2  2  3  0  0
    8 -8.0324829894620252e-08   1  0  1  3  3  0  0
    8 -1.3441701158204950e-08   0  1  1  3  3  0  0
    8 -1.3555397488336152e-08   1  0  0  4  3  0  0
    8 -5.3699186312267406e-09   0  1  0  4  3  0  0
    8  6.5610114111495192e-08   4  0  0  0  4  0  0
    8 -9.6134084343379506e-09   3  1  0  0  4  0  0
    8 -1.9441081539406574e-07   2  2  0  0  4  0  0
    8 -9.6134084343379506e-09   1  3  0  0  4  0  0
    8  6.5610114111495192e-08   0  4  0  0  4  0  0
    8 -2.3220709077037703e-08   2  0  2  0  4  0  0
    8  1.8522927247602520e-08   1  1  2  0  4  0  0
    8 -7.7340212555848680e-09   0  2  2  0  4  0  0
    8  7.1554943397412893e-09   0  0  4  0  4  0  0
    8 -3.0074230910256614e-08   2  0  1  1  4  0  0
    8 -1.7530596622176893e-07   1  1  1  1  4  0  0
    8 -3.0074230910256614e-08   0  2  1  1  4  0  0
    8  1.0277442090266348e-08   0  0  3  1  4  0  0
    8 -7.7340212555848680e-09   2  0  0  2  4  0  0
    8  1.8522927247602520e-08   1  1  0  2  4  0  0
    8 -2.3220709077037703e-08   0  2  0  2  4  0  0
    8  8.0124380516295118e-09   0  0  2  2  4  0  0
    8  1.0277442090266348e-08   0  0  1  3  4  0  0
    8  7.1554943397412893e-09   0  0  0  4  4  0  0
    8  4.1872499621138753e-08   3  0  0  0  5  0  0
    8  1.2055449604065807e-08   2  1  0  0  5  0  0
    8  1.2055449604065807e-08   1  2  0  0  5  0  0
    8  4.1872499621138753e-08   0  3  0  0  5  0  0
    8 -6.2053086670295560e-09   1  0  2  0  5  0  0
    8  3.2223703741985211e-08   0  1  2  0  5  0  0
    8  2.9347314433022955e-08   1  0  1  1  5  0  0
    8  2.9347314433022955e-08   0  1  1  1  5  0  0
    8  3.2223703741985211e-08   1  0  0  2  5  0  0
    8 -6.2053086670295560e-09   0  1  0  2  5  0  0
    8  2.9033110795352325e-08   2  0  0  0  6  0  0
    8 -2.8881339417650936e-07   1  1  0  0  6  0  0
    8  2.9033110795352325e-08   0  2  0  0  6  0  0
    8  1.8639668482133986e-10   0  0  2  0  6  0  0
    8 -1.7664792522315978e-08   0  0  1  1  6  0  0
    8  1.8639668482133986e-10   0  0  0  2  6  0  0
    8 -6.0906601752524094e-08   1  0  0  0  7  0  0
    8 -6.0906601752524094e-08   0  1  0  0  7  0  0
    8 -3.3676472805546764e-08   0  0  0  0  8  0  0
 -659  0.0000000000000000e+00   0  0  0  0  0  0  0
