
tpsa, NO = 8, NV = 7, INA = 48092
------------------------------------------------------------------

   |I|         a                i  i  i  i  i  i  i
                I                1  2  3  4  5  6  7

    2 -3.4533150608479020e-06   1  1  0  0  0  0  0
    2 -1.9081940231439417e-05   0  0  1  1  0  0  0
    2  4.3081904011897624e-05   0  0  0  0  2  0  0
    3 -3.1275060901569322e-07   3  0  0  0  0  0  0
    3 -2.3065496365132521e-07   2  1  0  0  0  0  0
    3 -2.3065496365132521e-07   1  2  0  0  0  0  0
    3 -3.1275060901569322e-07   0  3  0  0  0  0  0
    3  2.0422381674759421e-06   1  0  2  0  0  0  0
    3 -5.1800442872708930e-07   0  1  2  0  0  0  0
    3 -1.3616632372842534e-07   1  0  1  1  0  0  0
    3 -1.3616632372842534e-07   0  1  1  1  0  0  0
    3 -5.1800442872708930e-07   1  0  0  2  0  0  0
    3  2.0422381674759421e-06   0  1  0  2  0  0  0
    3 -3.2200924057833081e-07   2  0  0  0  1  0  0
    3 -4.4999562882478198e-15   1  1  0  0  1  0  0
    3 -3.2200924057833081e-07   0  2  0  0  1  0  0
    3  1.3058430463280556e-06   0  0  2  0  1  0  0
    3 -5.1391083449441608e-15   0  0  1  1  1  0  0
    3  1.3058430463280556e-06   0  0  0  2  1  0  0
    3  1.8568597502291965e-20   1  0  0  0  2  0  0
    3  1.8568597502291965e-20   0  1  0  0  2  0  0
    3 -5.2101767172199311e-08   0  0  0  0  3  0  0
    4 -1.0836073864941561e-07   4  0  0  0  0  0  0
    4 -4.2071061037529796e-10   3  1  0  0  0  0  0
    4  2.8153017195424407e-07   2  2  0  0  0  0  0
    4 -4.2071061037529796e-10   1  3  0  0  0  0  0
    4 -1.0836073864941561e-07   0  4  0  0  0  0  0
    4 -2.7161434622941106e-07   2  0  2  0  0  0  0
    4 -4.7386887972951195e-07   1  1  2  0  0  0  0
    4  5.5607088272681748e-07   0  2  2  0  0  0  0
    4  3.7686995144829758e-07   0  0  4  0  0  0  0
    4  1.4871265446791519e-08   2  0  1  1  0  0  0
    4 -1.5415423534835146e-06   1  1  1  1  0  0  0
    4  1.4871265446791519e-08   0  2  1  1  0  0  0
    4 -5.5216571898134742e-07   0  0  3  1  0  0  0
    4  5.5607088272681748e-07   2  0  0  2  0  0  0
    4 -4.7386887972951195e-07   1  1  0  2  0  0  0
    4 -2.7161434622941106e-07   0  2  0  2  0  0  0
    4  1.2933804972233046e-07   0  0  2  2  0  0  0
    4 -5.5216571898134742e-07   0  0  1  3  0  0  0
    4  3.7686995144829758e-07   0  0  0  4  0  0  0
    4  5.2355266487755883e-08   3  0  0  0  1  0  0
    4 -2.2166093135487205e-07   2  1  0  0  1  0  0
    4 -2.2166093135487205e-07   1  2  0  0  1  0  0
    4  5.2355266487755883e-08   0  3  0  0  1  0  0
    4 -1.0456873353525134e-07   1  0  2  0  1  0  0
    4  9.0076972568129580e-07   0  1  2  0  1  0  0
    4 -1.3274269132776695e-07   1  0  1  1  1  0  0
    4 -1.3274269132776695e-07   0  1  1  1  1  0  0
    4  9.0076972568129580e-07   1  0  0  2  1  0  0
    4 -1.0456873353525134e-07   0  1  0  2  1  0  0
    4 -1.5449482526396491e-07   2  0  0  0  2  0  0
    4  4.2064386715197898e-07   1  1  0  0  2  0  0
    4 -1.5449482526396491e-07   0  2  0  0  2  0  0
    4  1.1665484937827792e-06   0  0  2  0  2  0  0
    4 -4.1416024398932949e-07   0  0  1  1  2  0  0
    4  1.1665484937827792e-06   0  0  0  2  2  0  0
    4 -3.5535452118574872e-21   1  0  0  0  3  0  0
    4 -3.5535452118574872e-21   0  1  0  0  3  0  0
    4  8.3391162772190385e-07   0  0  0  0  4  0  0
    5  1.3293428380625237e-07   5  0  0  0  0  0  0
    5  1.7796933813379725e-08   4  1  0  0  0  0  0
    5  8.2383544622169713e-08   3  2  0  0  0  0  0
    5  8.2383544622169713e-08   2  3  0  0  0  0  0
    5  1.7796933813379725e-08   1  4  0  0  0  0  0
    5  1.3293428380625237e-07   0  5  0  0  0  0  0
    5  2.2675379780985050e-07   3  0  2  0  0  0  0
    5 -2.5414894628913297e-07   2  1  2  0  0  0  0
    5 -7.1355888041985290e-07   1  2  2  0  0  0  0
    5 -2.4437386091650864e-08   0  3  2  0  0  0  0
    5  6.0726397937427994e-08   1  0  4  0  0  0  0
    5 -5.2990068365596078e-07   0  1  4  0  0  0  0
    5 -1.8780406152784953e-07   3  0  1  1  0  0  0
    5  5.7509170080930554e-08   2  1  1  1  0  0  0
    5  5.7509170080930554e-08   1  2  1  1  0  0  0
    5 -1.8780406152784953e-07   0  3  1  1  0  0  0
    5 -2.1010983231956091e-07   1  0  3  1  0  0  0
    5 -3.1704983218374921e-07   0  1  3  1  0  0  0
    5 -2.4437386091650864e-08   3  0  0  2  0  0  0
    5 -7.1355888041985290e-07   2  1  0  2  0  0  0
    5 -2.5414894628913297e-07   1  2  0  2  0  0  0
    5  2.2675379780985050e-07   0  3  0  2  0  0  0
    5  1.2242289558581151e-07   1  0  2  2  0  0  0
    5  1.2242289558581151e-07   0  1  2  2  0  0  0
    5 -3.1704983218374921e-07   1  0  1  3  0  0  0
    5 -2.1010983231956091e-07   0  1  1  3  0  0  0
    5 -5.2990068365596078e-07   1  0  0  4  0  0  0
    5  6.0726397937427994e-08   0  1  0  4  0  0  0
    5 -6.7906119556826497e-08   4  0  0  0  1  0  0
    5  2.3610101488390125e-08   3  1  0  0  1  0  0
    5  1.3089167247849058e-06   2  2  0  0  1  0  0
    5  2.3610101488390125e-08   1  3  0  0  1  0  0
    5 -6.7906119556826497e-08   0  4  0  0  1  0  0
    5  3.0318360688167606e-08   2  0  2  0  1  0  0
    5 -2.0952978713970122e-07   1  1  2  0  1  0  0
    5  7.1197864088062319e-08   0  2  2  0  1  0  0
    5 -1.5754258088574668e-07   0  0  4  0  1  0  0
    5 -2.4801869252830317e-07   2  0  1  1  1  0  0
    5  1.2877527324400409e-06   1  1  1  1  1  0  0
    5 -2.4801869252830317e-07   0  2  1  1  1  0  0
    5 -1.2637539994027855e-07   0  0  3  1  1  0  0
    5  7.1197864088062319e-08   2  0  0  2  1  0  0
    5 -2.0952978713970122e-07   1  1  0  2  1  0  0
    5  3.0318360688167606e-08   0  2  0  2  1  0  0
    5  2.4549761566086326e-07   0  0  2  2  1  0  0
    5 -1.2637539994027855e-07   0  0  1  3  1  0  0
    5 -1.5754258088574668e-07   0  0  0  4  1  0  0
    5  5.5361661178810228e-08   3  0  0  0  2  0  0
    5 -7.7766618672277876e-08   2  1  0  0  2  0  0
    5 -7.7766618672277876e-08   1  2  0  0  2  0  0
    5  5.5361661178810228e-08   0  3  0  0  2  0  0
    5 -1.0111693538125672e-07   1  0  2  0  2  0  0
    5  6.2862386017769825e-07   0  1  2  0  2  0  0
    5 -2.6752630603467425e-07   1  0  1  1  2  0  0
    5 -2.6752630603467425e-07   0  1  1  1  2  0  0
    5  6.2862386017769825e-07   1  0  0  2  2  0  0
    5 -1.0111693538125672e-07   0  1  0  2  2  0  0
    5  5.5347535685087124e-08   2  0  0  0  3  0  0
    5  8.0830118639799666e-07   1  1  0  0  3  0  0
    5  5.5347535685087124e-08   0  2  0  0  3  0  0
    5 -2.0461392137498703e-07   0  0  2  0  3  0  0
    5 -1.9268229991613747e-07   0  0  1  1  3  0  0
    5 -2.0461392137498703e-07   0  0  0  2  3  0  0
    5 -4.0957115089977706e-22   1  0  0  0  4  0  0
    5 -4.0957115089977706e-22   0  1  0  0  4  0  0
    5 -1.4554599747301217e-07   0  0  0  0  5  0  0
    6 -4.8858888556975850e-08   6  0  0  0  0  0  0
    6  1.6487869355727552e-07   5  1  0  0  0  0  0
    6  7.2848771909600924e-08   4  2  0  0  0  0  0
    6 -4.4719376616108160e-07   3  3  0  0  0  0  0
    6  7.2848771909600924e-08   2  4  0  0  0  0  0
    6  1.6487869355727552e-07   1  5  0  0  0  0  0
    6 -4.8858888556975850e-08   0  6  0  0  0  0  0
    6 -6.4682380376361592e-07   4  0  2  0  0  0  0
    6  4.9789419125961113e-08   3  1  2  0  0  0  0
    6  9.9238265715614793e-08   2  2  2  0  0  0  0
    6 -1.0634827319921648e-07   1  3  2  0  0  0  0
    6 -5.9187588245657278e-08   0  4  2  0  0  0  0
    6  1.0217061197386472e-07   2  0  4  0  0  0  0
    6  2.4686541061665651e-07   1  1  4  0  0  0  0
    6  6.5971702846717700e-08   0  2  4  0  0  0  0
    6  8.0172573635881741e-08   0  0  6  0  0  0  0
    6 -3.7301166359309779e-08   4  0  1  1  0  0  0
    6  3.3017822857913219e-08   3  1  1  1  0  0  0
    6 -1.3747588812503509e-06   2  2  1  1  0  0  0
    6  3.3017822857913219e-08   1  3  1  1  0  0  0
    6 -3.7301166359309779e-08   0  4  1  1  0  0  0
    6  5.0024831893882666e-08   2  0  3  1  0  0  0
    6  1.6363955839814237e-07   1  1  3  1  0  0  0
    6  1.5592353323840943e-07   0  2  3  1  0  0  0
    6  2.0639076244571831e-08   0  0  5  1  0  0  0
    6 -5.9187588245657278e-08   4  0  0  2  0  0  0
    6 -1.0634827319921648e-07   3  1  0  2  0  0  0
    6  9.9238265715614793e-08   2  2  0  2  0  0  0
    6  4.9789419125961113e-08   1  3  0  2  0  0  0
    6 -6.4682380376361592e-07   0  4  0  2  0  0  0
    6 -1.4524974168970633e-08   2  0  2  2  0  0  0
    6 -3.3324764156670857e-07   1  1  2  2  0  0  0
    6 -1.4524974168970633e-08   0  2  2  2  0  0  0
    6  6.0579955302503880e-08   0  0  4  2  0  0  0
    6  1.5592353323840943e-07   2  0  1  3  0  0  0
    6  1.6363955839814237e-07   1  1  1  3  0  0  0
    6  5.0024831893882666e-08   0  2  1  3  0  0  0
    6 -1.0364514411781534e-07   0  0  3  3  0  0  0
    6  6.5971702846717700e-08   2  0  0  4  0  0  0
    6  2.4686541061665651e-07   1  1  0  4  0  0  0
    6  1.0217061197386472e-07   0  2  0  4  0  0  0
    6  6.0579955302503880e-08   0  0  2  4  0  0  0
    6  2.0639076244571831e-08   0  0  1  5  0  0  0
    6  8.0172573635881741e-08   0  0  0  6  0  0  0
    6  1.5199336057667759e-07   5  0  0  0  1  0  0
    6  2.0628748492270878e-07   4  1  0  0  1  0  0
    6  2.5620987337475644e-07   3  2  0  0  1  0  0
    6  2.5620987337475644e-07   2  3  0  0  1  0  0
    6  2.0628748492270878e-07   1  4  0  0  1  0  0
    6  1.5199336057667759e-07   0  5  0  0  1  0  0
    6 -9.0877156912354074e-08   3  0  2  0  1  0  0
    6  6.7645684616348080e-07   2  1  2  0  1  0  0
    6 -6.1806368813667930e-07   1  2  2  0  1  0  0
    6 -1.1747461249891270e-07   0  3  2  0  1  0  0
    6  5.3587498492225432e-08   1  0  4  0  1  0  0
    6 -1.0424446040920831e-07   0  1  4  0  1  0  0
    6  5.1333402711571338e-08   3  0  1  1  1  0  0
    6  3.7236500019916949e-07   2  1  1  1  1  0  0
    6  3.7236500019916949e-07   1  2  1  1  1  0  0
    6  5.1333402711571338e-08   0  3  1  1  1  0  0
    6  6.0615096738374563e-08   1  0  3  1  1  0  0
    6 -6.2688728722217500e-08   0  1  3  1  1  0  0
    6 -1.1747461249891270e-07   3  0  0  2  1  0  0
    6 -6.1806368813667930e-07   2  1  0  2  1  0  0
    6  6.7645684616348080e-07   1  2  0  2  1  0  0
    6 -9.0877156912354074e-08   0  3  0  2  1  0  0
    6  2.6243780285674220e-07   1  0  2  2  1  0  0
    6  2.6243780285674220e-07   0  1  2  2  1  0  0
    6 -6.2688728722217500e-08   1  0  1  3  1  0  0
    6  6.0615096738374563e-08   0  1  1  3  1  0  0
    6 -1.0424446040920831e-07   1  0  0  4  1  0  0
    6  5.3587498492225432e-08   0  1  0  4  1  0  0
    6  9.4265513304332465e-08   4  0  0  0  2  0  0
    6  2.1453657602209616e-07   3  1  0  0  2  0  0
    6 -8.2520273935700950e-07   2  2  0  0  2  0  0
    6  2.1453657602209616e-07   1  3  0  0  2  0  0
    6  9.4265513304332465e-08   0  4  0  0  2  0  0
    6 -4.3438514607344064e-08   2  0  2  0  2  0  0
    6  7.2189895448515913e-08   1  1  2  0  2  0  0
    6 -6.5169413545072063e-09   0  2  2  0  2  0  0
    6 -8.4698634469359967e-08   0  0  4  0  2  0  0
    6 -2.8191911291159109e-08   2  0  1  1  2  0  0
    6  3.4846795561640169e-07   1  1  1  1  2  0  0
    6 -2.8191911291159109e-08   0  2  1  1  2  0  0
    6  1.5832433594880505e-08   0  0  3  1  2  0  0
    6 -6.5169413545072063e-09   2  0  0  2  2  0  0
    6  7.2189895448515913e-08   1  1  0  2  2  0  0
    6 -4.3438514607344064e-08   0  2  0  2  2  0  0
    6  1.5903150303480034e-07   0  0  2  2  2  0  0
    6  1.5832433594880505e-08   0  0  1  3  2  0  0
    6 -8.4698634469359967e-08   0  0  0  4  2  0  0
    6  1.7349272249640868e-08   3  0  0  0  3  0  0
    6  1.5330556938083587e-07   2  1  0  0  3  0  0
    6  1.5330556938083587e-07   1  2  0  0  3  0  0
    6  1.7349272249640868e-08   0  3  0  0  3  0  0
    6  2.4555502868287902e-07   1  0  2  0  3  0  0
    6  2.3729705988958797e-07   0  1  2  0  3  0  0
    6 -1.8552834225604278e-07   1  0  1  1  3  0  0
    6 -1.8552834225604278e-07   0  1  1  1  3  0  0
    6  2.3729705988958797e-07   1  0  0  2  3  0  0
    6  2.4555502868287902e-07   0  1  0  2  3  0  0
    6  8.8882895854689178e-08   2  0  0  0  4  0  0
    6 -6.7348798841294925e-07   1  1  0  0  4  0  0
    6  8.8882895854689178e-08   0  2  0  0  4  0  0
    6  3.0268140930806208e-09   0  0  2  0  4  0  0
    6 -1.1253738762117137e-07   0  0  1  1  4  0  0
    6  3.0268140930806208e-09   0  0  0  2  4  0  0
    6 -1.1977785518116338e-21   1  0  0  0  5  0  0
    6 -1.1977785518116338e-21   0  1  0  0  5  0  0
    6 -3.9337871898994660e-08   0  0  0  0  6  0  0
    7  2.1970749201253954e-08   7  0  0  0  0  0  0
    7 -4.6625689488044106e-08   6  1  0  0  0  0  0
    7 -5.3491419154830771e-08   5  2  0  0  0  0  0
    7 -2.5856978762092630e-08   4  3  0  0  0  0  0
    7 -2.5856978762092630e-08   3  4  0  0  0  0  0
    7 -5.3491419154830771e-08   2  5  0  0  0  0  0
    7 -4.6625689488044106e-08   1  6  0  0  0  0  0
    7  2.1970749201253954e-08   0  7  0  0  0  0  0
    7  4.7233457398298381e-07   5  0  2  0  0  0  0
    7 -2.9057201111289300e-07   4  1  2  0  0  0  0
    7 -8.9502990559095283e-07   3  2  2  0  0  0  0
    7  3.1376226517615708e-08   2  3  2  0  0  0  0
    7 -9.5882124386460348e-09   1  4  2  0  0  0  0
    7 -3.3977573521999996e-08   0  5  2  0  0  0  0
    7 -1.5176515452746966e-07   3  0  4  0  0  0  0
    7 -9.5219331039410111e-08   2  1  4  0  0  0  0
    7  3.0997336519287432e-07   1  2  4  0  0  0  0
    7 -2.4816333520995112e-08   0  3  4  0  0  0  0
    7 -2.3727108734426487e-08   1  0  6  0  0  0  0
    7  9.8257754695521527e-09   0  1  6  0  0  0  0
    7 -1.0050915763595965e-07   5  0  1  1  0  0  0
    7 -2.6123666523190846e-08   4  1  1  1  0  0  0
    7 -3.9009435955352063e-07   3  2  1  1  0  0  0
    7 -3.9009435955352063e-07   2  3  1  1  0  0  0
    7 -2.6123666523190846e-08   1  4  1  1  0  0  0
    7 -1.0050915763595965e-07   0  5  1  1  0  0  0
    7 -3.3461570274577199e-08   3  0  3  1  0  0  0
    7 -5.6765726707826508e-07   2  1  3  1  0  0  0
    7  2.6508189698974882e-07   1  2  3  1  0  0  0
    7 -6.6037927229760531e-08   0  3  3  1  0  0  0
    7 -3.5862885253290275e-08   1  0  5  1  0  0  0
    7 -2.4158658544496990e-08   0  1  5  1  0  0  0
    7 -3.3977573521999996e-08   5  0  0  2  0  0  0
    7 -9.5882124386460348e-09   4  1  0  2  0  0  0
    7  3.1376226517615708e-08   3  2  0  2  0  0  0
    7 -8.9502990559095283e-07   2  3  0  2  0  0  0
    7 -2.9057201111289300e-07   1  4  0  2  0  0  0
    7  4.7233457398298381e-07   0  5  0  2  0  0  0
    7  9.0281317773036544e-08   3  0  2  2  0  0  0
    7 -3.0251139333395851e-07   2  1  2  2  0  0  0
    7 -3.0251139333395851e-07   1  2  2  2  0  0  0
    7  9.0281317773036544e-08   0  3  2  2  0  0  0
    7 -7.1108796350965209e-08   1  0  4  2  0  0  0
    7 -3.5302721977234070e-08   0  1  4  2  0  0  0
    7 -6.6037927229760531e-08   3  0  1  3  0  0  0
    7  2.6508189698974882e-07   2  1  1  3  0  0  0
    7 -5.6765726707826508e-07   1  2  1  3  0  0  0
    7 -3.3461570274577199e-08   0  3  1  3  0  0  0
    7 -1.0188360449523293e-07   1  0  3  3  0  0  0
    7 -1.0188360449523293e-07   0  1  3  3  0  0  0
    7 -2.4816333520995112e-08   3  0  0  4  0  0  0
    7  3.0997336519287432e-07   2  1  0  4  0  0  0
    7 -9.5219331039410111e-08   1  2  0  4  0  0  0
    7 -1.5176515452746966e-07   0  3  0  4  0  0  0
    7 -3.5302721977234070e-08   1  0  2  4  0  0  0
    7 -7.1108796350965209e-08   0  1  2  4  0  0  0
    7 -2.4158658544496990e-08   1  0  1  5  0  0  0
    7 -3.5862885253290275e-08   0  1  1  5  0  0  0
    7  9.8257754695521527e-09   1  0  0  6  0  0  0
    7 -2.3727108734426487e-08   0  1  0  6  0  0  0
    7 -4.6152250915070944e-08   6  0  0  0  1  0  0
    7  2.7499385971505862e-07   5  1  0  0  1  0  0
    7  5.0098731456321882e-08   4  2  0  0  1  0  0
    7  3.8031921122276257e-07   3  3  0  0  1  0  0
    7  5.0098731456321882e-08   2  4  0  0  1  0  0
    7  2.7499385971505862e-07   1  5  0  0  1  0  0
    7 -4.6152250915070944e-08   0  6  0  0  1  0  0
    7  1.1446729729060809e-07   4  0  2  0  1  0  0
    7 -1.6917785569370930e-07   3  1  2  0  1  0  0
    7 -2.1755511162059769e-08   2  2  2  0  1  0  0
    7  1.8193561344475968e-07   1  3  2  0  1  0  0
    7 -3.8273758127511213e-08   0  4  2  0  1  0  0
    7 -1.1663354070512479e-07   2  0  4  0  1  0  0
    7  2.1385138439817649e-07   1  1  4  0  1  0  0
    7 -6.8505486362532067e-09   0  2  4  0  1  0  0
    7  2.1941387829018987e-08   0  0  6  0  1  0  0
    7  1.4625620004233473e-07   4  0  1  1  1  0  0
    7 -2.3982814252573284e-08   3  1  1  1  1  0  0
    7  1.8470329315049749e-07   2  2  1  1  1  0  0
    7 -2.3982814252573284e-08   1  3  1  1  1  0  0
    7  1.4625620004233473e-07   0  4  1  1  1  0  0
    7 -2.0616895369862219e-08   2  0  3  1  1  0  0
    7 -1.1641200393324070e-07   1  1  3  1  1  0  0
    7  6.6838955561544360e-08   0  2  3  1  1  0  0
    7 -1.3581179081419370e-08   0  0  5  1  1  0  0
    7 -3.8273758127511213e-08   4  0  0  2  1  0  0
    7  1.8193561344475968e-07   3  1  0  2  1  0  0
    7 -2.1755511162059769e-08   2  2  0  2  1  0  0
    7 -1.6917785569370930e-07   1  3  0  2  1  0  0
    7  1.1446729729060809e-07   0  4  0  2  1  0  0
    7  4.2054052958445921e-08   2  0  2  2  1  0  0
    7 -1.2157029679023532e-07   1  1  2  2  1  0  0
    7  4.2054052958445921e-08   0  2  2  2  1  0  0
    7 -5.2467325128555809e-08   0  0  4  2  1  0  0
    7  6.6838955561544360e-08   2  0  1  3  1  0  0
    7 -1.1641200393324070e-07   1  1  1  3  1  0  0
    7 -2.0616895369862219e-08   0  2  1  3  1  0  0
    7  3.4234845336964895e-08   0  0  3  3  1  0  0
    7 -6.8505486362532067e-09   2  0  0  4  1  0  0
    7  2.1385138439817649e-07   1  1  0  4  1  0  0
    7 -1.1663354070512479e-07   0  2  0  4  1  0  0
    7 -5.2467325128555809e-08   0  0  2  4  1  0  0
    7 -1.3581179081419370e-08   0  0  1  5  1  0  0
    7  2.1941387829018987e-08   0  0  0  6  1  0  0
    7 -1.0235423331721113e-07   5  0  0  0  2  0  0
    7 -8.7853156662717356e-09   4  1  0  0  2  0  0
    7  6.7332633453992829e-08   3  2  0  0  2  0  0
    7  6.7332633453992829e-08   2  3  0  0  2  0  0
    7 -8.7853156662717356e-09   1  4  0  0  2  0  0
    7 -1.0235423331721113e-07   0  5  0  0  2  0  0
    7  9.7256410322876902e-08   3  0  2  0  2  0  0
    7 -4.1681068042882739e-07   2  1  2  0  2  0  0
    7 -1.5525633356367847e-07   1  2  2  0  2  0  0
    7 -5.7611357738274635e-08   0  3  2  0  2  0  0
    7 -1.3884107466006457e-08   1  0  4  0  2  0  0
    7  3.7437633022742695e-08   0  1  4  0  2  0  0
    7  8.1498558093100997e-08   3  0  1  1  2  0  0
    7  1.8459854094702828e-07   2  1  1  1  2  0  0
    7  1.8459854094702828e-07   1  2  1  1  2  0  0
    7  8.1498558093100997e-08   0  3  1  1  2  0  0
    7 -1.9246359289219828e-07   1  0  3  1  2  0  0
    7  1.2308782165158765e-07   0  1  3  1  2  0  0
    7 -5.7611357738274635e-08   3  0  0  2  2  0  0
    7 -1.5525633356367847e-07   2  1  0  2  2  0  0
    7 -4.1681068042882739e-07   1  2  0  2  2  0  0
    7  9.7256410322876902e-08   0  3  0  2  2  0  0
    7  1.6826290467639837e-07   1  0  2  2  2  0  0
    7  1.6826290467639837e-07   0  1  2  2  2  0  0
    7  1.2308782165158765e-07   1  0  1  3  2  0  0
    7 -1.9246359289219828e-07   0  1  1  3  2  0  0
    7  3.7437633022742695e-08   1  0  0  4  2  0  0
    7 -1.3884107466006457e-08   0  1  0  4  2  0  0
    7  2.6785569479076459e-08   4  0  0  0  3  0  0
    7 -1.2047015325903513e-08   3  1  0  0  3  0  0
    7  2.7748277489850372e-07   2  2  0  0  3  0  0
    7 -1.2047015325903513e-08   1  3  0  0  3  0  0
    7  2.6785569479076459e-08   0  4  0  0  3  0  0
    7 -1.3937363021795462e-08   2  0  2  0  3  0  0
    7  2.7504945535366188e-07   1  1  2  0  3  0  0
    7  1.2553603922642804e-08   0  2  2  0  3  0  0
    7 -2.4252956953346089e-08   0  0  4  0  3  0  0
    7  7.6078619887808316e-08   2  0  1  1  3  0  0
    7 -2.2528835437965929e-07   1  1  1  1  3  0  0
    7  7.6078619887808316e-08   0  2  1  1  3  0  0
    7  8.1924264518986686e-08   0  0  3  1  3  0  0
    7  1.2553603922642804e-08   2  0  0  2  3  0  0
    7  2.7504945535366188e-07   1  1  0  2  3  0  0
    7 -1.3937363021795462e-08   0  2  0  2  3  0  0
    7 -7.8535278025869614e-08   0  0  2  2  3  0  0
    7  8.1924264518986686e-08   0  0  1  3  3  0  0
    7 -2.4252956953346089e-08   0  0  0  4  3  0  0
    7 -4.1990813692639334e-08   3  0  0  0  4  0  0
    7 -2.6481702640760734e-08   2  1  0  0  4  0  0
    7 -2.6481702640760734e-08   1  2  0  0  4  0  0
    7 -4.1990813692639334e-08   0  3  0  0  4  0  0
    7 -2.7036199090047615e-08   1  0  2  0  4  0  0
    7  3.9362173697149452e-08   0  1  2  0  4  0  0
    7 -1.1919676286877805e-07   1  0  1  1  4  0  0
    7 -1.1919676286877805e-07   0  1  1  1  4  0  0
    7  3.9362173697149452e-08   1  0  0  2  4  0  0
    7 -2.7036199090047615e-08   0  1  0  2  4  0  0
    7 -2.8438313283357724e-08   2  0  0  0  5  0  0
    7  5.6797782900705774e-07   1  1  0  0  5  0  0
    7 -2.8438313283357724e-08   0  2  0  0  5  0  0
    7  1.4983201706626728e-08   0  0  2  0  5  0  0
    7  9.9141069253106216e-08   0  0  1  1  5  0  0
    7  1.4983201706626728e-08   0  0  0  2  5  0  0
    7  1.1154391755633144e-21   1  0  0  0  6  0  0
    7  1.1154391755633144e-21   0  1  0  0  6  0  0
    7  4.3455321935277489e-08   0  0  0  0  7  0  0
    8 -3.0808887940575929e-09   8  0  0  0  0  0  0
    8  1.7978492123246608e-08   7  1  0  0  0  0  0
    8 -9.5582688823222252e-08   6  2  0  0  0  0  0
    8 -3.4720343043890041e-08   5  3  0  0  0  0  0
    8 -8.3158169117255168e-08   4  4  0  0  0  0  0
    8 -3.4720343043890041e-08   3  5  0  0  0  0  0
    8 -9.5582688823222252e-08   2  6  0  0  0  0  0
    8  1.7978492123246608e-08   1  7  0  0  0  0  0
    8 -3.0808887940575929e-09   0  8  0  0  0  0  0
    8  1.6189029679638047e-08   6  0  2  0  0  0  0
    8  9.5504698052225714e-07   5  1  2  0  0  0  0
    8  3.6455617795690236e-09   4  2  2  0  0  0  0
    8 -3.8571077635882548e-07   3  3  2  0  0  0  0
    8 -2.1439906201552852e-07   2  4  2  0  0  0  0
    8  3.5915973156031751e-08   1  5  2  0  0  0  0
    8  2.5414802474111653e-08   0  6  2  0  0  0  0
    8  4.2315311793625159e-09   4  0  4  0  0  0  0
    8  1.7722081721693797e-07   3  1  4  0  0  0  0
    8 -1.9909419962663286e-07   2  2  4  0  0  0  0
    8  1.3282327103316584e-07   1  3  4  0  0  0  0
    8  4.4869981927807096e-08   0  4  4  0  0  0  0
    8  4.1747415300744181e-09   2  0  6  0  0  0  0
    8 -1.6118818201140580e-07   1  1  6  0  0  0  0
    8  3.6857274669835324e-09   0  2  6  0  0  0  0
    8 -4.0673763227041012e-09   0  0  8  0  0  0  0
    8  4.8372436672660268e-08   6  0  1  1  0  0  0
    8 -4.0097903298860002e-07   5  1  1  1  0  0  0
    8 -1.1876803292959827e-07   4  2  1  1  0  0  0
    8 -6.1759197413106429e-08   3  3  1  1  0  0  0
    8 -1.1876803292959827e-07   2  4  1  1  0  0  0
    8 -4.0097903298860002e-07   1  5  1  1  0  0  0
    8  4.8372436672660268e-08   0  6  1  1  0  0  0
    8 -5.3401333086075547e-07   4  0  3  1  0  0  0
    8 -3.8662777734545819e-09   3  1  3  1  0  0  0
    8  2.8765903611570281e-08   2  2  3  1  0  0  0
    8 -2.9022485075768265e-07   1  3  3  1  0  0  0
    8  9.3902034410742813e-08   0  4  3  1  0  0  0
    8  8.4638983847133531e-08   2  0  5  1  0  0  0
    8 -3.9259777313549621e-08   1  1  5  1  0  0  0
    8  6.2988242987883327e-09   0  2  5  1  0  0  0
    8  1.3462695724613265e-08   0  0  7  1  0  0  0
    8  2.5414802474111653e-08   6  0  0  2  0  0  0
    8  3.5915973156031751e-08   5  1  0  2  0  0  0
    8 -2.1439906201552852e-07   4  2  0  2  0  0  0
    8 -3.8571077635882548e-07   3  3  0  2  0  0  0
    8  3.6455617795690236e-09   2  4  0  2  0  0  0
    8  9.5504698052225714e-07   1  5  0  2  0  0  0
    8  1.6189029679638047e-08   0  6  0  2  0  0  0
    8 -2.1392534761715042e-07   4  0  2  2  0  0  0
    8 -1.0418016270670527e-07   3  1  2  2  0  0  0
    8  5.0381979893332070e-07   2  2  2  2  0  0  0
    8 -1.0418016270670527e-07   1  3  2  2  0  0  0
    8 -2.1392534761715042e-07   0  4  2  2  0  0  0
    8  6.8861666458646084e-08   2  0  4  2  0  0  0
    8  7.3388464091426894e-08   1  1  4  2  0  0  0
    8 -6.5590874586210447e-08   0  2  4  2  0  0  0
    8  2.1440826225865075e-08   0  0  6  2  0  0  0
    8  9.3902034410742813e-08   4  0  1  3  0  0  0
    8 -2.9022485075768265e-07   3  1  1  3  0  0  0
    8  2.8765903611570281e-08   2  2  1  3  0  0  0
    8 -3.8662777734545819e-09   1  3  1  3  0  0  0
    8 -5.3401333086075547e-07   0  4  1  3  0  0  0
    8 -3.4264114606702957e-09   2  0  3  3  0  0  0
    8 -3.4274249942974341e-08   1  1  3  3  0  0  0
    8 -3.4264114606702957e-09   0  2  3  3  0  0  0
    8 -1.1436768855013947e-09   0  0  5  3  0  0  0
    8  4.4869981927807096e-08   4  0  0  4  0  0  0
    8  1.3282327103316584e-07   3  1  0  4  0  0  0
    8 -1.9909419962663286e-07   2  2  0  4  0  0  0
    8  1.7722081721693797e-07   1  3  0  4  0  0  0
    8  4.2315311793625159e-09   0  4  0  4  0  0  0
    8 -6.5590874586210447e-08   2  0  2  4  0  0  0
    8  7.3388464091426894e-08   1  1  2  4  0  0  0
    8  6.8861666458646084e-08   0  2  2  4  0  0  0
    8 -4.8779981526479484e-09   0  0  4  4  0  0  0
    8  6.2988242987883327e-09   2  0  1  5  0  0  0
    8 -3.9259777313549621e-08   1  1  1  5  0  0  0
    8  8.4638983847133531e-08   0  2  1  5  0  0  0
    8 -1.1436768855013947e-09   0  0  3  5  0  0  0
    8  3.6857274669835324e-09   2  0  0  6  0  0  0
    8 -1.6118818201140580e-07   1  1  0  6  0  0  0
    8  4.1747415300744181e-09   0  2  0  6  0  0  0
    8  2.1440826225865075e-08   0  0  2  6  0  0  0
    8  1.3462695724613265e-08   0  0  1  7  0  0  0
    8 -4.0673763227041012e-09   0  0  0  8  0  0  0
    8  3.4295380334118564e-08   7  0  0  0  1  0  0
    8 -8.3721503870642135e-08   6  1  0  0  1  0  0
    8  1.6590510806887804e-07   5  2  0  0  1  0  0
    8  1.3185548229551562e-07   4  3  0  0  1  0  0
    8  1.3185548229551562e-07   3  4  0  0  1  0  0
    8  1.6590510806887804e-07   2  5  0  0  1  0  0
    8 -8.3721503870642135e-08   1  6  0  0  1  0  0
    8  3.4295380334118564e-08   0  7  0  0  1  0  0
    8 -4.0517716921294454e-07   5  0  2  0  1  0  0
    8 -4.9578508422032076e-07   4  1  2  0  1  0  0
    8  6.5884687839619982e-07   3  2  2  0  1  0  0
    8 -3.5618537032641304e-07   2  3  2  0  1  0  0
    8  6.4556044127593235e-09   1  4  2  0  1  0  0
    8 -1.2861471503955344e-08   0  5  2  0  1  0  0
    8  2.8053246244177591e-08   3  0  4  0  1  0  0
    8  9.2950432445644866e-08   2  1  4  0  1  0  0
    8 -1.5344004770899097e-07   1  2  4  0  1  0  0
    8  2.3721037801886653e-08   0  3  4  0  1  0  0
    8 -2.3405964812480316e-08   1  0  6  0  1  0  0
    8  2.9507975957910424e-08   0  1  6  0  1  0  0
    8  5.8951044067092815e-08   5  0  1  1  1  0  0
    8 -6.9848076262304996e-08   4  1  1  1  1  0  0
    8  5.2468801957800271e-08   3  2  1  1  1  0  0
    8  5.2468801957800271e-08   2  3  1  1  1  0  0
    8 -6.9848076262304996e-08   1  4  1  1  1  0  0
    8  5.8951044067092815e-08   0  5  1  1  1  0  0
    8 -2.7802385814887167e-07   3  0  3  1  1  0  0
    8  6.9428353026722030e-07   2  1  3  1  1  0  0
    8 -5.4657762163005690e-07   1  2  3  1  1  0  0
    8  1.2954970671382983e-08   0  3  3  1  1  0  0
    8  4.7183653222973263e-08   1  0  5  1  1  0  0
    8 -7.4068104051725541e-08   0  1  5  1  1  0  0
    8 -1.2861471503955344e-08   5  0  0  2  1  0  0
    8  6.4556044127593235e-09   4  1  0  2  1  0  0
    8 -3.5618537032641304e-07   3  2  0  2  1  0  0
    8  6.5884687839619982e-07   2  3  0  2  1  0  0
    8 -4.9578508422032076e-07   1  4  0  2  1  0  0
    8 -4.0517716921294454e-07   0  5  0  2  1  0  0
    8 -5.5659530285787605e-08   3  0  2  2  1  0  0
    8 -4.9042966813725521e-08   2  1  2  2  1  0  0
    8 -4.9042966813725521e-08   1  2  2  2  1  0  0
    8 -5.5659530285787605e-08   0  3  2  2  1  0  0
    8  1.6505175435475976e-07   1  0  4  2  1  0  0
    8 -8.8512516481696134e-08   0  1  4  2  1  0  0
    8  1.2954970671382983e-08   3  0  1  3  1  0  0
    8 -5.4657762163005690e-07   2  1  1  3  1  0  0
    8  6.9428353026722030e-07   1  2  1  3  1  0  0
    8 -2.7802385814887167e-07   0  3  1  3  1  0  0
    8  4.6559869176426417e-08   1  0  3  3  1  0  0
    8  4.6559869176426417e-08   0  1  3  3  1  0  0
    8  2.3721037801886653e-08   3  0  0  4  1  0  0
    8 -1.5344004770899097e-07   2  1  0  4  1  0  0
    8  9.2950432445644866e-08   1  2  0  4  1  0  0
    8  2.8053246244177591e-08   0  3  0  4  1  0  0
    8 -8.8512516481696134e-08   1  0  2  4  1  0  0
    8  1.6505175435475976e-07   0  1  2  4  1  0  0
    8 -7.4068104051725541e-08   1  0  1  5  1  0  0
    8  4.7183653222973263e-08   0  1  1  5  1  0  0
    8  2.9507975957910424e-08   1  0  0  6  1  0  0
    8 -2.3405964812480316e-08   0  1  0  6  1  0  0
    8  4.4108622780554705e-08   6  0  0  0  2  0  0
    8 -1.4024832032021241e-07   5  1  0  0  2  0  0
    8  8.0245438858819479e-08   4  2  0  0  2  0  0
    8  1.8117846597513914e-07   3  3  0  0  2  0  0
    8  8.0245438858819479e-08   2  4  0  0  2  0  0
    8 -1.4024832032021241e-07   1  5  0  0  2  0  0
    8  4.4108622780554705e-08   0  6  0  0  2  0  0
    8  9.0370804438154513e-07   4  0  2  0  2  0  0
    8 -2.8900140430000424e-08   3  1  2  0  2  0  0
    8 -2.1531686138503264e-07   2  2  2  0  2  0  0
    8 -1.6544580156054012e-07   1  3  2  0  2  0  0
    8  1.8100525279872294e-08   0  4  2  0  2  0  0
    8  7.2403577502426915e-08   2  0  4  0  2  0  0
    8  6.4613462453542434e-08   1  1  4  0  2  0  0
    8  1.9829425432529951e-08   0  2  4  0  2  0  0
    8 -1.1613965767769228e-08   0  0  6  0  2  0  0
    8  1.5155670513801682e-07   4  0  1  1  2  0  0
    8 -1.4280495709366434e-07   3  1  1  1  2  0  0
    8  4.0633384985859124e-07   2  2  1  1  2  0  0
    8 -1.4280495709366434e-07   1  3  1  1  2  0  0
    8  1.5155670513801682e-07   0  4  1  1  2  0  0
    8 -2.9844939196060755e-09   2  0  3  1  2  0  0
    8 -2.1271936223182789e-07   1  1  3  1  2  0  0
    8 -2.5256619193756792e-08   0  2  3  1  2  0  0
    8 -4.0741289032473361e-08   0  0  5  1  2  0  0
    8  1.8100525279872294e-08   4  0  0  2  2  0  0
    8 -1.6544580156054012e-07   3  1  0  2  2  0  0
    8 -2.1531686138503264e-07   2  2  0  2  2  0  0
    8 -2.8900140430000424e-08   1  3  0  2  2  0  0
    8  9.0370804438154513e-07   0  4  0  2  2  0  0
    8 -9.1686615997915454e-08   2  0  2  2  2  0  0
    8  2.0863363399084856e-07   1  1  2  2  2  0  0
    8 -9.1686615997915454e-08   0  2  2  2  2  0  0
    8 -3.1384873483250443e-08   0  0  4  2  2  0  0
    8 -2.5256619193756792e-08   2  0  1  3  2  0  0
    8 -2.1271936223182789e-07   1  1  1  3  2  0  0
    8 -2.9844939196060755e-09   0  2  1  3  2  0  0
    8  4.5421260015605600e-08   0  0  3  3  2  0  0
    8  1.9829425432529951e-08   2  0  0  4  2  0  0
    8  6.4613462453542434e-08   1  1  0  4  2  0  0
    8  7.2403577502426915e-08   0  2  0  4  2  0  0
    8 -3.1384873483250443e-08   0  0  2  4  2  0  0
    8 -4.0741289032473361e-08   0  0  1  5  2  0  0
    8 -1.1613965767769228e-08   0  0  0  6  2  0  0
    8 -8.0139865865077006e-10   5  0  0  0  3  0  0
    8  5.9807420916853677e-08   4  1  0  0  3  0  0
    8  2.4941308096285359e-08   3  2  0  0  3  0  0
    8  2.4941308096285359e-08   2  3  0  0  3  0  0
    8  5.9807420916853677e-08   1  4  0  0  3  0  0
    8 -8.0139865865077006e-10   0  5  0  0  3  0  0
    8  2.8105237779415265e-08   3  0  2  0  3  0  0
    8  7.6931217001972748e-10   2  1  2  0  3  0  0
    8  2.8793200242119822e-07   1  2  2  0  3  0  0
    8 -2.0548848140572574e-08   0  3  2  0  3  0  0
    8 -6.0590496022644170e-08   1  0  4  0  3  0  0
    8  5.9818504749717929e-08   0  1  4  0  3  0  0
    8 -5.8874700273766220e-09   3  0  1  1  3  0  0
    8  1.2910036463145603e-07   2  1  1  1  3  0  0
    8  1.2910036463145603e-07   1  2  1  1  3  0  0
    8 -5.8874700273766220e-09   0  3  1  1  3  0  0
    8 -1.2657873056282248e-08   1  0  3  1  3  0  0
    8  9.2547617534120887e-08   0  1  3  1  3  0  0
    8 -2.0548848140572574e-08   3  0  0  2  3  0  0
    8  2.8793200242119822e-07   2  1  0  2  3  0  0
    8  7.6931217001972748e-10   1  2  0  2  3  0  0
    8  2.8105237779415265e-08   0  3  0  2  3  0  0
    8  2.7922473335007733e-08   1  0  2  2  3  0  0
    8  2.7922473335007733e-08   0  1  2  2  3  0  0
    8  9.2547617534120887e-08   1  0  1  3  3  0  0
    8 -1.2657873056282248e-08   0  1  1  3  3  0  0
    8  5.9818504749717929e-08   1  0  0  4  3  0  0
    8 -6.0590496022644170e-08   0  1  0  4  3  0  0
    8 -7.6958107236723085e-09   4  0  0  0  4  0  0
    8 -2.4208875857184268e-08   3  1  0  0  4  0  0
    8 -1.5454554717733255e-07   2  2  0  0  4  0  0
    8 -2.4208875857184268e-08   1  3  0  0  4  0  0
    8 -7.6958107236723085e-09   0  4  0  0  4  0  0
    8  4.2060066504237974e-08   2  0  2  0  4  0  0
    8 -1.0391016096522086e-07   1  1  2  0  4  0  0
    8 -6.3489864640503841e-09   0  2  2  0  4  0  0
    8  3.7578660139080013e-09   0  0  4  0  4  0  0
    8 -1.4515255906774613e-08   2  0  1  1  4  0  0
    8 -3.6195625128051577e-07   1  1  1  1  4  0  0
    8 -1.4515255906774613e-08   0  2  1  1  4  0  0
    8 -4.0008616823620786e-09   0  0  3  1  4  0  0
    8 -6.3489864640503841e-09   2  0  0  2  4  0  0
    8 -1.0391016096522086e-07   1  1  0  2  4  0  0
    8  4.2060066504237974e-08   0  2  0  2  4  0  0
    8 -2.5763635490366734e-08   0  0  2  2  4  0  0
    8 -4.0008616823620786e-09   0  0  1  3  4  0  0
    8  3.7578660139080013e-09   0  0  0  4  4  0  0
    8  4.6766934388187467e-08   3  0  0  0  5  0  0
    8  3.8018202726859971e-08   2  1  0  0  5  0  0
    8  3.8018202726859971e-08   1  2  0  0  5  0  0
    8  4.6766934388187467e-08   0  3  0  0  5  0  0
    8  1.1453216983794485e-07   1  0  2  0  5  0  0
    8 -1.3650773714143127e-08   0  1  2  0  5  0  0
    8 -4.3840547505300959e-08   1  0  1  1  5  0  0
    8 -4.3840547505300959e-08   0  1  1  1  5  0  0
    8 -1.3650773714143127e-08   1  0  0  2  5  0  0
    8  1.1453216983794485e-07   0  1  0  2  5  0  0
    8  2.4121561662297277e-08   2  0  0  0  6  0  0
    8 -2.6035620878643435e-07   1  1  0  0  6  0  0
    8  2.4121561662297277e-08   0  2  0  0  6  0  0
    8 -7.5151713984099800e-09   0  0  2  0  6  0  0
    8 -3.3948822419144882e-08   0  0  1  1  6  0  0
    8 -7.5151713984099800e-09   0  0  0  2  6  0  0
    8 -2.7644500487462866e-21   1  0  0  0  7  0  0
    8 -2.7644500487462866e-21   0  1  0  0  7  0  0
    8 -2.3295523832889964e-08   0  0  0  0  8  0  0
 -661  0.0000000000000000e+00   0  0  0  0  0  0  0

tpsa, NO = 8, NV = 7, INA = 58472
------------------------------------------------------------------

   |I|         a                i  i  i  i  i  i  i
                I                1  2  3  4  5  6  7

    2 -6.9997280217652827e-11   1  1  0  0  0  0  0
    2 -3.1321336425415672e-10   0  0  1  1  0  0  0
    2  3.8773713610707861e-08   0  0  0  0  2  0  0
    3 -2.8540764915491217e-14   3  0  0  0  0  0  0
    3 -2.1048940927348660e-14   2  1  0  0  0  0  0
    3 -2.1048940927348660e-14   1  2  0  0  0  0  0
    3 -2.8540764915491217e-14   0  3  0  0  0  0  0
    3  1.5091993971594867e-13   1  0  2  0  0  0  0
    3 -3.8280156742300081e-14   0  1  2  0  0  0  0
    3 -1.0062593920588053e-14   1  0  1  1  0  0  0
    3 -1.0062593920588053e-14   0  1  1  1  0  0  0
    3 -3.8280156742300081e-14   1  0  0  2  0  0  0
    3  1.5091993971594867e-13   0  1  0  2  0  0  0
    3 -1.9580985790419668e-13   2  0  0  0  1  0  0
    3 -2.7363680613462398e-21   1  1  0  0  1  0  0
    3 -1.9580985790419668e-13   0  2  0  0  1  0  0
    3  6.4302815452868762e-13   0  0  2  0  1  0  0
    3 -2.5306191002545939e-21   0  0  1  1  1  0  0
    3  6.4302815452868762e-13   0  0  0  2  1  0  0
    3 -1.4067477136493813e-12   0  0  0  0  3  0  0
    4 -4.4520689583303942e-17   4  0  0  0  0  0  0
    4 -1.7285159479689450e-19   3  1  0  0  0  0  0
    4  1.1566843812739806e-16   2  2  0  0  0  0  0
    4 -1.7285159479689450e-19   1  3  0  0  0  0  0
    4 -4.4520689583303942e-17   0  4  0  0  0  0  0
    4 -9.0368156113312051e-17   2  0  2  0  0  0  0
    4 -1.5765977568971238e-16   1  1  2  0  0  0  0
    4  1.8500900647523663e-16   0  2  2  0  0  0  0
    4  1.0153762899603435e-16   0  0  4  0  0  0  0
    4  4.9477829730064515e-18   2  0  1  1  0  0  0
    4 -5.1288285022036242e-16   1  1  1  1  0  0  0
    4  4.9477829730064515e-18   0  2  1  1  0  0  0
    4 -1.4876643176989449e-16   0  0  3  1  0  0  0
    4  1.8500900647523663e-16   2  0  0  2  0  0  0
    4 -1.5765977568971238e-16   1  1  0  2  0  0  0
    4 -9.0368156113312051e-17   0  2  0  2  0  0  0
    4  3.4846712658592771e-17   0  0  2  2  0  0  0
    4 -1.4876643176989449e-16   0  0  1  3  0  0  0
    4  1.0153762899603435e-16   0  0  0  4  0  0  0
    4  1.4333395138232556e-16   3  0  0  0  1  0  0
    4 -6.0684510441008862e-16   2  1  0  0  1  0  0
    4 -6.0684510441008862e-16   1  2  0  0  1  0  0
    4  1.4333395138232556e-16   0  3  0  0  1  0  0
    4 -2.3182663823413938e-16   1  0  2  0  1  0  0
    4  1.9969871515885413e-15   0  1  2  0  1  0  0
    4 -2.9428769805550167e-16   1  0  1  1  1  0  0
    4 -2.9428769805550167e-16   0  1  1  1  1  0  0
    4  1.9969871515885413e-15   1  0  0  2  1  0  0
    4 -2.3182663823413938e-16   0  1  0  2  1  0  0
    4 -2.8183920803830255e-15   2  0  0  0  2  0  0
    4  7.6736508282219322e-15   1  1  0  0  2  0  0
    4 -2.8183920803830255e-15   0  2  0  0  2  0  0
    4  1.7233086179108397e-14   0  0  2  0  2  0  0
    4 -6.1182704488217280e-15   0  0  1  1  2  0  0
    4  1.7233086179108397e-14   0  0  0  2  2  0  0
    4  6.7546841845474211e-13   0  0  0  0  4  0  0
    5  2.4589483544522377e-19   5  0  0  0  0  0  0
    5  3.2919830657444893e-20   4  1  0  0  0  0  0
    5  1.5238874102475800e-19   3  2  0  0  0  0  0
    5  1.5238874102475800e-19   2  3  0  0  0  0  0
    5  3.2919830657444893e-20   1  4  0  0  0  0  0
    5  2.4589483544522377e-19   0  5  0  0  0  0  0
    5  3.3965637250146583e-19   3  0  2  0  0  0  0
    5 -3.8069178997401019e-19   2  1  2  0  0  0  0
    5 -1.0688456962156592e-18   1  2  2  0  0  0  0
    5 -3.6604960946534269e-20   0  3  2  0  0  0  0
    5  7.3660643556905477e-20   1  0  4  0  0  0  0
    5 -6.4276536572383846e-19   0  1  4  0  0  0  0
    5 -2.8131324324315418e-19   3  0  1  1  0  0  0
    5  8.6143457282417102e-20   2  1  1  1  0  0  0
    5  8.6143457282417102e-20   1  2  1  1  0  0  0
    5 -2.8131324324315418e-19   0  3  1  1  0  0  0
    5 -2.5486157572262979e-19   1  0  3  1  0  0  0
    5 -3.8457895530585764e-19   0  1  3  1  0  0  0
    5 -3.6604960946534269e-20   3  0  0  2  0  0  0
    5 -1.0688456962156592e-18   2  1  0  2  0  0  0
    5 -3.8069178997401019e-19   1  2  0  2  0  0  0
    5  3.3965637250146583e-19   0  3  0  2  0  0  0
    5  1.4849801044090472e-19   1  0  2  2  0  0  0
    5  1.4849801044090472e-19   0  1  2  2  0  0  0
    5 -3.8457895530585764e-19   1  0  1  3  0  0  0
    5 -2.5486157572262979e-19   0  1  1  3  0  0  0
    5 -6.4276536572383846e-19   1  0  0  4  0  0  0
    5  7.3660643556905477e-20   0  1  0  4  0  0  0
    5 -8.3698966266113628e-19   4  0  0  0  1  0  0
    5  2.9101075144819193e-19   3  1  0  0  1  0  0
    5  1.6133299547656212e-17   2  2  0  0  1  0  0
    5  2.9101075144819193e-19   1  3  0  0  1  0  0
    5 -8.3698966266113628e-19   0  4  0  0  1  0  0
    5  3.0261446677642678e-19   2  0  2  0  1  0  0
    5 -2.0913645517056183e-18   1  1  2  0  1  0  0
    5  7.1064210556206231e-19   0  2  2  0  1  0  0
    5 -1.2733703019501056e-18   0  0  4  0  1  0  0
    5 -2.4755310869868522e-18   2  0  1  1  1  0  0
    5  1.2853353467073023e-17   1  1  1  1  1  0  0
    5 -2.4755310869868522e-18   0  2  1  1  1  0  0
    5 -1.0214551537512422e-18   0  0  3  1  1  0  0
    5  7.1064210556206231e-19   2  0  0  2  1  0  0
    5 -2.0913645517056183e-18   1  1  0  2  1  0  0
    5  3.0261446677642678e-19   0  2  0  2  1  0  0
    5  1.9842849547375104e-18   0  0  2  2  1  0  0
    5 -1.0214551537512422e-18   0  0  1  3  1  0  0
    5 -1.2733703019501056e-18   0  0  0  4  1  0  0
    5  4.5469383602722030e-18   3  0  0  0  2  0  0
    5 -6.3870919705166262e-18   2  1  0  0  2  0  0
    5 -6.3870919705166262e-18   1  2  0  0  2  0  0
    5  4.5469383602722030e-18   0  3  0  0  2  0  0
    5 -6.7252222740384474e-18   1  0  2  0  2  0  0
    5  4.1809368238060067e-17   0  1  2  0  2  0  0
    5 -1.7793002383348701e-17   1  0  1  1  2  0  0
    5 -1.7793002383348701e-17   0  1  1  1  2  0  0
    5  4.1809368238060067e-17   1  0  0  2  2  0  0
    5 -6.7252222740384474e-18   0  1  0  2  2  0  0
    5  3.0290540018485109e-17   2  0  0  0  3  0  0
    5  4.4236620710422096e-16   1  1  0  0  3  0  0
    5  3.0290540018485109e-17   0  2  0  0  3  0  0
    5 -9.0681082508612491e-17   0  0  2  0  3  0  0
    5 -8.5393209901017118e-17   0  0  1  1  3  0  0
    5 -9.0681082508612491e-17   0  0  0  2  3  0  0
    5 -3.5367677385941955e-15   0  0  0  0  5  0  0
    6 -4.0689136371792213e-22   6  0  0  0  0  0  0
    6  1.3730913340633236e-21   5  1  0  0  0  0  0
    6  6.0667643130906413e-22   4  2  0  0  0  0  0
    6 -3.7241797088210012e-21   3  3  0  0  0  0  0
    6  6.0667643130906413e-22   2  4  0  0  0  0  0
    6  1.3730913340633236e-21   1  5  0  0  0  0  0
    6 -4.0689136371792213e-22   0  6  0  0  0  0  0
    6 -4.3620804687002329e-21   4  0  2  0  0  0  0
    6  3.3577220172412823e-22   3  1  2  0  0  0  0
    6  6.6924763452887190e-22   2  2  2  0  0  0  0
    6 -7.1719643387124391e-22   1  3  2  0  0  0  0
    6 -3.9915201199089800e-22   0  4  2  0  0  0  0
    6  5.5796436590437550e-22   2  0  4  0  0  0  0
    6  1.3481577494483494e-21   1  1  4  0  0  0  0
    6  3.6027834849336818e-22   0  2  4  0  0  0  0
    6  3.5455130204051751e-22   0  0  6  0  0  0  0
    6 -2.5155334155752027e-22   4  0  1  1  0  0  0
    6  2.2266713032123091e-22   3  1  1  1  0  0  0
    6 -9.2711629197646135e-21   2  2  1  1  0  0  0
    6  2.2266713032123091e-22   1  3  1  1  0  0  0
    6 -2.5155334155752027e-22   0  4  1  1  0  0  0
    6  2.7319082334833367e-22   2  0  3  1  0  0  0
    6  8.9365269204658778e-22   1  1  3  1  0  0  0
    6  8.5151467405513350e-22   0  2  3  1  0  0  0
    6  9.1273249985222054e-23   0  0  5  1  0  0  0
    6 -3.9915201199089800e-22   4  0  0  2  0  0  0
    6 -7.1719643387124391e-22   3  1  0  2  0  0  0
    6  6.6924763452887190e-22   2  2  0  2  0  0  0
    6  3.3577220172412823e-22   1  3  0  2  0  0  0
    6 -4.3620804687002329e-21   0  4  0  2  0  0  0
    6 -7.9322398539026534e-23   2  0  2  2  0  0  0
    6 -1.8199001202367345e-21   1  1  2  2  0  0  0
    6 -7.9322398539026534e-23   0  2  2  2  0  0  0
    6  2.6790585677851028e-22   0  0  4  2  0  0  0
    6  8.5151467405513350e-22   2  0  1  3  0  0  0
    6  8.9365269204658778e-22   1  1  1  3  0  0  0
    6  2.7319082334833367e-22   0  2  1  3  0  0  0
    6 -4.5835525954354462e-22   0  0  3  3  0  0  0
    6  3.6027834849336818e-22   2  0  0  4  0  0  0
    6  1.3481577494483494e-21   1  1  0  4  0  0  0
    6  5.5796436590437550e-22   0  2  0  4  0  0  0
    6  2.6790585677851028e-22   0  0  2  4  0  0  0
    6  9.1273249985222054e-23   0  0  1  5  0  0  0
    6  3.5455130204051751e-22   0  0  0  6  0  0  0
    6  8.4344793497155432e-21   5  0  0  0  1  0  0
    6  1.1447391682662253e-20   4  1  0  0  1  0  0
    6  1.4217705812764355e-20   3  2  0  0  1  0  0
    6  1.4217705812764355e-20   2  3  0  0  1  0  0
    6  1.1447391682662253e-20   1  4  0  0  1  0  0
    6  8.4344793497155432e-21   0  5  0  0  1  0  0
    6 -4.0837691485080554e-21   3  0  2  0  1  0  0
    6  3.0398107649029480e-20   2  1  2  0  1  0  0
    6 -2.7774079946844728e-20   1  2  2  0  1  0  0
    6 -5.2789855509969352e-21   0  3  2  0  1  0  0
    6  1.9500364386552037e-21   1  0  4  0  1  0  0
    6 -3.7934313421142101e-21   0  1  4  0  1  0  0
    6  2.3067817414626517e-21   3  0  1  1  1  0  0
    6  1.6733057585242774e-20   2  1  1  1  1  0  0
    6  1.6733057585242774e-20   1  2  1  1  1  0  0
    6  2.3067817414626517e-21   0  3  1  1  1  0  0
    6  2.2057690823091789e-21   1  0  3  1  1  0  0
    6 -2.2812280614112031e-21   0  1  3  1  1  0  0
    6 -5.2789855509969352e-21   3  0  0  2  1  0  0
    6 -2.7774079946844728e-20   2  1  0  2  1  0  0
    6  3.0398107649029480e-20   1  2  0  2  1  0  0
    6 -4.0837691485080554e-21   0  3  0  2  1  0  0
    6  9.5500497849420139e-21   1  0  2  2  1  0  0
    6  9.5500497849420139e-21   0  1  2  2  1  0  0
    6 -2.2812280614112031e-21   1  0  1  3  1  0  0
    6  2.2057690823091789e-21   0  1  1  3  1  0  0
    6 -3.7934313421142101e-21   1  0  0  4  1  0  0
    6  1.9500364386552037e-21   0  1  0  4  1  0  0
    6  3.4856620005423552e-20   4  0  0  0  2  0  0
    6  7.9329328887483781e-20   3  1  0  0  2  0  0
    6 -3.0513575224842984e-19   2  2  0  0  2  0  0
    6  7.9329328887483781e-20   1  3  0  0  2  0  0
    6  3.4856620005423552e-20   0  4  0  0  2  0  0
    6 -1.3007091383332888e-20   2  0  2  0  2  0  0
    6  2.1616313898849153e-20   1  1  2  0  2  0  0
    6 -1.9514123009069272e-21   0  2  2  0  2  0  0
    6 -2.0537823833271020e-20   0  0  4  0  2  0  0
    6 -8.4416967235091511e-21   2  0  1  1  2  0  0
    6  1.0434414214751754e-19   1  1  1  1  2  0  0
    6 -8.4416967235091511e-21   0  2  1  1  2  0  0
    6  3.8390669939460095e-21   0  0  3  1  2  0  0
    6 -1.9514123009069272e-21   2  0  0  2  2  0  0
    6  2.1616313898849153e-20   1  1  0  2  2  0  0
    6 -1.3007091383332888e-20   0  2  0  2  2  0  0
    6  3.8562144640603156e-20   0  0  2  2  2  0  0
    6  3.8390669939460095e-21   0  0  1  3  2  0  0
    6 -2.0537823833271020e-20   0  0  0  4  2  0  0
    6  4.2747672216648655e-20   3  0  0  0  3  0  0
    6  3.7773666437301527e-19   2  1  0  0  3  0  0
    6  3.7773666437301527e-19   1  2  0  0  3  0  0
    6  4.2747672216648655e-20   0  3  0  0  3  0  0
    6  4.8995120614771638e-19   1  0  2  0  3  0  0
    6  4.7347424050663262e-19   0  1  2  0  3  0  0
    6 -3.7018111805939311e-19   1  0  1  1  3  0  0
    6 -3.7018111805939311e-19   0  1  1  1  3  0  0
    6  4.7347424050663262e-19   1  0  0  2  3  0  0
    6  4.8995120614771638e-19   0  1  0  2  3  0  0
    6  1.4593120798532996e-18   2  0  0  0  4  0  0
    6 -1.1057573537364275e-17   1  1  0  0  4  0  0
    6  1.4593120798532996e-18   0  2  0  0  4  0  0
    6  4.0242830497812056e-20   0  0  2  0  4  0  0
    6 -1.4962342831224371e-18   0  0  1  1  4  0  0
    6  4.0242830497812056e-20   0  0  0  2  4  0  0
    6 -2.8677308614367104e-17   0  0  0  0  6  0  0
    7  8.2376291520158929e-25   7  0  0  0  0  0  0
    7 -1.7481658701817594e-24   6  1  0  0  0  0  0
    7 -2.0055869273105449e-24   5  2  0  0  0  0  0
    7 -9.6947172844480577e-25   4  3  0  0  0  0  0
    7 -9.6947172844480577e-25   3  4  0  0  0  0  0
    7 -2.0055869273105449e-24   2  5  0  0  0  0  0
    7 -1.7481658701817594e-24   1  6  0  0  0  0  0
    7  8.2376291520158929e-25   0  7  0  0  0  0  0
    7  1.4341015215632418e-23   5  0  2  0  0  0  0
    7 -8.8223430215316681e-24   4  1  2  0  0  0  0
    7 -2.7174884502501636e-23   3  2  2  0  0  0  0
    7  9.5264451658469230e-25   2  3  2  0  0  0  0
    7 -2.9111716153620484e-25   1  4  2  0  0  0  0
    7 -1.0316265751209342e-24   0  5  2  0  0  0  0
    7 -3.7314275956761092e-24   3  0  4  0  0  0  0
    7 -2.3411437268886593e-24   2  1  4  0  0  0  0
    7  7.6212696676424885e-24   1  2  4  0  0  0  0
    7 -6.1015555258425587e-25   0  3  4  0  0  0  0
    7 -4.7241160896383626e-25   1  0  6  0  0  0  0
    7  1.9563320802561847e-25   0  1  6  0  0  0  0
    7 -3.0516575291387035e-24   5  0  1  1  0  0  0
    7 -7.9316636920735729e-25   4  1  1  1  0  0  0
    7 -1.1844039064756167e-23   3  2  1  1  0  0  0
    7 -1.1844039064756167e-23   2  3  1  1  0  0  0
    7 -7.9316636920735729e-25   1  4  1  1  0  0  0
    7 -3.0516575291387035e-24   0  5  1  1  0  0  0
    7 -8.2271472068783135e-25   3  0  3  1  0  0  0
    7 -1.3956905969996757e-23   2  1  3  1  0  0  0
    7  6.5175297229555173e-24   1  2  3  1  0  0  0
    7 -1.6236648313218546e-24   0  3  3  1  0  0  0
    7 -7.1403741240543545e-25   1  0  5  1  0  0  0
    7 -4.8100385433200631e-25   0  1  5  1  0  0  0
    7 -1.0316265751209342e-24   5  0  0  2  0  0  0
    7 -2.9111716153620484e-25   4  1  0  2  0  0  0
    7  9.5264451658469230e-25   3  2  0  2  0  0  0
    7 -2.7174884502501636e-23   2  3  0  2  0  0  0
    7 -8.8223430215316681e-24   1  4  0  2  0  0  0
    7  1.4341015215632418e-23   0  5  0  2  0  0  0
    7  2.2197335189438182e-24   3  0  2  2  0  0  0
    7 -7.4378032599601029e-24   2  1  2  2  0  0  0
    7 -7.4378032599601029e-24   1  2  2  2  0  0  0
    7  2.2197335189438182e-24   0  3  2  2  0  0  0
    7 -1.4157907426327312e-24   1  0  4  2  0  0  0
    7 -7.0288444650950188e-25   0  1  4  2  0  0  0
    7 -1.6236648313218546e-24   3  0  1  3  0  0  0
    7  6.5175297229555173e-24   2  1  1  3  0  0  0
    7 -1.3956905969996757e-23   1  2  1  3  0  0  0
    7 -8.2271472068783135e-25   0  3  1  3  0  0  0
    7 -2.0285234945964231e-24   1  0  3  3  0  0  0
    7 -2.0285234945964231e-24   0  1  3  3  0  0  0
    7 -6.1015555258425587e-25   3  0  0  4  0  0  0
    7  7.6212696676424885e-24   2  1  0  4  0  0  0
    7 -2.3411437268886593e-24   1  2  0  4  0  0  0
    7 -3.7314275956761092e-24   0  3  0  4  0  0  0
    7 -7.0288444650950188e-25   1  0  2  4  0  0  0
    7 -1.4157907426327312e-24   0  1  2  4  0  0  0
    7 -4.8100385433200631e-25   1  0  1  5  0  0  0
    7 -7.1403741240543545e-25   0  1  1  5  0  0  0
    7  1.9563320802561847e-25   1  0  0  6  0  0  0
    7 -4.7241160896383626e-25   0  1  0  6  0  0  0
    7 -1.1530523637425496e-23   6  0  0  0  1  0  0
    7  6.8703543959887924e-23   5  1  0  0  1  0  0
    7  1.2516499104781827e-23   4  2  0  0  1  0  0
    7  9.5017676664153296e-23   3  3  0  0  1  0  0
    7  1.2516499104781827e-23   2  4  0  0  1  0  0
    7  6.8703543959887924e-23   1  5  0  0  1  0  0
    7 -1.1530523637425496e-23   0  6  0  0  1  0  0
    7  2.3158496591078207e-23   4  0  2  0  1  0  0
    7 -3.4227284884886920e-23   3  1  2  0  1  0  0
    7 -4.4014748579641995e-24   2  2  2  0  1  0  0
    7  3.6808375697552970e-23   1  3  2  0  1  0  0
    7 -7.7433705355463593e-24   0  4  2  0  1  0  0
    7 -1.9108437835146940e-23   2  0  4  0  1  0  0
    7  3.5035941291226840e-23   1  1  4  0  1  0  0
    7 -1.1223468134560649e-24   0  2  4  0  1  0  0
    7  2.9109758875969085e-24   0  0  6  0  1  0  0
    7  2.9589881042664980e-23   4  0  1  1  1  0  0
    7 -4.8520925649412592e-24   3  1  1  1  1  0  0
    7  3.7368319913478687e-23   2  2  1  1  1  0  0
    7 -4.8520925649412592e-24   1  3  1  1  1  0  0
    7  2.9589881042664980e-23   0  4  1  1  1  0  0
    7 -3.3777304636986885e-24   2  0  3  1  1  0  0
    7 -1.9072142772781914e-23   1  1  3  1  1  0  0
    7  1.0950435180073382e-23   0  2  3  1  1  0  0
    7 -1.8018224343521361e-24   0  0  5  1  1  0  0
    7 -7.7433705355463593e-24   4  0  0  2  1  0  0
    7  3.6808375697552970e-23   3  1  0  2  1  0  0
    7 -4.4014748579641995e-24   2  2  0  2  1  0  0
    7 -3.4227284884886920e-23   1  3  0  2  1  0  0
    7  2.3158496591078207e-23   0  4  0  2  1  0  0
    7  6.8898470526937556e-24   2  0  2  2  1  0  0
    7 -1.9917242028085868e-23   1  1  2  2  1  0  0
    7  6.8898470526937556e-24   0  2  2  2  1  0  0
    7 -6.9608686344778966e-24   0  0  4  2  1  0  0
    7  1.0950435180073382e-23   2  0  1  3  1  0  0
    7 -1.9072142772781914e-23   1  1  1  3  1  0  0
    7 -3.3777304636986885e-24   0  2  1  3  1  0  0
    7  4.5419555986203995e-24   0  0  3  3  1  0  0
    7 -1.1223468134560649e-24   2  0  0  4  1  0  0
    7  3.5035941291226840e-23   1  1  0  4  1  0  0
    7 -1.9108437835146940e-23   0  2  0  4  1  0  0
    7 -6.9608686344778966e-24   0  0  2  4  1  0  0
    7 -1.8018224343521361e-24   0  0  1  5  1  0  0
    7  2.9109758875969085e-24   0  0  0  6  1  0  0
    7 -1.7039652205751397e-22   5  0  0  0  2  0  0
    7 -1.4625552712321208e-23   4  1  0  0  2  0  0
    7  1.1209352256077654e-22   3  2  0  0  2  0  0
    7  1.1209352256077654e-22   2  3  0  0  2  0  0
    7 -1.4625552712321208e-23   1  4  0  0  2  0  0
    7 -1.7039652205751397e-22   0  5  0  0  2  0  0
    7  1.3111305683371758e-22   3  0  2  0  2  0  0
    7 -5.6190972143160203e-22   2  1  2  0  2  0  0
    7 -2.0930376125079921e-22   1  2  2  0  2  0  0
    7 -7.7666872510811359e-23   0  3  2  0  2  0  0
    7 -1.5157181939092777e-23   1  0  4  0  2  0  0
    7  4.0870399230489144e-23   0  1  4  0  2  0  0
    7  1.0986962241000282e-22   3  0  1  1  2  0  0
    7  2.4886050091976203e-22   2  1  1  1  2  0  0
    7  2.4886050091976203e-22   1  2  1  1  2  0  0
    7  1.0986962241000282e-22   0  3  1  1  2  0  0
    7 -2.1011114335299944e-22   1  0  3  1  2  0  0
    7  1.3437410448079353e-22   0  1  3  1  2  0  0
    7 -7.7666872510811359e-23   3  0  0  2  2  0  0
    7 -2.0930376125079921e-22   2  1  0  2  2  0  0
    7 -5.6190972143160203e-22   1  2  0  2  2  0  0
    7  1.3111305683371758e-22   0  3  0  2  2  0  0
    7  1.8369142316311777e-22   1  0  2  2  2  0  0
    7  1.8369142316311777e-22   0  1  2  2  2  0  0
    7  1.3437410448079353e-22   1  0  1  3  2  0  0
    7 -2.1011114335299944e-22   0  1  1  3  2  0  0
    7  4.0870399230489144e-23   1  0  0  4  2  0  0
    7 -1.5157181939092777e-23   0  1  0  4  2  0  0
    7  2.9713552206948881e-22   4  0  0  0  3  0  0
    7 -1.3363898016197394e-22   3  1  0  0  3  0  0
    7  3.0781495703932353e-21   2  2  0  0  3  0  0
    7 -1.3363898016197394e-22   1  3  0  0  3  0  0
    7  2.9713552206948881e-22   0  4  0  0  3  0  0
    7 -1.2520079664731129e-22   2  0  2  0  3  0  0
    7  2.4707981613046427e-21   1  1  2  0  3  0  0
    7  1.1277034324583561e-22   0  2  2  0  3  0  0
    7 -1.7642656004941304e-22   0  0  4  0  3  0  0
    7  6.8342223725435561e-22   2  0  1  1  3  0  0
    7 -2.0237889620572921e-21   1  1  1  1  3  0  0
    7  6.8342223725435561e-22   0  2  1  1  3  0  0
    7  5.9595274099840815e-22   0  0  3  1  3  0  0
    7  1.1277034324583561e-22   2  0  0  2  3  0  0
    7  2.4707981613046427e-21   1  1  0  2  3  0  0
    7 -1.2520079664731129e-22   0  2  0  2  3  0  0
    7 -5.7129977887982085e-22   0  0  2  2  3  0  0
    7  5.9595274099840815e-22   0  0  1  3  3  0  0
    7 -1.7642656004941304e-22   0  0  0  4  3  0  0
    7 -3.1038930867209117e-21   3  0  0  0  4  0  0
    7 -1.9574846620718034e-21   2  1  0  0  4  0  0
    7 -1.9574846620718034e-21   1  2  0  0  4  0  0
    7 -3.1038930867209117e-21   0  3  0  0  4  0  0
    7 -1.6183441762366414e-21   1  0  2  0  4  0  0
    7  2.3561575484272234e-21   0  1  2  0  4  0  0
    7 -7.1349299645435907e-21   1  0  1  1  4  0  0
    7 -7.1349299645435907e-21   0  1  1  1  4  0  0
    7  2.3561575484272234e-21   1  0  0  2  4  0  0
    7 -1.6183441762366414e-21   0  1  0  2  4  0  0
    7 -1.4007320656913672e-20   2  0  0  0  5  0  0
    7  2.7975806784487998e-19   1  1  0  0  5  0  0
    7 -1.4007320656913672e-20   0  2  0  0  5  0  0
    7  5.9762485707930201e-21   0  0  2  0  5  0  0
    7  3.9543729373190130e-20   0  0  1  1  5  0  0
    7  5.9762485707930201e-21   0  0  0  2  5  0  0
    7  9.5036789072451855e-19   0  0  0  0  7  0  0
    8  1.3055015073981872e-25   5  1  2  0  0  0  0
    8  1.3055015073981872e-25   1  5  0  2  0  0  0
    8  1.8661149087513174e-25   5  2  0  0  1  0  0
    8  1.4831217927907474e-25   4  3  0  0  1  0  0
    8  1.4831217927907474e-25   3  4  0  0  1  0  0
    8  1.8661149087513174e-25   2  5  0  0  1  0  0
    8 -3.6905949312863814e-25   5  0  2  0  1  0  0
    8 -4.5159057761945861e-25   4  1  2  0  1  0  0
    8  6.0011696972613817e-25   3  2  2  0  1  0  0
    8 -3.2443484534888893e-25   2  3  2  0  1  0  0
    8 -1.1317823846044094e-25   1  2  4  0  1  0  0
    8 -2.0507195471512493e-25   3  0  3  1  1  0  0
    8  5.1210741994011963e-25   2  1  3  1  1  0  0
    8 -4.0315871457046253e-25   1  2  3  1  1  0  0
    8 -3.2443484534888893e-25   3  2  0  2  1  0  0
    8  6.0011696972613817e-25   2  3  0  2  1  0  0
    8 -4.5159057761945861e-25   1  4  0  2  1  0  0
    8 -3.6905949312863814e-25   0  5  0  2  1  0  0
    8 -4.0315871457046253e-25   2  1  1  3  1  0  0
    8  5.1210741994011963e-25   1  2  1  3  1  0  0
    8 -2.0507195471512493e-25   0  3  1  3  1  0  0
    8 -1.1317823846044094e-25   2  1  0  4  1  0  0
    8  3.3059851307450943e-25   6  0  0  0  2  0  0
    8 -1.0511751044627977e-24   5  1  0  0  2  0  0
    8  6.0144754234839784e-25   4  2  0  0  2  0  0
    8  1.3579506154725681e-24   3  3  0  0  2  0  0
    8  6.0144754234839784e-25   2  4  0  0  2  0  0
    8 -1.0511751044627977e-24   1  5  0  0  2  0  0
    8  3.3059851307450943e-25   0  6  0  0  2  0  0
    8  5.4850215285524499e-24   4  0  2  0  2  0  0
    8 -1.7540830074742060e-25   3  1  2  0  2  0  0
    8 -1.3068574829003321e-24   2  2  2  0  2  0  0
    8 -1.0041669862407954e-24   1  3  2  0  2  0  0
    8  1.0986044824482129e-25   0  4  2  0  2  0  0
    8  3.5586313800895631e-25   2  0  4  0  2  0  0
    8  3.1757477046725712e-25   1  1  4  0  2  0  0
    8  9.1986764491777269e-25   4  0  1  1  2  0  0
    8 -8.6674924375471633e-25   3  1  1  1  2  0  0
    8  2.4662278134076170e-24   2  2  1  1  2  0  0
    8 -8.6674924375471633e-25   1  3  1  1  2  0  0
    8  9.1986764491777269e-25   0  4  1  1  2  0  0
    8 -1.0455143567532248e-24   1  1  3  1  2  0  0
    8 -1.2413612796254798e-25   0  2  3  1  2  0  0
    8 -1.6215507094719023e-25   0  0  5  1  2  0  0
    8  1.0986044824482129e-25   4  0  0  2  2  0  0
    8 -1.0041669862407954e-24   3  1  0  2  2  0  0
    8 -1.3068574829003321e-24   2  2  0  2  2  0  0
    8 -1.7540830074742060e-25   1  3  0  2  2  0  0
    8  5.4850215285524499e-24   0  4  0  2  2  0  0
    8 -4.5063915358804898e-25   2  0  2  2  2  0  0
    8  1.0254330275835719e-24   1  1  2  2  2  0  0
    8 -4.5063915358804898e-25   0  2  2  2  2  0  0
    8 -1.2491544836219198e-25   0  0  4  2  2  0  0
    8 -1.2413612796254798e-25   2  0  1  3  2  0  0
    8 -1.0455143567532248e-24   1  1  1  3  2  0  0
    8  1.8078190001476646e-25   0  0  3  3  2  0  0
    8  3.1757477046725712e-25   1  1  0  4  2  0  0
    8  3.5586313800895631e-25   0  2  0  4  2  0  0
    8 -1.2491544836219198e-25   0  0  2  4  2  0  0
    8 -1.6215507094719023e-25   0  0  1  5  2  0  0
    8  2.9869726499376870e-24   4  1  0  0  3  0  0
    8  1.2456481820348821e-24   3  2  0  0  3  0  0
    8  1.2456481820348821e-24   2  3  0  0  3  0  0
    8  2.9869726499376870e-24   1  4  0  0  3  0  0
    8  1.1366747835121877e-24   3  0  2  0  3  0  0
    8  1.1644984080442653e-23   1  2  2  0  3  0  0
    8 -8.3106777800390861e-25   0  3  2  0  3  0  0
    8 -1.9843864812562978e-24   1  0  4  0  3  0  0
    8  1.9591031588509135e-24   0  1  4  0  3  0  0
    8 -2.3811001961009014e-25   3  0  1  1  3  0  0
    8  5.2212733502039004e-24   2  1  1  1  3  0  0
    8  5.2212733502039004e-24   1  2  1  1  3  0  0
    8 -2.3811001961009014e-25   0  3  1  1  3  0  0
    8 -4.1455531515961797e-25   1  0  3  1  3  0  0
    8  3.0310073883295681e-24   0  1  3  1  3  0  0
    8 -8.3106777800390861e-25   3  0  0  2  3  0  0
    8  1.1644984080442653e-23   2  1  0  2  3  0  0
    8  1.1366747835121877e-24   0  3  0  2  3  0  0
    8  9.1448300057687420e-25   1  0  2  2  3  0  0
    8  9.1448300057687420e-25   0  1  2  2  3  0  0
    8  3.0310073883295681e-24   1  0  1  3  3  0  0
    8 -4.1455531515961797e-25   0  1  1  3  3  0  0
    8  1.9591031588509135e-24   1  0  0  4  3  0  0
    8 -1.9843864812562978e-24   0  1  0  4  3  0  0
    8 -2.5611164312701238e-24   4  0  0  0  4  0  0
    8 -8.0565585572025435e-24   3  1  0  0  4  0  0
    8 -5.1431766511355314e-23   2  2  0  0  4  0  0
    8 -8.0565585572025435e-24   1  3  0  0  4  0  0
    8 -2.5611164312701238e-24   0  4  0  0  4  0  0
    8  1.1334899920023267e-23   2  0  2  0  4  0  0
    8 -2.8003076863789802e-23   1  1  2  0  4  0  0
    8 -1.7110083778955102e-24   0  2  2  0  4  0  0
    8  8.2009056698002165e-25   0  0  4  0  4  0  0
    8 -3.9117620748469062e-24   2  0  1  1  4  0  0
    8 -9.7544731254242017e-23   1  1  1  1  4  0  0
    8 -3.9117620748469062e-24   0  2  1  1  4  0  0
    8 -8.7312025318454748e-25   0  0  3  1  4  0  0
    8 -1.7110083778955102e-24   2  0  0  2  4  0  0
    8 -2.8003076863789802e-23   1  1  0  2  4  0  0
    8  1.1334899920023267e-23   0  2  0  2  4  0  0
    8 -5.6224767883059289e-24   0  0  2  2  4  0  0
    8 -8.7312025318454748e-25   0  0  1  3  4  0  0
    8  8.2009056698002165e-25   0  0  0  4  4  0  0
    8  1.0370808629512523e-22   3  0  0  0  5  0  0
    8  8.4307323128253667e-23   2  1  0  0  5  0  0
    8  8.4307323128253667e-23   1  2  0  0  5  0  0
    8  1.0370808629512523e-22   0  3  0  0  5  0  0
    8  2.0567144379094473e-22   1  0  2  0  5  0  0
    8 -2.4513412630039390e-23   0  1  2  0  5  0  0
    8 -7.8726777941593418e-23   1  0  1  1  5  0  0
    8 -7.8726777941593418e-23   0  1  1  1  5  0  0
    8 -2.4513412630039390e-23   1  0  0  2  5  0  0
    8  2.0567144379094473e-22   0  1  0  2  5  0  0
    8  3.5643300527289932e-22   2  0  0  0  6  0  0
    8 -3.8471616074615806e-21   1  1  0  0  6  0  0
    8  3.5643300527289932e-22   0  2  0  0  6  0  0
    8 -8.9925771290554875e-23   0  0  2  0  6  0  0
    8 -4.0622813221446890e-22   0  0  1  1  6  0  0
    8 -8.9925771290554875e-23   0  0  0  2  6  0  0
    8 -1.5284193186759102e-20   0  0  0  0  8  0  0
 -516  0.0000000000000000e+00   0  0  0  0  0  0  0
