
tpsa, NO = 7, NV = 7, INA = 48018
------------------------------------------------------------------

   |I|         a                i  i  i  i  i  i  i
                I                1  2  3  4  5  6  7

    0  2.0519389577094762e-22   0  0  0  0  0  0  0
    1  9.4252867573535171e-01   1  0  0  0  0  0  0
    1  6.5947707351397673e+00   0  1  0  0  0  0  0
    1 -1.6455587726468348e-05   0  0  0  0  1  0  0
    2 -7.2562913776767801e-01   2  0  0  0  0  0  0
    2 -9.5375596948854280e+01   1  1  0  0  0  0  0
    2 -9.6775565817857091e+02   0  2  0  0  0  0  0
    2 -3.1505441673569994e+00   0  0  2  0  0  0  0
    2  4.4177315682248732e+01   0  0  1  1  0  0  0
    2  1.0284906125518010e+02   0  0  0  2  0  0  0
    2 -1.5176456054452216e+00   1  0  0  0  1  0  0
    2  3.6605796964633065e+01   0  1  0  0  1  0  0
    2  1.9185681915222041e-01   0  0  0  0  2  0  0
    3  2.0989064366105271e+02   3  0  0  0  0  0  0
    3 -1.2941216079078102e+04   2  1  0  0  0  0  0
    3  6.2172021755741109e+04   1  2  0  0  0  0  0
    3 -2.4555497858894658e+06   0  3  0  0  0  0  0
    3  1.0236501210677338e+03   1  0  2  0  0  0  0
    3 -2.2929508573707240e+03   0  1  2  0  0  0  0
    3  5.1994061009784609e+03   1  0  1  1  0  0  0
    3  1.2818289128034734e+05   0  1  1  1  0  0  0
    3 -1.0360966273020729e+04   1  0  0  2  0  0  0
    3  2.9735221556462004e+05   0  1  0  2  0  0  0
    3 -2.5413771060446770e+01   2  0  0  0  1  0  0
    3  1.5877477296907957e+03   1  1  0  0  1  0  0
    3  2.0416467012746911e+04   0  2  0  0  1  0  0
    3  2.9738203746265742e+02   0  0  2  0  1  0  0
    3  9.9144043557319515e+02   0  0  1  1  1  0  0
    3 -1.6315485917930300e+02   0  0  0  2  1  0  0
    3  4.5615260132741945e+01   1  0  0  0  2  0  0
    3 -3.6840915455244103e+03   0  1  0  0  2  0  0
    3  2.3192258346022854e+00   0  0  0  0  3  0  0
    4  2.6571136162495222e+03   4  0  0  0  0  0  0
    4 -2.4210008814275308e+04   3  1  0  0  0  0  0
    4  8.2441139772248582e+05   2  2  0  0  0  0  0
    4  7.0560613181201011e+07   1  3  0  0  0  0  0
    4 -3.6811878237228322e+08   0  4  0  0  0  0  0
    4 -1.7019783012930424e+04   2  0  2  0  0  0  0
    4 -7.3740976803576783e+05   1  1  2  0  0  0  0
    4 -1.4410504228333101e+07   0  2  2  0  0  0  0
    4 -1.2496605085166681e+05   0  0  4  0  0  0  0
    4 -3.2169159833869012e+05   2  0  1  1  0  0  0
    4  5.0049517558812927e+06   1  1  1  1  0  0  0
    4 -1.8054409929481056e+08   0  2  1  1  0  0  0
    4 -1.1369256130094989e+06   0  0  3  1  0  0  0
    4  2.2280073930320461e+04   2  0  0  2  0  0  0
    4  3.5037696770161255e+06   1  1  0  2  0  0  0
    4  2.0800567002806476e+08   0  2  0  2  0  0  0
    4  5.3561281737698466e+06   0  0  2  2  0  0  0
    4  5.9758002199186431e+06   0  0  1  3  0  0  0
    4 -1.0904670854434920e+07   0  0  0  4  0  0  0
    4  1.1296429154500052e+04   3  0  0  0  1  0  0
    4 -5.3312580199910956e+05   2  1  0  0  1  0  0
    4  5.6025275816772808e+05   1  2  0  0  1  0  0
    4 -9.1872830485855430e+07   0  3  0  0  1  0  0
    4 -1.0032660172487587e+04   1  0  2  0  1  0  0
    4 -3.2639075406648341e+05   0  1  2  0  1  0  0
    4  6.8762414142874804e+03   1  0  1  1  1  0  0
    4 -2.9334271410878742e+05   0  1  1  1  1  0  0
    4 -2.6381688578032248e+04   1  0  0  2  1  0  0
    4  2.5672133748467383e+06   0  1  0  2  1  0  0
    4 -2.1430334944007400e+03   2  0  0  0  2  0  0
    4  1.5861365900023706e+05   1  1  0  0  2  0  0
    4 -3.6639288690684189e+04   0  2  0  0  2  0  0
    4  2.5065470766321323e+03   0  0  2  0  2  0  0
    4  6.9110028679990399e+04   0  0  1  1  2  0  0
    4  9.3297228182915278e+03   0  0  0  2  2  0  0
    4  1.3509325370774709e+03   1  0  0  0  3  0  0
    4 -9.2292143723445351e+03   0  1  0  0  3  0  0
    4 -1.6626888924963728e+02   0  0  0  0  4  0  0
    5 -2.6802525995167653e+05   5  0  0  0  0  0  0
    5  1.0823758156721724e+07   4  1  0  0  0  0  0
    5 -2.5964742016031057e+08   3  2  0  0  0  0  0
    5  9.3578765024518700e+09   2  3  0  0  0  0  0
    5  4.6360375938573402e+10   1  4  0  0  0  0  0
    5  1.5911728486184711e+11   0  5  0  0  0  0  0
    5 -1.5137723192282408e+06   3  0  2  0  0  0  0
    5  1.2396278979574847e+08   2  1  2  0  0  0  0
    5 -9.6761251202190900e+08   1  2  2  0  0  0  0
    5  3.2642538876125832e+10   0  3  2  0  0  0  0
    5  2.1710733504992030e+06   1  0  4  0  0  0  0
    5 -1.7454912702628791e+07   0  1  4  0  0  0  0
    5 -5.3513886014688667e+05   3  0  1  1  0  0  0
    5 -1.3893984608117193e+08   2  1  1  1  0  0  0
    5 -7.4906359618199453e+09   1  2  1  1  0  0  0
    5 -1.3583632938970894e+10   0  3  1  1  0  0  0
    5  3.1419838045290865e+07   1  0  3  1  0  0  0
    5 -9.9586884864755070e+08   0  1  3  1  0  0  0
    5 -2.4163507345997542e+07   3  0  0  2  0  0  0
    5  4.0682063496249974e+08   2  1  0  2  0  0  0
    5 -6.3863663030612040e+09   1  2  0  2  0  0  0
    5  2.2992446252172821e+11   0  3  0  2  0  0  0
    5 -4.4883167218713000e+07   1  0  2  2  0  0  0
    5 -8.6331944910923100e+08   0  1  2  2  0  0  0
    5  9.9114735042170808e+07   1  0  1  3  0  0  0
    5  1.1616695528262783e+10   0  1  1  3  0  0  0
    5 -3.4510229622856236e+08   1  0  0  4  0  0  0
    5  1.6009135733753490e+10   0  1  0  4  0  0  0
    5  9.3576988120310256e+04   4  0  0  0  1  0  0
    5  1.7307888118275560e+07   3  1  0  0  1  0  0
    5  4.9639957530977345e+08   2  2  0  0  1  0  0
    5 -9.4246950091858768e+09   1  3  0  0  1  0  0
    5 -2.5352951557376488e+10   0  4  0  0  1  0  0
    5  3.8075361700661510e+05   2  0  2  0  1  0  0
    5 -4.2234884774038708e+06   1  1  2  0  1  0  0
    5 -1.1601936976735100e+08   0  2  2  0  1  0  0
    5  2.3052013571211305e+06   0  0  4  0  1  0  0
    5 -4.5706960948901875e+06   2  0  1  1  1  0  0
    5 -7.5330215208238333e+07   1  1  1  1  1  0  0
    5 -3.5689475013153458e+09   0  2  1  1  1  0  0
    5 -1.1106777109440118e+07   0  0  3  1  1  0  0
    5  7.8123876186800068e+06   2  0  0  2  1  0  0
    5 -4.1298378503915226e+08   1  1  0  2  1  0  0
    5  3.2119262459636921e+08   0  2  0  2  1  0  0
    5 -3.7958187656592183e+07   0  0  2  2  1  0  0
    5 -3.7777181182377666e+07   0  0  1  3  1  0  0
    5  4.2104087095026568e+07   0  0  0  4  1  0  0
    5 -2.1716001707350870e+05   3  0  0  0  2  0  0
    5  1.7436960331525665e+07   2  1  0  0  2  0  0
    5 -2.4789776172397383e+07   1  2  0  0  2  0  0
    5  4.5898463289277563e+09   0  3  0  0  2  0  0
    5 -4.2811012367473682e+04   1  0  2  0  2  0  0
    5  2.2133018617163859e+07   0  1  2  0  2  0  0
    5  8.8506158300122735e+05   1  0  1  1  2  0  0
    5 -3.8935333409545369e+07   0  1  1  1  2  0  0
    5  1.3886554934275525e+06   1  0  0  2  2  0  0
    5  1.6139599507434042e+06   0  1  0  2  2  0  0
    5 -5.6937417133135881e+04   2  0  0  0  3  0  0
    5  8.7026379798623431e+05   1  1  0  0  3  0  0
    5 -7.5793249883155609e+06   0  2  0  0  3  0  0
    5 -1.0423647978412504e+05   0  0  2  0  3  0  0
    5  1.8349233661927719e+05   0  0  1  1  3  0  0
    5  7.6965563560980139e+05   0  0  0  2  3  0  0
    5 -2.8911368471520989e+04   1  0  0  0  4  0  0
    5  1.4939770013169919e+06   0  1  0  0  4  0  0
    5 -2.1195296060191176e+03   0  0  0  0  5  0  0
    6 -7.1646111206733445e+06   6  0  0  0  0  0  0
    6  1.1947132664192334e+08   5  1  0  0  0  0  0
    6 -1.2209950321386402e+09   4  2  0  0  0  0  0
    6 -1.6252154872547723e+11   3  3  0  0  0  0  0
    6 -3.5474062927931250e+12   2  4  0  0  0  0  0
    6  2.7735786924270112e+12   1  5  0  0  0  0  0
    6 -4.4795516204961578e+13   0  6  0  0  0  0  0
    6 -7.8802079042272344e+06   4  0  2  0  0  0  0
    6 -4.5524699998190212e+09   3  1  2  0  0  0  0
    6  2.9711557457123749e+10   2  2  2  0  0  0  0
    6 -3.5093125204147321e+11   1  3  2  0  0  0  0
    6  9.7820092149866094e+12   0  4  2  0  0  0  0
    6  1.9174511011722949e+08   2  0  4  0  0  0  0
    6  7.9536011096880207e+09   1  1  4  0  0  0  0
    6  6.8037380451014595e+10   0  2  4  0  0  0  0
    6 -2.2141522634922004e+08   0  0  6  0  0  0  0
    6 -2.0188277445319879e+08   4  0  1  1  0  0  0
    6  5.4577714382343130e+09   3  1  1  1  0  0  0
    6  5.4792445533970300e+11   2  2  1  1  0  0  0
    6  5.5696941197609678e+12   1  3  1  1  0  0  0
    6 -2.3260945795451465e+13   0  4  1  1  0  0  0
    6  5.4628461621045923e+08   2  0  3  1  0  0  0
    6  4.5338934088773727e+09   1  1  3  1  0  0  0
    6  9.8365050754644995e+11   0  2  3  1  0  0  0
    6 -8.1125316624996424e+07   0  0  5  1  0  0  0
    6 -7.2040909321009231e+08   4  0  0  2  0  0  0
    6  2.3373125732180939e+10   3  1  0  2  0  0  0
    6 -1.0251982403517230e+12   2  2  0  2  0  0  0
    6  1.7317176109368023e+13   1  3  0  2  0  0  0
    6 -1.4318706114909965e+13   0  4  0  2  0  0  0
    6 -2.6567691881189985e+09   2  0  2  2  0  0  0
    6 -2.4993977526425500e+11   1  1  2  2  0  0  0
    6 -3.6632320173347578e+12   0  2  2  2  0  0  0
    6 -1.4091818520206587e+10   0  0  4  2  0  0  0
    6 -3.4554470718194389e+08   2  0  1  3  0  0  0
    6  6.7187122554065445e+10   1  1  1  3  0  0  0
    6  1.6886605166887424e+12   0  2  1  3  0  0  0
    6 -2.9253094773590805e+10   0  0  3  3  0  0  0
    6 -2.8327442189042171e+10   2  0  0  4  0  0  0
    6  5.6704668404285742e+11   1  1  0  4  0  0  0
    6 -5.0029631638618086e+12   0  2  0  4  0  0  0
    6  8.5074532692067993e+10   0  0  2  4  0  0  0
    6  2.8344870906813379e+11   0  0  1  5  0  0  0
    6 -1.2155400209975458e+11   0  0  0  6  0  0  0
    6 -1.5672216231694389e+07   5  0  0  0  1  0  0
    6  1.7936177625797719e+08   4  1  0  0  1  0  0
    6 -2.6846303108678097e+10   3  2  0  0  1  0  0
    6  6.6876159855354138e+11   2  3  0  0  1  0  0
    6  6.0183035171011904e+12   1  4  0  0  1  0  0
    6 -7.3864171983088922e+13   0  5  0  0  1  0  0
    6  1.8759212617996879e+07   3  0  2  0  1  0  0
    6 -3.3918676447280459e+09   2  1  2  0  1  0  0
    6  1.1506747519249798e+10   1  2  2  0  1  0  0
    6 -1.1581702165322788e+12   0  3  2  0  1  0  0
    6  1.6623250178846043e+07   1  0  4  0  1  0  0
    6 -3.1122975052250934e+09   0  1  4  0  1  0  0
    6 -5.5722403501508355e+07   3  0  1  1  1  0  0
    6  1.8976851267144306e+10   2  1  1  1  1  0  0
    6 -9.5444857024265884e+10   1  2  1  1  1  0  0
    6 -1.3229541096863711e+12   0  3  1  1  1  0  0
    6 -1.3814609417240942e+08   1  0  3  1  1  0  0
    6 -1.8803283415947261e+09   0  1  3  1  1  0  0
    6 -2.0329167569671950e+08   3  0  0  2  1  0  0
    6  5.5669918303987894e+09   2  1  0  2  1  0  0
    6  7.6069742283512268e+10   1  2  0  2  1  0  0
    6 -1.3525150090493648e+13   0  3  0  2  1  0  0
    6 -1.5338987335730734e+09   1  0  2  2  1  0  0
    6 -1.5481546900813809e+11   0  1  2  2  1  0  0
    6 -2.2590438210042267e+09   1  0  1  3  1  0  0
    6  1.3826251436495721e+11   0  1  1  3  1  0  0
    6 -5.6883387767134876e+09   1  0  0  4  1  0  0
    6 -1.0529091114854105e+11   0  1  0  4  1  0  0
    6  5.5632252390431669e+06   4  0  0  0  2  0  0
    6 -6.4528182282617545e+08   3  1  0  0  2  0  0
    6 -2.5748469289431095e+09   2  2  0  0  2  0  0
    6 -2.8572332382685352e+10   1  3  0  0  2  0  0
    6  5.6048687840263855e+11   0  4  0  0  2  0  0
    6  1.9538451861857925e+07   2  0  2  0  2  0  0
    6 -1.6716202807168469e+09   1  1  2  0  2  0  0
    6  1.3051403369492250e+10   0  2  2  0  2  0  0
    6  5.3384377553259611e+07   0  0  4  0  2  0  0
    6 -2.7188712014772065e+07   2  0  1  1  2  0  0
    6  5.5876529934685020e+09   1  1  1  1  2  0  0
    6  7.8421427205346985e+10   0  2  1  1  2  0  0
    6  5.7729746873368621e+08   0  0  3  1  2  0  0
    6 -6.1678672139517359e+07   2  0  0  2  2  0  0
    6  1.2841016541382315e+10   1  1  0  2  2  0  0
    6  2.6914178289217125e+10   0  2  0  2  2  0  0
    6  4.9271601690179950e+08   0  0  2  2  2  0  0
    6  3.0137523743827832e+08   0  0  1  3  2  0  0
    6  1.1378722318582344e+09   0  0  0  4  2  0  0
    6 -4.5233402187844431e+06   3  0  0  0  3  0  0
    6 -3.7758222534877408e+08   2  1  0  0  3  0  0
    6 -1.0489271101232991e+09   1  2  0  0  3  0  0
    6 -1.2902681743469072e+11   0  3  0  0  3  0  0
    6 -2.8107869914822523e+06   1  0  2  0  3  0  0
    6 -2.8548632573145831e+08   0  1  2  0  3  0  0
    6  1.7791759323869761e+07   1  0  1  1  3  0  0
    6  5.7320862580021501e+08   0  1  1  1  3  0  0
    6  4.1648942267950200e+07   1  0  0  2  3  0  0
    6 -7.7809204603631043e+08   0  1  0  2  3  0  0
    6  2.7061571464146040e+06   2  0  0  0  4  0  0
    6 -1.3836132043180391e+08   1  1  0  0  4  0  0
    6  1.2795725952152312e+07   0  2  0  0  4  0  0
    6  2.1016568854886841e+05   0  0  2  0  4  0  0
    6 -1.7665247540872544e+07   0  0  1  1  4  0  0
    6 -1.4310790825733604e+07   0  0  0  2  4  0  0
    6  3.2375926417741942e+05   1  0  0  0  5  0  0
    6 -5.7238756600983009e+07   0  1  0  0  5  0  0
    6  1.1260839195750668e+05   0  0  0  0  6  0  0
 -246  0.0000000000000000e+00   0  0  0  0  0  0  0

tpsa, NO = 7, NV = 7, INA = 48019
------------------------------------------------------------------

   |I|         a                i  i  i  i  i  i  i
                I                1  2  3  4  5  6  7

    0  1.2386552687108099e-22   0  0  0  0  0  0  0
    1 -1.6934393486420618e-02   1  0  0  0  0  0  0
    1  9.4248756593568084e-01   0  1  0  0  0  0  0
    1 -4.3299042085416935e-06   0  0  0  0  1  0  0
    2 -2.7711071203227089e-01   2  0  0  0  0  0  0
    2 -7.1302070496285808e-01   1  1  0  0  0  0  0
    2  6.2578900464715602e+01   0  2  0  0  0  0  0
    2 -1.3004696535480134e+00   0  0  2  0  0  0  0
    2  5.0878153339359109e+00   0  0  1  1  0  0  0
    2  9.0294527262091862e+00   0  0  0  2  0  0  0
    2 -3.0579988451590079e-01   1  0  0  0  1  0  0
    2 -1.2797647618814703e+00   0  1  0  0  1  0  0
    2  4.6591250270974660e-02   0  0  0  0  2  0  0
    3  1.9680781488858845e+01   3  0  0  0  0  0  0
    3  7.0967418618766374e+01   2  1  0  0  0  0  0
    3  1.2985570624110385e+04   1  2  0  0  0  0  0
    3  5.8391610584941096e+04   0  3  0  0  0  0  0
    3 -2.7137863055159443e+01   1  0  2  0  0  0  0
    3 -1.2601839472575905e+03   0  1  2  0  0  0  0
    3  3.3106258342107128e+02   1  0  1  1  0  0  0
    3 -5.6327313888383578e+03   0  1  1  1  0  0  0
    3  4.3475870588513561e+02   1  0  0  2  0  0  0
    3  8.3238810109317565e+03   0  1  0  2  0  0  0
    3 -6.4201885652897861e+00   2  0  0  0  1  0  0
    3 -6.1243562664728927e+01   1  1  0  0  1  0  0
    3 -1.0387670242527597e+03   0  2  0  0  1  0  0
    3 -9.7986997113585481e+00   0  0  2  0  1  0  0
    3 -9.9512336560262781e+01   0  0  1  1  1  0  0
    3 -6.4619100963302003e+01   0  0  0  2  1  0  0
    3  6.9805434540351650e+00   1  0  0  0  2  0  0
    3  5.5483559875614745e+01   0  1  0  0  2  0  0
    3  5.0823360888082747e-01   0  0  0  0  3  0  0
    4  5.3395858567101254e+02   4  0  0  0  0  0  0
    4  6.9718780531657831e+03   3  1  0  0  0  0  0
    4 -3.2805261464985466e+04   2  2  0  0  0  0  0
    4  1.0342540628099814e+06   1  3  0  0  0  0  0
    4 -1.2122022073207077e+07   0  4  0  0  0  0  0
    4  4.0318152124082117e+03   2  0  2  0  0  0  0
    4  8.0905810047130799e+04   1  1  2  0  0  0  0
    4  5.6527401963374147e+05   0  2  2  0  0  0  0
    4  7.8172529578131916e+03   0  0  4  0  0  0  0
    4 -1.8617942417991217e+03   2  0  1  1  0  0  0
    4  4.2568821202130383e+05   1  1  1  1  0  0  0
    4  2.1610351953415247e+05   0  2  1  1  0  0  0
    4 -5.0526186567027980e+04   0  0  3  1  0  0  0
    4  1.9336419450654066e+03   2  0  0  2  0  0  0
    4 -4.7429698958066129e+05   1  1  0  2  0  0  0
    4 -7.2258167024289221e+06   0  2  0  2  0  0  0
    4 -2.5012996722471400e+05   0  0  2  2  0  0  0
    4  4.2634947995114018e+05   0  0  1  3  0  0  0
    4 -2.1963737123246561e+05   0  0  0  4  0  0  0
    4  1.0038722652393243e+03   3  0  0  0  1  0  0
    4  4.4568147147316322e+03   2  1  0  0  1  0  0
    4  5.4309678168500343e+05   1  2  0  0  1  0  0
    4  3.7088328231466198e+06   0  3  0  0  1  0  0
    4  1.1358133445843414e+03   1  0  2  0  1  0  0
    4  1.5364086977954605e+04   0  1  2  0  1  0  0
    4 -3.1523682148116268e+03   1  0  1  1  1  0  0
    4 -7.0039120738892962e+04   0  1  1  1  1  0  0
    4 -4.0282456985709459e+03   1  0  0  2  1  0  0
    4 -1.6460216843525189e+05   0  1  0  2  1  0  0
    4 -8.2957464901343585e+01   2  0  0  0  2  0  0
    4  6.7359620470095615e+02   1  1  0  0  2  0  0
    4 -9.0691812912463443e+04   0  2  0  0  2  0  0
    4 -5.1346285123449866e+02   0  0  2  0  2  0  0
    4  2.3745904286312825e+03   0  0  1  1  2  0  0
    4  8.0460874059413509e+03   0  0  0  2  2  0  0
    4  1.1090047277862281e+02   1  0  0  0  3  0  0
    4  1.2085802371301268e+03   0  1  0  0  3  0  0
    4 -2.2435863661567694e+01   0  0  0  0  4  0  0
    5 -3.9853245769729028e+02   5  0  0  0  0  0  0
    5  9.0457776842306135e+04   4  1  0  0  0  0  0
    5 -2.4654020807367839e+07   3  2  0  0  0  0  0
    5 -1.4185259147749680e+08   2  3  0  0  0  0  0
    5 -4.8803050344483356e+09   1  4  0  0  0  0  0
    5 -4.4626792871010895e+10   0  5  0  0  0  0  0
    5 -2.0794865688174992e+05   3  0  2  0  0  0  0
    5 -9.2240173131293990e+05   2  1  2  0  0  0  0
    5 -1.4449991064058113e+08   1  2  2  0  0  0  0
    5 -4.4117246435606253e+08   0  3  2  0  0  0  0
    5 -6.5026938494117616e+05   1  0  4  0  0  0  0
    5  1.9909386467932975e+06   0  1  4  0  0  0  0
    5 -2.8130022699991241e+02   3  0  1  1  0  0  0
    5  1.0173434541987173e+07   2  1  1  1  0  0  0
    5  3.9381581924262238e+08   1  2  1  1  0  0  0
    5  2.1282877822509508e+09   0  3  1  1  0  0  0
    5  2.3666368472539084e+06   1  0  3  1  0  0  0
    5  2.6408419788821042e+06   0  1  3  1  0  0  0
    5 -3.4331450595627422e+06   3  0  0  2  0  0  0
    5 -8.4160969469580948e+06   2  1  0  2  0  0  0
    5 -8.2241149006195068e+07   1  2  0  2  0  0  0
    5 -1.7214268814017220e+09   0  3  0  2  0  0  0
    5 -1.4342406721663058e+07   1  0  2  2  0  0  0
    5 -5.0257468477852345e+06   0  1  2  2  0  0  0
    5 -1.9455139932502799e+07   1  0  1  3  0  0  0
    5 -5.6360097613469744e+08   0  1  1  3  0  0  0
    5 -2.9404367663366467e+07   1  0  0  4  0  0  0
    5 -1.3535344284714222e+08   0  1  0  4  0  0  0
    5  4.1597173044038573e+04   4  0  0  0  1  0  0
    5  9.5714630180818820e+05   3  1  0  0  1  0  0
    5 -2.8594510561442193e+07   2  2  0  0  1  0  0
    5 -1.8629671517573071e+08   1  3  0  0  1  0  0
    5  2.8766060704541516e+09   0  4  0  0  1  0  0
    5  7.8180516863518918e+04   2  0  2  0  1  0  0
    5  1.1388446734978422e+06   1  1  2  0  1  0  0
    5  1.8442990124732085e+07   0  2  2  0  1  0  0
    5  1.8447338558879099e+04   0  0  4  0  1  0  0
    5  2.0838226962866893e+05   2  0  1  1  1  0  0
    5  1.1841890229389504e+07   1  1  1  1  1  0  0
    5  2.1674144732647568e+08   0  2  1  1  1  0  0
    5  1.0372393416127637e+06   0  0  3  1  1  0  0
    5  3.4914424951758655e+05   2  0  0  2  1  0  0
    5 -8.7816318965307288e+06   1  1  0  2  1  0  0
    5  4.8305510631747842e+07   0  2  0  2  1  0  0
    5 -3.4205932798034539e+06   0  0  2  2  1  0  0
    5 -5.6061078191852779e+04   0  0  1  3  1  0  0
    5 -6.0496188662882373e+06   0  0  0  4  1  0  0
    5 -1.6195787813730303e+04   3  0  0  0  2  0  0
    5 -1.2941531406298082e+05   2  1  0  0  2  0  0
    5 -1.7435292301313624e+07   1  2  0  0  2  0  0
    5 -1.2425341090445834e+08   0  3  0  0  2  0  0
    5 -2.4874642552961624e+04   1  0  2  0  2  0  0
    5 -4.8580130821413116e+05   0  1  2  0  2  0  0
    5  7.0500199170744861e+04   1  0  1  1  2  0  0
    5 -3.7678235159760306e+05   0  1  1  1  2  0  0
    5  3.5274449358205847e+05   1  0  0  2  2  0  0
    5 -8.1880730434312858e+05   0  1  0  2  2  0  0
    5 -4.9880975741301736e+03   2  0  0  0  3  0  0
    5  3.0783548598760688e+04   1  1  0  0  3  0  0
    5 -6.9103715025244514e+04   0  2  0  0  3  0  0
    5 -7.3522410313868058e+03   0  0  2  0  3  0  0
    5  1.5659507389957791e+04   0  0  1  1  3  0  0
    5  1.4866829792697824e+05   0  0  0  2  3  0  0
    5 -3.3760895715906486e+03   1  0  0  0  4  0  0
    5 -4.0442715119696979e+04   0  1  0  0  4  0  0
    5 -1.0375697786468935e+02   0  0  0  0  5  0  0
    6 -3.7144375349684618e+04   6  0  0  0  0  0  0
    6 -4.0577351464491114e+06   5  1  0  0  0  0  0
    6 -1.2235412698594797e+08   4  2  0  0  0  0  0
    6 -5.1427136304286880e+09   3  3  0  0  0  0  0
    6  1.4750659105827893e+11   2  4  0  0  0  0  0
    6  8.3314925815771094e+11   1  5  0  0  0  0  0
    6 -8.2860724390807930e+12   0  6  0  0  0  0  0
    6 -3.1470795434649484e+06   4  0  2  0  0  0  0
    6 -1.1831094612820029e+08   3  1  2  0  0  0  0
    6  7.1054619159685249e+09   2  2  2  0  0  0  0
    6 -5.6473364988253174e+09   1  3  2  0  0  0  0
    6 -2.0779193434663818e+11   0  4  2  0  0  0  0
    6 -5.4301097813096717e+06   2  0  4  0  0  0  0
    6 -3.6974144597021580e+08   1  1  4  0  0  0  0
    6 -2.8643152449206295e+09   0  2  4  0  0  0  0
    6  8.9895537479738276e+06   0  0  6  0  0  0  0
    6 -3.6679274044276774e+07   4  0  1  1  0  0  0
    6  1.1268875551849973e+08   3  1  1  1  0  0  0
    6 -1.1576904594529366e+10   2  2  1  1  0  0  0
    6 -4.1267004927016785e+11   1  3  1  1  0  0  0
    6 -4.3915183767586323e+12   0  4  1  1  0  0  0
    6 -1.0942331504577550e+08   2  0  3  1  0  0  0
    6 -3.9117714657945471e+09   1  1  3  1  0  0  0
    6 -4.0261174403380127e+10   0  2  3  1  0  0  0
    6 -1.0592121497519240e+08   0  0  5  1  0  0  0
    6 -2.2378108936529678e+08   4  0  0  2  0  0  0
    6 -1.5378292598630838e+09   3  1  0  2  0  0  0
    6  8.5800950520145645e+09   2  2  0  2  0  0  0
    6  4.0462305260880298e+11   1  3  0  2  0  0  0
    6  2.3018993215887305e+11   0  4  0  2  0  0  0
    6 -1.6915945761099625e+08   2  0  2  2  0  0  0
    6  9.4718034707225666e+09   1  1  2  2  0  0  0
    6  1.7854656789535602e+11   0  2  2  2  0  0  0
    6  6.9004465360971475e+08   0  0  4  2  0  0  0
    6 -2.3517690394390268e+09   2  0  1  3  0  0  0
    6 -1.6539648734152100e+10   1  1  1  3  0  0  0
    6 -3.6156365112530402e+11   0  2  1  3  0  0  0
    6 -4.4729078663640661e+09   0  0  3  3  0  0  0
    6 -2.7263896391862049e+09   2  0  0  4  0  0  0
    6 -3.4811512207596985e+10   1  1  0  4  0  0  0
    6 -6.4436647210352295e+10   0  2  0  4  0  0  0
    6 -1.0363752795174709e+10   0  0  2  4  0  0  0
    6 -1.8327589666842110e+10   0  0  1  5  0  0  0
    6 -1.0878764841117172e+09   0  0  0  6  0  0  0
    6  1.5138923809372662e+06   5  0  0  0  1  0  0
    6  2.2295684414976791e+07   4  1  0  0  1  0  0
    6 -6.3960048609038544e+08   3  2  0  0  1  0  0
    6  3.0736895367940369e+09   2  3  0  0  1  0  0
    6 -3.4163712472380670e+11   1  4  0  0  1  0  0
    6 -1.6288304691348350e+12   0  5  0  0  1  0  0
    6  1.2660799076153627e+06   3  0  2  0  1  0  0
    6  3.2865059957622588e+07   2  1  2  0  1  0  0
    6  3.3502342025606465e+09   1  2  2  0  1  0  0
    6  1.2343759331547211e+10   0  3  2  0  1  0  0
    6  6.9888993249009810e+06   1  0  4  0  1  0  0
    6  7.8199400155402362e+07   0  1  4  0  1  0  0
    6  2.9188729106927037e+07   3  0  1  1  1  0  0
    6  8.4908083294235301e+08   2  1  1  1  1  0  0
    6 -7.7964572899543381e+09   1  2  1  1  1  0  0
    6  6.4674540858114365e+10   0  3  1  1  1  0  0
    6  4.8502039283374041e+07   1  0  3  1  1  0  0
    6  8.5725481712309456e+08   0  1  3  1  1  0  0
    6 -9.2279364891253561e+06   3  0  0  2  1  0  0
    6  7.8200683291036129e+08   2  1  0  2  1  0  0
    6  9.0775623628218918e+09   1  2  0  2  1  0  0
    6  2.7315697088172626e+11   0  3  0  2  1  0  0
    6  1.0844818537349713e+08   1  0  2  2  1  0  0
    6  5.2026595284223690e+09   0  1  2  2  1  0  0
    6 -2.9324729055818093e+08   1  0  1  3  1  0  0
    6 -8.5537838478617563e+09   0  1  1  3  1  0  0
    6 -4.9116817698660636e+08   1  0  0  4  1  0  0
    6  4.4135628232845001e+09   0  1  0  4  1  0  0
    6 -3.5063449115421530e+05   4  0  0  0  2  0  0
    6 -6.2296060179781765e+06   3  1  0  0  2  0  0
    6  1.1233145846974692e+09   2  2  0  0  2  0  0
    6  4.4236195475372696e+09   1  3  0  0  2  0  0
    6  6.2459389210949249e+09   0  4  0  0  2  0  0
    6  4.6056667787717115e+06   2  0  2  0  2  0  0
    6 -6.8251362632057220e+06   1  1  2  0  2  0  0
    6  3.8048882746242100e+08   0  2  2  0  2  0  0
    6 -4.6450024174117344e+05   0  0  4  0  2  0  0
    6 -9.2813296666916870e+06   2  0  1  1  2  0  0
    6 -7.2296016373813868e+07   1  1  1  1  2  0  0
    6 -5.1108880717426691e+09   0  2  1  1  2  0  0
    6 -1.4845724999016307e+07   0  0  3  1  2  0  0
    6 -2.9850501137894392e+05   2  0  0  2  2  0  0
    6 -1.3706378231829309e+08   1  1  0  2  2  0  0
    6 -8.0502181000464497e+09   0  2  0  2  2  0  0
    6  4.9226779289045960e+07   0  0  2  2  2  0  0
    6  3.7844400103733122e+07   0  0  1  3  2  0  0
    6 -5.7667672795818567e+07   0  0  0  4  2  0  0
    6  3.4630371929001407e+05   3  0  0  0  3  0  0
    6 -4.1788913054490797e+06   2  1  0  0  3  0  0
    6  3.7166660089142108e+08   1  2  0  0  3  0  0
    6 -2.4230721452370036e+08   0  3  0  0  3  0  0
    6  2.5768658861180616e+05   1  0  2  0  3  0  0
    6 -9.2165934692694843e+06   0  1  2  0  3  0  0
    6 -1.1600651068629073e+06   1  0  1  1  3  0  0
    6 -4.8345324344692752e+06   0  1  1  1  3  0  0
    6  9.2365654240493327e+06   1  0  0  2  3  0  0
    6  1.1109765916027614e+08   0  1  0  2  3  0  0
    6  1.0521982877696077e+05   2  0  0  0  4  0  0
    6 -3.4112062878618017e+05   1  1  0  0  4  0  0
    6  7.5371315836345643e+07   0  2  0  0  4  0  0
    6  1.7448676077717575e+05   0  0  2  0  4  0  0
    6 -6.3726638271895121e+05   0  0  1  1  4  0  0
    6 -2.7831146185569833e+06   0  0  0  2  4  0  0
    6  1.2803304712330342e+05   1  0  0  0  5  0  0
    6  2.4043465898795152e+05   0  1  0  0  5  0  0
    6  1.0485319472659656e+04   0  0  0  0  6  0  0
 -246  0.0000000000000000e+00   0  0  0  0  0  0  0

tpsa, NO = 7, NV = 7, INA = 48020
------------------------------------------------------------------

   |I|         a                i  i  i  i  i  i  i
                I                1  2  3  4  5  6  7

    1 -6.8466956448343441e-01   0  0  1  0  0  0  0
    1  2.4974538437202054e+00   0  0  0  1  0  0  0
    2 -2.5934141569727576e+00   1  0  1  0  0  0  0
    2 -3.3540791710020528e+01   0  1  1  0  0  0  0
    2  2.7883449959943327e+01   1  0  0  1  0  0  0
    2 -7.1383601105851270e+01   0  1  0  1  0  0  0
    2 -5.7128806014655673e+00   0  0  1  0  1  0  0
    2  2.4043409061313490e+00   0  0  0  1  1  0  0
    3  9.4105426062023398e+01   2  0  1  0  0  0  0
    3 -7.6092193877226691e+03   1  1  1  0  0  0  0
    3 -6.7160731646628366e+04   0  2  1  0  0  0  0
    3  1.0470070911858038e+03   0  0  3  0  0  0  0
    3  8.1530869572058248e+02   2  0  0  1  0  0  0
    3  7.8805819951908234e+03   1  1  0  1  0  0  0
    3 -3.9248618870717229e+05   0  2  0  1  0  0  0
    3 -1.1162351668767224e+02   0  0  2  1  0  0  0
    3 -4.5737698267874057e+03   0  0  1  2  0  0  0
    3 -1.6477309129818124e+04   0  0  0  3  0  0  0
    3 -3.9171060927317896e+01   1  0  1  0  1  0  0
    3 -2.9766689834765898e+03   0  1  1  0  1  0  0
    3 -1.1027140108836565e+02   1  0  0  1  1  0  0
    3 -3.5530613875185372e+03   0  1  0  1  1  0  0
    3 -1.0596376860107094e+01   0  0  1  0  2  0  0
    3  1.3176097510427007e+02   0  0  0  1  2  0  0
    4  4.1846653058747779e+03   3  0  1  0  0  0  0
    4  3.7396000628410734e+05   2  1  1  0  0  0  0
    4  1.5489165940127932e+06   1  2  1  0  0  0  0
    4  7.7397102381270975e+07   0  3  1  0  0  0  0
    4 -1.3354870157385682e+04   1  0  3  0  0  0  0
    4  2.2461629375310233e+06   0  1  3  0  0  0  0
    4 -3.6100721021157278e+02   3  0  0  1  0  0  0
    4  2.0994496232262044e+05   2  1  0  1  0  0  0
    4 -1.2290226795901561e+07   1  2  0  1  0  0  0
    4 -7.5450658651104569e+07   0  3  0  1  0  0  0
    4 -7.2683404046587611e+05   1  0  2  1  0  0  0
    4 -3.3683571470653359e+06   0  1  2  1  0  0  0
    4  4.9890603145193472e+05   1  0  1  2  0  0  0
    4 -3.5082454043074459e+07   0  1  1  2  0  0  0
    4 -3.7249151176400715e+05   1  0  0  3  0  0  0
    4  2.2575610389279440e+07   0  1  0  3  0  0  0
    4  4.6238870545416876e+03   2  0  1  0  1  0  0
    4  4.1505046381822787e+04   1  1  1  0  1  0  0
    4  2.6300247144537698e+05   0  2  1  0  1  0  0
    4 -8.4183268737521448e+03   0  0  3  0  1  0  0
    4 -4.8141273920649955e+03   2  0  0  1  1  0  0
    4  1.5809279331543716e+05   1  1  0  1  1  0  0
    4 -2.9685306884572026e+06   0  2  0  1  1  0  0
    4 -3.0410748257906147e+04   0  0  2  1  1  0  0
    4  5.1707580102974054e+04   0  0  1  2  1  0  0
    4  1.6261593032049580e+05   0  0  0  3  1  0  0
    4  2.8672761768972123e+01   1  0  1  0  2  0  0
    4 -6.4981961346816759e+04   0  1  1  0  2  0  0
    4  1.9955882979496953e+04   1  0  0  1  2  0  0
    4 -1.8162645574632345e+05   0  1  0  1  2  0  0
    4  2.3234925880541743e+02   0  0  1  0  3  0  0
    4 -7.3233905381413933e+01   0  0  0  1  3  0  0
    5 -4.2973649425574765e+05   4  0  1  0  0  0  0
    5 -5.3272592964320257e+05   3  1  1  0  0  0  0
    5 -3.0387207265832305e+08   2  2  1  0  0  0  0
    5 -1.1815799170431232e+08   1  3  1  0  0  0  0
    5 -1.8103908007537651e+10   0  4  1  0  0  0  0
    5 -1.8303353457165677e+06   2  0  3  0  0  0  0
    5 -2.9265602245016810e+07   1  1  3  0  0  0  0
    5  9.4918915695089555e+08   0  2  3  0  0  0  0
    5  1.6470815300922631e+06   0  0  5  0  0  0  0
    5 -1.1711254401171592e+06   4  0  0  1  0  0  0
    5 -1.9627586617580853e+07   3  1  0  1  0  0  0
    5  7.5027014459020793e+07   2  2  0  1  0  0  0
    5  1.1125366394628568e+09   1  3  0  1  0  0  0
    5 -8.3252922414175598e+10   0  4  0  1  0  0  0
    5 -2.5260085180010870e+06   2  0  2  1  0  0  0
    5 -1.7206977635186344e+08   1  1  2  1  0  0  0
    5  6.0237038848801842e+09   0  2  2  1  0  0  0
    5  1.5330454024583854e+07   0  0  4  1  0  0  0
    5 -3.2236523463440351e+07   2  0  1  2  0  0  0
    5 -8.6527821218782353e+08   1  1  1  2  0  0  0
    5 -2.0063439064148304e+10   0  2  1  2  0  0  0
    5 -2.0577355619547838e+08   0  0  3  2  0  0  0
    5 -8.9732634470685989e+07   2  0  0  3  0  0  0
    5  7.4270808183995831e+08   1  1  0  3  0  0  0
    5 -3.3806005525695648e+10   0  2  0  3  0  0  0
    5 -4.7658806329509705e+08   0  0  2  3  0  0  0
    5  2.7128389078769445e+08   0  0  1  4  0  0  0
    5 -9.1278897329870892e+08   0  0  0  5  0  0  0
    5  5.5803383344417249e+04   3  0  1  0  1  0  0
    5  1.0201532378452631e+07   2  1  1  0  1  0  0
    5  3.7965176938952282e+07   1  2  1  0  1  0  0
    5  1.9762413729981298e+09   0  3  1  0  1  0  0
    5  4.8985080147074052e+05   1  0  3  0  1  0  0
    5  4.1838757915127743e+06   0  1  3  0  1  0  0
    5  1.6281751337050810e+04   3  0  0  1  1  0  0
    5 -1.2227189816903174e+06   2  1  0  1  1  0  0
    5  3.2573294150592065e+08   1  2  0  1  1  0  0
    5  3.7413288141329813e+08   0  3  0  1  1  0  0
    5 -1.8199230993766449e+06   1  0  2  1  1  0  0
    5  4.5000809307933651e+07   0  1  2  1  1  0  0
    5 -4.0720502910232078e+05   1  0  1  2  1  0  0
    5  7.4543573004096955e+07   0  1  1  2  1  0  0
    5 -2.1566497857742753e+07   1  0  0  3  1  0  0
    5  1.3998574702735865e+08   0  1  0  3  1  0  0
    5 -5.8166695236909058e+04   2  0  1  0  2  0  0
    5 -2.6003330460424121e+06   1  1  1  0  2  0  0
    5 -3.5279417965248421e+07   0  2  1  0  2  0  0
    5 -7.0426378569692653e+05   0  0  3  0  2  0  0
    5  5.3621318239911448e+05   2  0  0  1  2  0  0
    5 -5.1290874623142034e+06   1  1  0  1  2  0  0
    5 -1.5455672197143346e+07   0  2  0  1  2  0  0
    5 -8.5509042590325011e+05   0  0  2  1  2  0  0
    5  1.2068237727452619e+06   0  0  1  2  2  0  0
    5  7.4320408035830688e+06   0  0  0  3  2  0  0
    5 -2.0458867768306547e+04   1  0  1  0  3  0  0
    5  2.7507358276127605e+04   0  1  1  0  3  0  0
    5  3.3931447289045627e+05   1  0  0  1  3  0  0
    5  1.3144221463891119e+06   0  1  0  1  3  0  0
    5  3.2488230913094776e+03   0  0  1  0  4  0  0
    5 -3.7559936447930013e+04   0  0  0  1  4  0  0
    6 -7.4039754617468296e+06   5  0  1  0  0  0  0
    6 -2.3192949269750023e+08   4  1  1  0  0  0  0
    6  9.9469176898954906e+09   3  2  1  0  0  0  0
    6 -1.2329687301019618e+11   2  3  1  0  0  0  0
    6 -9.0342025460556201e+11   1  4  1  0  0  0  0
    6 -7.8644064085847070e+12   0  5  1  0  0  0  0
    6  3.2339468594135165e+07   3  0  3  0  0  0  0
    6 -4.1206570333944626e+09   2  1  3  0  0  0  0
    6 -6.0468681947093763e+09   1  2  3  0  0  0  0
    6 -4.4336697190605823e+11   0  3  3  0  0  0  0
    6  1.1285344000666231e+08   1  0  5  0  0  0  0
    6 -1.2725665938355987e+09   0  1  5  0  0  0  0
    6 -8.2072737232266530e+07   5  0  0  1  0  0  0
    6 -5.8069519824356151e+08   4  1  0  1  0  0  0
    6 -1.9089868973995480e+10   3  2  0  1  0  0  0
    6  2.9530518264554541e+11   2  3  0  1  0  0  0
    6 -9.7309656042854473e+12   1  4  0  1  0  0  0
    6  1.9937830385481250e+13   0  5  0  1  0  0  0
    6 -1.7331071188702258e+08   3  0  2  1  0  0  0
    6  5.2804636245790482e+08   2  1  2  1  0  0  0
    6 -4.1137880146366165e+10   1  2  2  1  0  0  0
    6  4.0686596804095933e+12   0  3  2  1  0  0  0
    6  5.1561638564742112e+08   1  0  4  1  0  0  0
    6  5.1796110236947128e+10   0  1  4  1  0  0  0
    6 -2.7704055635052586e+09   3  0  1  2  0  0  0
    6  1.3639124828165253e+10   2  1  1  2  0  0  0
    6 -8.1667273451807397e+11   1  2  1  2  0  0  0
    6  2.0760835078937930e+12   0  3  1  2  0  0  0
    6 -7.7011670527482557e+09   1  0  3  2  0  0  0
    6  1.0887320416754807e+11   0  1  3  2  0  0  0
    6 -4.3765416669627161e+09   3  0  0  3  0  0  0
    6 -1.0071825660312668e+10   2  1  0  3  0  0  0
    6 -9.4962582160601471e+10   1  2  0  3  0  0  0
    6 -5.2851286612822734e+12   0  3  0  3  0  0  0
    6 -3.7708411696878067e+10   1  0  2  3  0  0  0
    6 -7.4537106754324219e+11   0  1  2  3  0  0  0
    6 -2.7045802636086071e+10   1  0  1  4  0  0  0
    6 -1.5117390509918672e+12   0  1  1  4  0  0  0
    6 -9.8235922873695587e+10   1  0  0  5  0  0  0
    6  4.6770387040691675e+11   0  1  0  5  0  0  0
    6 -2.9436332505823085e+06   4  0  1  0  1  0  0
    6 -8.4390925850786030e+07   3  1  1  0  1  0  0
    6  2.8646810901852818e+09   2  2  1  0  1  0  0
    6 -1.3651862201591400e+10   1  3  1  0  1  0  0
    6  2.4337041723650444e+12   0  4  1  0  1  0  0
    6  4.4240823815471135e+07   2  0  3  0  1  0  0
    6  1.1203437245487678e+08   1  1  3  0  1  0  0
    6  2.3240844968385189e+10   0  2  3  0  1  0  0
    6  1.0537215137749885e+08   0  0  5  0  1  0  0
    6  4.3868724540916085e+05   4  0  0  1  1  0  0
    6 -8.0362341863898113e+07   3  1  0  1  1  0  0
    6  6.5230546283351707e+09   2  2  0  1  1  0  0
    6 -5.7846215700440063e+11   1  3  0  1  1  0  0
    6  1.8646620958758115e+12   0  4  0  1  1  0  0
    6  2.0677958199709588e+08   2  0  2  1  1  0  0
    6  1.8188773313193340e+09   1  1  2  1  1  0  0
    6  1.4855073917586639e+11   0  2  2  1  1  0  0
    6  5.8874693807170165e+08   0  0  4  1  1  0  0
    6 -1.5838335470732787e+08   2  0  1  2  1  0  0
    6  2.6796492902930260e+09   1  1  1  2  1  0  0
    6  5.6494199309588623e+10   0  2  1  2  1  0  0
    6  2.2633228934138803e+09   0  0  3  2  1  0  0
    6 -1.6984721045241640e+09   2  0  0  3  1  0  0
    6  6.1391428581482887e+07   1  1  0  3  1  0  0
    6 -3.0111848161411816e+11   0  2  0  3  1  0  0
    6 -3.4044947088891392e+09   0  0  2  3  1  0  0
    6 -3.1629391013841209e+09   0  0  1  4  1  0  0
    6 -1.4802927590023670e+10   0  0  0  5  1  0  0
    6  1.6533737605640125e+06   3  0  1  0  2  0  0
    6  3.0104704367294431e+07   2  1  1  0  2  0  0
    6 -1.1350063017003136e+09   1  2  1  0  2  0  0
    6 -4.0066236442800766e+10   0  3  1  0  2  0  0
    6  2.4674513695701197e+07   1  0  3  0  2  0  0
    6 -6.0807126388743031e+08   0  1  3  0  2  0  0
    6 -8.8139198589474391e+06   3  0  0  1  2  0  0
    6  3.8834630547598279e+08   2  1  0  1  2  0  0
    6 -1.7782389787244015e+10   1  2  0  1  2  0  0
    6  5.5436589290465012e+10   0  3  0  1  2  0  0
    6 -7.4383311330234021e+07   1  0  2  1  2  0  0
    6 -1.0534079479200106e+09   0  1  2  1  2  0  0
    6  2.1909041128555112e+07   1  0  1  2  2  0  0
    6 -2.2681398414123230e+09   0  1  1  2  2  0  0
    6 -2.8592073322229403e+08   1  0  0  3  2  0  0
    6 -1.3500939771669807e+09   0  1  0  3  2  0  0
    6  9.2422925968544022e+05   2  0  1  0  3  0  0
    6 -5.9664838703743868e+07   1  1  1  0  3  0  0
    6  6.7974655493177676e+08   0  2  1  0  3  0  0
    6  9.2214654946684092e+06   0  0  3  0  3  0  0
    6  1.1679675922411747e+07   2  0  0  1  3  0  0
    6 -2.0676538932278752e+06   1  1  0  1  3  0  0
    6  7.1721120662882686e+08   0  2  0  1  3  0  0
    6 -1.9969075423473280e+07   0  0  2  1  3  0  0
    6  8.4991704247379452e+07   0  0  1  2  3  0  0
    6  2.1654006912961191e+08   0  0  0  3  3  0  0
    6 -4.4912750770541048e+05   1  0  1  0  4  0  0
    6  8.5027212148938421e+06   0  1  1  0  4  0  0
    6 -5.0769006168577271e+06   1  0  0  1  4  0  0
    6  9.1365589931467921e+06   0  1  0  1  4  0  0
    6  6.6993594706964097e+04   0  0  1  0  5  0  0
    6 -1.6003803696869267e+05   0  0  0  1  5  0  0
 -216  0.0000000000000000e+00   0  0  0  0  0  0  0

tpsa, NO = 7, NV = 7, INA = 48021
------------------------------------------------------------------

   |I|         a                i  i  i  i  i  i  i
                I                1  2  3  4  5  6  7

    1 -2.1266103795470923e-01   0  0  1  0  0  0  0
    1 -6.8483966233296334e-01   0  0  0  1  0  0  0
    2  2.9308252442676346e+00   1  0  1  0  0  0  0
    2  5.9606584720700431e+00   0  1  1  0  0  0  0
    2  5.6406116797893446e-01   1  0  0  1  0  0  0
    2 -1.0365460968865619e+01   0  1  0  1  0  0  0
    2  1.8773537436154146e+00   0  0  1  0  1  0  0
    2 -3.8688366184865108e-01   0  0  0  1  1  0  0
    3  4.1063106869711632e+01   2  0  1  0  0  0  0
    3  7.4280636366629130e+02   1  1  1  0  0  0  0
    3 -1.6130866393846209e+04   0  2  1  0  0  0  0
    3 -3.2817920204778073e+02   0  0  3  0  0  0  0
    3 -1.1217135396647103e+02   2  0  0  1  0  0  0
    3  7.4237787853668733e+03   1  1  0  1  0  0  0
    3  5.2391197265253359e+03   0  2  0  1  0  0  0
    3  5.3580160341140811e+02   0  0  2  1  0  0  0
    3 -2.9558045505022992e+03   0  0  1  2  0  0  0
    3 -1.2011665902351069e+02   0  0  0  3  0  0  0
    3 -2.0193898012586374e+01   1  0  1  0  1  0  0
    3  2.7599496653207024e+02   0  1  1  0  1  0  0
    3 -1.1398305688844030e+01   1  0  0  1  1  0  0
    3  1.1473160932801570e+03   0  1  0  1  1  0  0
    3  1.9975762266625146e+00   0  0  1  0  2  0  0
    3  4.0873457314968306e+01   0  0  0  1  2  0  0
    4 -2.2804364065369882e+03   3  0  1  0  0  0  0
    4 -3.5290992153296298e+04   2  1  1  0  0  0  0
    4 -9.1076269881545752e+05   1  2  1  0  0  0  0
    4 -4.8762697981334124e+06   0  3  1  0  0  0  0
    4 -2.0975349150287144e+04   1  0  3  0  0  0  0
    4 -3.0960822731396457e+05   0  1  3  0  0  0  0
    4 -6.3948026303585721e+02   3  0  0  1  0  0  0
    4 -2.7723328436957800e+05   2  1  0  1  0  0  0
    4 -2.2313025898477994e+04   1  2  0  1  0  0  0
    4 -8.0569285450763181e+07   0  3  0  1  0  0  0
    4  1.2040319816125144e+05   1  0  2  1  0  0  0
    4 -3.9064839519588514e+06   0  1  2  1  0  0  0
    4  4.4343919398730394e+05   1  0  1  2  0  0  0
    4  8.3353184728497071e+06   0  1  1  2  0  0  0
    4 -6.2876797642745706e+05   1  0  0  3  0  0  0
    4  9.2200094945149720e+06   0  1  0  3  0  0  0
    4 -1.2962106792306033e+03   2  0  1  0  1  0  0
    4 -9.2561781225995110e+03   1  1  1  0  1  0  0
    4 -1.1403015764793236e+04   0  2  1  0  1  0  0
    4 -2.2618546902483843e+01   0  0  3  0  1  0  0
    4 -1.5838058619326785e+03   2  0  0  1  1  0  0
    4 -4.3331550045886106e+04   1  1  0  1  1  0  0
    4  3.2129896827226155e+04   0  2  0  1  1  0  0
    4  2.3947260788131589e+04   0  0  2  1  1  0  0
    4  5.2754743370607976e+03   0  0  1  2  1  0  0
    4  9.4069868554674045e+04   0  0  0  3  1  0  0
    4  1.3366671013046578e+03   1  0  1  0  2  0  0
    4 -1.2096528065505721e+04   0  1  1  0  2  0  0
    4  9.7555801695055754e+02   1  0  0  1  2  0  0
    4  5.0809774907494313e+04   0  1  0  1  2  0  0
    4 -1.8725583982976985e+02   0  0  1  0  3  0  0
    4 -2.7546660397085168e+02   0  0  0  1  3  0  0
    5  9.6695617861383987e+04   4  0  1  0  0  0  0
    5 -1.1221384336733054e+06   3  1  1  0  0  0  0
    5  1.2723258035042106e+08   2  2  1  0  0  0  0
    5  2.4296340249785411e+08   1  3  1  0  0  0  0
    5  9.8735250023042030e+09   0  4  1  0  0  0  0
    5  1.4352171475840500e+06   2  0  3  0  0  0  0
    5  5.8908250401073694e+06   1  1  3  0  0  0  0
    5 -1.9212955381738465e+07   0  2  3  0  0  0  0
    5  1.3918006114927301e+05   0  0  5  0  0  0  0
    5 -2.5065625927278545e+05   4  0  0  1  0  0  0
    5  1.0695859027144643e+06   3  1  0  1  0  0  0
    5 -7.9961996370959714e+07   2  2  0  1  0  0  0
    5  2.8272915975128174e+08   1  3  0  1  0  0  0
    5 -5.0602959310769279e+10   0  4  0  1  0  0  0
    5 -5.6508289944082592e+06   2  0  2  1  0  0  0
    5  8.0470932258143663e+07   1  1  2  1  0  0  0
    5 -1.8061117408207512e+09   0  2  2  1  0  0  0
    5 -1.3302706192129172e+07   0  0  4  1  0  0  0
    5  1.9422727418449931e+06   2  0  1  2  0  0  0
    5 -1.0600434810980958e+08   1  1  1  2  0  0  0
    5 -4.2939968519799700e+09   0  2  1  2  0  0  0
    5 -1.1500609894052738e+07   0  0  3  2  0  0  0
    5 -1.6124622195511123e+07   2  0  0  3  0  0  0
    5  3.6202383829067540e+08   1  1  0  3  0  0  0
    5 -4.6430227790632248e+06   0  2  0  3  0  0  0
    5  8.3530675855445206e+07   0  0  2  3  0  0  0
    5  2.4999853581335577e+08   0  0  1  4  0  0  0
    5 -5.0297343425241762e+08   0  0  0  5  0  0  0
    5  2.7212367504062859e+03   3  0  1  0  1  0  0
    5 -6.9888524194526637e+05   2  1  1  0  1  0  0
    5  8.9601912163419425e+06   1  2  1  0  1  0  0
    5 -1.1175496525778127e+08   0  3  1  0  1  0  0
    5  2.6538817346034688e+04   1  0  3  0  1  0  0
    5  3.1896877542966902e+06   0  1  3  0  1  0  0
    5  6.9999209321206697e+04   3  0  0  1  1  0  0
    5 -5.9876229085304551e+06   2  1  0  1  1  0  0
    5  2.1439560497678682e+07   1  2  0  1  1  0  0
    5 -6.4205300221107912e+08   0  3  0  1  1  0  0
    5 -1.3401478717230579e+06   1  0  2  1  1  0  0
    5  9.2899630407521501e+05   0  1  2  1  1  0  0
    5 -4.1117220056233834e+05   1  0  1  2  1  0  0
    5  5.0173270707191803e+07   0  1  1  2  1  0  0
    5 -2.6556402907330296e+06   1  0  0  3  1  0  0
    5 -1.7844293893929493e+08   0  1  0  3  1  0  0
    5  1.6905658464838445e+04   2  0  1  0  2  0  0
    5  4.4141226143904787e+04   1  1  1  0  2  0  0
    5  1.6214467745000754e+07   0  2  1  0  2  0  0
    5  2.3937920663688437e+05   0  0  3  0  2  0  0
    5  4.2359913428974367e+04   2  0  0  1  2  0  0
    5  9.1397454721934022e+05   1  1  0  1  2  0  0
    5 -2.5476667774153329e+07   0  2  0  1  2  0  0
    5 -2.1858884412352316e+05   0  0  2  1  2  0  0
    5  1.8450558572592705e+06   0  0  1  2  2  0  0
    5 -8.4402716049271915e+05   0  0  0  3  2  0  0
    5  1.5490075113384102e+04   1  0  1  0  3  0  0
    5  8.1677502276784508e+04   0  1  1  0  3  0  0
    5  1.3004915804747834e+04   1  0  0  1  3  0  0
    5 -1.1038160794418363e+04   0  1  0  1  3  0  0
    5 -5.1496093237428495e+03   0  0  1  0  4  0  0
    5  5.8768042103675398e+03   0  0  0  1  4  0  0
    6 -1.0428397811595155e+06   5  0  1  0  0  0  0
    6  7.9652474396170825e+07   4  1  1  0  0  0  0
    6 -3.6664413135359735e+09   3  2  1  0  0  0  0
    6 -1.2824210164716253e+10   2  3  1  0  0  0  0
    6 -4.5409963573444843e+11   1  4  1  0  0  0  0
    6  6.8508077526400996e+12   0  5  1  0  0  0  0
    6 -1.6488830918392342e+07   3  0  3  0  0  0  0
    6  6.2732888507117152e+08   2  1  3  0  0  0  0
    6 -1.4081013152659311e+09   1  2  3  0  0  0  0
    6  1.5838327032516687e+11   0  3  3  0  0  0  0
    6 -9.6588032428183258e+07   1  0  5  0  0  0  0
    6  1.1192853484343287e+08   0  1  5  0  0  0  0
    6 -1.0648017105106398e+07   5  0  0  1  0  0  0
    6 -6.5453425906760335e+07   4  1  0  1  0  0  0
    6 -2.8733306491628647e+08   3  2  0  1  0  0  0
    6  3.0934219412246661e+11   2  3  0  1  0  0  0
    6  7.4719736955059180e+11   1  4  0  1  0  0  0
    6 -2.5006494070103555e+12   0  5  0  1  0  0  0
    6 -8.3460192950726211e+07   3  0  2  1  0  0  0
    6  3.5254422396509933e+09   2  1  2  1  0  0  0
    6 -1.0536069343944695e+10   1  2  2  1  0  0  0
    6  8.2775304469951660e+10   0  3  2  1  0  0  0
    6  3.9571984782994282e+08   1  0  4  1  0  0  0
    6 -7.1947636912605877e+09   0  1  4  1  0  0  0
    6  2.0103815973954380e+07   3  0  1  2  0  0  0
    6 -1.5388036341172966e+10   2  1  1  2  0  0  0
    6 -7.1314857881718567e+10   1  2  1  2  0  0  0
    6 -5.9695887703505684e+12   0  3  1  2  0  0  0
    6 -1.5589656935931726e+09   1  0  3  2  0  0  0
    6 -5.8073795057962715e+10   0  1  3  2  0  0  0
    6 -5.5720597245160878e+08   3  0  0  3  0  0  0
    6  1.2065619427728045e+10   2  1  0  3  0  0  0
    6 -6.0904645689214905e+10   1  2  0  3  0  0  0
    6  3.4091940075463447e+12   0  3  0  3  0  0  0
    6  1.7005233135175285e+09   1  0  2  3  0  0  0
    6 -3.1998825933748150e+09   0  1  2  3  0  0  0
    6  6.2752423946873579e+09   1  0  1  4  0  0  0
    6 -7.6818130983593689e+10   0  1  1  4  0  0  0
    6 -8.7450142016531754e+09   1  0  0  5  0  0  0
    6  5.2960297716569824e+11   0  1  0  5  0  0  0
    6  1.1823417839520173e+06   4  0  1  0  1  0  0
    6  7.0590214992494926e+07   3  1  1  0  1  0  0
    6 -2.2296700363097787e+09   2  2  1  0  1  0  0
    6 -4.6247502659762901e+10   1  3  1  0  1  0  0
    6 -5.1775609272210095e+11   0  4  1  0  1  0  0
    6 -1.1577228296086825e+07   2  0  3  0  1  0  0
    6 -1.5887724819866192e+08   1  1  3  0  1  0  0
    6 -4.5388022057067747e+09   0  2  3  0  1  0  0
    6 -2.7626817094735745e+07   0  0  5  0  1  0  0
    6  4.0200981389219156e+06   4  0  0  1  1  0  0
    6 -3.3417699275150299e+06   3  1  0  1  1  0  0
    6  7.1320068579882545e+09   2  2  0  1  1  0  0
    6  1.2029593466029724e+10   1  3  0  1  1  0  0
    6  1.0536353592405515e+12   0  4  0  1  1  0  0
    6 -5.2855291216826737e+06   2  0  2  1  1  0  0
    6 -1.0684284136859899e+09   1  1  2  1  1  0  0
    6  1.8106052111778130e+10   0  2  2  1  1  0  0
    6  2.3092489649561188e+08   0  0  4  1  1  0  0
    6 -8.8608529335296392e+07   2  0  1  2  1  0  0
    6 -4.1154249179238300e+09   1  1  1  2  1  0  0
    6 -1.5559456378226013e+11   0  2  1  2  1  0  0
    6 -1.1386387343089278e+09   0  0  3  2  1  0  0
    6  3.2556464839537784e+07   2  0  0  3  1  0  0
    6  1.1346012754190350e+08   1  1  0  3  1  0  0
    6  1.0738189497730315e+11   0  2  0  3  1  0  0
    6  2.5010308160709524e+09   0  0  2  3  1  0  0
    6 -5.9821660249590635e+09   0  0  1  4  1  0  0
    6  4.5416006329326410e+09   0  0  0  5  1  0  0
    6 -3.5401553096343148e+06   3  0  1  0  2  0  0
    6  5.0394815644355066e+07   2  1  1  0  2  0  0
    6 -1.6606959960189924e+09   1  2  1  0  2  0  0
    6  1.1185048872595818e+10   0  3  1  0  2  0  0
    6 -4.7023318800117606e+06   1  0  3  0  2  0  0
    6  1.2695333204574357e+08   0  1  3  0  2  0  0
    6  2.3632441727620582e+06   3  0  0  1  2  0  0
    6  1.0105889147057176e+07   2  1  0  1  2  0  0
    6  6.2427705828332233e+08   1  2  0  1  2  0  0
    6  1.5479653991007965e+10   0  3  0  1  2  0  0
    6  9.5793598371470571e+06   1  0  2  1  2  0  0
    6  1.1151254720057647e+09   0  1  2  1  2  0  0
    6 -4.6792098349459060e+06   1  0  1  2  2  0  0
    6 -2.3635302963622322e+09   0  1  1  2  2  0  0
    6  8.1091365903213918e+07   1  0  0  3  2  0  0
    6  2.4229719824779096e+09   0  1  0  3  2  0  0
    6 -2.4822105533765641e+05   2  0  1  0  3  0  0
    6  3.0211083151035123e+06   1  1  1  0  3  0  0
    6 -2.6109321594669801e+08   0  2  1  0  3  0  0
    6 -3.0255451895185690e+06   0  0  3  0  3  0  0
    6  1.0721159112958226e+06   2  0  0  1  3  0  0
    6  4.3067251931240268e+07   1  1  0  1  3  0  0
    6  3.3682194155459428e+08   0  2  0  1  3  0  0
    6  3.8330826020416534e+06   0  0  2  1  3  0  0
    6  1.3683060155648051e+07   0  0  1  2  3  0  0
    6  8.6088791545527242e+06   0  0  0  3  3  0  0
    6 -5.1109371551163192e+05   1  0  1  0  4  0  0
    6  1.4233240869223773e+06   0  1  1  0  4  0  0
    6 -3.4345906596448750e+05   1  0  0  1  4  0  0
    6 -1.6383291966867879e+07   0  1  0  1  4  0  0
    6 -2.6258731342131387e+03   0  0  1  0  5  0  0
    6  1.7444539468853305e+04   0  0  0  1  5  0  0
 -216  0.0000000000000000e+00   0  0  0  0  0  0  0

tpsa, NO = 7, NV = 7, INA = 48022
------------------------------------------------------------------

   |I|         a                i  i  i  i  i  i  i
                I                1  2  3  4  5  6  7

    1  1.0000000000000000e+00   0  0  0  0  1  0  0
   -1  0.0000000000000000e+00   0  0  0  0  0  0  0

tpsa, NO = 7, NV = 7, INA = 48023
------------------------------------------------------------------

   |I|         a                i  i  i  i  i  i  i
                I                1  2  3  4  5  6  7

    0  1.4342412816001841e-05   0  0  0  0  0  0  0
    1 -4.3597242770903460e-06   1  0  0  0  0  0  0
    1 -1.3045538736919382e-05   0  1  0  0  0  0  0
    1  9.5737563355702118e-02   0  0  0  0  1  0  0
    1  1.0000000000000000e+00   0  0  0  0  0  1  0
    2 -1.5696420213914924e-01   2  0  0  0  0  0  0
    2 -5.8591678256186364e-01   1  1  0  0  0  0  0
    2 -2.1464911778041309e+01   0  2  0  0  0  0  0
    2 -1.2501448026587687e+00   0  0  2  0  0  0  0
    2  7.7608954040494493e-01   0  0  1  1  0  0  0
    2  3.3988522133447407e-01   0  0  0  2  0  0  0
    2  9.4326675717950462e-02   1  0  0  0  1  0  0
    2  2.5269233574361444e-01   0  1  0  0  1  0  0
    2 -3.9371818176127941e-02   0  0  0  0  2  0  0
    3 -2.2935501879346973e+00   3  0  0  0  0  0  0
    3  9.7534273932218269e+00   2  1  0  0  0  0  0
    3 -4.8522371619629848e+02   1  2  0  0  0  0  0
    3 -9.3874730172063828e+03   0  3  0  0  0  0  0
    3  7.6702490067817122e+00   1  0  2  0  0  0  0
    3 -3.7382526027357198e+02   0  1  2  0  0  0  0
    3 -2.7494693630081230e+01   1  0  1  1  0  0  0
    3 -1.7859130197094089e+03   0  1  1  1  0  0  0
    3 -7.5760114606430918e+01   1  0  0  2  0  0  0
    3 -2.2098801131056860e+02   0  1  0  2  0  0  0
    3  7.3905487549400357e+00   2  0  0  0  1  0  0
    3 -1.5671364903130453e+01   1  1  0  0  1  0  0
    3  3.7238160657851427e+03   0  2  0  0  1  0  0
    3 -3.4171326671739131e+00   0  0  2  0  1  0  0
    3 -7.3992983000828794e-02   0  0  1  1  1  0  0
    3  1.9843336642478360e+02   0  0  0  2  1  0  0
    3  1.5307372326962361e+00   1  0  0  0  2  0  0
    3  7.4164755227822594e+00   0  1  0  0  2  0  0
    3  4.6156666083324689e+00   0  0  0  0  3  0  0
    4  2.5743748637803634e+02   4  0  0  0  0  0  0
    4  6.3311751785477588e+02   3  1  0  0  0  0  0
    4  2.8489134856041387e+05   2  2  0  0  0  0  0
    4  1.4982997901051566e+06   1  3  0  0  0  0  0
    4  2.8380977368275814e+07   0  4  0  0  0  0  0
    4  8.5771409080461478e+02   2  0  2  0  0  0  0
    4  7.7550504049830170e+03   1  1  2  0  0  0  0
    4  5.9525152218312969e+03   0  2  2  0  0  0  0
    4 -1.6615190700634759e+02   0  0  4  0  0  0  0
    4 -9.6229046075284805e+02   2  0  1  1  0  0  0
    4 -4.3946107490719260e+03   1  1  1  1  0  0  0
    4 -7.1265817648804339e+05   0  2  1  1  0  0  0
    4 -4.9120929508585632e+03   0  0  3  1  0  0  0
    4 -3.7958220738427417e+02   2  0  0  2  0  0  0
    4 -9.5202263653168528e+04   1  1  0  2  0  0  0
    4 -1.9435501870199910e+06   0  2  0  2  0  0  0
    4 -1.5045447169015657e+04   0  0  2  2  0  0  0
    4 -2.2991880233343269e+04   0  0  1  3  0  0  0
    4  8.9030145246047294e+04   0  0  0  4  0  0  0
    4 -5.4903642643461140e+01   3  0  0  0  1  0  0
    4 -3.9786700933825688e+02   2  1  0  0  1  0  0
    4 -1.7919054497567992e+05   1  2  0  0  1  0  0
    4 -3.8669948940420186e+05   0  3  0  0  1  0  0
    4 -8.0849338354846543e+02   1  0  2  0  1  0  0
    4 -1.5222887875813854e+04   0  1  2  0  1  0  0
    4  6.5590819247172167e+03   1  0  1  1  1  0  0
    4 -9.1664284791833314e+04   0  1  1  1  1  0  0
    4  1.6600074240686550e+04   1  0  0  2  1  0  0
    4  1.0597610612086473e+05   0  1  0  2  1  0  0
    4  1.9370871226073334e+02   2  0  0  0  2  0  0
    4  2.4330400215004988e+02   1  1  0  0  2  0  0
    4  2.4049989866607946e+04   0  2  0  0  2  0  0
    4  3.0636663521783078e+02   0  0  2  0  2  0  0
    4 -2.8108198083806553e+02   0  0  1  1  2  0  0
    4 -9.2887888345503029e+02   0  0  0  2  2  0  0
    4 -9.4466739376157420e+01   1  0  0  0  3  0  0
    4 -2.6481779765802111e+02   0  1  0  0  3  0  0
    4 -4.1995064801103723e+01   0  0  0  0  4  0  0
    5  8.6099896920344327e+03   5  0  0  0  0  0  0
    5  2.0126582092584556e+05   4  1  0  0  0  0  0
    5 -7.2236632032065960e+06   3  2  0  0  0  0  0
    5 -2.3156494126138327e+08   2  3  0  0  0  0  0
    5  1.4045640324781930e+09   1  4  0  0  0  0  0
    5  1.0982708840965311e+10   0  5  0  0  0  0  0
    5  1.2767979006262409e+04   3  0  2  0  0  0  0
    5  1.1764895410773333e+06   2  1  2  0  0  0  0
    5  3.7985198445087932e+06   1  2  2  0  0  0  0
    5  1.6779456802794036e+08   0  3  2  0  0  0  0
    5 -6.5726072392271424e+04   1  0  4  0  0  0  0
    5  8.4538967832676496e+05   0  1  4  0  0  0  0
    5  3.8529048270715430e+04   3  0  1  1  0  0  0
    5  4.6283493932286603e+06   2  1  1  1  0  0  0
    5  1.0187038768024856e+08   1  2  1  1  0  0  0
    5  1.2195501264422314e+09   0  3  1  1  0  0  0
    5 -2.4851185563734689e+04   1  0  3  1  0  0  0
    5 -1.0263729404608022e+07   0  1  3  1  0  0  0
    5  1.3725365316403352e+05   3  0  0  2  0  0  0
    5 -5.9607196427713661e+06   2  1  0  2  0  0  0
    5  1.2418742873108456e+08   1  2  0  2  0  0  0
    5 -6.5090284730499268e+07   0  3  0  2  0  0  0
    5 -8.2951559718199191e+05   1  0  2  2  0  0  0
    5 -9.4546226666566096e+06   0  1  2  2  0  0  0
    5 -6.5284831154752113e+06   1  0  1  3  0  0  0
    5  7.2752339200858146e+07   0  1  1  3  0  0  0
    5 -6.0321778386963531e+04   1  0  0  4  0  0  0
    5 -1.3343816226277953e+08   0  1  0  4  0  0  0
    5 -1.0076258379905330e+04   4  0  0  0  1  0  0
    5  2.2560413646717352e+05   3  1  0  0  1  0  0
    5 -1.7001000307311662e+07   2  2  0  0  1  0  0
    5 -7.4497440523348581e+06   1  3  0  0  1  0  0
    5 -2.4028597882908158e+09   0  4  0  0  1  0  0
    5 -1.5656043749536273e+04   2  0  2  0  1  0  0
    5 -1.6818902947805167e+04   1  1  2  0  1  0  0
    5 -2.8992154285017706e+07   0  2  2  0  1  0  0
    5 -1.7665484832903690e+05   0  0  4  0  1  0  0
    5  7.4372594133574763e+04   2  0  1  1  1  0  0
    5  4.0763845058817067e+05   1  1  1  1  1  0  0
    5 -1.9154933454167064e+07   0  2  1  1  1  0  0
    5  1.8089247625914181e+05   0  0  3  1  1  0  0
    5  3.7705029554506001e+05   2  0  0  2  1  0  0
    5  2.2592311618384509e+06   1  1  0  2  1  0  0
    5  6.2643382174630407e+06   0  2  0  2  1  0  0
    5 -9.4197938457319664e+05   0  0  2  2  1  0  0
    5  4.7754897464527050e+06   0  0  1  3  1  0  0
    5  1.7104887006604741e+05   0  0  0  4  1  0  0
    5 -4.1112067482340881e+03   3  0  0  0  2  0  0
    5 -4.4454330584263604e+04   2  1  0  0  2  0  0
    5 -1.5376685700052977e+06   1  2  0  0  2  0  0
    5 -1.1346787544871120e+07   0  3  0  0  2  0  0
    5 -1.8617766566317136e+04   1  0  2  0  2  0  0
    5 -7.5907926707852137e+04   0  1  2  0  2  0  0
    5  1.1265224191808388e+05   1  0  1  1  2  0  0
    5  4.6159681766611233e+05   0  1  1  1  2  0  0
    5  3.8021759994915326e+05   1  0  0  2  2  0  0
    5  1.7350299804865483e+06   0  1  0  2  2  0  0
    5 -7.3794627966526450e+03   2  0  0  0  3  0  0
    5  1.0912839275524091e+04   1  1  0  0  3  0  0
    5 -3.1188574751130859e+06   0  2  0  0  3  0  0
    5  9.4372705723124400e+03   0  0  2  0  3  0  0
    5 -3.6792199237189852e+04   0  0  1  1  3  0  0
    5 -2.8024460414733210e+04   0  0  0  2  3  0  0
    5 -6.3123551489677880e+02   1  0  0  0  4  0  0
    5 -4.9034452713788578e+03   0  1  0  0  4  0  0
    5  3.8686451127067080e+01   0  0  0  0  5  0  0
    6  2.5185597694559398e+05   6  0  0  0  0  0  0
    6  4.2204122173929643e+06   5  1  0  0  0  0  0
    6 -1.6830432579770327e+08   4  2  0  0  0  0  0
    6  3.3170206189180222e+09   3  3  0  0  0  0  0
    6 -1.6258941048205103e+11   2  4  0  0  0  0  0
    6 -1.6299858866162542e+12   1  5  0  0  0  0  0
    6  9.1535909565278320e+12   0  6  0  0  0  0  0
    6  5.1077186118591006e+05   4  0  2  0  0  0  0
    6 -6.3244737618974440e+07   3  1  2  0  0  0  0
    6  1.6558319192917528e+09   2  2  2  0  0  0  0
    6 -5.4070367522601213e+09   1  3  2  0  0  0  0
    6  2.6058664432011014e+11   0  4  2  0  0  0  0
    6  6.7248280596787911e+06   2  0  4  0  0  0  0
    6 -6.9615145658125103e+07   1  1  4  0  0  0  0
    6  2.6077427048392973e+09   0  2  4  0  0  0  0
    6  8.9810371709994040e+06   0  0  6  0  0  0  0
    6  1.8175971453078974e+06   4  0  1  1  0  0  0
    6  4.0452038740434074e+08   3  1  1  1  0  0  0
    6 -4.2715191937057633e+09   2  2  1  1  0  0  0
    6  3.2198053979446739e+10   1  3  1  1  0  0  0
    6  3.5770635993850883e+10   0  4  1  1  0  0  0
    6 -4.6343575045848507e+06   2  0  3  1  0  0  0
    6  5.2494981946033359e+08   1  1  3  1  0  0  0
    6 -6.3134548706662774e+08   0  2  3  1  0  0  0
    6 -2.4285584735227138e+07   0  0  5  1  0  0  0
    6 -4.0740261787826284e+06   4  0  0  2  0  0  0
    6  1.8282667603360462e+08   3  1  0  2  0  0  0
    6  3.7909298736385703e+09   2  2  0  2  0  0  0
    6 -1.6359793221878368e+10   1  3  0  2  0  0  0
    6  3.9636821038510117e+12   0  4  0  2  0  0  0
    6  2.2451853647916835e+07   2  0  2  2  0  0  0
    6  7.1161011986571801e+08   1  1  2  2  0  0  0
    6  4.4363549065094521e+10   0  2  2  2  0  0  0
    6  1.6884479104933116e+08   0  0  4  2  0  0  0
    6 -3.7064492592990708e+08   2  0  1  3  0  0  0
    6 -1.6862843170310235e+09   1  1  1  3  0  0  0
    6 -1.4116882158165250e+11   0  2  1  3  0  0  0
    6 -1.1218340476505477e+09   0  0  3  3  0  0  0
    6 -1.0263145223481375e+08   2  0  0  4  0  0  0
    6 -4.5552560199269915e+09   1  1  0  4  0  0  0
    6  2.1609397759600029e+10   0  2  0  4  0  0  0
    6  1.9031503646732965e+09   0  0  2  4  0  0  0
    6 -7.7127241920070934e+09   0  0  1  5  0  0  0
    6  8.4987091472671151e+08   0  0  0  6  0  0  0
    6 -1.2624949322135655e+05   5  0  0  0  1  0  0
    6 -6.2567564834665209e+06   4  1  0  0  1  0  0
    6  5.4721318216670442e+08   3  2  0  0  1  0  0
    6  9.7984609428637943e+09   2  3  0  0  1  0  0
    6  6.7644070632841782e+10   1  4  0  0  1  0  0
    6 -1.7026315667980042e+11   0  5  0  0  1  0  0
    6  2.0999130638532205e+06   3  0  2  0  1  0  0
    6  4.1162397398006469e+07   2  1  2  0  1  0  0
    6  1.6737103791965146e+09   1  2  2  0  1  0  0
    6  1.8829795803096104e+09   0  3  2  0  1  0  0
    6  4.1973958420044379e+06   1  0  4  0  1  0  0
    6 -7.4985949845832691e+07   0  1  4  0  1  0  0
    6 -1.0875480579697326e+07   3  0  1  1  1  0  0
    6 -1.4065147204120868e+08   2  1  1  1  1  0  0
    6 -6.6360311508614693e+09   1  2  1  1  1  0  0
    6 -1.0630414235711758e+11   0  3  1  1  1  0  0
    6  2.3754645956352595e+06   1  0  3  1  1  0  0
    6 -1.0807954873957193e+09   0  1  3  1  1  0  0
    6  5.9958248923149854e+06   3  0  0  2  1  0  0
    6 -6.6852150483697340e+07   2  1  0  2  1  0  0
    6 -1.3264658617480999e+10   1  2  0  2  1  0  0
    6 -1.1098459116690228e+11   0  3  0  2  1  0  0
    6  4.5395598136522844e+06   1  0  2  2  1  0  0
    6  1.6345096953326964e+09   0  1  2  2  1  0  0
    6 -2.2807444401001349e+07   1  0  1  3  1  0  0
    6 -2.8348545943637257e+09   0  1  1  3  1  0  0
    6 -1.5676508788702595e+08   1  0  0  4  1  0  0
    6  2.4526317717595820e+09   0  1  0  4  1  0  0
    6  2.0069032189785340e+05   4  0  0  0  2  0  0
    6 -3.4560392180490168e+06   3  1  0  0  2  0  0
    6  4.5556679377469981e+08   2  2  0  0  2  0  0
    6  8.9981987498950446e+08   1  3  0  0  2  0  0
    6  9.0839180786393250e+10   0  4  0  0  2  0  0
    6  3.5506247575556696e+05   2  0  2  0  2  0  0
    6 -1.4571417817534870e+07   1  1  2  0  2  0  0
    6  4.2278314209020376e+08   0  2  2  0  2  0  0
    6  2.4747788715274129e+06   0  0  4  0  2  0  0
    6  6.1318083648849279e+04   2  0  1  1  2  0  0
    6 -2.0712835758041430e+07   1  1  1  1  2  0  0
    6 -1.2405784421781490e+09   0  2  1  1  2  0  0
    6 -9.6580230754092447e+06   0  0  3  1  2  0  0
    6  1.1556111454368977e+07   2  0  0  2  2  0  0
    6  1.5607430780217704e+08   1  1  0  2  2  0  0
    6  2.9224590305725093e+09   0  2  0  2  2  0  0
    6  1.9574452809522551e+07   0  0  2  2  2  0  0
    6  1.2628126637480696e+08   0  0  1  3  2  0  0
    6  1.3343980513828930e+08   0  0  0  4  2  0  0
    6  1.6802511697328993e+05   3  0  0  0  3  0  0
    6 -1.2975280817759847e+06   2  1  0  0  3  0  0
    6  3.1555450021083683e+08   1  2  0  0  3  0  0
    6  8.6793850154702258e+08   0  3  0  0  3  0  0
    6  4.8426317233916192e+05   1  0  2  0  3  0  0
    6  8.9475975219073873e+06   0  1  2  0  3  0  0
    6 -4.3254322134491680e+06   1  0  1  1  3  0  0
    6  1.3923140273085823e+07   0  1  1  1  3  0  0
    6 -7.6569068688289588e+06   1  0  0  2  3  0  0
    6 -1.0409655725544569e+08   0  1  0  2  3  0  0
    6  2.9699057301630831e+05   2  0  0  0  4  0  0
    6  1.1527657120646745e+04   1  1  0  0  4  0  0
    6  1.3604682049431625e+08   0  2  0  0  4  0  0
    6  3.1003787498435478e+04   0  0  2  0  4  0  0
    6 -1.7620867909239743e+04   0  0  1  1  4  0  0
    6 -1.9540567415051669e+05   0  0  0  2  4  0  0
    6  6.8723785688046759e+04   1  0  0  0  5  0  0
    6  2.4557047039681507e+05   0  1  0  0  5  0  0
    6  1.2959839365909424e+04   0  0  0  0  6  0  0
 -247  0.0000000000000000e+00   0  0  0  0  0  0  0
